   0.0
   0.0
   0.0
   0.0
   0.0
   0.0
   0.0
   0.0
   0.0
   0.0
   0.0
   0.0
   0.0
   0.0
   0.0
   0.0
   0.0
   0.0
   0.0
   0.0
   0.0
   0.0
   0.0
   0.0
   0.0
   0.0
   0.0
   0.0
   0.0
   0.0
   0.0
   0.0
   0.0
   0.0
   0.0
   0.0
   0.0
   0.0
   0.0
   0.0
   0.0
   0.0
   0.0
   0.0
   0.0
   0.0
   0.0
   0.0
   0.0
   0.0
   0.0
   0.0
   0.0
   0.0
   0.0
   0.0
   0.0
   0.0
   0.0
   0.0
   0.0
   0.0
   0.0
   0.0
   0.0
   0.0
   0.0
   0.0
   0.0
   0.0
   0.0
   0.0
   0.0
   0.0
   0.0
   0.0
   0.0
   0.0
   0.0
   0.0
   0.0
   0.0
   0.0
   0.0
   0.0
   0.0
   0.0
   0.0
   0.0
   0.0
   0.0
   0.0
   0.0
   0.0
   0.0
   0.0
   0.0
   0.0
   0.0
   0.0
   0.0
   0.0
   0.0
   0.0
   0.0
   0.0
   0.0
   0.0
   0.0
   0.000999999499999875
   0.000999999499999875
   0.0
   0.0
   0.0
   0.0
   0.000999999499999875
   0.0
   0.0
   0.0
   0.0
   0.0
   0.0
   0.0
   0.0
   0.0
   0.0
   0.0
   0.0
   0.0
   0.00199999899999975
   0.0
   0.000999999499999875
   0.0
   0.00199999899999975
   0.0
   0.0
   0.0
   0.000999999499999875
   0.000999999499999875
   0.0
   0.0
   0.0
   0.000999999499999875
   0.0
   0.0
   0.0
   0.00199999899999975
   0.000999999499999875
   0.000999999499999875
   0.0
   0.00199999899999975
   0.00199999899999975
   0.0
   0.0
   0.00199999899999975
   0.000999999499999875
   0.00199999899999975
   0.0
   0.000999999499999875
   0.0
   0.0
   0.0
   0.0
   0.0
   0.000999999499999875
   0.0
   0.0
   0.0
   0.0
   0.000999999499999875
   0.0
   0.0
   0.0
   0.000999999499999875
   0.0
   0.0
   0.0
   0.000999999499999875
   0.0
   0.0
   0.0
   0.000999999499999875
   0.00199999899999975
   0.0014142121481588255
   0.0022360659650377044
   0.00199999899999975
   0.000999999499999875
   0.000999999499999875
   0.0014142121481588255
   0.000999999499999875
   0.0
   0.0022360659650377044
   0.000999999499999875
   0.0
   0.00199999899999975
   0.000999999499999875
   0.0
   0.000999999499999875
   0.0
   0.000999999499999875
   0.000999999499999875
   0.000999999499999875
   0.0
   0.00199999899999975
   0.0
   0.000999999499999875
   0.0
   0.0022360659650377044
   0.000999999499999875
   0.0
   0.0
   0.0
   0.0
   0.000999999499999875
   0.0
   0.000999999499999875
   0.0
   0.00199999899999975
   0.0
   0.0
   0.0029999984999996253
   0.000999999499999875
   0.0
   0.000999999499999875
   0.000999999499999875
   0.00199999899999975
   0.0
   0.000999999499999875
   0.000999999499999875
   0.0039999979999995
   0.0
   0.0
   0.0014142121481588255
   0.000999999499999875
   0.0
   0.0
   0.0
   0.000999999499999875
   0.0
   0.0
   0.0
   0.000999999499999875
   0.0
   0.000999999499999875
   0.0
   0.0014142121481588255
   0.000999999499999875
   0.000999999499999875
   0.0
   0.0
   0.00199999899999975
   0.0
   0.000999999499999875
   0.000999999499999875
   0.0031622751303452394
   0.0029999984999996253
   0.00199999899999975
   0.0029999984999996253
   0.0039999979999995
   0.000999999499999875
   0.004999997499999375
   0.00199999899999975
   0.0022360659650377044
   0.000999999499999875
   0.0050990159835011305
   0.004999995099997599
   0.000999999499999875
   0.0022360659650377044
   0.0
   0.0
   0.000999999499999875
   0.0
   0.00199999899999975
   0.000999999499999875
   0.0029999984999996253
   0.0029999984999996253
   0.000999999499999875
   0.00199999899999975
   0.0031622751303452394
   0.0014142121481588255
   0.0029999984999996253
   0.0
   0.0014142121481588255
   0.00199999899999975
   0.0039999979999995
   0.0039999979999995
   0.0
   0.000999999499999875
   0.000999999499999875
   0.0029999984999996253
   0.0
   0.00199999899999975
   0.005385160257596797
   0.004999997499999375
   0.00299999583333044
   0.004242636444476477
   0.004242636444476477
   0.0022360659650377044
   0.0038729770203294518
   0.0022360659650377044
   0.004242636444476477
   0.0022360659650377044
   0.003605547808586096
   0.0014142121481588255
   0.0039999979999995
   0.000999999499999875
   0.0
   0.00299999583333044
   0.003605547808586096
   0.0014142121481588255
   0.0014142121481588255
   0.000999999499999875
   0.0039999979999995
   0.000999999499999875
   0.0022360659650377044
   0.003605547808586096
   0.0014142121481588255
   0.000999999499999875
   0.0014142121481588255
   0.001999995999996
   0.00199999899999975
   0.001999995999996
   0.0026457465865044596
   0.003999991999992
   0.0029999984999996253
   0.0017320482094907174
   0.0
   0.004123099683490565
   0.0014142121481588255
   0.0031622751303452394
   0.0017320482094907174
   0.000999999499999875
   0.002828420760778
   0.000999999499999875
   0.003464096418981435
   0.0037416525760684944
   0.010723791820060663
   0.005196147707677294
   0.0050990159835011305
   0.0038729728891382653
   0.0042426331446402486
   0.0037416525760684944
   0.003316617403319231
   0.0024494864767946774
   0.0038729770203294518
   0.001999995999996
   0.0044721247746457166
   0.004999987899985359
   0.0022360623873228583
   0.0029999918333222177
   0.0017320482094907174
   0.0024494864767946774
   0.0043588896521935495
   0.0031622719680634683
   0.002828420760778
   0.004472131930075409
   0.005567757088810538
   0.0043588896521935495
   0.0064031110407363695
   0.00824619572894071
   0.003999991999992
   0.0050990053932115035
   0.010999983590896852
   0.0037416525760684944
   0.004898969279348463
   0.005099009707776599
   0.004898969279348463
   0.006855645775563379
   0.005477216446334763
   0.004358879557868054
   0.005477207682752225
   0.0044721247746457166
   0.004898964788605854
   0.0029999918333222177
   0.004472128799576328
   0.0028284158110150636
   0.004123095802913146
   0.003316617403319231
   0.006164398105249206
   0.0044721247746457166
   0.0038729728891382653
   0.006164398105249206
   0.008602285975250997
   0.0061643932385921
   0.007681105063726182
   0.0041230851313064105
   0.005830929942985081
   0.007937231192298735
   0.007416168754822128
   0.0080622249410445
   0.006403089801025752
   0.005291478432347617
   0.008062212537511028
   0.00608273285620863
   0.007810221443723603
   0.008485241540463064
   0.00648070335688959
   0.007483276287830084
   0.006928161660931419
   0.009219498847551313
   0.009643612964029612
   0.009273563284951476
   0.011618903175429253
   0.008717752921481544
   0.007211055678609061
   0.009110387423156053
   0.009899436549622408
   0.01224736967679183
   0.007483262390161126
   0.009643612964029612
   0.010816590544159467
   0.0144221252248065
   0.010197982349465015
   0.01183210480007678
   0.01135774268946079
   0.00969533000985526
   0.00894420728740116
   0.010862720837801182
   0.012806192096013552
   0.010099440776597484
   0.011269366929867889
   0.01315286246411784
   0.009486772053759909
   0.011532482430075494
   0.007348415883712625
   0.009591609666786904
   0.007937193395653151
   0.008426112686167922
   0.0075497861559119675
   0.008426068537580263
   0.008831695420472787
   0.009746708110946998
   0.011958190456753897
   0.010770255335877605
   0.009899405840756303
   0.008717739156455646
   0.007615728724160282
   0.011789754832056517
   0.01034402122000917
   0.011269329660631993
   0.013190811195677088
   0.01131360667515006
   0.009219470212544753
   0.00877488638103081
   0.009746708110946998
   0.00984875499746034
   0.011789697833278
   0.011269321141932197
   0.010630023471281707
   0.014832231794305267
   0.010954327729258423
   0.01140165321345988
   0.010582857081147793
   0.013152822928938107
   0.014035508932703509
   0.011135407311813969
   0.011575670866088064
   0.011180184211362531
   0.00953925568375227
   0.013928222284268729
   0.011269262575696779
   0.011445349754376229
   0.01216535671486866
   0.011832007437455404
   0.01148896862211748
   0.012961313359378362
   0.013892252193219068
   0.012288012003574867
   0.013928180929324548
   0.016030983469519266
   0.014594305704623294
   0.016186174841512125
   0.015905701839277638
   0.01699971173285006
   0.01811048304159776
   0.014696674998107565
   0.02002467675144845
   0.02142398728061609
   0.01967193104400277
   0.017204298881384267
   0.023216003941247083
   0.020736127989574138
   0.01902593167232554
   0.021609832738825167
   0.017320119630071844
   0.018492852673397904
   0.020687659703311056
   0.015937024941939448
   0.01849286554323045
   0.023642685782287932
   0.022868667976075913
   0.018492712078005215
   0.019697218077688025
   0.019949446107599078
   0.01740646061093409
   0.020832182698891637
   0.017262216659513923
   0.018999534494297483
   0.018492756527894914
   0.018681009581925707
   0.020024384509891933
   0.018054911686297446
   0.01931269320938952
   0.02017369076297146
   0.02063923680759538
   0.019671689073386657
   0.020903893776040863
   0.023064342609317962
   0.02149352870051821
   0.023472721848988878
   0.019051928380087933
   0.021516690242692996
   0.020297120583964615
   0.023936624135412247
   0.025979872497762572
   0.022714935967332154
   0.021259495384415877
   0.02151660472751219
   0.022225298648162188
   0.023873932562525176
   0.022538054485691527
   0.023236858651719684
   0.023172225594448193
   0.024123813628860593
   0.024288919284315636
   0.02418561206585436
   0.022044368986205976
   0.02451411672893804
   0.024918607485170594
   0.02923887465344725
   0.025277222928953253
   0.0268685778559268
   0.031223360469366523
   0.027219781024100838
   0.026942911423971982
   0.025316548718180367
   0.027035380356118535
   0.030673805616519122
   0.030147853505680965
   0.03016440120406835
   0.0295111330687251
   0.030114621681170097
   0.03016444469901609
   0.030280491921367458
   0.03128700687186296
   0.027765031226346566
   0.030965667294602258
   0.032555716610143906
   0.032891619358128295
   0.03182556794465733
   0.03185685758200266
   0.03687592081562168
   0.03221610622033644
   0.033224253249696974
   0.0356205854949073
   0.03383563551937513
   0.03581632352712936
   0.032524352968199076
   0.03722625261828002
   0.032509038604671164
   0.03158868094745331
   0.03652101729141728
   0.03060795842587349
   0.035816048344282765
   0.03434820659073775
   0.03649339222379854
   0.03815442176209725
   0.03679325976316858
   0.03669818729855741
   0.03816705876800045
   0.03789110454974888
   0.03993342598625868
   0.040344370412735406
   0.03939164738875489
   0.0354928720167867
   0.04164882028341259
   0.040120467345234154
   0.04192421734510973
   0.03775835118222193
   0.043411825013468394
   0.04270360692025909
   0.04315775340538476
   0.045481043072911155
   0.04260992391450611
   0.0431229386289942
   0.04611408243693026
   0.04655652478439515
   0.0456784385788306
   0.04540388525225567
   0.04567834715705024
   0.04846069540359486
   0.04753325337066673
   0.04699344395764158
   0.04918727961577058
   0.048242719657996064
   0.0495308096440993
   0.04797222262935083
   0.04879908158971847
   0.04916571228000262
   0.05019171146713369
   0.04922648246624981
   0.05028206414816321
   0.04772050477520119
   0.0503700190192539
   0.054074659268459564
   0.052097091809428286
   0.0542952841322338
   0.055225666849753836
   0.05273507337626449
   0.053860556996748556
   0.054248517915238936
   0.05694511041344989
   0.053393278827957365
   0.05379474211296119
   0.05667220545382013
   0.05699741183597725
   0.05630889151812527
   0.05727625672126278
   0.05923244192163615
   0.060104253959266475
   0.05815140822886407
   0.05946816291092234
   0.05989532515146737
   0.05842452374645428
   0.06224336443348801
   0.06111607643656454
   0.06481479737683363
   0.06301638770193037
   0.06648896809997881
   0.06134290699828302
   0.0649367147228746
   0.06695277720154706
   0.06448811424596008
   0.06528095967431852
   0.07151990201335569
   0.07076826463182491
   0.0677224244619166
   0.06857298557741233
   0.07323815971882418
   0.06956160826202913
   0.07198535844878458
   0.0711042960094536
   0.07277702670486065
   0.07243371988238627
   0.07136859863413321
   0.07318127738021522
   0.07510104017921455
   0.07485525872642483
   0.07786341219725733
   0.07881406564820774
   0.07767476357221823
   0.07895174158940384
   0.07742987857410083
   0.07837876079653211
   0.08003840822380215
   0.07876685236189142
   0.07978072739703493
   0.0778212489683891
   0.08137492753299384
   0.0834957389990651
   0.08463999470699417
   0.08284877092630887
   0.08652374859540009
   0.08794775082968295
   0.08888058572601781
   0.0856621501889837
   0.08708471594372919
   0.09162883423901017
   0.08799036835926986
   0.08852177076855162
   0.0892400473106105
   0.09103498314384421
   0.09141896310941182
   0.09495525933827993
   0.09324384582373252
   0.09533767271650803
   0.09482522818322137
   0.09606294910630217
   0.0986515574686989
   0.09794834238005257
   0.09769620537154962
   0.09831915670915817
   0.09983188167614593
   0.09911633164620248
   0.10189734434223495
   0.09993833198027671
   0.1048405684646931
   0.10527564350788837
   0.10469564222067698
   0.10643262590014399
   0.1039150337342966
   0.10680231697393086
   0.10976410079802959
   0.11010417339501714
   0.11280432438519367
   0.1105790175349736
   0.11274743156276333
   0.11279232420692464
   0.11262560119262405
   0.11558311509904896
   0.115615735884005
   0.11807300442946304
   0.11782741234534518
   0.1164122400737998
   0.11912234300919369
   0.11995287974450634
   0.12446712963268655
   0.12627133445085625
   0.12609567697189306
   0.12692769595324732
   0.12901125141242525
   0.13080297693477774
   0.13003808648238407
   0.13190308222327482
   0.13209874729156215
   0.13239948782000632
   0.1379349781273771
   0.13672659936895967
   0.13496639222784315
   0.14053939296510426
   0.1372171470188766
   0.13824093263574289
   0.14490599959629
   0.1436436728992962
   0.1431987097672322
   0.14369811098271265
   0.1448865181823347
   0.14910430770437186
   0.14904263403134016
   0.14989244058323956
   0.15208121395820062
   0.1574830986455372
   0.1560215786325725
   0.15901141767495816
   0.15630679370711947
   0.15858109682745924
   0.16389768752181955
   0.16370075220047098
   0.16114938011360763
   0.16012625323475224
   0.1644146184954367
   0.16451696685752507
   0.1680190910551536
   0.16732134925346498
   0.17075534549758611
   0.1709294518215044
   0.1774888593433402
   0.1756917245518411
   0.17775410953336634
   0.17728815290086364
   0.18022173730990387
   0.17993188751302533
   0.18453352899676523
   0.18448776426635996
   0.18747545784982098
   0.1860213558062622
   0.19136349326870056
   0.18969842322750077
   0.189604509374118
   0.19464884253444714
   0.19668055431079098
   0.19682936766397435
   0.19679606672644653
   0.19909242671432784
   0.20132673135726414
   0.20793310078003455
   0.20732916350335281
   0.21074929481258056
   0.21165631801578708
   0.21265832914795507
   0.21876478531975846
   0.21791375357925438
   0.21950007316399692
   0.21891663841745787
   0.22351654770955998
   0.2227254175863186
   0.22604427608546074
   0.22722865449586238
   0.2323773284444935
   0.23584109682368762
   0.23736543336383248
   0.2375356814775414
   0.2383843642439663
   0.2419572453120592
   0.24281543595084726
   0.2435354225076919
   0.24663712550830624
   0.2509845238575478
   0.24969551287718406
   0.2537066644769112
   0.2604348115728771
   0.2611134327739575
   0.25958611673007476
   0.2650368743477028
   0.2675290250869988
   0.2686227933571535
   0.270976175454596
   0.2751067533722137
   0.2770634018343094
   0.2763379674221405
   0.2816084059807164
   0.2806264376355157
   0.28391811296745406
   0.2858149812098729
   0.2908937703011187
   0.2914026934055346
   0.2895527993147364
   0.2972819239980796
   0.29889106821047695
   0.299691506851629
   0.3017420406224496
   0.3053409749362178
   0.3069776539603494
   0.3053346280722185
   0.31041006550046024
   0.31224969551786597
   0.31883251043612226
   0.3233963294148528
   0.3267502281804865
   0.32751845038714994
   0.32927462686942643
   0.3305411229847203
   0.33415696850282806
   0.3379711643972012
   0.341065619281686
   0.34326730222233515
   0.3444436843317061
   0.34988411885079895
   0.3570941641066121
   0.35664945696159417
   0.35840873024523273
   0.36151199285085966
   0.3603708003654014
   0.3673279418707485
   0.3739007703602655
   0.37223604080072636
   0.3770846395161171
   0.3823120772353392
   0.3859310169434429
   0.3866552868848427
   0.3960555094377554
   0.3932936734604308
   0.3989201962786542
   0.4011212729325135
   0.40220978903925253
   0.40879411760811823
   0.4096580287801034
   0.41462152283257075
   0.412870981179351
   0.4196786094608588
   0.4216740914485973
   0.426380851670194
   0.4307323994082637
   0.43806981484576174
   0.4438777032911205
   0.4417350332495715
   0.4485111325441098
   0.45031447286979354
   0.45552480340701534
   0.4604971328629528
   0.45915448794931757
   0.4638836562749328
   0.4697061542613637
   0.4744563461215373
   0.47665537289639354
   0.4805968847339733
   0.48503822107128836
   0.48631931860044386
   0.49342296975211847
   0.49546515304711386
   0.4984180118645392
   0.5039820274216135
   0.5110668546785244
   0.5121054023968113
   0.5167652030458321
   0.521892642001207
   0.5260680354440859
   0.533819249769058
   0.5379453544357456
   0.5403658303186832
   0.5450277131220026
   0.549090165665895
   0.555023249342764
   0.5585739994656035
   0.5630156356398994
   0.5708183401923943
   0.5716616071759586
   0.5741711400192454
   0.5831674285408951
   0.5857525227295227
   0.5930432346836105
   0.599881461943941
   0.6018390256007
   0.6060866501450103
   0.6074335816194227
   0.6152053958402836
   0.6180891168755521
   0.6233558566469076
   0.6284988852615413
   0.6372829280555066
   0.6419134620772492
   0.6434941525569599
   0.6535365564304724
   0.6550313381938302
   0.6610344253637628
   0.6660346135870118
   0.6713711698300725
   0.6812202509144895
   0.6821704696159164
   0.6897487543475522
   0.6959730715595251
   0.701906787646337
   0.7065596826057937
   0.7108747510469056
   0.7170591116051731
   0.7239579974114521
   0.7300009279274924
   0.7341638290599721
   0.7413709446019584
   0.7473126490024106
   0.7563855339170626
   0.7561397754145723
   0.7641418978174145
   0.7676960752146647
   0.7742760496095692
   0.7821814146545545
   0.7886647764418036
   0.7937105809040219
   0.7985381671629729
   0.8074778371193849
   0.8148244364223498
   0.8184722108294209
   0.8250927213101568
   0.8339550442793664
   0.839645800844618
   0.845843794888276
   0.8538268000853568
   0.8611278435162807
   0.866221082033334
   0.8717499666854023
   0.8759125077563398
   0.8873281771047282
   0.8926712286256346
   0.9018694145911591
   0.9049276840228726
   0.9143362021838576
   0.9195751966593053
   0.9278201951407395
   0.9386191091550395
   0.9433562083518611
   0.9477045720180947
   0.9583259705632525
   0.9601273560835561
   0.9726097747149163
   0.9771565675320409
   0.9836926365643895
   0.9951331011095953
   0.9954897245074908
   1.0041520715887609
   1.0120149994100878
   1.0210593185505925
   1.0280910267087249
   1.0333993870019471
   1.040379776119759
   1.049956604848029
   1.0550841999973273
   1.0627457421373185
   1.0734304435239388
   1.0803566239899676
   1.0862868365210914
   1.0937648115161687
   1.0980093082369566
   1.107800217536989
   1.1150836062712965
   1.122950097197556
   1.1313759753061756
   1.1396069797570565
   1.148392469400161
   1.1532463482357098
   1.158703390820964
   1.1622643780031288
   1.1754503327452845
   1.1844674433579845
   1.1889879013749467
   1.1992043401151449
   1.2030231111458334
   1.2120759809479766
   1.2222625399135816
   1.2322472373984046
   1.2375659090646447
   1.2460569665934218
   1.2530590319294619
   1.264408873298507
   1.2707772957351733
   1.281644973986166
   1.2900101613053285
   1.2989289125856733
   1.3006014614031463
   1.30562236745546
   1.3071772632523868
   1.3083007822939647
   1.3056318618473586
   1.3040060823780695
   1.2983826320403398
   1.2903560543524413
   1.2821228840809293
   1.271797574528274
   1.2666664982243747
   1.256951537388773
   1.247249025892985
   1.2398619758985272
   1.2282494310192047
   1.2201437380226972
   1.211855878872979
   1.204435145138168
   1.1964562103808898
   1.1888066644492703
   1.1844504998082444
   1.1774466864257591
   1.167707166866334
   1.1614607898521585
   1.1533458568859558
   1.1447189535248379
   1.1328880695103996
   1.128187685732742
   1.1204588440951322
   1.1142230417936976
   1.1068251861807266
   1.1000503450801695
   1.0933850527897297
   1.0846520123979857
   1.0781164933155414
   1.0685482218711517
   1.0610073350316669
   1.0539922250144922
   1.0451560931439858
   1.0409252809837024
   1.036513616577708
   1.0260095126186697
   1.0198553339523209
   1.016926968813395
   1.0046467570325404
   0.9992319086158128
   0.9903130276816517
   0.9827161995937586
   0.9770815904882253
   0.9700721918285258
   0.963663501228515
   0.9629458065831119
   0.9529341584621679
   0.9416512814731364
   0.9381797388539149
   0.9295469509734299
   0.9220355719276779
   0.9158469867810889
   0.9075255153167872
   0.9030491675296534
   0.8942389711011257
   0.8886102696227407
   0.8767905861441487
   0.8752876076719012
   0.870618757415667
   0.8617983039151331
   0.8512664529975323
   0.847203750640895
   0.8409043003600349
   0.8345690414669118
   0.8281966969452366
   0.8223077665181084
   0.8149643647172556
   0.8097277384380505
   0.8045895819602688
   0.7976209478668423
   0.7909235869007828
   0.7862341229678346
   0.7814208902857666
   0.7766104577585856
   0.7694255823040979
   0.7671868295474056
   0.7562094668436782
   0.7530323437834526
   0.7480760813072425
   0.7358927173739389
   0.7320540946617266
   0.7221062792408054
   0.7177156985819664
   0.7154774226598628
   0.7102553735551742
   0.7016235216688506
   0.6959934733487089
   0.6913938934500362
   0.6847833165929206
   0.6791136155872595
   0.6769958797393083
   0.6693422352578686
   0.662439124960928
   0.657492614388177
   0.6562980003352136
   0.6460456355637735
   0.6446402166511177
   0.6404434827336445
   0.6311679631793743
   0.629309793443579
   0.6191290686472409
   0.6140288135747377
   0.6091227685647614
   0.6061073587665803
   0.6002157483805303
   0.5939287409033175
   0.5913446494760902
   0.5842917680328895
   0.5818347454724581
   0.5736788419978551
   0.5707311102051473
   0.5659845504463881
   0.5638027757256965
   0.5600699398860824
   0.5476250167806435
   0.5453253036261934
   0.5460253004898217
   0.5385407943656636
   0.5359055936627272
   0.5343414391529072
   0.5297450852476123
   0.5209935869384574
   0.5161018014151859
   0.5104462279603994
   0.5105064020352732
   0.50365853849508
   0.5024233588031114
   0.49801128034513437
   0.49009949054350177
   0.4873318534951312
   0.48123385845033806
   0.48133126954208993
   0.4744586556950985
   0.4737455935668426
   0.46752250984952587
   0.46551054465393155
   0.45976608389919327
   0.454961465581427
   0.4530567167982393
   0.447689727909855
   0.4457230552428268
   0.44107142929915555
   0.43669486712692196
   0.43578798330839735
   0.42965237780210175
   0.4258205802905726
   0.4233464708427366
   0.41833172344922637
   0.41377875532583835
   0.4124706060302964
   0.4104847092109522
   0.4032187757483523
   0.40345338791984386
   0.40090332877640217
   0.39738174460334735
   0.39019349046338536
   0.3872738477046959
   0.3832050410889711
   0.3823936159247432
   0.3792523557936061
   0.37475321415032586
   0.36726603925628626
   0.37292547500003265
   0.3641252970283718
   0.3637659269365398
   0.3619676908661877
   0.35552458128798914
   0.35517412011575394
   0.3481383304248471
   0.3454373470891646
   0.34574382155578715
   0.3423131893456634
   0.3367862798259454
   0.3389409250651211
   0.3360493831269446
   0.33037036939622777
   0.32904857209688665
   0.3279206334450457
   0.32313754433522573
   0.318817860854752
   0.31738763700560235
   0.3125840093654824
   0.31219907735289676
   0.3101849988377903
   0.3091503931163601
   0.3058681587612545
   0.30129219849010364
   0.2997093503779954
   0.29408507884624135
   0.29602055464950405
   0.2911311698599104
   0.28512506308460506
   0.28575445302567026
   0.28026209947119146
   0.2822709346549871
   0.2734249082947638
   0.27739590078982784
   0.27024782910506423
   0.2723509629577248
   0.26836131165091587
   0.26692315777953773
   0.2672013693378086
   0.2640662026822062
   0.2614613405916829
   0.2596736587314932
   0.25461693808346686
   0.2527504522251147
   0.2528828394948934
   0.24850232790861337
   0.2451804092316513
   0.246808076121913
   0.24103798820725333
   0.2373892020796228
   0.2364598726020971
   0.23392523399582182
   0.23200068888690828
   0.23308466571398473
   0.23216337082106644
   0.22664094501876753
   0.22841166295747684
   0.2232721402772858
   0.22297215610923263
   0.21944966794005408
   0.21968193333999952
   0.21740254761846742
   0.21248319040338226
   0.21294346637311978
   0.2123273907695378
   0.2093344632854323
   0.20643846724629594
   0.20800274271028255
   0.2055001418880289
   0.20374166182693218
   0.2012014011780236
   0.19830071668050017
   0.1981672952936483
   0.1981009701515871
   0.1940698957360466
   0.1918810134536505
   0.18903440420992154
   0.18590164655268657
   0.18698567919495868
   0.1866366810570741
   0.18648281110869175
   0.18226753147777033
   0.18112989756249517
   0.1802505078800057
   0.17640833427023792
   0.17455960988728178
   0.1750141823281759
   0.1730048053783478
   0.17202331608244273
   0.1730519005500951
   0.1676636244836667
   0.1667920849441004
   0.1663436024588863
   0.16590252529723593
   0.16461359592694644
   0.16452143105382958
   0.1622667910695223
   0.1601801913814564
   0.16143104409933054
   0.15989634562428248
   0.15658906698744968
   0.1573107049885671
   0.1529706735783039
   0.15236141448542673
   0.15175187468693757
   0.15298984031300902
   0.1489492379436699
   0.14996533649813878
   0.1451907311091173
   0.147390987346581
   0.1447632342516566
   0.1421442962591183
   0.14488380958202335
   0.14153679945512404
   0.1404818837573016
   0.13763851482779085
   0.14127322251226523
   0.13414917663183773
   0.1367771968969974
   0.13547225628888004
   0.1332792607422475
   0.13146541408294427
   0.13108242792609542
   0.1292308989019267
   0.1283224879902194
   0.12820800224244974
   0.12668331538130823
   0.1253637717963208
   0.12332813628284504
   0.12388753609625143
   0.12190218503373924
   0.119506105111831
   0.11678579259053731
   0.11835728948822713
   0.11555022096041184
   0.11577765756397043
   0.11556510597494384
   0.1139576367559454
   0.1136424866632194
   0.11450982029502972
   0.11143529225070485
   0.1091627723905911
   0.10588836309529012
   0.10753915714287517
   0.10557694898035272
   0.1061650036452691
   0.10419257497058032
   0.10124249258093165
   0.1014777244078719
   0.10077505504339851
   0.09776445980007255
   0.0990080222557748
   0.09969871541800325
   0.09622099959987944
   0.0960733583830606
   0.09553330451209148
   0.0943869374383977
   0.0962539220967125
   0.09611124487280351
   0.09585465697606976
   0.09185359984235784
   0.09180056991108498
   0.08775615756743227
   0.08732884460474671
   0.08932548325645935
   0.08952632448056828
   0.08311491056964448
   0.08693561704502936
   0.08471333282901812
   0.08365297247557914
   0.07999569847810568
   0.08128454607734487
   0.08226250284911103
   0.08337715514455983
   0.08356586857682986
   0.08089231384377628
   0.07829360049838045
   0.08402089234827252
   0.08132614585113448
   0.0776745415177972
   0.07730582611291338
   0.08111202130387332
   0.07807500762728109
   0.07720455737195829
   0.07598673557931016
   0.07422336068246978
   0.07481381738021393
   0.07637544887593133
   0.06968366935660032
   0.07368026577042186
   0.07408438172786488
   0.06839673529489547
   0.07148983074535846
   0.06664226154625906
   0.06982203660736344
   0.06886493185214082
   0.06954393844901223
   0.06986665596692031
   0.06599737097794124
   0.06669769092704785
   0.06356798558236684
   0.06465221638892205
   0.06224979677878475
   0.06232165976608774
   0.062290146379664256
   0.06381240603519037
   0.059727671233692006
   0.060895334172660555
   0.06033549389869946
   0.059837006576198316
   0.059425624363568956
   0.05943538336714923
   0.06063363340589115
   0.05670643151354174
   0.057546712078102254
   0.05915689578569856
   0.05969566127450135
   0.05915750129104508
   0.05695315049231254
   0.05611372448875587
   0.05588231920742016
   0.05356285933368382
   0.05603396604738951
   0.05398963452367501
   0.05162421040558393
   0.054907657170926535
   0.05397261820590141
   0.05226008419434473
   0.0509614629303359
   0.04727850416415477
   0.05141254753462427
   0.04930784761069986
   0.04987304907462547
   0.04826283356787084
   0.049002480549457904
   0.04398232571158556
   0.0481071661085955
   0.0443897947618594
   0.045556936859275345
   0.045237450757088425
   0.04175532536096444
   0.041934741193907464
   0.04253840128636712
   0.04333001504730872
   0.041189515644153914
   0.041600194699063606
   0.044794068792642625
   0.043099562457175826
   0.04230393603436919
   0.043824438285048214
   0.04405170188539825
   0.04175665307468979
   0.040885243059079396
   0.043836376446964684
   0.03817965950607732
   0.03873904716174625
   0.03884210961057599
   0.03882941312973968
   0.03870043054024076
   0.036779736255171815
   0.036766180057221064
   0.03656163277262108
   0.03571772618742688
   0.037132101677658916
   0.03923946742757858
   0.03859763225898708
   0.03587182012387997
   0.03503991575332338
   0.03257011684044133
   0.035182547434772254
   0.03431945914492243
   0.03415905149444287
   0.034911666230645594
   0.03599731101068523
   0.03355334475130609
   0.03199783767694311
   0.03284601758204486
   0.03238612158008427
   0.034246692906031086
   0.033672772383633635
   0.03453743405350201
   0.03123890132511065
   0.032982632945233466
   0.031206779712107433
   0.031731209857173745
   0.031446181946303116
   0.030787840132104102
   0.02792664677328805
   0.027801204560234438
   0.0314146617839505
   0.02930707284939934
   0.029170138138171372
   0.027512029932376853
   0.026644332905892014
   0.028105421825690504
   0.029662980565007286
   0.02688725302071597
   0.026037174654712444
   0.025591636895673554
   0.028194403256674896
   0.027837598297985405
   0.027091108799751993
   0.02626666137901808
   0.02639956437140583
   0.02780172640322899
   0.025138502421584306
   0.028265560652497235
   0.024656709918397468
   0.024938885620652742
   0.02418579978003622
   0.028477092109272673
   0.024165264327128722
   0.026266861555960582
   0.023621036048403973
   0.02681318032237131
   0.022538003105865435
   0.023705761662515718
   0.02347256251456155
   0.02137679206522812
   0.023258670963750273
   0.021724798641184224
   0.02238236071105995
   0.019899089325896298
   0.020590525102580554
   0.020198376172356033
   0.021259627842462343
   0.019569739880744456
   0.020272430515357553
   0.018840838595986113
   0.023769039505205085
   0.022157963602280784
   0.021839596127218103
   0.022292794149679846
   0.019697144463094136
   0.020517588527894794
   0.021678847847614043
   0.02085596890580728
   0.01987404837973381
   0.0197225499112057
   0.01984891090211249
   0.018787780044486363
   0.019924373992675402
   0.014764413296843191
   0.01868113676947953
   0.017406488416679567
   0.018220374419863055
   0.016124112502708482
   0.016702950368123592
   0.017058334473212793
   0.014594170034640544
   0.019312816236893054
   0.01811038586005279
   0.015779371058442095
   0.018761253263041892
   0.019924387845050597
   0.01385610103889258
   0.015033014867284606
   0.013856087615196433
   0.014730613531010852
   0.014696698404743835
   0.01330392329352511
   0.015968460132398492
   0.014525601915239175
   0.013674599482251755
   0.01587427491257475
   0.013038247735029427
   0.018600773209735126
   0.018465863613706238
   0.013076504081749067
   0.013637980935607735
   0.011618779238801296
   0.013963969027464935
   0.013999793712765914
   0.012806078400509659
   0.013711075814829412
   0.011180173478081635
   0.012124191973075979
   0.009797810163500821
   0.010535548917830527
   0.011999829332119686
   0.010954297604136926
   0.016062242807279435
   0.01195812489481524
   0.01053553031413227
   0.013304012590192479
   0.012961333110448168
   0.013038284549740431
   0.013928212376324536
   0.011269293456113386
   0.013783909314849688
   0.01053553031413227
   0.010862665418763481
   0.012288073526798251
   0.012489832024490962
   0.01024686054360066
   0.011269293456113386
   0.015198545160639555
   0.012806117132058413
   0.011532421731795972
   0.011090419243653506
   0.014662759597019927
   0.011916270389681497
   0.012529843374918938
   0.015033160146822091
   0.012727807509543818
   0.011180232510999045
   0.012165413926373405
   0.01264900375523701
   0.013038266755976425
   0.012529868275444878
   0.013304012590192479
   0.015231411753347093
   0.01135771944538163
   0.01090863506585494
   0.012489887749695752
   0.009486779010812891
   0.01009943344945646
   0.010770239737350326
   0.011789747707224272
   0.009899429478510365
   0.010392219974577135
   0.006244969095199751
   0.007211048190103849
   0.00894423412037051
   0.006999962214183731
   0.011313651223190505
   0.0077459295116854765
   0.00927357622495227
   0.008485247433045191
   0.00948678554622165
   0.010392267125127221
   0.0089999652777108
   0.007937220609256114
   0.0065574109982522825
   0.008944228082959424
   0.008717759115736108
   0.008543972787878013
   0.006324529705835842
   0.006928161660931419
   0.009848809014292033
   0.005385137974091286
   0.007483276287830084
   0.007615741329640865
   0.0064807098376643895
   0.00509900029417532
   0.005385149115855568
   0.006708171062219568
   0.005916055358091234
   0.003999991999992
   0.008717764851153074
   0.006633225158246929
   0.007141408194466971
   0.006999968499929125
   0.0063245398251572426
   0.010908683467770068
   0.010535636620536986
   0.008366580902614879
   0.005916065499975469
   0.00556774415719688
   0.004898964788605854
   0.004690405099775498
   0.007483288047375966
   0.006708182391676601
   0.0068556335228773715
   0.006855628271719522
   0.007483282434867736
   0.010440281174374568
   0.008944244853535708
   0.007549810527423851
   0.0072800850956565065
   0.0043588850638666765
   0.006999979357112419
   0.00824619572894071
   0.007873987299964358
   0.009273592399927873
   0.005291489015390658
   0.005999987999988
   0.005656841521556
   0.008717779304387099
   0.0038729728891382653
   0.0051961361606486026
   0.005916060767098323
   0.00435889332285157
   0.006633234806638462
   0.003741644023687983
   0.005385149115855568
   0.00435889332285157
   0.007549823242964037
   0.0037416525760684944
   0.0059160695567242955
   0.004472128799576328
   0.00799998774999062
   0.006782315533798173
   0.002828420760778
   0.00787399542798953
   0.006244984467554743
   0.004898964788605854
   0.004582566857122763
   0.0022360659650377044
   0.006855638190569861
   0.004898964788605854
   0.00574455211483019
   0.004123099683490565
   0.0029999918333222177
   0.0024494864767946774
   0.003316617403319231
   0.004898969279348463
   0.005291493173008919
   0.004999995099997599
   0.0038729728891382653
   0.0036055444803801823
   0.0031622719680634683
   0.002828420760778
   0.004690405099775498
   0.003464096418981435
   0.0024494864767946774
   0.003316617403319231
   0.003316621021461451
   0.000999999499999875
   0.0026457465865044596
   0.0024494864767946774
   0.0026457465865044596
   0.0039999979999995
   0.003741648834404426
   0.003316617403319231
   0.003316621021461451
   0.0014142121481588255
   0.003464096418981435
   0.0017320482094907174
   0.006403117912392368
   0.0014142121481588255
   0.0014142121481588255
   0.000999999499999875
   0.0014142121481588255
   0.0024494864767946774
   0.0026457465865044596
   0.0031622719680634683
   0.006633238726293514
   0.0017320482094907174
   0.000999999499999875
   0.0017320482094907174
   0.0022360659650377044
   0.0038729770203294518
   0.00199999899999975
   0.000999999499999875
   0.00199999899999975
   0.0014142121481588255
   0.0014142121481588255
   0.00458257034861441
   0.003316617403319231
   0.00299999583333044
   0.0031622751303452394
   0.0014142121481588255
   0.0
   0.0014142121481588255
   0.006082758502521697
   0.007211095617172192
   0.0026457465865044596
   0.005477219732674598
   0.0026457465865044596
   0.004123102593921233
   0.00458257034861441
   0.003464096418981435
   0.00435889332285157
   0.004582566857122763
   0.0031622719680634683
   0.0014142121481588255
   0.005099013237872599
   0.004242636444476477
   0.00199999899999975
   0.0024494864767946774
   0.0031622751303452394
   0.0042426331446402486
   0.000999999499999875
   0.00299999583333044
   0.004472131930075409
   0.0014142121481588255
   0.0014142121481588255
   0.0022360659650377044
   0.0024494864767946774
   0.0014142121481588255
   0.004242636444476477
   0.0014142121481588255
   0.0022360659650377044
   0.0037416525760684944
   0.0022360659650377044
   0.000999999499999875
   0.0050990159835011305
   0.00199999899999975
   0.0031622751303452394
   0.00435889332285157
   0.00199999899999975
   0.00299999583333044
   0.0014142121481588255
   0.0022360659650377044
   0.00199999899999975
   0.000999999499999875
   0.004123102593921233
   0.0029999984999996253
   0.000999999499999875
   0.0014142121481588255
   0.00199999899999975
   0.00199999899999975
   0.0014142121481588255
   0.000999999499999875
   0.003316621021461451
   0.00199999899999975
   0.0022360659650377044
   0.0029999984999996253
   0.000999999499999875
   0.00199999899999975
   0.0031622751303452394
   0.0037416525760684944
   0.0022360659650377044
   0.0022360659650377044
   0.004123102593921233
   0.0039999979999995
   0.0
   0.004123102593921233
   0.00199999899999975
   0.0022360659650377044
   0.0031622751303452394
   0.0022360659650377044
   0.00299999583333044
   0.003316621021461451
   0.0022360659650377044
   0.0014142121481588255
   0.000999999499999875
   0.000999999499999875
   0.0
   0.000999999499999875
   0.0
   0.0
   0.00199999899999975
   0.000999999499999875
   0.0
   0.000999999499999875
   0.00199999899999975
   0.00199999899999975
   0.0029999984999996253
   0.000999999499999875
   0.005385160257596797
   0.0050990159835011305
   0.00199999899999975
   0.0039999979999995
   0.000999999499999875
   0.00199999899999975
   0.00199999899999975
   0.0029999984999996253
   0.000999999499999875
   0.0039999979999995
   0.0014142121481588255
   0.004123102593921233
   0.0014142121481588255
   0.000999999499999875
   0.0029999984999996253
   0.0
   0.004123102593921233
   0.00199999899999975
   0.004999997499999375
   0.00199999899999975
   0.00199999899999975
   0.003605547808586096
   0.0050990159835011305
   0.0031622751303452394
   0.0031622751303452394
   0.00199999899999975
   0.0039999979999995
   0.00199999899999975
   0.0
   0.0039999979999995
   0.0
   0.0
   0.00199999899999975
   0.0
   0.0014142121481588255
   0.00199999899999975
   0.0031622751303452394
   0.000999999499999875
   0.000999999499999875
   0.004472131930075409
   0.002828424296317651
   0.00199999899999975
   0.0
   0.00199999899999975
   0.00199999899999975
   0.0
   0.0
   0.000999999499999875
   0.000999999499999875
   0.000999999499999875
   0.000999999499999875
   0.000999999499999875
   0.000999999499999875
   0.00199999899999975
   0.0014142121481588255
   0.000999999499999875
   0.00199999899999975
   0.0
   0.000999999499999875
   0.00199999899999975
   0.0
   0.0
   0.0014142121481588255
   0.0050990159835011305
   0.0
   0.000999999499999875
   0.0
   0.00199999899999975
   0.0029999984999996253
   0.0
   0.0
   0.0
   0.000999999499999875
   0.0
   0.000999999499999875
   0.0
   0.0029999984999996253
   0.0
   0.0
   0.0
   0.0
   0.0
   0.0
   0.0
   0.0
   0.00199999899999975
   0.0
   0.0
   0.0
   0.0
   0.00199999899999975
   0.0
   0.0
   0.0
   0.0
   0.0
   0.0
   0.0
   0.0
   0.0
   0.0
   0.0
   0.0
   0.0
   0.0
   0.0
   0.0
   0.0
   0.0
   0.0
   0.0
   0.0
   0.0
   0.0
   0.0
   0.0
   0.0
   0.0
   0.0
   0.0
   0.0
   0.0
   0.0
   0.0
   0.0
   0.0
   0.0
   0.0
   0.0
   0.0
   0.0
   0.0
   0.0
   0.0
   0.0
   0.0
   0.0
   0.0
   0.0
   0.0
   0.0
   0.0
   0.0
   0.0
   0.0
   0.0
   0.0
   0.0
   0.0
   0.0
   0.0
   0.0
   0.0
   0.0
   0.0
   0.0
   0.0
   0.0
   0.0
   0.0
   0.0
   0.0
   0.0
   0.0
   0.0
   0.0
   0.0
   0.0
   0.0
   0.0
   0.0
   0.0
   0.0
   0.0
   0.0
   0.0
   0.0
   0.0
   0.0
   0.0
   0.0
   0.0
   0.0
   0.0
   0.0
   0.0
   0.0
   0.0
   0.0
   0.0
   0.0
   0.0
   0.0
