   0.0
   0.0
   0.0
   0.0
   0.0
   0.0
   0.0
   0.0
   0.0
   0.0
   0.0
   0.0
   0.0
   0.0
   0.0
   0.0
   0.0
   0.0
   0.0
   0.000999999499999875
   0.0
   0.0
   0.0
   0.0
   0.0
   0.0
   0.0
   0.0
   0.0
   0.0
   0.0014142121481588255
   0.0
   0.0
   0.0
   0.0
   0.0
   0.0
   0.0
   0.0
   0.0
   0.0
   0.0
   0.0
   0.000999999499999875
   0.000999999499999875
   0.0
   0.0
   0.0
   0.0014142121481588255
   0.0
   0.0
   0.000999999499999875
   0.0
   0.0
   0.0
   0.000999999499999875
   0.0014142121481588255
   0.0
   0.0
   0.000999999499999875
   0.0
   0.000999999499999875
   0.0
   0.0
   0.000999999499999875
   0.000999999499999875
   0.0
   0.0
   0.000999999499999875
   0.0
   0.0
   0.0017320482094907174
   0.0
   0.0
   0.0014142121481588255
   0.0017320482094907174
   0.000999999499999875
   0.0
   0.001999995999996
   0.0
   0.0014142121481588255
   0.0017320482094907174
   0.0017320482094907174
   0.0014142121481588255
   0.0
   0.0014142121481588255
   0.0
   0.000999999499999875
   0.001999995999996
   0.0
   0.0
   0.0017320482094907174
   0.0014142121481588255
   0.000999999499999875
   0.001999995999996
   0.0017320482094907174
   0.000999999499999875
   0.0017320482094907174
   0.0026457420509187965
   0.0014142121481588255
   0.001999995999996
   0.002449482394302927
   0.0014142121481588255
   0.0017320482094907174
   0.0028284158110150636
   0.002999986499969625
   0.002449482394302927
   0.0028284158110150636
   0.0022360623873228583
   0.001999995999996
   0.0022360623873228583
   0.0017320482094907174
   0.0017320482094907174
   0.002999986499969625
   0.002449482394302927
   0.0026457420509187965
   0.0028284158110150636
   0.002449482394302927
   0.004358857533804013
   0.004123070579070894
   0.002999986499969625
   0.0036055278393045307
   0.002999986499969625
   0.002999986499969625
   0.00316226184874055
   0.0034640808304657097
   0.0036055278393045307
   0.003741631195080563
   0.004795776370933073
   0.0042426025031812725
   0.005291428540573896
   0.004582527577658426
   0.00519608227417542
   0.0050989532259082355
   0.004472091233416421
   0.005656763739100299
   0.004795776370933073
   0.004898920697459798
   0.005196092281705551
   0.005385086721678677
   0.006402992972040497
   0.00519608227417542
   0.005291428540573896
   0.005830852767820501
   0.007615552245241313
   0.006928036951402612
   0.0072109150598242385
   0.0064806046014241605
   0.0072109150598242385
   0.0076809191507266885
   0.00818509468485246
   0.0072109150598242385
   0.008061995720663712
   0.008484975898610438
   0.007810011459658686
   0.008602006975119236
   0.008484975898610438
   0.009694904022217033
   0.00974633136108146
   0.009591221819976847
   0.0095389579619579
   0.01090806302695396
   0.010487511620970915
   0.011661110753268747
   0.010148368883717226
   0.011789006701160195
   0.011831331286038778
   0.01174652953003567
   0.012998901453584453
   0.013151808658887949
   0.014105332289598854
   0.013673515678127553
   0.014105332289598854
   0.014105332289598854
   0.01469535110162394
   0.014931519380156863
   0.015522303920488093
   0.01549007424126818
   0.017202104057352983
   0.017432980123891613
   0.01796929801077382
   0.01816290450341024
   0.018678281478765654
   0.01873170571517714
   0.01999599959991998
   0.020876060547909896
   0.020876060547909896
   0.02228795618714287
   0.022906863054552012
   0.022950430736698602
   0.02314546832535475
   0.024241581136551303
   0.02489207906142032
   0.02577901811551402
   0.02601041466413021
   0.026542474922282587
   0.02782808780710597
   0.029073773129747023
   0.028953343140300743
   0.030202093155938713
   0.031081584756894234
   0.03234056510019576
   0.032815208608204825
   0.033313212378874545
   0.034692258372726326
   0.0357262748687853
   0.03819517402761768
   0.038675004796379794
   0.039755428698480914
   0.03998045521251603
   0.04203428652897537
   0.04247048357388929
   0.044115728487694725
   0.046296810732489986
   0.04777848201858238
   0.04878839005337233
   0.04933605578073707
   0.051516202101863064
   0.05497135049277942
   0.05596552867614135
   0.05778227146798575
   0.059141186156518706
   0.06172027475635539
   0.06525916455947012
   0.0663285190472394
   0.06827243712509463
   0.0713089012045481
   0.07397796292815854
   0.07845281812019247
   0.0812097890589552
   0.08321334575054652
   0.0873326220607168
   0.09198020695236557
   0.09600805797431797
   0.09909506312627284
   0.10500851858301782
   0.1097788864035339
   0.115303202037064
   0.12099747266368831
   0.12816985080743443
   0.1336984270812488
   0.14208100055602085
   0.14907039727591795
   0.15757868820053048
   0.166019931526308
   0.17628841479518728
   0.1831676355582503
   0.18755119202767015
   0.19086151542676172
   0.1917983674982663
   0.1920325518212993
   0.19011686942246867
   0.18743343411462107
   0.18183358915227957
   0.1747510538766505
   0.16688099304294662
   0.15752877546657942
   0.14970832280137267
   0.14126556160650053
   0.13425384156514852
   0.12715876202212728
   0.12107011320305272
   0.11466346748201887
   0.11007175143514343
   0.10486473351894811
   0.10080552028038942
   0.09667090358530844
   0.09077496019828375
   0.08735552000875503
   0.08357429882445919
   0.07950865791849338
   0.07858425773652125
   0.07490780412613895
   0.07159244024336649
   0.0688142389625868
   0.06690912433293385
   0.06390760360864738
   0.06234437572066946
   0.05925883562811541
   0.0569860639454946
   0.054580983904653095
   0.05440780068151992
   0.051881744371214046
   0.05092396681327958
   0.049376478570266634
   0.047663754268836185
   0.04514233308104489
   0.04429616863793075
   0.04208150334767046
   0.04176077047900338
   0.04062356703934306
   0.03949126683204782
   0.037695898437363186
   0.03778829316071315
   0.03554440646571553
   0.034778486899231256
   0.034821486183102525
   0.03344765462629629
   0.03204595475251128
   0.030726385257625083
   0.02943215545963292
   0.02933022534860583
   0.028466511535486745
   0.027027127834825512
   0.02711933450510908
   0.025875685498166035
   0.02473111198470461
   0.023699924050511217
   0.023615432157807318
   0.023360262926602517
   0.02301562729972833
   0.021605136218038525
   0.02036732125243769
   0.019617639383982977
   0.020489597360612045
   0.020070854466115784
   0.018785015278141245
   0.01912762515316525
   0.018024862579226506
   0.017289065648553714
   0.017056239884570105
   0.016459846870490624
   0.015392979925927273
   0.015809411753762378
   0.015064809026336843
   0.015031597519891223
   0.014281399931379276
   0.013489509850250304
   0.013891103303913624
   0.01284417280325985
   0.013377890678279592
   0.011444773435940093
   0.012448934693378386
   0.012040721531536224
   0.011488366985781748
   0.010391764239050076
   0.01062954519252823
   0.011089854417439393
   0.010049368089586529
   0.010391743645798812
   0.010816063563052872
   0.00974633136108146
   0.0095389579619579
   0.008602023947885753
   0.009326973303274755
   0.008425850639549695
   0.008185078557961432
   0.007937003905756882
   0.007070891032960415
   0.007873763775984139
   0.006928036951402612
   0.007483105237800682
   0.006633103647614742
   0.007141246319796006
   0.006633103647614742
   0.006082649998150477
   0.006244876219750076
   0.006708052996212836
   0.006164296877990223
   0.006782173987741689
   0.005291428540573896
   0.005291428540573896
   0.00519608227417542
   0.00519608227417542
   0.004795776370933073
   0.004582527577658426
   0.004898920697459798
   0.004123070579070894
   0.004795776370933073
   0.003999967999871999
   0.0042426025031812725
   0.004582527577658426
   0.004358857533804013
   0.004472091233416421
   0.0034640808304657097
   0.004123070579070894
   0.0036055278393045307
   0.0026457420509187965
   0.004472091233416421
   0.004123070579070894
   0.002999986499969625
   0.00316226184874055
   0.003316606548868889
   0.002999986499969625
   0.0026457420509187965
   0.0034640808304657097
   0.003741631195080563
   0.002449482394302927
   0.0026457420509187965
   0.002449482394302927
   0.0028284158110150636
   0.0028284158110150636
   0.0026457420509187965
   0.0022360623873228583
   0.0028284158110150636
   0.0022360623873228583
   0.0014142121481588255
   0.0
   0.0014142121481588255
   0.0014142121481588255
   0.001999995999996
   0.000999999499999875
   0.000999999499999875
   0.0
   0.0017320482094907174
   0.001999995999996
   0.0017320482094907174
   0.0014142121481588255
   0.000999999499999875
   0.0014142121481588255
   0.0017320482094907174
   0.0014142121481588255
   0.000999999499999875
   0.0017320482094907174
   0.0
   0.0
   0.000999999499999875
   0.0014142121481588255
   0.0014142121481588255
   0.000999999499999875
   0.0
   0.0014142121481588255
   0.000999999499999875
   0.0
   0.000999999499999875
   0.0014142121481588255
   0.0
   0.0
   0.000999999499999875
   0.000999999499999875
   0.0017320482094907174
   0.0
   0.0
   0.0014142121481588255
   0.000999999499999875
   0.0
   0.0
   0.000999999499999875
   0.0
   0.0
   0.000999999499999875
   0.0
   0.000999999499999875
   0.000999999499999875
   0.0
   0.000999999499999875
   0.0
   0.0
   0.0
   0.0014142121481588255
   0.000999999499999875
   0.000999999499999875
   0.0
   0.000999999499999875
   0.000999999499999875
   0.0
   0.0
   0.0
   0.0
   0.0
   0.0
   0.000999999499999875
   0.0
   0.0
   0.0
   0.0
   0.0
   0.000999999499999875
   0.0
   0.0
   0.0
   0.0
   0.0
   0.0
   0.0
   0.0014142121481588255
   0.0
   0.0
   0.0
   0.000999999499999875
   0.0
   0.0
   0.0
   0.0
   0.0
   0.0
   0.0
   0.0
   0.0
   0.000999999499999875
   0.0
   0.0
   0.0
   0.0
   0.0
   0.0
   0.0
   0.0
   0.0
   0.0
