   0.0
   0.0
   0.0
   0.0
   0.0
   0.0
   0.0
   0.0
   0.0
   0.0
   0.0
   0.0
   0.0
   0.0
   0.0
   0.0
   0.0
   0.0
   0.0
   0.0
   0.0
   0.0
   0.0
   0.0
   0.0
   0.0
   0.0
   0.0
   0.0
   0.0
   0.0
   0.0
   0.0
   0.0
   0.0
   0.0
   0.0
   0.0
   0.0
   0.0
   0.0
   0.0
   0.0
   0.0
   0.0
   0.0
   0.0
   0.0
   0.0
   0.0
   0.0
   0.0
   0.0
   0.0
   0.0
   0.0
   0.0
   0.0
   0.0
   0.0
   0.0
   0.0
   0.0
   0.0
   0.0
   0.0
   0.0
   0.0
   0.0
   0.0
   0.0
   0.0
   0.0
   0.0
   0.0
   0.0
   0.0
   0.0
   0.0
   0.0
   0.0
   0.0
   0.0
   0.0
   0.0
   0.0
   0.0
   0.0
   0.0
   0.0
   0.00031622775020544923
   0.0
   0.0
   0.0
   0.0
   0.0
   0.0
   0.0
   0.0
   0.0006324555004108985
   0.00044721355077859614
   0.0
   0.00031622775020544923
   0.0
   0.0
   0.00031622775020544923
   0.0007071067175469343
   0.0007071067175469343
   0.0014142134350938686
   0.00031622775020544923
   0.00044721355077859614
   0.00044721355077859614
   0.00044721355077859614
   0.0013416406523357883
   0.0007745965659619206
   0.00044721355077859614
   0.00031622775020544923
   0.0012247445407104292
   0.0022803506309337605
   0.0016431673043241822
   0.00044721355077859614
   0.0019235379668725023
   0.0007071067175469343
   0.0006324554055425568
   0.0006324554055425568
   0.0007745965659619206
   0.0008366598771304861
   0.00044721355077859614
   0.0012247446713499104
   0.0008366598771304861
   0.000948683039797803
   0.0011832156861705308
   0.0016431673043241822
   0.002664581691372963
   0.0020736432648842955
   0.001897366079595606
   0.001140175210219903
   0.0023874669233310856
   0.001048808614571791
   0.002213593546701833
   0.0016431669878621588
   0.00254950889192409
   0.0014832390367031203
   0.001897366079595606
   0.002323789456900087
   0.0023874659683438423
   0.0025690445227749556
   0.0018439078068059694
   0.001788853666457936
   0.0018439075790288406
   0.002966476421615382
   0.0027386110329873426
   0.0037013470183164397
   0.0021679468974123883
   0.002999996773331598
   0.0033466369447551375
   0.0025298198433880625
   0.0034058746835431276
   0.0040496862890846246
   0.0024494867952287477
   0.004969903177125285
   0.003674228505414436
   0.00314642101283347
   0.004207127798153985
   0.0053478870556510445
   0.004123098984986899
   0.004560692820175461
   0.005477210147511231
   0.005744543581521513
   0.006024927152256698
   0.006131864042850266
   0.006580251331826163
   0.005449751347538711
   0.005513601215176883
   0.0070142432207615955
   0.006123695190814121
   0.007355239954617388
   0.006708171685340202
   0.007771706633680918
   0.006610559261514868
   0.00864864448107332
   0.007589418357160185
   0.009181439076201508
   0.009165071781497404
   0.010582916254038864
   0.010109313486087965
   0.010168479483187248
   0.010392194915416089
   0.011171268201954512
   0.01101350937667009
   0.010464093068680153
   0.011180192540381405
   0.011480237481864214
   0.012856704830943269
   0.013604907928758651
   0.013386333179777051
   0.013322659628993004
   0.015378220219193117
   0.015613718520583108
   0.01663690724984665
   0.016534383538553833
   0.01757506074840141
   0.018705035728113432
   0.01865418520225421
   0.019773053032852567
   0.02033885069884727
   0.01933823631151507
   0.02208973712021037
   0.02386309363661803
   0.023363334186498295
   0.024002881023743795
   0.024166763374312252
   0.026474776657037166
   0.02599825529838493
   0.028119139855977103
   0.028438980338788517
   0.030319111519963773
   0.03223839830373091
   0.032937797266817954
   0.03448404267715721
   0.035378260578920497
   0.036733777496876084
   0.038203839725216106
   0.03857808633291703
   0.03994673542356121
   0.041986261638302595
   0.04364579604223069
   0.04573940376863258
   0.04708846890694154
   0.04829596877494021
   0.049479065103435416
   0.05155581879080188
   0.05394417058172273
   0.055578976040945555
   0.05821357033123806
   0.06023625297244177
   0.06274014751138222
   0.06537834136011712
   0.06710403218853543
   0.06911802362039875
   0.07191762668803803
   0.07389053091134208
   0.07681246080675973
   0.07986967918077548
   0.08351899964702642
   0.08646187331714482
   0.08915609940234039
   0.09148778884878571
   0.09501199028412151
   0.09899310051912709
   0.10287445689557734
   0.1058163433456288
   0.10911699419572553
   0.11412767440301234
   0.11848475517111896
   0.12149363166516176
   0.12745974124499077
   0.13106152944003058
   0.13755048071071943
   0.1428813053170708
   0.147119344621671
   0.15135815101272213
   0.1574863537187905
   0.1633160682377579
   0.16961899478242407
   0.17572807693931553
   0.18210649351187344
   0.1879512600232039
   0.19649751902749307
   0.20363966038382603
   0.20997257077770895
   0.2176896578612544
   0.2257113755205085
   0.23417624882980767
   0.24204168718464594
   0.25006429544419173
   0.2602020294458712
   0.2699856344230004
   0.28056365546162604
   0.2882137866425546
   0.2992794103757223
   0.3105284928891389
   0.3218504634614653
   0.3331316040072452
   0.3450989283714309
   0.3575352306036987
   0.370543145613247
   0.3841026340739673
   0.3965099713134589
   0.41171622863054597
   0.4260787674022257
   0.4400010608825279
   0.45683581594774286
   0.4720832890114201
   0.4891869836338555
   0.6294938497711872
   0.639223037263012
   0.6463760532934292
   0.6509961788052523
   0.6539925068721812
   0.6539068266173018
   0.6518902413018928
   0.6465324404535243
   0.6401159747245728
   0.6296581579891664
   0.4888406387936257
   0.47191127898260704
   0.45621867343824274
   0.440881840392355
   0.42568041146526814
   0.41069659603798764
   0.3968841190576413
   0.38271249723200834
   0.3701960452817399
   0.3576937799070037
   0.34611208089251955
   0.3327021025007056
   0.32315040058622857
   0.3102477107040598
   0.29940550817939204
   0.2890253561206006
   0.2795747870576136
   0.26983672142797765
   0.2595135260719757
   0.25143412696640843
   0.24265567040858535
   0.2340686635983339
   0.22565654290534098
   0.21724813297941137
   0.21060589535680144
   0.20240073666259223
   0.19632812634258495
   0.18841425990524177
   0.18245295481232965
   0.17554645709096495
   0.16901043218899242
   0.16268984780815304
   0.15750625444737107
   0.15081593825256004
   0.14660273245529906
   0.1420160470369458
   0.13635128427645998
   0.1310096138975686
   0.12684008927145235
   0.12208628867645212
   0.11945824727824363
   0.11415165821239742
   0.10933084573422086
   0.10602797644320107
   0.10181546345717825
   0.09896851485755458
   0.09512842933129928
   0.09222543621360649
   0.08821150031775903
   0.08740063045539202
   0.08297217821504989
   0.08105414474133942
   0.07589442004021113
   0.07543975601597609
   0.07179033107870446
   0.06893343740856102
   0.06666710230023501
   0.06351152378710496
   0.061521287304395704
   0.05951407169266778
   0.05786958607412014
   0.056197054665791876
   0.05546523393982937
   0.05200677798133624
   0.050659941855079146
   0.04793358522622734
   0.04659985218860678
   0.046178247261670725
   0.04432423227524646
   0.04254300837869837
   0.040401963337936934
   0.03957492102632676
   0.037847522275044634
   0.03601514461389819
   0.03472659529006551
   0.032963293583014426
   0.03292246740069766
   0.031893895388302756
   0.030248109592336512
   0.029843873968370797
   0.027903244148127292
   0.0265989894838131
   0.025690882271926747
   0.026061949231590487
   0.024554759075177263
   0.02241764098115589
   0.02165771289287029
   0.022321653019209846
   0.020247642367446143
   0.01999173003794319
   0.01928668350546563
   0.01847916609563321
   0.018071572177317613
   0.015861450122860773
   0.017540937824130156
   0.016373381211893898
   0.015792033941199594
   0.015594543885603067
   0.01414186801663769
   0.01376201817176536
   0.014604548124129004
   0.012688362918832357
   0.012214578566614568
   0.012965145641681006
   0.012553734685741929
   0.011366484724839074
   0.011331253063981936
   0.009575917384250973
   0.009929660165383304
   0.008904970651832605
   0.009321938270016596
   0.008508746144996924
   0.009016596936206031
   0.007974905137993805
   0.008602270842050952
   0.007286930063476663
   0.007713583472679867
   0.007402663950227648
   0.00875781044268486
   0.0060083043456536055
   0.005805144331539053
   0.007543174710292743
   0.006058030563640298
   0.006115537915833733
   0.005504528462093733
   0.00462600171206194
   0.005138079937097126
   0.004888752191510632
   0.0047328544917417436
   0.0042426307121879
   0.004494432782899306
   0.004147281307073346
   0.0035496413565316706
   0.003781527414947563
   0.004037319604638701
   0.003162273707318834
   0.002828423051808198
   0.003224898578250175
   0.003376384285000746
   0.003405873603056931
   0.0034351099895054307
   0.00309838409497596
   0.0021679468974123883
   0.0020736423775569402
   0.002049388972352491
   0.002774885653499978
   0.0033166228365613115
   0.0014832392119951522
   0.0013784042621814545
   0.002049389675000828
   0.002469817221982226
   0.0018439078068059694
   0.0010954446585747725
   0.0013416404138218258
   0.0018708282417154174
   0.0014832390367031203
   0.0018165894170120006
   0.0018165894170120006
   0.0011832158044921476
   0.001095444822891596
   0.0009999998199999838
   0.000948683039797803
   0.0007745965659619206
   0.0005477224753467763
   0.0010954449506935526
   0.0009486831662889355
   0.00044721355077859614
   0.00031622775020544923
   0.0009486832506163476
   0.0
   0.0007071067175469343
   0.0005477224753467763
   0.001303840293134094
   0.0006324555004108985
   0.0
   0.0
   0.0007071067175469343
   0.00044721355077859614
   0.0009486832506163476
   0.0006324555004108985
   0.0006324555004108985
   0.0
   0.0
   0.0
   0.0
   0.0006324555004108985
   0.0
   0.0
   0.0
   0.0
   0.0
   0.0
   0.00031622775020544923
   0.0
   0.0
   0.0
   0.0
   0.0
   0.0
   0.0
   0.0
   0.0
   0.00031622775020544923
   0.0
   0.0
   0.0
   0.0
   0.0
   0.0
   0.0
   0.0
   0.0
   0.0
   0.0
   0.0
   0.0
   0.0
   0.00031622775020544923
   0.0
   0.0
   0.0
   0.0
   0.0
   0.0
   0.0
   0.0
   0.0
   0.0
   0.0
   0.0
   0.0
   0.0
   0.0
   0.0
   0.0
   0.0
   0.0
   0.0
   0.0
   0.0
   0.0
   0.0
   0.0
   0.0
   0.0
   0.0
   0.0
   0.0
   0.0
   0.0
   0.0
   0.0
   0.0
   0.0
   0.0
   0.0
   0.0
   0.0
   0.0
   0.0
   0.0
   0.0
   0.0
   0.0
   0.0
   0.0
   0.0
   0.0
   0.0
   0.0
   0.0
   0.0
   0.0
   0.0
   0.0
   0.0
   0.0
   0.0
   0.0
   0.0
   0.0
   0.0
   0.0
   0.0
   0.0
   0.0
   0.0
   0.0
   0.0
   0.0
   0.0
   0.0
   0.0
   0.0
   0.0
