   0.0
   0.0
   0.0
   0.0
   0.0
   0.0
   0.0
   0.0
   0.0
   0.0
   0.0
   0.0
   0.0
   0.0
   0.0
   0.0
   0.0
   0.0
   0.0
   0.0
   0.0
   0.0
   0.0
   0.0
   0.0
   0.0
   0.0
   0.0
   0.0
   0.0
   0.0
   0.0
   0.0
   0.0
   0.0
   0.0
   0.0
   0.0
   0.0
   0.0
   0.0
   0.0
   0.0
   0.0
   0.0
   0.0
   0.0
   0.0
   0.0
   0.0
   0.0
   0.0
   0.0
   0.0
   0.0
   0.0
   0.0
   0.0
   0.0
   0.00031622775020544923
   0.0
   0.0
   0.0
   0.0
   0.0
   0.0
   0.0
   0.0
   0.0
   0.0
   0.0
   0.0
   0.0
   0.0006324555004108985
   0.0
   0.0006324555004108985
   0.00031622775020544923
   0.00031622775020544923
   0.0007071067175469343
   0.0
   0.0
   0.0
   0.0
   0.0007071067175469343
   0.0007745965659619206
   0.00031622775020544923
   0.0009486831662889355
   0.00031622775020544923
   0.0007745965659619206
   0.00044721355077859614
   0.0008366598771304861
   0.0005477224753467763
   0.0006324554055425568
   0.000836659733703015
   0.0013416404138218258
   0.00044721355077859614
   0.001048808728987321
   0.000836659733703015
   0.000948683039797803
   0.0012649104948572448
   0.001224744377411058
   0.0009999996799999488
   0.0012649106687825824
   0.0010954446585747725
   0.0014491366774738675
   0.0008944269897537752
   0.0014832386052149532
   0.0017888532639654935
   0.0014832386052149532
   0.0019748404264648828
   0.002366429749643965
   0.001974840183407255
   0.0024289890386743206
   0.0019493559038821003
   0.0022583138643687242
   0.0029999943933280942
   0.0031464198305375586
   0.00313048941860534
   0.0034351010174374784
   0.0035213513542388807
   0.003271074403005838
   0.0041230909521862355
   0.004301147789834709
   0.004242623146120806
   0.004806218296124303
   0.005291469931880933
   0.005486309870031039
   0.006228918365173844
   0.00609092186700831
   0.005932908615510608
   0.006767500545991851
   0.007028423197275474
   0.007803739072393439
   0.007790904552746105
   0.008093081365586287
   0.008983133849052902
   0.009284215592068077
   0.009507671998970095
   0.010880912386376429
   0.010760737491454756
   0.011493113777823659
   0.012115684008754932
   0.013445669516985757
   0.01394570003943868
   0.014542357002563237
   0.015403769984974457
   0.016314654731253125
   0.017744264220023325
   0.018752242340317596
   0.019184223017625707
   0.01990543089485882
   0.02129329606214125
   0.0229145112441876
   0.02427234168987409
   0.025661394957990885
   0.027141502764401235
   0.027926997489168076
   0.029177977544545475
   0.03110410884738542
   0.033486195430206755
   0.03572076290772637
   0.03742205479540107
   0.039623228393330094
   0.04161645099224584
   0.04391769195563446
   0.04643804772769846
   0.04889511895639482
   0.052103171473433366
   0.05527177918033759
   0.05801924302987759
   0.06055389316105118
   0.06499275427645762
   0.0690463753924853
   0.0722636682157777
   0.07601685970230551
   0.08074173780641583
   0.08489829880769108
   0.089891903161742
   0.09443602631829656
   0.09994617545654261
   0.10582024040225008
   0.11266207724269955
   0.11870108010949183
   0.12507287434927686
   0.13181080693899874
   0.13935747840625562
   0.14688073656882308
   0.15476753937693136
   0.16347622350311375
   0.17326383072655413
   0.18238128787216631
   0.19318702882893043
   0.20352758546830943
   0.214981151412839
   0.22680977172156846
   0.3601041841158611
   0.36626767703785984
   0.37010280840975796
   0.37234487253618787
   0.3744498516349552
   0.3745707741149995
   0.3726065677305085
   0.3702892284506261
   0.3662435290209917
   0.36007315901598386
   0.22675768006748967
   0.21449401972155308
   0.20429434510957467
   0.19240934187692135
   0.182352020680633
   0.17346524005909655
   0.1633536111276393
   0.15516435167624681
   0.14694944270394494
   0.13972760723121255
   0.13193959610655173
   0.12442415570583552
   0.1175381090810976
   0.11184809918094271
   0.10617862254140426
   0.100384238035859
   0.09448821965086442
   0.08934895973966345
   0.08509080960802994
   0.08058824750241192
   0.07606470441505706
   0.07198255181910405
   0.06807117641527874
   0.0639234985575727
   0.060704303337984204
   0.05801160785558352
   0.054780376497793444
   0.05173917951572097
   0.04896290963739798
   0.046520569999839854
   0.04383135070141006
   0.041692070696956275
   0.039456233319337515
   0.03687438346603235
   0.0353268664785033
   0.03370042876151578
   0.0316677798651879
   0.029526977427430663
   0.028300344149850897
   0.02677997928005173
   0.02502432448638724
   0.023707673235473785
   0.022682206421774757
   0.021398630890783643
   0.020873836638241664
   0.019262329815211865
   0.018178252908076727
   0.016972303164567853
   0.016020892259484176
   0.015234008152485674
   0.014310140425586326
   0.013855813392219167
   0.012758809936667292
   0.012041213492003204
   0.011575474480123915
   0.010615701935811876
   0.010314779251152203
   0.009994759886560558
   0.009648635571416302
   0.009316485852508981
   0.008786218642851997
   0.007892927897174787
   0.007463139788989618
   0.006752704202021587
   0.006633178999544637
   0.005873616431977832
   0.006395255878383601
   0.0055316912386719486
   0.005167170435547873
   0.004919324177160924
   0.004743387792495992
   0.004690392410022855
   0.004254393934510531
   0.004301142684217765
   0.0041352041678736975
   0.0041472742084410095
   0.0034784964553668876
   0.0035636957993072306
   0.002774880233451527
   0.0028982691386411994
   0.0030983800670673052
   0.0021908875918220908
   0.0025099760457024285
   0.0021213167585252325
   0.002190888176060111
   0.0025099770496958733
   0.002024844129803576
   0.0017606801839062085
   0.002024844129803576
   0.0017888534763920716
   0.0012649104948572448
   0.001224744377411058
   0.0015165743470070962
   0.001303840017026629
   0.001140174894478913
   0.0011401750698905849
   0.000836659733703015
   0.0005477224753467763
   0.0013416404138218258
   0.000894426833228968
   0.000836659733703015
   0.0007071066044098301
   0.00031622775020544923
   0.00044721355077859614
   0.0012247446713499104
   0.0005477224753467763
   0.0
   0.0
   0.0
   0.00031622775020544923
   0.0007071067175469343
   0.00031622775020544923
   0.0
   0.00031622775020544923
   0.0
   0.00044721355077859614
   0.0
   0.0
   0.0
   0.00031622775020544923
   0.00044721355077859614
   0.0
   0.0
   0.0
   0.00044721355077859614
   0.0
   0.0006324555004108985
   0.0
   0.00031622775020544923
   0.0
   0.0
   0.00031622775020544923
   0.0
   0.0
   0.0
   0.0
   0.0
   0.0
   0.0
   0.0
   0.0
   0.0
   0.0
   0.0
   0.0
   0.0
   0.0
   0.0
   0.0
   0.0
   0.0
   0.0
   0.0
   0.0
   0.0
   0.0
   0.0
   0.0
   0.0
   0.0
   0.0
   0.0
   0.0
   0.0
   0.0
   0.0
   0.0
   0.0
   0.0
   0.0
   0.0
   0.0
   0.0
   0.0
   0.0
   0.0
   0.0
   0.0
   0.0
   0.0
   0.0
   0.0
   0.0
   0.0
   0.0
   0.0
   0.0
   0.0
   0.0
   0.0
   0.0
   0.0
   0.0
   0.0
   0.0
