   0.00031622775020544923
   0.0
   0.00031622775020544923
   0.0007745965659619206
   0.0005477224753467763
   0.00044721355077859614
   0.00044721355077859614
   0.00044721355077859614
   0.00044721355077859614
   0.0006324554055425568
   0.0005477224753467763
   0.0006324554055425568
   0.0012649100521380957
   0.000894426833228968
   0.0005477224753467763
   0.0010488082713251265
   0.0012649100521380957
   0.0012649100521380957
   0.0011832153481087034
   0.0013416395790226225
   0.0015811371572384226
   0.0019493565605091336
   0.0017888521906518715
   0.001843906450989312
   0.0019748382997096243
   0.0018439061147466267
   0.002607675370900297
   0.0019999967599973758
   0.0023021672376263196
   0.002626778024500738
   0.002387460942088896
   0.0031144707014194245
   0.0030495782905182157
   0.003619374574425808
   0.0037148137557621915
   0.0037682669969098526
   0.004347380948341196
   0.004516602400034787
   0.004658285065343253
   0.004837307312958315
   0.005549705141716991
   0.005847996549246588
   0.0057095642425670275
   0.006472915756442378
   0.006700611445980135
   0.007348315061291261
   0.007549662177872596
   0.008148398615679035
   0.008746137222225593
   0.00924089622493403
   0.00989909125324138
   0.010275750621730756
   0.011049320268233699
   0.011990915060995137
   0.01280147760182394
   0.013629802146766474
   0.014278155973023968
   0.015409583633245903
   0.016032637891189336
   0.01734723178377461
   0.01817162982206054
   0.01955448055842957
   0.021053204738471526
   0.021908987904510787
   0.024081675569611015
   0.02485728927377239
   0.026577933535171617
   0.028287227612298807
   0.030730761596647747
   0.032090849055610854
   0.03400262206345269
   0.0365050765553231
   0.038686464087455706
   0.04158878747631385
   0.04385567209609265
   0.04679135752636378
   0.04998502743732367
   0.05321948551386042
   0.05632233148574373
   0.06044707626932836
   0.06423229016623959
   0.06791767195038417
   0.07271906751155435
   0.07736640098414815
   0.08217165206541731
   0.08780724032100086
   0.09294478727712491
   0.09922496999263844
   0.1057242304819477
   0.112481393561602
   0.11968320490992042
   0.1271343134092445
   0.13525132794287087
   0.14381194453521587
   0.15268630582914108
   0.2704649076744708
   0.27392449394165175
   0.2772511163259762
   0.2788754429669095
   0.28019507670148314
   0.2799423050830117
   0.27891671757840186
   0.2769807338714915
   0.2741992269863466
   0.2703830424756516
   0.1530282588486192
   0.14356373809343362
   0.13567847221129076
   0.12726586757477434
   0.11911297586392508
   0.11217908852972554
   0.10560583595800944
   0.09921304335615352
   0.09325367805271811
   0.08741116976216483
   0.08281163863998828
   0.07707743056200043
   0.07273423655995848
   0.06826144407899674
   0.06422492701241474
   0.0602642755814753
   0.05683820087194878
   0.05331378903960963
   0.0495549914046002
   0.046938908230912235
   0.04373189920858686
   0.041713240435022544
   0.03907286036675585
   0.03669467774759713
   0.03427465997365984
   0.03208465115518634
   0.030543259471772163
   0.028577192763460865
   0.02645549250325913
   0.024909627218406942
   0.02367993859451498
   0.022036386519572577
   0.020790549837847002
   0.019648886908932017
   0.018166169099455173
   0.017190879617983483
   0.016190876833575136
   0.015088324055043357
   0.014278098253969258
   0.013385563134959992
   0.012719178432587538
   0.011514584141861139
   0.01112597506917933
   0.010525663684537901
   0.009863673818106516
   0.008949556877857137
   0.008437752684216336
   0.008142260864772143
   0.007489821727517952
   0.007134277224078133
   0.006685684401016847
   0.006220829969545864
   0.005805087870997303
   0.0055676959543423344
   0.005263015218484553
   0.005138038832083697
   0.004806201359701859
   0.004110933226166536
   0.0036742112609375087
   0.003577688639331265
   0.003633159941428398
   0.0030331390934146096
   0.0031304822312225315
   0.00334662394660649
   0.00275680034822981
   0.002428984394762552
   0.0027386055411468078
   0.0021679436685486087
   0.0023452018910959456
   0.00204938624958791
   0.0019748386642964026
   0.0017320485443543434
   0.0017888518664215883
   0.001612450309311887
   0.0016124497635585425
   0.0014832386052149532
   0.00130383937277565
   0.0012649102893090877
   0.0011401746839848708
   0.001095444457743066
   0.000999999499999875
   0.001095444457743066
   0.0009486828711429336
   0.001095444457743066
   0.0009486828711429336
   0.000836659733703015
   0.00044721355077859614
   0.000836659733703015
   0.0009486828711429336
   0.0005477224753467763
   0.0005477224753467763
   0.00031622775020544923
   0.0
   0.0006324554055425568
   0.00044721355077859614
