   0.10597490087751911
   0.12117221525246619
   0.1235743150723078
   0.12419094986797549
   0.1239842416870386
   0.12425497512775896
   0.12391251910017002
   0.124953583200763
   0.12388405335247955
   0.12428172470637025
   0.12445851165585262
   0.1242084528714129
   0.12380198606932766
   0.12385887753887487
   0.1236429270381448
   0.1241916459591385
   0.12404987858434204
   0.12403849563744314
   0.12412575275256138
   0.12462336890707938
   0.1241125860420288
   0.124574567930216
   0.12445288968521381
   0.1239695764125618
   0.1239746647211034
   0.12431681004659025
   0.12417158488442515
   0.12410464329649394
   0.12397787903186601
   0.12376719284362071
   0.1237715408903032
   0.1240887983444114
   0.12426546997903319
   0.12398557356559674
   0.12397358428310444
   0.12392188920299756
   0.12381428957337678
   0.12416590705982863
   0.12408652214821721
   0.12411070550564927
   0.12420433757284807
   0.12450734776132692
   0.12442573694392974
   0.12404337950829943
   0.12381420495528775
   0.12457651572202523
   0.12407878545488749
   0.12401366404973284
   0.12321987166946734
   0.12369505723993178
   0.12439770032858324
   0.12431458903246231
   0.12441221808966353
   0.12422671724709625
   0.12465834365139783
   0.12380086044272876
   0.1244193452763677
   0.12411714216352228
   0.12435378663008216
   0.12442502689471278
   0.12401616693576689
   0.12400076457953799
   0.12401508975245713
   0.12465446914695838
   0.12427979303615692
   0.12371307936414808
   0.12428862179519894
   0.12456765896154587
   0.12442789743124329
   0.12364741386179494
   0.1244595075001906
   0.1240470372347119
   0.12431684837124854
   0.12426419352589063
   0.12377631335986704
   0.1237370890725978
   0.1244868291924491
   0.12423437508902276
   0.12446326065454014
   0.1241577803988135
   0.12418116501205004
   0.12418345975334236
   0.12459827335364644
   0.12430605359981468
   0.12407843047649338
   0.12474428907745637
   0.12456530294283398
   0.12409920052018869
   0.12397536927434416
   0.12446323407335999
   0.12404489106625875
   0.12399215172566366
   0.12418908969535125
   0.12373320535022117
   0.12392499614185994
   0.12357427671987403
   0.12371092625956691
   0.12321288348220732
   0.12072647958074484
   0.10609518021097848
