   0.0
   0.0
   0.0
   0.0
   0.0
   0.0
   0.0
   0.0
   0.0
   0.0
   0.0
   0.0
   0.0
   0.0
   0.0
   0.0
   0.0
   0.0
   0.0
   0.0
   0.0
   0.0
   0.0
   0.0
   0.0
   0.0
   0.0
   0.0
   0.0
   0.0
   0.0
   0.0
   0.0
   0.0
   0.0
   0.0
   0.0
   0.0
   0.0
   0.0
   0.0
   0.0
   0.0
   0.0
   0.0
   0.0
   0.0
   0.0
   0.0
   0.0
   0.0
   0.0
   0.0
   0.0
   0.0
   0.0
   0.0
   0.0
   0.0
   0.0
   0.0
   0.0
   0.0
   0.0
   0.0
   0.0
   0.0
   0.0
   0.0
   0.0
   0.0
   0.0
   0.0
   0.0
   0.0
   0.0
   0.00044721355077859614
   0.0
   0.0
   0.0
   0.0
   0.0006324555004108985
   0.00031622775020544923
   0.00031622775020544923
   0.00044721355077859614
   0.0
   0.00044721355077859614
   0.0
   0.0
   0.0
   0.00044721355077859614
   0.0006324554055425568
   0.00031622775020544923
   0.0006324555004108985
   0.00044721355077859614
   0.0
   0.00031622775020544923
   0.0008366598771304861
   0.0007071066044098301
   0.00044721355077859614
   0.0011832158044921476
   0.0009999996799999488
   0.00044721355077859614
   0.0012649104948572448
   0.0014832390367031203
   0.0010954446585747725
   0.0006324554055425568
   0.0012649102893090877
   0.0015165746898850713
   0.0013416398324438642
   0.0013784038268954421
   0.0015491917763788962
   0.0016733186068409087
   0.001673318033130582
   0.0016733186068409087
   0.0019235362200904875
   0.0024494857909365384
   0.001816588205950925
   0.0024698133350518616
   0.002588430395046388
   0.0029154711300234137
   0.0031622699125786213
   0.002983281332693918
   0.0029495676954428424
   0.003563691051424071
   0.0032710749165985177
   0.004438448277269884
   0.003847058715434429
   0.004979934774673259
   0.0048476510920238474
   0.004795802097668334
   0.005019929306275139
   0.004888727620761869
   0.005966516031990528
   0.005796489665306063
   0.006348156739558341
   0.006572582749574173
   0.007615656187092481
   0.008324516172727397
   0.008654324185631135
   0.008443749019837101
   0.009273399029482123
   0.009417817173315694
   0.010367914347157774
   0.010917500988779437
   0.011436349060779843
   0.012469425295096804
   0.012695904120620948
   0.014116611250225742
   0.014369229303967558
   0.015309101873068845
   0.01662102357828783
   0.01726701029825372
   0.017939881167666635
   0.019233477776002966
   0.02106870443477719
   0.022344323913692267
   0.023044224847887592
   0.025135246198117894
   0.026167574132884383
   0.02735097408941773
   0.02895678903452522
   0.03062673031438387
   0.032829005101586616
   0.0350094067460447
   0.03698044714440322
   0.03903837462997147
   0.041648446042439564
   0.044180950772816106
   0.04655799270576428
   0.04942250826485843
   0.0524651089224067
   0.05519609243334169
   0.05938180146804238
   0.06283093370617693
   0.06613609368801578
   0.07014122382023284
   0.07440255166155257
   0.07830537972419264
   0.0832705721872379
   0.08835774085381541
   0.09357919977345393
   0.09911474485645412
   0.10477866330656256
   0.11168593662476041
   0.11798852218648219
   0.12439152046662988
   0.1321089344436628
   0.13990769521523827
   0.14822164251468137
   0.15658989821300734
   0.1664690640494804
   0.17592035481657603
   0.18619783976362347
   0.19706254330316048
   0.32494948123939205
   0.33032071788242406
   0.3339268359913441
   0.33625276068047383
   0.33746756659387284
   0.33788972742880186
   0.3365567717800966
   0.3347436993784349
   0.3300339595384693
   0.3256059781962088
   0.19708778128841473
   0.18598136809559715
   0.17624203346872164
   0.1660867136935101
   0.1566523848238513
   0.1480335910703716
   0.13954847324277683
   0.13198197993661862
   0.12503884906300122
   0.11823331107259917
   0.1106965622430977
   0.10448316864256176
   0.09920437520008883
   0.0938938905015124
   0.08861830369799459
   0.08336250796587157
   0.0787548876907967
   0.07405109411581978
   0.06962590257195952
   0.06663360472764475
   0.06233182229808463
   0.05921448722702916
   0.056293884605612354
   0.05268782023950127
   0.048985200950491165
   0.046869258890663075
   0.04379741339108966
   0.041855811542006925
   0.039663983258871015
   0.037515561567834754
   0.03498673631520951
   0.03252488972940569
   0.031036717758809486
   0.029135778584928874
   0.027558654131869358
   0.02592369492163492
   0.024052143505101577
   0.023588742432779242
   0.022130719344612367
   0.02060818322026471
   0.01935513677941853
   0.018445482891754284
   0.017664809021045204
   0.016922058617083208
   0.01565780559337738
   0.014824790049103562
   0.014009983465729002
   0.013363510413061382
   0.01208668184366578
   0.011945263877788553
   0.011246852928263978
   0.010391982907992103
   0.009878988053439482
   0.009643402478378676
   0.00901645096420981
   0.008443773231796315
   0.0076353163123737055
   0.007056801516267834
   0.006804319803624753
   0.006557362384373766
   0.00639523994780493
   0.005813721255787897
   0.005873620620196711
   0.005282005277354425
   0.005128312384205939
   0.004837323354914368
   0.004335871418757711
   0.004159304306010803
   0.0037549808508166855
   0.0034205146966501984
   0.00333165436232512
   0.0038600391176774364
   0.0033015048674808886
   0.0034784964553668876
   0.0028982706843909524
   0.002236064399788164
   0.0017606799112842742
   0.0025298175744507745
   0.0019493565605091336
   0.0017320488561238681
   0.0017320494103806622
   0.0022360653926037136
   0.0017029373417715638
   0.0013784038268954421
   0.0011832155340427203
   0.0020736432648842955
   0.0013784042621814545
   0.0013784040590479993
   0.0013038401704196722
   0.0013416400560508023
   0.0012247445407104292
   0.0007745964368624477
   0.0006324554055425568
   0.0008366598771304861
   0.000836659733703015
   0.00044721355077859614
   0.00044721355077859614
   0.0007745964368624477
   0.000836659733703015
   0.00031622775020544923
   0.00044721355077859614
   0.0005477224753467763
   0.0008366598771304861
   0.0008366598771304861
   0.0005477224753467763
   0.0005477224753467763
   0.0
   0.0
   0.00044721355077859614
   0.00031622775020544923
   0.0
   0.0
   0.0
   0.0009486832506163476
   0.00031622775020544923
   0.0
   0.0
   0.0
   0.0
   0.0
   0.0
   0.0
   0.0
   0.0
   0.0
   0.0
   0.0
   0.0
   0.0
   0.0
   0.0
   0.0
   0.0
   0.0
   0.0
   0.0
   0.0
   0.0
   0.0
   0.0
   0.0
   0.0
   0.0
   0.0
   0.0
   0.0
   0.0
   0.0
   0.0
   0.0
   0.0
   0.0
   0.0
   0.0
   0.0
   0.0
   0.0
   0.0
   0.0
   0.0
   0.0
   0.0
   0.0
   0.0
   0.0
   0.0
   0.0
   0.0
   0.0
   0.0
   0.0
   0.0
   0.0
   0.0
   0.0
   0.0
   0.0
   0.0
   0.0
   0.0
   0.0
   0.0
   0.0
   0.0
   0.0
   0.0
   0.0
   0.0
   0.0
   0.0
   0.0
   0.0
   0.0
   0.0
   0.0
