   0.0
   0.0
   0.0
   0.0
   0.0
   0.0
   0.0
   0.0
   0.0
   0.0
   0.0
   0.0
   0.0
   0.0
   0.0
   0.0
   0.0
   0.0
   0.0
   0.0
   0.0
   0.0
   0.0
   0.0
   0.0
   0.0
   0.0
   0.0
   0.0
   0.0
   0.0
   0.0
   0.0
   0.0
   0.0
   0.0
   0.0
   0.0
   0.0
   0.0
   0.0
   0.0
   0.0
   0.0
   0.0
   0.0
   0.0
   0.0
   0.0
   0.0
   0.0
   0.0
   0.0
   0.0
   0.0
   0.0
   0.0
   0.0
   0.0
   0.0
   0.0
   0.0
   0.0
   0.0
   0.0
   0.0
   0.0
   0.0
   0.0
   0.0
   0.0
   0.0
   0.0
   0.0
   0.0
   0.0
   0.0
   0.0
   0.0
   0.0
   0.0
   0.0
   0.0
   0.0
   0.0
   0.0
   0.0
   0.0
   0.0
   0.0
   0.0
   0.0
   0.0
   0.0
   0.0
   0.0
   0.0
   0.0
   0.0
   0.0
   0.0
   0.0
   0.0
   0.0
   0.0
   0.0
   0.0
   0.0
   0.0
   0.0
   0.0
   0.0
   0.0
   0.0
   0.0
   0.0
   0.0
   0.0
   0.0
   0.0
   0.0
   0.0
   0.0
   0.0
   0.0
   0.0
   0.0
   0.0
   0.0
   0.0
   0.0
   0.0
   0.0
   0.0
   0.0
   0.0
   0.0
   0.0
   0.0
   0.0
   0.0
   0.0
   0.0
   0.0
   0.0
   0.0
   0.0
   0.0
   0.0
   0.0
   0.0
   0.0
   0.0
   0.0
   0.0
   0.0
   0.0
   0.0
   0.0
   0.0
   0.0
   0.0
   0.0
   0.0
   0.0
   0.0
   0.0
   0.0
   0.0
   0.0
   0.0
   0.0
   0.0
   0.0
   0.0
   0.0
   0.0
   0.0
   0.0
   0.0
   0.0
   0.0
   0.0
   0.0
   0.0
   0.0
   0.0
   0.0
   0.0
   0.0
   0.0
   0.0
   0.0
   0.0
   0.0
   0.0
   0.0
   0.0
   0.0
   0.0
   0.0
   0.0
   0.0
   0.0
   0.0
   0.0
   0.0
   0.0
   0.0
   0.0
   0.0
   0.0
   0.0
   0.0
   0.0
   0.0
   0.0
   0.0
   0.0
   0.0
   0.0
   0.0
   0.0
   0.0
   0.0
   0.0
   0.0
   0.0
   0.0
   0.0
   0.0
   0.0
   0.0
   0.0
   0.0
   0.0
   0.0
   0.0
   0.0
   0.0
   0.0
   0.0
   0.0
   0.0
   0.0
   0.0
   0.0
   0.0
   0.0
   0.0
   0.0
   0.0
   0.0
   0.0
   0.0
   0.0
   0.0
   0.0
   0.0
   0.0
   0.0
   0.0
   0.0
   0.0
   0.0
   0.0
   0.0
   0.0
   0.0
   0.0
   0.0
   0.0
   0.0
   0.0
   0.0
   0.0
   0.0
   0.0
   0.0
   0.0
   0.0
   0.0
   0.0
   0.0
   0.0
   0.0
   0.0
   0.0
   0.0
   0.0
   0.0
   0.0
   0.0
   0.0
   0.0
   0.0
   0.0
   0.0
   0.0
   0.0
   0.0
   0.0
   0.0
   0.0
   0.0
   0.0
   0.0
   0.0
   0.0
   0.0
   0.0
   0.0
   0.0
   0.0
   0.0
   0.0
   0.0
   0.0
   0.0
   0.0
   0.0
   0.0
   0.0
   0.0
   0.0
   0.0
   0.0
   0.0
   0.0
   0.0
   0.0
   0.0
   0.0
   0.0
   0.0
   0.0
   0.0
   0.0
   0.0
   0.0
   0.0
   0.0
   0.0
   0.0
   0.0
   0.0
   0.0
   0.0
   0.0
   0.0
   0.0
   0.0
   0.0
   0.0
   0.0
   0.0
   0.0
   0.0
   0.0
   0.0
   0.0
   0.0
   0.0
   0.0
   0.0
   0.0
   0.0
   0.0
   0.0
   0.0
   0.0
   0.0
   0.0
   0.0
   0.0
   0.0
   0.0
   0.0
   0.0
   0.0
   0.0
   0.0
   0.0
   0.0
   0.0
   0.0
   0.0
   0.0
   0.0
   0.0
   0.0
   0.0
   0.0
   0.0
   0.0
   0.0
   0.0
   0.0
   0.0
   0.0
   0.0
   0.0
   0.0
   0.0
   0.0
   0.0
   0.0
   0.0
   0.0
   0.0
   0.0
   0.0
   0.0
   0.0
   0.0
   0.0
   0.0
   0.0
   0.0
   0.0
   0.0
   0.0
   0.0
   0.0
   0.0
   0.000999999499999875
   0.0
   0.0
   0.0
   0.0
   0.0
   0.0
   0.0
   0.0
   0.0
   0.0
   0.0
   0.0
   0.0
   0.0
   0.0
   0.0
   0.0
   0.0
   0.0
   0.0
   0.0
   0.0
   0.0
   0.0
   0.0
   0.0
   0.0
   0.0
   0.0
   0.0
   0.0
   0.0
   0.0
   0.0
   0.0
   0.0
   0.0
   0.000999999499999875
   0.000999999499999875
   0.0
   0.0
   0.0
   0.0
   0.0
   0.0
   0.0
   0.0
   0.0
   0.000999999499999875
   0.0
   0.0
   0.0
   0.0
   0.0
   0.0
   0.0
   0.0
   0.000999999499999875
   0.0
   0.0
   0.0
   0.0
   0.0
   0.0
   0.000999999499999875
   0.000999999499999875
   0.0
   0.0
   0.000999999499999875
   0.000999999499999875
   0.0
   0.0
   0.0
   0.0
   0.0
   0.0
   0.0
   0.0
   0.00199999899999975
   0.0
   0.000999999499999875
   0.000999999499999875
   0.000999999499999875
   0.000999999499999875
   0.0
   0.0
   0.0
   0.0
   0.0
   0.0
   0.0
   0.000999999499999875
   0.0
   0.0
   0.000999999499999875
   0.0
   0.0
   0.000999999499999875
   0.0
   0.0
   0.000999999499999875
   0.0
   0.0
   0.0
   0.0
   0.0
   0.0
   0.0
   0.0
   0.0
   0.0
   0.0
   0.0
   0.0014142121481588255
   0.0
   0.0014142121481588255
   0.0
   0.0022360659650377044
   0.0014142121481588255
   0.0017320482094907174
   0.000999999499999875
   0.000999999499999875
   0.0014142121481588255
   0.0
   0.0014142121481588255
   0.000999999499999875
   0.0014142121481588255
   0.0017320482094907174
   0.000999999499999875
   0.0014142121481588255
   0.0014142121481588255
   0.0031622751303452394
   0.000999999499999875
   0.0014142121481588255
   0.0017320482094907174
   0.002828420760778
   0.001999995999996
   0.002828420760778
   0.0029999984999996253
   0.00199999899999975
   0.000999999499999875
   0.000999999499999875
   0.0014142121481588255
   0.000999999499999875
   0.000999999499999875
   0.000999999499999875
   0.0017320482094907174
   0.0014142121481588255
   0.0014142121481588255
   0.0014142121481588255
   0.0014142121481588255
   0.0
   0.001999995999996
   0.0014142121481588255
   0.0017320482094907174
   0.0038729770203294518
   0.002449482394302927
   0.001999995999996
   0.0014142121481588255
   0.0024494864767946774
   0.002449482394302927
   0.003162267540863676
   0.0022360623873228583
   0.001999995999996
   0.0022360623873228583
   0.0038729728891382653
   0.0026457420509187965
   0.0017320482094907174
   0.0017320482094907174
   0.0017320482094907174
   0.0038729728891382653
   0.003741644023687983
   0.001999995999996
   0.0022360623873228583
   0.001999995999996
   0.0028284158110150636
   0.002449482394302927
   0.0028284158110150636
   0.003162267540863676
   0.0028284158110150636
   0.0051961361606486026
   0.0022360623873228583
   0.003741644023687983
   0.003316617403319231
   0.0026457465865044596
   0.0017320482094907174
   0.003162267540863676
   0.002449482394302927
   0.0026457420509187965
   0.0017320482094907174
   0.0029999918333222177
   0.0038729615283397793
   0.0022360623873228583
   0.0017320482094907174
   0.0041230909521862355
   0.0034640871813509545
   0.0017320482094907174
   0.004472119855281162
   0.002828420760778
   0.0028284158110150636
   0.0036055344957440084
   0.002999986499969625
   0.0036055344957440084
   0.0028284158110150636
   0.003316606548868889
   0.004242610517122683
   0.0026457420509187965
   0.0034640871813509545
   0.004242617588234886
   0.0038729615283397793
   0.005567738409803392
   0.00469039486610669
   0.006557404898281027
   0.0051961176853493225
   0.0038729615283397793
   0.004898953357606092
   0.004690381221180214
   0.0036055278393045307
   0.0041230909521862355
   0.005567738409803392
   0.003316606548868889
   0.004999963899869678
   0.004472107333237878
   0.004690388470052347
   0.005744524262286652
   0.004358873134194204
   0.006164341002897228
   0.004472107333237878
   0.003872954298723392
   0.004795801392885239
   0.004123078340269561
   0.00599994366640221
   0.006164341002897228
   0.006633181740311357
   0.005830884667012374
   0.005477163864629211
   0.005567708235890239
   0.006708112625768891
   0.006244921056346509
   0.004690388470052347
   0.0052914387457477004
   0.006082693400131228
   0.006244939631413582
   0.0059999249995312445
   0.006164341002897228
   0.005291448194965155
   0.006557374398339628
   0.006082693400131228
   0.006403028580289174
   0.0067080905628949285
   0.006557345118262421
   0.006633162443359879
   0.006557322548113673
   0.00781010825789246
   0.00692807592337151
   0.008185206106140517
   0.007416049554850614
   0.007549688139254495
   0.00818516798850213
   0.007999830998214899
   0.008306454779266543
   0.00799980399759894
   0.007999830998214899
   0.007745792147998809
   0.00812385893525977
   0.008366399225473286
   0.008543756492316479
   0.007210955831233471
   0.008062096439512492
   0.008999719940087025
   0.007549634097093713
   0.008246021101112947
   0.008306454779266543
   0.010343778758268179
   0.009848601880470141
   0.008485054861342971
   0.009433713955807648
   0.00905514461507932
   0.011044943820590488
   0.010535372371207389
   0.009643327174787756
   0.01029530358950138
   0.010676731896980462
   0.010816335377566655
   0.013228221309004471
   0.01024661461166565
   0.010197605797440888
   0.011090039449884749
   0.012082508183320217
   0.01178937619214859
   0.010629721303966534
   0.013190395900047882
   0.011575314250593804
   0.010862356282133265
   0.013415677396240566
   0.012688074361383608
   0.013265822401947042
   0.013527014415605536
   0.012449272067072838
   0.014247048501356342
   0.013037716211054757
   0.013563978177511198
   0.01296065908817912
   0.013855594537947479
   0.014176577548900863
   0.013190141621680944
   0.0138916014555558
   0.013563916690985682
   0.014695908410166415
   0.014316847104023986
   0.0141410404143401
   0.013489947516576927
   0.013819428027237596
   0.015810270585919776
   0.01571507298742198
   0.01593622088200336
   0.015393668536122245
   0.016910255349934844
   0.01705739226845651
   0.01696913668988496
   0.016029934216957975
   0.016671773031084604
   0.017376544650764145
   0.01870639580464393
   0.01633877226109722
   0.01849141422390402
   0.016939388389195165
   0.018545300644637715
   0.018706424137178115
   0.017746320153767092
   0.01785877910160714
   0.019207138022100015
   0.018997862379752095
   0.019285091029082543
   0.019076393684341914
   0.018679243855145744
   0.018732795600230095
   0.019388460072940296
   0.020564202658989724
   0.02029510039393745
   0.0203685932503941
   0.01984685365492475
   0.021996786674421336
   0.0203197381626831
   0.023724130142114802
   0.021257344236757326
   0.024306381692880578
   0.02201917289545636
   0.02251305379107863
   0.022996073034324795
   0.024058191931232074
   0.024673314957662253
   0.024120290213842786
   0.02531305985059886
   0.024428769412313835
   0.02587925431692343
   0.027326064023199537
   0.02631957748521051
   0.024510463704303924
   0.02719679973820449
   0.026695738217925348
   0.02801127542615652
   0.027471204396604092
   0.028958881867226848
   0.028453744920484542
   0.0296237579655249
   0.029061092047615828
   0.03123209061206118
   0.03002463515182158
   0.03178638574924805
   0.03195936363571716
   0.03211464407400462
   0.032114694206858016
   0.030421053499180464
   0.033365401900771405
   0.03289796040790371
   0.033094245965122095
   0.033079942427398513
   0.033469104783367
   0.034614007439185655
   0.03511516134093648
   0.034871618474054226
   0.037052913515673774
   0.03717419103356521
   0.03546775491908108
   0.03713328205262766
   0.03747999567769452
   0.038010219204840164
   0.038193055703884184
   0.040624894042938745
   0.03877610448459205
   0.039704376333094565
   0.040513372101072996
   0.04004260080214571
   0.04043944578007963
   0.040685276833272256
   0.042485795261475334
   0.04299911067685005
   0.04339104606943695
   0.04432464748872798
   0.04423396630418755
   0.044849789297163926
   0.04416539340931993
   0.045257936309557906
   0.047444340400094084
   0.04637910007751336
   0.04711676745066453
   0.049964266230977515
   0.049621782273513715
   0.05022218011994302
   0.05062698362533561
   0.05059524780055929
   0.052376849848000596
   0.050306828313858146
   0.05332037805567398
   0.05380570438159879
   0.054347578409713895
   0.05392365416957571
   0.055886341077225656
   0.057137156378314805
   0.05687481867223842
   0.058336490089822855
   0.058102568196251016
   0.05781025098544375
   0.059735290440408845
   0.05932358949861345
   0.061281823700017286
   0.06491387475725047
   0.0632148342084356
   0.06349744659433164
   0.0655131357744384
   0.06660971982376146
   0.06664026091635597
   0.06652010504351297
   0.06864989858696079
   0.06915595257098263
   0.06944060365521025
   0.07077181130930592
   0.0710999252812547
   0.07277655500915113
   0.07289908024111141
   0.07487645952500692
   0.07530941358820954
   0.07575447840887033
   0.07621081072262649
   0.07716133995726097
   0.07706082630623681
   0.08048018367275264
   0.08126443463163945
   0.08121089227437413
   0.08373238269033074
   0.08342181560599123
   0.0847683278353419
   0.08528407269824771
   0.08780193491603702
   0.08960606550340217
   0.08910807693469767
   0.08957639811914743
   0.09165454039489807
   0.09340797661870211
   0.09435565144176579
   0.09480705285473229
   0.09684210856337237
   0.09657299597195895
   0.0999886008702992
   0.09999806385625673
   0.10070073683940947
   0.10444826470554693
   0.10384058765242038
   0.10537751182771397
   0.10585954315034615
   0.10842670650720698
   0.10954902288929828
   0.11066265675466137
   0.11360606898841276
   0.11289683686888664
   0.11522371533673093
   0.11670192162513864
   0.11704241795178362
   0.11818508294619927
   0.12044758444651349
   0.12262701023428728
   0.12509970372067233
   0.12461956300677675
   0.12609631618727013
   0.12761402656448076
   0.12855706773258324
   0.13190503212538937
   0.13296450654215958
   0.13572411266609924
   0.13578925214831988
   0.13794868327026538
   0.13997222438755483
   0.1428651041192355
   0.14376095502952116
   0.1450563491578359
   0.14732694694454238
   0.14682790993540704
   0.15162001635338257
   0.15224314105732317
   0.1535665455104073
   0.15529552047306452
   0.15623437163121306
   0.16031216795989006
   0.1624000489531946
   0.16292165277826026
   0.16472313255884857
   0.16775444758336513
   0.16974815224620265
   0.1720269806629181
   0.1756502275518025
   0.17638102968006508
   0.17816279185059938
   0.18127257266337896
   0.18256777178899894
   0.18412241247333255
   0.187963824644531
   0.19013905193568206
   0.1920571891885331
   0.1935756806109693
   0.19647878492091708
   0.19847481046974197
   0.20033817219641392
   0.20349868205961436
   0.20652977455078966
   0.2082426311685482
   0.21042567094107126
   0.21423879490885867
   0.21651799976907232
   0.21990915065999414
   0.22294547796266245
   0.22371505218916315
   0.22662198724748667
   0.22979529915992625
   0.23344096448567034
   0.2351267833297602
   0.23708765852317154
   0.2420427854739736
   0.24506316309066117
   0.2484449511642368
   0.25115027946629886
   0.25443271023789377
   0.25628339685590246
   0.2600347359488728
   0.26335374050125054
   0.2670458630572659
   0.26993147859410543
   0.2735524218207545
   0.27727818643196583
   0.2823568012001836
   0.2852269929372043
   0.28815858847343073
   0.29299499981398996
   0.2967434658269664
   0.3027919402890374
   0.3048149828847001
   0.3087860022151263
   0.3147087144884933
   0.3208654607464007
   0.3244679629408734
   0.3305549863547667
   0.33453157919544757
   0.3420080229687602
   0.34613402028694035
   0.354194251945172
   0.3588366641467953
   0.3668958548675632
   0.37330517527084994
   0.3811157185829522
   0.3881544523498346
   0.3933066512074262
   0.39751878212733543
   0.39994601571212085
   0.40195077911480653
   0.40309164157918237
   0.40092159212993256
   0.39930628598984014
   0.3942044535402917
   0.38870921651537926
   0.38004670613491703
   0.37252107548298524
   0.3663597838614386
   0.3591086679210069
   0.3538166367823876
   0.3463966599781239
   0.34165249076217785
   0.335943090394787
   0.330445663769401
   0.3260018881847159
   0.31981916389734993
   0.31541698987213734
   0.3087658224026746
   0.30641792265466455
   0.30179028053269047
   0.2981141964398878
   0.29421864212690535
   0.2872603836086696
   0.2857074946146846
   0.282186995729782
   0.2789374342464632
   0.2747489285711593
   0.27156895348327287
   0.2669984284579218
   0.2643125573539782
   0.26065691814145275
   0.2577101620037518
   0.25287443030089063
   0.2506773894869659
   0.24750538559797036
   0.2452031497330326
   0.24181027362583254
   0.2376895965666146
   0.2354922594035736
   0.23236330786937942
   0.23029829506750588
   0.22642615918660988
   0.22392179741150703
   0.22116611827085994
   0.2183966803777017
   0.21579874808719351
   0.21151560517134427
   0.21086774922685544
   0.2083058166998704
   0.2052995149507178
   0.2030008360549286
   0.2005381419181897
   0.1994162500274238
   0.19472840511594605
   0.19354954049028378
   0.192538719129426
   0.18937967616404883
   0.186589393053303
   0.18461380650157236
   0.1819024554424706
   0.18146724482396265
   0.17831589030706152
   0.17645856163700305
   0.17393523730112884
   0.17176479382865395
   0.16919335322346443
   0.16656465012420854
   0.16634317826709938
   0.16448718464062784
   0.1615303515720807
   0.15826482628493294
   0.15708768297992048
   0.15603542033781945
   0.15498648286544217
   0.15116365713689253
   0.15103031616202092
   0.14730241089676704
   0.14598925646772778
   0.14510098574441183
   0.1423637229036948
   0.1403764407263555
   0.13762196289473566
   0.13633068825103173
   0.1349687853949942
   0.13348130322633203
   0.132572458014476
   0.13232272847474089
   0.1301042006662352
   0.12823155578873713
   0.1269143635645706
   0.12335129345085928
   0.12326832695790106
   0.12306462352764096
   0.1201358656022422
   0.11952786101574812
   0.11800052792678514
   0.11572725478468761
   0.11543561805612686
   0.11344637047962354
   0.11146122963165264
   0.10988698084395622
   0.107095652007913
   0.10800616830070402
   0.10722389657161317
   0.10577016308487001
   0.1042306180735776
   0.10153769300117076
   0.10105190238684278
   0.09878399676060895
   0.0989666201302237
   0.09644453991284319
   0.09699357602954951
   0.09394533142205631
   0.09211650774426916
   0.09213463409055252
   0.0917908917267939
   0.09115695681076678
   0.08866919805659686
   0.08745241036701047
   0.08696764363256027
   0.08714281766732127
   0.08427460233664706
   0.0838352052004407
   0.08221188040058444
   0.08129159104729099
   0.08104823447182548
   0.07975323338899809
   0.07975028185530131
   0.07675342493335395
   0.07644122633762492
   0.0756412965515531
   0.0746941526760964
   0.07226970350015281
   0.0721757388323805
   0.07177631642819239
   0.07107134240324998
   0.07048138590436485
   0.06956922765131147
   0.06661164988198386
   0.06722646428304853
   0.06606162928659874
   0.0654723576480945
   0.06544476605504829
   0.06515481228581663
   0.06429362490947295
   0.0620921359835527
   0.0627328350307875
   0.06269653438588133
   0.06053704960600574
   0.06128315236669863
   0.06016795146919995
   0.05805182642260276
   0.057967442508704836
   0.05716050160731622
   0.05591676699345197
   0.05698074129914422
   0.055850457034835446
   0.05303713321815198
   0.05477056938721744
   0.0541552626805558
   0.05092020140376509
   0.05339909268892122
   0.05107610743782263
   0.050409318335006274
   0.04908657526248903
   0.047599277715108246
   0.04722128095467128
   0.04901541161716384
   0.04794723662527382
   0.046755600210028316
   0.04661814063216164
   0.04680980029865541
   0.044267130740539305
   0.04449139921378063
   0.04471768468961692
   0.043529308643717284
   0.04278935941329339
   0.04186928706104273
   0.040598281293670546
   0.04073434078268605
   0.041368076955546285
   0.03940229353730567
   0.04034185021785689
   0.04050231474866591
   0.03927634275234903
   0.03918643580373188
   0.037092085072155216
   0.03638543113665138
   0.036943771112326905
   0.03669969896334301
   0.036618947609127164
   0.03630424216259031
   0.035468604130977584
   0.03430934823047503
   0.03568086187299853
   0.03420780201942241
   0.034528234461089956
   0.03345509079348014
   0.032485957027614254
   0.03132707046629161
   0.03265469704345762
   0.032192421080123816
   0.03127981699115262
   0.031231655479657176
   0.03139224305461462
   0.02990843009922119
   0.03092658854448709
   0.028435290028413638
   0.029199172573893255
   0.028010968548052743
   0.027652015749308402
   0.027361395706359717
   0.025917420859337063
   0.026319333559191804
   0.026051886515183503
   0.027543742937371458
   0.025490075794316502
   0.02697570455057662
   0.024894778569009204
   0.025194538594703417
   0.023870317635088144
   0.025859946461661516
   0.023017599874878353
   0.023383720811710012
   0.02527368036119789
   0.023234211929824517
   0.02290922781326337
   0.02359698436241377
   0.023256153572764348
   0.023554640116121496
   0.021514096750735318
   0.022222723865449077
   0.020685267317586204
   0.019439845266873913
   0.021210282789251068
   0.021163182274884843
   0.021491432339423078
   0.01938824128176664
   0.019284905599976372
   0.017858663975784974
   0.01984728535593722
   0.018997832271077666
   0.017858634634260257
   0.017289964690536532
   0.018382793585306888
   0.018382937741286076
   0.018545442458997845
   0.016998403189711672
   0.016998403189711672
   0.015619140949488868
   0.016369172978498336
   0.016968893776554795
   0.016611920418783614
   0.015490840648589735
   0.015936268572034045
   0.016581905771050565
   0.015936147464177156
   0.01676182540775318
   0.014490355965261862
   0.015904753723336933
   0.01577860193426528
   0.015619367976970132
   0.01389157928386834
   0.015458541684130493
   0.013265802048877406
   0.014421249737800118
   0.014386743585676364
   0.013710614719989763
   0.013999196405508424
   0.013927704620647295
   0.013963423613140152
   0.013489969014048921
   0.013152147163106106
   0.01232820441102434
   0.013710614719989763
   0.012727237563587788
   0.012648379500947937
   0.011044833000095565
   0.012688038106815411
   0.010862301597727804
   0.010343625621608702
   0.012123883494986248
   0.012766571936115035
   0.010295236762697592
   0.011532171304658981
   0.010487702322243896
   0.009949544662948149
   0.009591377586144756
   0.010629721303966534
   0.010295334671587903
   0.01058265581033419
   0.010049532874716119
   0.010099155608267456
   0.010148518660376006
   0.010487702322243896
   0.010723499382197958
   0.009949544662948149
   0.008246007276251943
   0.010343714564893986
   0.010246731722847046
   0.011618609168054496
   0.008366399225473286
   0.009164899126558896
   0.010343747435044999
   0.009899218352981208
   0.00964337446125577
   0.008887985092246723
   0.009486617099893934
   0.008543813609858305
   0.009539170561427236
   0.00787386156850627
   0.008602129736292053
   0.0072109916100353355
   0.009486603396369008
   0.006999902213602701
   0.007416095940587608
   0.007348325251375309
   0.0076810019528704716
   0.007549700325178477
   0.007210968312231027
   0.007070943077129104
   0.006633128975076544
   0.007549700325178477
   0.008123919251198894
   0.006164330945041806
   0.006403028580289174
   0.0066331518903157945
   0.005567708235890239
   0.005830893928035392
   0.004898930087274159
   0.0048989386605672045
   0.007070986069849098
   0.004690364164966298
   0.004999955899805518
   0.004690373119486338
   0.005830874719971266
   0.005830893928035392
   0.005916018171033622
   0.005291448194965155
   0.004690381221180214
   0.005098980290214898
   0.004123070579070894
   0.00538510677702866
   0.004898946417343223
   0.0064806885436657115
   0.005656794498653809
   0.005916018171033622
   0.00529145688823031
   0.004999955899805518
   0.00565680333757503
   0.005744531225435196
   0.004123070579070894
   0.005477172993433748
   0.006244947958149851
   0.0036055344957440084
   0.004472114041479712
   0.003872954298723392
   0.004795808065383768
   0.0034640871813509545
   0.0047957938863132975
   0.004358857533804013
   0.003741644023687983
   0.002999986499969625
   0.004358865792841069
   0.004242623716522596
   0.004242617588234886
   0.0036055344957440084
   0.002999986499969625
   0.003999975499924968
   0.0036055344957440084
   0.002449482394302927
   0.0038729677251430846
   0.0034640871813509545
   0.002449482394302927
   0.003162267540863676
   0.0029999918333222177
   0.0026457465865044596
   0.0022360623873228583
   0.002999986499969625
   0.002449482394302927
   0.0057445430627683525
   0.0034640808304657097
   0.002999986499969625
   0.001999995999996
   0.0038729728891382653
   0.0022360623873228583
   0.001999995999996
   0.0034640871813509545
   0.0026457420509187965
   0.0033166125791234645
   0.002449482394302927
   0.0026457420509187965
   0.002449482394302927
   0.000999999499999875
   0.0017320482094907174
   0.004582557255507017
   0.001999995999996
   0.0026457465865044596
   0.0026457420509187965
   0.0022360623873228583
   0.0014142121481588255
   0.0017320482094907174
   0.0017320482094907174
   0.0017320482094907174
   0.0014142121481588255
   0.0014142121481588255
   0.002828420760778
   0.001999995999996
   0.0022360623873228583
   0.0017320482094907174
   0.002828420760778
   0.002449482394302927
   0.0017320482094907174
   0.0017320482094907174
   0.0014142121481588255
   0.0017320482094907174
   0.0022360623873228583
   0.0022360659650377044
   0.0017320482094907174
   0.0022360659650377044
   0.001999995999996
   0.000999999499999875
   0.0017320482094907174
   0.00199999899999975
   0.0017320482094907174
   0.0014142121481588255
   0.0026457465865044596
   0.0017320482094907174
   0.0017320482094907174
   0.000999999499999875
   0.0024494864767946774
   0.000999999499999875
   0.0024494864767946774
   0.000999999499999875
   0.000999999499999875
   0.0017320482094907174
   0.000999999499999875
   0.000999999499999875
   0.0014142121481588255
   0.0022360659650377044
   0.0017320482094907174
   0.0017320482094907174
   0.000999999499999875
   0.000999999499999875
   0.0
   0.0022360659650377044
   0.0017320482094907174
   0.0
   0.000999999499999875
   0.000999999499999875
   0.0017320482094907174
   0.0
   0.000999999499999875
   0.0014142121481588255
   0.0017320482094907174
   0.00199999899999975
   0.0014142121481588255
   0.000999999499999875
   0.001999995999996
   0.000999999499999875
   0.000999999499999875
   0.0017320482094907174
   0.000999999499999875
   0.000999999499999875
   0.000999999499999875
   0.000999999499999875
   0.0
   0.000999999499999875
   0.0
   0.000999999499999875
   0.0022360659650377044
   0.000999999499999875
   0.0014142121481588255
   0.0024494864767946774
   0.000999999499999875
   0.0014142121481588255
   0.000999999499999875
   0.0
   0.0
   0.0029999984999996253
   0.0014142121481588255
   0.000999999499999875
   0.0014142121481588255
   0.0
   0.0
   0.0014142121481588255
   0.0
   0.0
   0.0014142121481588255
   0.0
   0.0014142121481588255
   0.0014142121481588255
   0.0014142121481588255
   0.000999999499999875
   0.0
   0.000999999499999875
   0.0017320482094907174
   0.0017320482094907174
   0.000999999499999875
   0.0014142121481588255
   0.0
   0.0014142121481588255
   0.001999995999996
   0.0014142121481588255
   0.0014142121481588255
   0.0017320482094907174
   0.0014142121481588255
   0.0
   0.0
   0.00199999899999975
   0.000999999499999875
   0.0
   0.00199999899999975
   0.0
   0.000999999499999875
   0.0
   0.0
   0.0014142121481588255
   0.000999999499999875
   0.002828424296317651
   0.000999999499999875
   0.0
   0.0014142121481588255
   0.000999999499999875
   0.0024494864767946774
   0.0
   0.0022360659650377044
   0.000999999499999875
   0.0
   0.000999999499999875
   0.0
   0.000999999499999875
   0.000999999499999875
   0.0
   0.000999999499999875
   0.0022360659650377044
   0.0
   0.0022360659650377044
   0.0
   0.0
   0.000999999499999875
   0.000999999499999875
   0.0
   0.0
   0.0
   0.0
   0.0
   0.000999999499999875
   0.000999999499999875
   0.0
   0.0
   0.0
   0.0
   0.0
   0.0
   0.0
   0.0
   0.0
   0.000999999499999875
   0.0
   0.0
   0.0
   0.0
   0.0
   0.0
   0.0
   0.0
   0.0
   0.0
   0.0
   0.0
   0.0
   0.0
   0.000999999499999875
   0.0
   0.0
   0.000999999499999875
   0.0
   0.000999999499999875
   0.0
   0.0
   0.0
   0.0
   0.0
   0.0
   0.0
   0.0
   0.0
   0.0
   0.0
   0.0
   0.0
   0.0
   0.0
   0.0
   0.000999999499999875
   0.0
   0.0
   0.0
   0.0
   0.0
   0.0
   0.0
   0.0
   0.0
   0.0
   0.0
   0.0
   0.0
   0.0
   0.0
   0.0
   0.0
   0.0
   0.0
   0.0
   0.0
   0.0
   0.0
   0.0
   0.0
   0.0
   0.0
   0.0
   0.0
   0.0
   0.0
   0.0
   0.0
   0.0
   0.0
   0.0
   0.0
   0.0
   0.0
   0.0
   0.0
   0.0
   0.0
   0.0
   0.0
   0.0
   0.0
   0.0
   0.0
   0.0
   0.0
   0.0
   0.0
   0.0
   0.0
   0.0
   0.0
   0.0
   0.0
   0.0
   0.0
   0.0
   0.0
   0.0
   0.0
   0.0
   0.0
   0.0
   0.0
   0.0
   0.0
   0.0
   0.0
   0.0
   0.0
   0.0
   0.0
   0.0
   0.0
   0.0
   0.0
   0.0
   0.0
   0.0
   0.0
   0.0
   0.0
   0.0
   0.0
   0.0
   0.0
   0.0
   0.0
   0.0
   0.0
   0.0
   0.0
   0.0
   0.0
   0.0
   0.0
   0.0
   0.0
   0.0
   0.0
   0.0
   0.0
   0.0
   0.0
   0.0
   0.0
   0.0
   0.0
   0.0
   0.0
   0.0
   0.0
   0.0
   0.0
   0.0
   0.0
   0.0
   0.0
   0.0
   0.0
   0.0
   0.0
   0.0
   0.0
   0.0
   0.0
   0.0
   0.0
   0.0
   0.0
   0.0
   0.0
   0.0
   0.0
   0.0
   0.0
   0.0
   0.0
   0.0
   0.0
   0.0
   0.0
   0.0
   0.0
   0.0
   0.0
   0.0
   0.0
   0.0
   0.0
   0.0
   0.0
   0.0
   0.0
   0.0
   0.0
   0.0
   0.0
   0.0
   0.0
   0.0
   0.0
   0.0
   0.0
   0.0
   0.0
   0.0
   0.0
   0.0
   0.0
   0.0
   0.0
   0.0
   0.0
   0.0
   0.0
   0.0
   0.0
   0.0
   0.0
   0.0
   0.0
   0.0
   0.0
   0.0
   0.0
   0.0
   0.0
   0.0
   0.0
   0.0
   0.0
   0.0
   0.0
   0.0
   0.0
   0.0
   0.0
   0.0
   0.0
   0.0
   0.0
   0.0
   0.0
   0.0
   0.0
   0.0
   0.0
   0.0
   0.0
   0.0
   0.0
   0.0
   0.0
   0.0
   0.0
   0.0
   0.0
   0.0
   0.0
   0.0
   0.0
   0.0
   0.0
   0.0
   0.0
   0.0
   0.0
   0.0
   0.0
   0.0
   0.0
   0.0
   0.0
   0.0
   0.0
   0.0
   0.0
   0.0
   0.0
   0.0
   0.0
   0.0
   0.0
   0.0
   0.0
   0.0
   0.0
   0.0
   0.0
   0.0
   0.0
   0.0
   0.0
   0.0
   0.0
   0.0
   0.0
   0.0
   0.0
   0.0
   0.0
   0.0
   0.0
   0.0
   0.0
   0.0
   0.0
   0.0
   0.0
   0.0
   0.0
   0.0
   0.0
   0.0
   0.0
   0.0
   0.0
   0.0
   0.0
   0.0
   0.0
   0.0
   0.0
   0.0
   0.0
   0.0
   0.0
   0.0
   0.0
   0.0
   0.0
   0.0
   0.0
   0.0
   0.0
   0.0
   0.0
   0.0
   0.0
   0.0
   0.0
   0.0
   0.0
   0.0
   0.0
   0.0
   0.0
   0.0
   0.0
   0.0
   0.0
   0.0
   0.0
   0.0
   0.0
   0.0
   0.0
   0.0
   0.0
   0.0
   0.0
   0.0
   0.0
   0.0
   0.0
   0.0
   0.0
   0.0
   0.0
   0.0
   0.0
   0.0
   0.0
   0.0
   0.0
   0.0
   0.0
   0.0
   0.0
   0.0
   0.0
   0.0
   0.0
   0.0
   0.0
   0.0
   0.0
   0.0
   0.0
   0.0
   0.0
   0.0
   0.0
   0.0
   0.0
   0.0
   0.0
   0.0
   0.0
   0.0
   0.0
   0.0
   0.0
   0.0
   0.0
   0.0
   0.0
   0.0
   0.0
   0.0
   0.0
   0.0
   0.0
   0.0
   0.0
   0.0
   0.0
   0.0
   0.0
   0.0
   0.0
   0.0
   0.0
   0.0
   0.0
   0.0
   0.0
   0.0
   0.0
   0.0
   0.0
   0.0
   0.0
   0.0
   0.0
   0.0
   0.0
   0.0
