   0.0
   0.0
   0.0
   0.0
   0.0
   0.0
   0.0
   0.0
   0.0
   0.0
   0.0
   0.0
   0.0
   0.0
   0.0
   0.0
   0.0
   0.0
   0.0
   0.0
   0.0
   0.0
   0.0
   0.0
   0.0
   0.0
   0.0
   0.0
   0.0
   0.0
   0.0
   0.0
   0.0
   0.0
   0.0
   0.0
   0.0
   0.0
   0.0
   0.0
   0.0
   0.0
   0.0
   0.0
   0.0
   0.0
   0.0
   0.0
   0.0
   0.0
   0.0
   0.0
   0.0
   0.0
   0.0
   0.0
   0.0
   0.0
   0.0
   0.0
   0.0
   0.0
   0.0
   0.0
   0.0
   0.0
   0.0
   0.0
   0.0
   0.0
   0.0
   0.0
   0.0
   0.0
   0.0
   0.0
   0.0
   0.0
   0.0
   0.0
   0.0
   0.0
   0.0
   0.0
   0.0
   0.0
   0.0
   0.0
   0.0
   0.0
   0.0
   0.0
   0.0
   0.0
   0.0
   0.0
   0.0
   0.0
   0.0
   0.0
   0.0
   0.0
   0.0
   0.0
   0.0
   0.0
   0.0
   0.0
   0.0
   0.0
   0.0
   0.0
   0.0
   0.0
   0.0
   0.0
   0.0
   0.0
   0.0
   0.0
   0.0
   0.0
   0.0
   0.0
   0.000999999499999875
   0.0
   0.0
   0.0
   0.0
   0.0
   0.0022360659650377044
   0.0014142121481588255
   0.000999999499999875
   0.000999999499999875
   0.000999999499999875
   0.0
   0.0
   0.00199999899999975
   0.000999999499999875
   0.000999999499999875
   0.0
   0.00199999899999975
   0.000999999499999875
   0.000999999499999875
   0.000999999499999875
   0.0
   0.0
   0.0
   0.0
   0.0
   0.0022360659650377044
   0.000999999499999875
   0.000999999499999875
   0.00199999899999975
   0.000999999499999875
   0.00199999899999975
   0.000999999499999875
   0.000999999499999875
   0.000999999499999875
   0.0
   0.000999999499999875
   0.0022360659650377044
   0.000999999499999875
   0.0022360659650377044
   0.0014142121481588255
   0.000999999499999875
   0.0031622751303452394
   0.0014142121481588255
   0.0014142121481588255
   0.000999999499999875
   0.0014142121481588255
   0.000999999499999875
   0.0014142121481588255
   0.0036055444803801823
   0.00435889332285157
   0.0024494864767946774
   0.0014142121481588255
   0.00299999583333044
   0.0036055444803801823
   0.000999999499999875
   0.004123095802913146
   0.0026457465865044596
   0.0036055444803801823
   0.00599999166666088
   0.0038729770203294518
   0.0014142121481588255
   0.0031622719680634683
   0.000999999499999875
   0.001999995999996
   0.0024494864767946774
   0.0014142121481588255
   0.0024494864767946774
   0.0017320482094907174
   0.001999995999996
   0.0031622719680634683
   0.0024494864767946774
   0.0029999918333222177
   0.0022360659650377044
   0.0014142121481588255
   0.0026457465865044596
   0.0026457465865044596
   0.0038729770203294518
   0.0017320482094907174
   0.004242628901989897
   0.0038729770203294518
   0.0038729770203294518
   0.0031622719680634683
   0.0014142121481588255
   0.0043588896521935495
   0.0029999918333222177
   0.00458257034861441
   0.001999995999996
   0.0036055400427675187
   0.0017320482094907174
   0.001999995999996
   0.004472119855281162
   0.002828420760778
   0.005567757088810538
   0.005916055358091234
   0.0049999830999714395
   0.006708177025094075
   0.0029999918333222177
   0.007071039527537659
   0.00458255114537743
   0.0049999710999164785
   0.0050990053932115035
   0.005098994410665695
   0.004472119855281162
   0.0041230851313064105
   0.0041230851313064105
   0.00741613369620586
   0.0059999666665740735
   0.005916042511679577
   0.006082738774598166
   0.0047957938863132975
   0.003741644023687983
   0.003999975499924968
   0.00754979940130862
   0.0050990053932115035
   0.004242617588234886
   0.006164374745260058
   0.005385131289021652
   0.007937208010377452
   0.0048989386605672045
   0.004472114041479712
   0.0038729677251430846
   0.007141384669656158
   0.0051961176853493225
   0.008426077082486251
   0.005744524262286652
   0.0068556014324054745
   0.00599993466631096
   0.005385131289021652
   0.005656811469370355
   0.003872954298723392
   0.005830902503043589
   0.005830893928035392
   0.006708132303406068
   0.008602265748045686
   0.00748323753465036
   0.00883167911554762
   0.010488033371419066
   0.011704597344633432
   0.010723674323663508
   0.009327279935758334
   0.011747233716922465
   0.00624493066414672
   0.009695259872741937
   0.00860220227616161
   0.009433853878452856
   0.008306550126255785
   0.00989939715336242
   0.00948669046612147
   0.010676909665254268
   0.0102467809091441
   0.010197885270976526
   0.011135321099995276
   0.012766925040901588
   0.012648844848443672
   0.012082781136807866
   0.013228443559240067
   0.011789587567001655
   0.012961110909177499
   0.01268822190064471
   0.014070832811173616
   0.013114495796636637
   0.016999463962137158
   0.01577919006159695
   0.01676254273670913
   0.013819812987157244
   0.015555789147452469
   0.01407075250297581
   0.014421705863038533
   0.01574739343510538
   0.015810803395147257
   0.01574739343510538
   0.014176823022101954
   0.015230884281616744
   0.01685164965218539
   0.017406113150269936
   0.01711662861079833
   0.01754902606984217
   0.01673227492004599
   0.016642310867184283
   0.016969770298975766
   0.018519168420855187
   0.019721889133650458
   0.018082153605143387
   0.02041924854151102
   0.019103694904389568
   0.021352597874731778
   0.02286741732246998
   0.021538941849589547
   0.02361988306490953
   0.02477669065876232
   0.024410771311042183
   0.024917565671630126
   0.025176951682044434
   0.02639765093715727
   0.025629119668845436
   0.026397742308765727
   0.027853488399121572
   0.028684798604835974
   0.027364687299510658
   0.030671566229979193
   0.03107642135124313
   0.031491804394159446
   0.03139585475823201
   0.03137973102179176
   0.03350590955339073
   0.031459138195443305
   0.03361036453238792
   0.03288818578152343
   0.03451949455018135
   0.03510817532997122
   0.03560253243801626
   0.03800525457091427
   0.03844938479351783
   0.03695141539914269
   0.03863054976310847
   0.03958779604878251
   0.04366979876298951
   0.04224986773943795
   0.04149809382369267
   0.04234448271026581
   0.04387282694333704
   0.04567013500089528
   0.045581573020245805
   0.048099305098930484
   0.047638796699748825
   0.04813895552460606
   0.04983162625281258
   0.05127364273191442
   0.05185364703663571
   0.05292225406197283
   0.05284517929764266
   0.0539306904739778
   0.05679035041272417
   0.05541778021537853
   0.058255894045152204
   0.05750252516194397
   0.059591892057560984
   0.060572567379961695
   0.05924484666196715
   0.06260368522698964
   0.06340427927987195
   0.06459658811423402
   0.0657904483948848
   0.06520193769359926
   0.06758394022251143
   0.06946136894706294
   0.07297101369036886
   0.07082595580717566
   0.07269997039889356
   0.07567716532085488
   0.07794042853359225
   0.07972011514668051
   0.0788882211169703
   0.08030204724040353
   0.08312467503695879
   0.08434065695736546
   0.08645514461846675
   0.08707838103685668
   0.08799333401457181
   0.09013204748589705
   0.09123669779206171
   0.09298789338403146
   0.09724245487954322
   0.09771556887210962
   0.09956836796894886
   0.10356840174010604
   0.10230595227551523
   0.10880084730828157
   0.11049109220204134
   0.11178855118481498
   0.111718167976386
   0.11402846377549775
   0.11649464770537743
   0.11873629994235124
   0.12191193352580379
   0.12298737346166883
   0.1258210439632417
   0.12541970229593116
   0.13023898614086338
   0.13172111970371342
   0.13337668353576648
   0.13764645493437164
   0.14068526060323447
   0.14268606616975604
   0.1435696887090029
   0.14633134559621871
   0.15050879988891014
   0.15198988529175222
   0.15713244268450738
   0.1607210203924801
   0.16231024312716683
   0.1666774624716851
   0.16739366774164427
   0.17059063558999948
   0.1757586726281238
   0.17749670012707278
   0.181298528576489
   0.18547158266160343
   0.1893644893426431
   0.19306729537650855
   0.1960567376424488
   0.20070941649808063
   0.2020675054901208
   0.20805856589912372
   0.2136421905897803
   0.21461657863268624
   0.22006631931306525
   0.2230943835935813
   0.22674672869746104
   0.23149708156907722
   0.23729383808055363
   0.2424375891626544
   0.24829755518530583
   0.2526837784880541
   0.25813110559558683
   0.26306603289668545
   0.2677843000457645
   0.27344306422910053
   0.2754679192773634
   0.2829582541012013
   0.2873450137448012
   0.29204986928776394
   0.29794794427886223
   0.3038727561068942
   0.30935124378447226
   0.31502815180710436
   0.32012816870591065
   0.32700772127887134
   0.3312796893502528
   0.33896416552638714
   0.3456904866726882
   0.35036411503463083
   0.3588388122806673
   0.36553142788958654
   0.3729883635919491
   0.3772120691123231
   0.386447619962913
   0.39293276902671276
   0.4001999145227295
   0.4056537664511449
   0.4135593234821336
   0.4211069735815354
   0.4291334567427713
   0.4367482640045636
   0.44606438985868396
   0.44941475028641414
   0.4592169673476798
   0.46846513200023754
   0.4783089794003454
   0.4882745071934434
   0.49607901302514296
   0.5040549467577915
   0.5135884876863966
   0.5220280558274621
   0.5311865479010175
   0.5404074994261275
   0.5510929256813228
   0.5587192556946646
   0.5708918717620702
   0.5806568181085967
   0.5924840639873785
   0.60319873339058
   0.6144354862790723
   0.6242973095497049
   0.6366835892333019
   0.6478309477139851
   0.6612432291252592
   0.6746689328544779
   0.6896037682002615
   0.7042922224694803
   0.7178929937804102
   0.7286429993618274
   0.7381863283372295
   0.7435475569565138
   0.7454422956715027
   0.7446069902411607
   0.7433736771227509
   0.7379493619375248
   0.730300638996708
   0.7162719643012702
   0.7042908257467224
   0.6882041152565131
   0.6751783193675579
   0.6622171649813979
   0.6484825696470183
   0.6382035258442247
   0.6248804503511052
   0.6131022712199001
   0.6034432447347472
   0.591433634511092
   0.5814701100864945
   0.5723148554109005
   0.5616762065095868
   0.5520540624793916
   0.5400389892581832
   0.5297509363078088
   0.5214840955494232
   0.5108970508810948
   0.5035746769010531
   0.49522459356942283
   0.4866628656215718
   0.476694998803218
   0.4691691497519844
   0.45995005745298045
   0.45052195948144413
   0.44278023038071607
   0.43589286960903595
   0.42943242210969584
   0.42103752198468014
   0.4120183401245629
   0.4041215723962283
   0.3968341842079636
   0.39302558949640926
   0.38401199018259835
   0.38039985459382075
   0.3724135398062213
   0.3654458173122248
   0.35626052678342013
   0.35237662578553647
   0.3438893450501193
   0.3376589989915862
   0.3325486742944557
   0.3266153119114289
   0.3203488073896951
   0.31545313403895675
   0.30852002517826943
   0.3017260458743991
   0.294926567197667
   0.2904290764351944
   0.28823002391145863
   0.28124951364224615
   0.2759515478757095
   0.2717835476330383
   0.26584105354703963
   0.2592177844496785
   0.25539374173812485
   0.25089541683936756
   0.24662561462873234
   0.2446377697740069
   0.23833540811008339
   0.23297414929343557
   0.2304667721907
   0.2269441939860987
   0.22022218670243016
   0.21577489447106676
   0.2141294324444914
   0.21176669984678892
   0.20623454996677934
   0.20282724014293543
   0.1992087706678599
   0.19444756465175903
   0.19318664802464997
   0.18725059657047824
   0.18382195868829165
   0.1795532655342141
   0.1741991057497139
   0.1724093412521491
   0.16922043479142818
   0.16827491267565703
   0.16222202678736325
   0.16118638945022623
   0.1577725157180426
   0.15448930160693977
   0.15190479058936884
   0.14894052449216097
   0.14700302499948767
   0.14471645274812397
   0.141434549382391
   0.13956780588301873
   0.137914629115261
   0.13207861028947873
   0.13064941989538262
   0.12837044344785914
   0.12558431233239287
   0.12340654105435417
   0.12312730312566746
   0.1195826890440251
   0.11690029922545109
   0.11487732315387576
   0.1113500245846403
   0.1104749336953863
   0.10793142941701458
   0.10835445122374993
   0.10261493207131211
   0.10057736188626147
   0.09906368032230581
   0.09604064804029594
   0.09633921514627364
   0.09614475168203411
   0.09356822793555514
   0.0948393586597885
   0.09101231771029678
   0.08657423773271122
   0.08757626824088818
   0.08582568359180134
   0.0829765051083739
   0.08266504140808253
   0.07864700522588257
   0.07929795962066111
   0.07836472839230671
   0.07477597019765106
   0.074976383475065
   0.07065912084791319
   0.069787331228526
   0.0709393645023692
   0.07018579792949568
   0.06935697484031436
   0.0668446073815981
   0.0626267632805656
   0.06262048990546146
   0.060954528757098926
   0.061464519976975336
   0.061007801599467594
   0.0597014207871136
   0.059443118819590884
   0.05774793914937571
   0.05568791520608399
   0.05684327052519058
   0.05074272731140887
   0.05364301106388417
   0.05217925234228639
   0.04912385488741697
   0.0474905665474734
   0.048231347441264796
   0.04615788539350563
   0.04599513877574455
   0.045207580769158616
   0.044539534337484935
   0.0432881220544389
   0.039750320438959985
   0.04253210434483579
   0.04216809304438606
   0.038134698517229684
   0.039790118170219095
   0.03908087020525515
   0.0365570071942439
   0.03515017604507835
   0.03803227417602055
   0.034662804272014694
   0.03479310895852798
   0.03359440392386803
   0.03317543330538427
   0.0340383881962704
   0.03265990469979972
   0.03062212997163979
   0.03262954978236752
   0.02916797145843365
   0.029253273047643746
   0.031044094510872755
   0.03011278862875373
   0.02845694115677228
   0.028014349019743433
   0.0256094662966646
   0.02972911408030855
   0.024917139462626924
   0.02651114480742014
   0.02615091585394286
   0.02436998801805204
   0.0251370610056148
   0.023767667765264643
   0.023513868907519237
   0.023956368339128533
   0.022779863015391467
   0.02181592225875404
   0.021952982394198746
   0.020443754547538474
   0.021352830163704296
   0.018383666554852435
   0.01933787330602825
   0.018787131739571104
   0.017463290382971935
   0.02002376485579073
   0.018082255362647657
   0.016491546319250965
   0.01667260219641793
   0.01587370152169934
   0.01462806890877945
   0.01552358769743644
   0.015905330898789878
   0.015198153539163895
   0.014106182155353022
   0.01603058174240723
   0.017174917729060598
   0.012082648550711056
   0.013527341756605398
   0.013228339842928137
   0.013303766346414838
   0.015426797334508547
   0.014525414933832356
   0.014387153957610935
   0.012688292832371106
   0.013303809642354327
   0.015620112035449682
   0.013114510894425304
   0.013076407419471145
   0.011180139131513524
   0.0139280710796578
   0.014730587191283312
   0.013266281468444729
   0.010629947083593596
   0.011090321861875786
   0.009433832254179634
   0.010535465390764663
   0.009433832254179634
   0.009219380402174541
   0.01044017198134207
   0.010770173443357354
   0.010392131638889107
   0.007483254639526841
   0.009433843278325117
   0.009219414243866039
   0.009433853878452856
   0.008543874472392488
   0.008485156686826709
   0.006403075432946265
   0.010676987590139833
   0.006403075432946265
   0.00692813827806576
   0.0068556014324054745
   0.007280066963977735
   0.007999950999849936
   0.004898946417343223
   0.00599994366640221
   0.008366531180841914
   0.005744547936957268
   0.007549770791222737
   0.005567724759720078
   0.0061643932385921
   0.0075497861559119675
   0.007348436296246978
   0.008485228341064252
   0.004898959481359282
   0.002449482394302927
   0.0051961176853493225
   0.0041230909521862355
   0.004358879557868054
   0.004472107333237878
   0.004898953357606092
   0.004582544162362213
   0.005656831622030127
   0.0041230909521862355
   0.005916065499975469
   0.0050990053932115035
   0.004690388470052347
   0.002828420760778
   0.0033166125791234645
   0.0028284158110150636
   0.0022360623873228583
   0.003741648834404426
   0.003741638143915042
   0.002828420760778
   0.003999981999959499
   0.004123095802913146
   0.003316621021461451
   0.001999995999996
   0.002828420760778
   0.0031622751303452394
   0.0017320482094907174
   0.0036055444803801823
   0.004123102593921233
   0.0022360659650377044
   0.0024494864767946774
   0.0014142121481588255
   0.0022360623873228583
   0.002828424296317651
   0.005099013237872599
   0.000999999499999875
   0.004242636444476477
   0.0036055444803801823
   0.003605547808586096
   0.003316621021461451
   0.003316621021461451
   0.0031622719680634683
   0.0022360659650377044
   0.0022360659650377044
   0.0037416525760684944
   0.005196147707677294
   0.0017320482094907174
   0.001999995999996
   0.0
   0.0026457465865044596
   0.0014142121481588255
   0.004242636444476477
   0.0029999984999996253
   0.0017320482094907174
   0.0
   0.0
   0.00199999899999975
   0.0
   0.0014142121481588255
   0.0014142121481588255
   0.0022360659650377044
   0.0017320482094907174
   0.00199999899999975
   0.00199999899999975
   0.00458257034861441
   0.0022360659650377044
   0.0014142121481588255
   0.0014142121481588255
   0.000999999499999875
   0.0022360659650377044
   0.00299999583333044
   0.0014142121481588255
   0.0022360659650377044
   0.0029999984999996253
   0.000999999499999875
   0.0014142121481588255
   0.003605547808586096
   0.0
   0.0014142121481588255
   0.004123102593921233
   0.0
   0.0022360659650377044
   0.0017320482094907174
   0.0022360659650377044
   0.0014142121481588255
   0.000999999499999875
   0.00299999583333044
   0.00199999899999975
   0.00199999899999975
   0.0
   0.0017320482094907174
   0.000999999499999875
   0.0022360659650377044
   0.0014142121481588255
   0.000999999499999875
   0.0
   0.0
   0.0014142121481588255
   0.000999999499999875
   0.0
   0.0
   0.0014142121481588255
   0.000999999499999875
   0.000999999499999875
   0.0031622751303452394
   0.0024494864767946774
   0.000999999499999875
   0.000999999499999875
   0.0017320482094907174
   0.00199999899999975
   0.00199999899999975
   0.004242636444476477
   0.0026457465865044596
   0.000999999499999875
   0.0014142121481588255
   0.000999999499999875
   0.0014142121481588255
   0.0029999984999996253
   0.0014142121481588255
   0.000999999499999875
   0.0022360659650377044
   0.000999999499999875
   0.00199999899999975
   0.0
   0.0
   0.0
   0.000999999499999875
   0.0
   0.0
   0.0
   0.0
   0.0
   0.0
   0.0
   0.0
   0.0
   0.0
   0.0
   0.0
   0.0
   0.0
   0.0
   0.0
   0.0
   0.000999999499999875
   0.000999999499999875
   0.0
   0.0
   0.0
   0.0
   0.0
   0.0
   0.0
   0.0
   0.0
   0.0
   0.0
   0.0
   0.0
   0.0
   0.0
   0.0
   0.0
   0.0
   0.0
   0.0
   0.0
   0.0
   0.0
   0.0
   0.0
   0.0
   0.0
   0.0
   0.0
   0.0
   0.0
   0.0
   0.0
   0.0
   0.0
   0.0
   0.0
   0.0
   0.0
   0.0
   0.0
   0.0
   0.0
   0.0
   0.0
   0.0
   0.0
   0.0
   0.0
   0.0
   0.0
   0.0
   0.0
   0.0
   0.0
   0.0
   0.0
   0.0
   0.0
   0.0
   0.0
   0.0
   0.0
   0.0
   0.0
   0.0
   0.0
   0.0
   0.0
   0.0
   0.0
   0.0
   0.0
   0.0
   0.0
   0.0
   0.0
   0.0
   0.0
   0.0
   0.0
   0.0
   0.0
   0.0
   0.0
   0.0
   0.0
   0.0
   0.0
   0.0
   0.0
   0.0
   0.0
   0.0
   0.0
   0.0
   0.0
   0.0
