   0.2718401620950076
   0.35630658167729656
   0.3885162398617463
   0.4013411672847803
   0.4066732836073695
   0.410609180419033
   0.41055359601054525
   0.41211217441845854
   0.41323748038820246
   0.41226414200207856
   0.41327061009850435
   0.4115826015766944
   0.4120845784055016
   0.41140323284480884
   0.410331731149213
   0.41019197607125374
   0.41203477997814697
   0.4115255642066359
   0.41126403648458004
   0.4108633957503516
   0.4110713440119002
   0.41062468842940997
   0.4097810864359652
   0.4114906515971414
   0.41217279765646836
   0.41048175351349053
   0.4106986511991365
   0.41080214211223387
   0.41134702828239805
   0.411314227709181
   0.41166949079365844
   0.4103837219071439
   0.41032187971059986
   0.4110195218249858
   0.4106682123203475
   0.4123861099402355
   0.41249693387310166
   0.4127090636639689
   0.4117812710192633
   0.4112055117704042
   0.41182790088754306
   0.41172877674508007
   0.4120814093858639
   0.4122904805102344
   0.41081301460609787
   0.41134869338524704
   0.41135455457732567
   0.41064333284220017
   0.4102006488185508
   0.41090060837481124
   0.4119272058747152
   0.4113094941756147
   0.41213567294946696
   0.41275191278243645
   0.4118352925169964
   0.41019088048351343
   0.4108993060727166
   0.410495419948871
   0.410446967707693
   0.4110822299477198
   0.4101219743697721
   0.4105061757600122
   0.4099289086194215
   0.4097353275725197
   0.40858268215380833
   0.4095350949950932
   0.4102800242692666
   0.41232391460287626
   0.4109383408641253
   0.4112925011238474
   0.4117365859147812
   0.4114064777102932
   0.4110077091946573
   0.4109723571696641
   0.413423989559278
   0.41223535460849303
   0.4115926627015598
   0.41273270987286675
   0.4103788189417188
   0.41111550631597443
   0.4122723433675366
   0.410794182040155
   0.41300273496644063
   0.4110742830597774
   0.41115391726183276
   0.4135372152299718
   0.4118577055580119
   0.4127629732800654
   0.41065270693099054
   0.4106901046988593
   0.40994797043717635
   0.41105107639950295
   0.41040742295353283
   0.4095886601939927
   0.4090787970156239
   0.40734841982409853
   0.402176707865473
   0.3865994435404169
   0.35748830891966243
   0.2717677635296541
