   0.0
   0.0
   0.0
   0.0
   0.0
   0.0
   0.0
   0.0
   0.0
   0.0
   0.0
   0.0
   0.0
   0.0
   0.0
   0.0
   0.0
   0.0
   0.0
   0.0
   0.0
   0.0
   0.0
   0.0
   0.0
   0.0
   0.0
   0.0
   0.0
   0.0
   0.0
   0.0
   0.0
   0.0
   0.0
   0.0
   0.0
   0.0
   0.0
   0.0
   0.0
   0.0
   0.00031622775020544923
   0.00031622775020544923
   0.0
   0.0
   0.0
   0.0
   0.0
   0.0
   0.0
   0.0
   0.0
   0.00031622775020544923
   0.0
   0.0
   0.0
   0.0
   0.0
   0.0
   0.0
   0.0
   0.0
   0.0
   0.00031622775020544923
   0.0
   0.0
   0.0
   0.0
   0.00031622775020544923
   0.00031622775020544923
   0.0
   0.0
   0.0
   0.0
   0.0006324555004108985
   0.00044721355077859614
   0.0
   0.0
   0.00031622775020544923
   0.0006324555004108985
   0.0006324554055425568
   0.0006324554055425568
   0.0006324554055425568
   0.00044721355077859614
   0.0007745964368624477
   0.0005477224753467763
   0.00044721355077859614
   0.0009486828711429336
   0.0006324554055425568
   0.000948683039797803
   0.001224744377411058
   0.0009486828711429336
   0.001140174894478913
   0.0011832153481087034
   0.001140174894478913
   0.0011832153481087034
   0.000894426833228968
   0.0010488084620177318
   0.001224744377411058
   0.0012649102893090877
   0.0017606801839062085
   0.0014142126572761254
   0.0014832383490187948
   0.001897363897622172
   0.0018165878976807042
   0.0014142124168596455
   0.0017320482094907174
   0.0017888518664215883
   0.002190885811720912
   0.002323785050300479
   0.0022360632459749435
   0.0025495054245872864
   0.0027018443311930466
   0.0026832724423733047
   0.0030495788414140073
   0.0030331390934146096
   0.003224891092734761
   0.0034350958298131947
   0.0033466263370743976
   0.003577688639331265
   0.003911496745492702
   0.004147258173781806
   0.004061989629479622
   0.00414725663059329
   0.004527653121651437
   0.005167153528781586
   0.005522610034213895
   0.005338471353299557
   0.00583086408690856
   0.006356003067966535
   0.006655704920592559
   0.007106194615263503
   0.0073957844959138715
   0.007536399455973655
   0.008099161929483815
   0.008734724764410152
   0.008938387590052246
   0.009444219184241756
   0.010128742530047844
   0.010709298751552316
   0.011184273150723742
   0.011674133080875856
   0.011818804896858227
   0.013014487926922058
   0.013363146753665471
   0.014009595893886447
   0.01503190675330312
   0.015360814789587172
   0.01656018210980785
   0.01713267338275028
   0.01824034648355124
   0.01937491086921434
   0.020375531521656068
   0.021452908349219226
   0.022531964201773447
   0.023665305599336765
   0.02513704860241154
   0.026523625730846077
   0.02747775088303262
   0.02931905168930264
   0.030960417370410238
   0.032818614025580055
   0.0343679713220027
   0.035685596726970956
   0.037892148743374265
   0.04046768112951371
   0.042753475307160706
   0.04507565196422565
   0.047376258803751056
   0.05008871865160857
   0.05302881294456816
   0.05616295487240678
   0.05905198140409854
   0.06234965364386558
   0.06604759101587279
   0.06994833653232935
   0.07384307706041238
   0.0789282805954241
   0.08302347553409216
   0.08802231843975708
   0.09426885478799453
   0.1008237563461608
   0.1074676088160521
   0.11420079189633495
   0.12247534967902725
   0.13179494075415035
   0.14153467925957228
   0.15227278996734775
   0.16472490581569624
   0.1777924539370555
   0.19292325793475498
   0.2099110379450304
   0.22813072511503135
   0.24909224746820202
   0.2704286238876166
   0.28631531302043556
   0.2972439659938449
   0.30342626388088095
   0.3069112090021966
   0.30687125136120197
   0.303365134083599
   0.29698857728052436
   0.286574025273471
   0.2706410188496932
   0.24939671069184133
   0.22831245655020665
   0.21007629056502305
   0.1925935710619386
   0.17778154385062023
   0.1645495880603777
   0.15216072658603466
   0.14127769418386613
   0.13183349812361803
   0.12274695133611262
   0.11489714338938109
   0.1069678819786575
   0.1005259244724464
   0.09429670537107858
   0.08875258768278252
   0.08325759833618791
   0.07839903240978169
   0.07382411848379905
   0.06981787751543296
   0.06629816768961266
   0.06281550412151446
   0.05963837410225064
   0.056006427666741965
   0.05304941826024109
   0.04999168346745286
   0.04781039332352329
   0.044742377183158245
   0.042506904173204615
   0.040659541777545896
   0.03862514708308565
   0.03635879425063488
   0.034999913667893526
   0.03256490466990499
   0.03153754548153676
   0.029693072981926274
   0.028129875903743336
   0.026890126976085477
   0.025095363364374703
   0.024183148883261667
   0.02257624079402946
   0.021714467475625554
   0.020768993263757394
   0.019464974044678302
   0.018308726312608423
   0.01758754422766294
   0.016829602930253585
   0.016060679656851387
   0.015078413279917751
   0.013988117090945443
   0.013359403381513712
   0.01276628283565737
   0.011982618743830583
   0.011639812616618877
   0.010848420518674597
   0.010251388003094995
   0.009807777548456123
   0.009544271977998113
   0.008977451852279687
   0.008625283241726036
   0.008179029941869635
   0.007402538710469537
   0.006935279933066869
   0.006811627517708231
   0.006363858640007649
   0.0062368876845747346
   0.006090894442526484
   0.0057878482832569135
   0.005656784952603378
   0.005215308527786251
   0.004949698131199518
   0.004301124549463779
   0.004301130984985228
   0.004086538328463347
   0.0038078653744585034
   0.0035776893045651684
   0.0034640841502480858
   0.0034784901767864747
   0.0033316509405998704
   0.003033140148427039
   0.0027018424065811094
   0.002588429096962094
   0.0023237846285746877
   0.002408313301877478
   0.002529815930062897
   0.0018708254194338926
   0.0020736396769930887
   0.0023452042960049346
   0.001760679297884768
   0.001702936496173595
   0.0018165872150821716
   0.0015165736348756692
   0.0012649102893090877
   0.0014142124168596455
   0.0017029368015284655
   0.001095444457743066
   0.00130383937277565
   0.001095444457743066
   0.0012649100521380957
   0.0007745964368624477
   0.0010954446585747725
   0.0010488084620177318
   0.0007071066044098301
   0.000836659733703015
   0.000894426833228968
   0.0006324554055425568
   0.0005477224753467763
   0.0005477224753467763
   0.0
   0.00031622775020544923
   0.0007745964368624477
   0.0005477224753467763
   0.0007071066044098301
   0.00031622775020544923
   0.0
   0.00031622775020544923
   0.0006324554055425568
   0.00044721355077859614
   0.0
   0.0
   0.00031622775020544923
   0.00031622775020544923
   0.00044721355077859614
   0.00044721355077859614
   0.00044721355077859614
   0.00044721355077859614
   0.00031622775020544923
   0.0006324555004108985
   0.0
   0.0
   0.00031622775020544923
   0.0
   0.0
   0.0
   0.0
   0.0
   0.0
   0.0
   0.0
   0.0
   0.0
   0.0
   0.00031622775020544923
   0.0
   0.0
   0.0
   0.0
   0.0
   0.0
   0.0
   0.0
   0.0
   0.00031622775020544923
   0.0
   0.0
   0.0
   0.0
   0.0
   0.0
   0.0
   0.0
   0.0
   0.0
   0.0
   0.0
   0.0
   0.0
   0.0
   0.0
   0.0
   0.0
   0.0
   0.0
   0.0
   0.0
   0.0
   0.0
   0.0
   0.0
   0.0
   0.0
   0.0
   0.0
   0.0
   0.0
   0.0
   0.0
   0.0
   0.0
   0.0
   0.0
   0.0
   0.0
   0.0
   0.0
   0.0
