   0.0
   0.0
   0.0
   0.0
   0.0
   0.0
   0.0
   0.0
   0.0
   0.0
   0.0
   0.0
   0.0
   0.0
   0.0
   0.0
   0.0
   0.0
   0.0
   0.0
   0.0
   0.0
   0.0
   0.0
   0.0
   0.0
   0.0
   0.0
   0.0
   0.0
   0.0
   0.0
   0.0
   0.0
   0.0
   0.0
   0.0
   0.0
   0.0
   0.0
   0.0
   0.0
   0.0
   0.0
   0.0
   0.0
   0.0
   0.0
   0.0
   0.0
   0.0
   0.0
   0.0
   0.0
   0.0
   0.0
   0.0
   0.0
   0.0
   0.0
   0.0
   0.0
   0.0
   0.0
   0.0
   0.0
   0.0
   0.0
   0.0
   0.0
   0.0
   0.0
   0.0
   0.0
   0.0
   0.0
   0.0
   0.0
   0.0
   0.0
   0.0
   0.0
   0.0
   0.0
   0.0
   0.0
   0.0
   0.0
   0.0
   0.0
   0.0
   0.0
   0.0
   0.0
   0.0
   0.0
   0.0
   0.0
   0.0
   0.0
   0.0
   0.0
   0.0
   0.0
   0.0
   0.0
   0.0
   0.0
   0.0
   0.0
   0.0
   0.00031622775020544923
   0.0
   0.00031622775020544923
   0.0
   0.0
   0.0
   0.0
   0.0006324555004108985
   0.0
   0.00031622775020544923
   0.0007071067175469343
   0.0
   0.00031622775020544923
   0.0
   0.0
   0.0006324555004108985
   0.00031622775020544923
   0.00044721355077859614
   0.00031622775020544923
   0.0005477224753467763
   0.0007745965659619206
   0.0
   0.0011832158044921476
   0.0008366598771304861
   0.00031622775020544923
   0.0008366598771304861
   0.0015165745316337077
   0.0006324554055425568
   0.0007745965659619206
   0.0007071066044098301
   0.000894426833228968
   0.001732049652867954
   0.001224744377411058
   0.0012649104948572448
   0.0018973650782071435
   0.0010488082713251265
   0.002190888915486132
   0.0019748404264648828
   0.0018439075790288406
   0.0024698153271044375
   0.002144758364012133
   0.002121318078459711
   0.0019235367815563082
   0.0029495721706715365
   0.002236064399788164
   0.0029664744799171965
   0.0031937378665131554
   0.003114476326768274
   0.0031464194110130965
   0.0028982691386411994
   0.003492842824977958
   0.004110951324207087
   0.004207125145512075
   0.004658309108464143
   0.004494428034800424
   0.004347395053362416
   0.0057878901501324295
   0.005319750068377272
   0.005468058623497008
   0.006292805784385849
   0.00630074827222926
   0.0063324102196557035
   0.006700689796580648
   0.007496583285737576
   0.007999913509532462
   0.00788660123247017
   0.008378433684167942
   0.008820304538960091
   0.009353980003720341
   0.009848673817321803
   0.010967919255264419
   0.010899311325033339
   0.010848691953871675
   0.011717175560261953
   0.012082684984720905
   0.013494003882836258
   0.014060054779054029
   0.015325848744849336
   0.016039850520188772
   0.01659135333569869
   0.01764554067632953
   0.018837622618313597
   0.018704278862067897
   0.020259263307188642
   0.020893307636657248
   0.022197014717299263
   0.023080172767984214
   0.024941175003595963
   0.026380416242167217
   0.027210305530074447
   0.029186111076160867
   0.030016362484318448
   0.03181840855605446
   0.03344749839315341
   0.03629175019078027
   0.037352104469627945
   0.03967486885372149
   0.041491104272602816
   0.04287544273870533
   0.04633488900213316
   0.04854943814041517
   0.0515113217190163
   0.05344298066500408
   0.056054869711649496
   0.059863545763344156
   0.06322813995809146
   0.06637150598140741
   0.06933522404369946
   0.07297041095067233
   0.07668427012308326
   0.0809064724429387
   0.08570910628392994
   0.09049715458372158
   0.09533420294605709
   0.09969492145059346
   0.10564131578127944
   0.10993319080077682
   0.1161374278082221
   0.12247927783061917
   0.1299004956091777
   0.13623571773918175
   0.14352881940484985
   0.15104033738044947
   0.15903591449477694
   0.16712932750630574
   0.17592186676564683
   0.18515587714528534
   0.19482750204947966
   0.20578010232041385
   0.2164401373261438
   0.22717973685661316
   0.23945628756823237
   0.25159320259943435
   0.26529431685122845
   0.4028828653664859
   0.4085501929981064
   0.4141285797467255
   0.4169721678447975
   0.41881130101041925
   0.4188141437052837
   0.41812467934696224
   0.4133201269838066
   0.4096827386137229
   0.4023883385173954
   0.265046160835127
   0.25104563773463584
   0.23895257687156252
   0.2269226255707218
   0.21547054617220887
   0.2050974474231944
   0.19466921171646534
   0.18561071367674334
   0.1756065263670744
   0.16750609311875791
   0.15935089139116856
   0.1511439162265885
   0.14322374521255196
   0.13605338131130737
   0.12948233658530417
   0.12313556437808697
   0.11608910968923829
   0.11161348774247672
   0.1054089986184766
   0.1008127096788396
   0.09476607668227065
   0.089930459284883
   0.08596238606035782
   0.08103624713891926
   0.07662421331348206
   0.07349182375611589
   0.07006064908605972
   0.06635196588429011
   0.06254574486174098
   0.059541634825977026
   0.055977898415356754
   0.0535616507989625
   0.05117824152938434
   0.048418623484770815
   0.04634019182426849
   0.04320043402559748
   0.04132565613744082
   0.03915997407762165
   0.03693909514376333
   0.03559906339765135
   0.033835170759285375
   0.032095063227699054
   0.030341053554384035
   0.029370469522804706
   0.027547907403467145
   0.02585613892270074
   0.0247034586849696
   0.02331291816654449
   0.022025231849858017
   0.022093371313586345
   0.020008531659269753
   0.01884279302837029
   0.018296493171097022
   0.017563154395210445
   0.015983569560958526
   0.015371321673493142
   0.014243712057957363
   0.014024451424209078
   0.013415945365124294
   0.013133545598580758
   0.011831833803768543
   0.0116229806740784
   0.01120690801068698
   0.009746622961826316
   0.009853766625509252
   0.009412606958754838
   0.009044197034563101
   0.008543899528903649
   0.00882033178287529
   0.00737555440899191
   0.007609128543401011
   0.007217974313476047
   0.0059075837962740746
   0.005412909375742402
   0.0060497555355567886
   0.006074501065108146
   0.005059617677255861
   0.0043127527357825655
   0.004062002923435679
   0.004868245859650065
   0.0038600428896580926
   0.003391155317882093
   0.003987467104566507
   0.0031144759286274794
   0.003999989419986008
   0.003687810754363624
   0.0030331442431905543
   0.002810689593320472
   0.002863559847462595
   0.0023021699133643457
   0.002121318078459711
   0.0018708267450515026
   0.0020736421075007133
   0.002258315830436478
   0.0020976152554746546
   0.0018973645300784981
   0.001923537259841878
   0.002280349973140088
   0.001341640249843452
   0.000948683039797803
   0.002213593546701833
   0.0017606810472087214
   0.0011401750698905849
   0.0015811384474485465
   0.0005477224753467763
   0.0006324554055425568
   0.0007071066044098301
   0.00044721355077859614
   0.0006324554055425568
   0.0007071067175469343
   0.0005477224753467763
   0.0007071067175469343
   0.0009999999199999969
   0.001048808614571791
   0.0
   0.00031622775020544923
   0.00044721355077859614
   0.00044721355077859614
   0.001048808728987321
   0.00031622775020544923
   0.0
   0.0007745965659619206
   0.0
   0.00031622775020544923
   0.0
   0.0
   0.00044721355077859614
   0.00031622775020544923
   0.0006324555004108985
   0.0
   0.0
   0.0
   0.0
   0.00031622775020544923
   0.0
   0.0
   0.0
   0.0
   0.0
   0.00031622775020544923
   0.00031622775020544923
   0.0
   0.0
   0.0
   0.0
   0.0
   0.0
   0.0
   0.0
   0.0
   0.0
   0.0006324555004108985
   0.0
   0.0
   0.0
   0.0
   0.0
   0.0
   0.0
   0.0
   0.0
   0.00031622775020544923
   0.0
   0.0
   0.0
   0.0
   0.0
   0.0
   0.0
   0.0
   0.0
   0.0
   0.0
   0.0
   0.0
   0.0
   0.0
   0.0
   0.0
   0.0
   0.0
   0.0
   0.0
   0.0
   0.0
   0.0
   0.0
   0.0
   0.0
   0.0
   0.0
   0.0
   0.0
   0.0
   0.0
   0.0
   0.0
   0.0
   0.0
   0.0
   0.0
   0.0
   0.0
   0.0
   0.0
   0.0
   0.0
   0.0
   0.0
   0.0
   0.0
   0.0
   0.0
   0.0
   0.0
   0.0
   0.0
   0.0
   0.0
   0.0
   0.0
   0.0
   0.0
   0.0
   0.0
   0.0
   0.0
   0.0
   0.0
   0.0
   0.0
   0.0
   0.0
   0.0
   0.0
   0.0
   0.0
   0.0
   0.0
   0.0
   0.0
   0.0
   0.0
   0.0
   0.0
