   0.0
   0.0
   0.0
   0.0
   0.0
   0.0
   0.0
   0.0
   0.0
   0.0
   0.0
   0.0
   0.0
   0.0
   0.0
   0.0
   0.0
   0.0
   0.0
   0.0
   0.0
   0.0
   0.0
   0.0
   0.0
   0.0
   0.0
   0.0
   0.0
   0.0
   0.0
   0.0
   0.0
   0.0
   0.0
   0.0
   0.0
   0.0
   0.0
   0.0
   0.0
   0.0
   0.0
   0.0
   0.0
   0.0
   0.0
   0.0
   0.0
   0.0
   0.0
   0.0
   0.0
   0.0
   0.0
   0.0
   0.0
   0.0
   0.0
   0.0
   0.0
   0.0
   0.0
   0.0
   0.0
   0.0
   0.0
   0.0
   0.0
   0.0
   0.0
   0.0
   0.0
   0.0
   0.0
   0.0
   0.0
   0.0
   0.0
   0.0
   0.0
   0.0
   0.0
   0.0
   0.0
   0.0
   0.0
   0.0
   0.0
   0.0
   0.0
   0.0
   0.0
   0.0
   0.0
   0.0
   0.0
   0.0
   0.0
   0.0
   0.0
   0.0
   0.0
   0.0
   0.00031622775020544923
   0.0
   0.0
   0.0
   0.0
   0.0
   0.0
   0.0
   0.0
   0.0
   0.0
   0.0
   0.0
   0.0
   0.0
   0.0
   0.0
   0.0
   0.0
   0.0
   0.0
   0.0
   0.0
   0.0
   0.0
   0.0005477224753467763
   0.0006324555004108985
   0.0
   0.0005477224753467763
   0.0009486832506163476
   0.00031622775020544923
   0.00044721355077859614
   0.00031622775020544923
   0.00044721355077859614
   0.0
   0.00031622775020544923
   0.00044721355077859614
   0.00031622775020544923
   0.0005477224753467763
   0.00044721355077859614
   0.0
   0.00031622775020544923
   0.000948683039797803
   0.0012247446713499104
   0.0006324554055425568
   0.000836659733703015
   0.00031622775020544923
   0.0005477224753467763
   0.0007071066044098301
   0.0006324554055425568
   0.000948683039797803
   0.0013416404138218258
   0.000948683039797803
   0.000836659733703015
   0.0010488084620177318
   0.0012247441814517838
   0.0009999996799999488
   0.0012247441814517838
   0.0014491368982949815
   0.0013416400560508023
   0.0015811376885015423
   0.0014491364290500739
   0.0015165738986280886
   0.001095444457743066
   0.001140174894478913
   0.0019999980399990395
   0.0010488082713251265
   0.0014832383490187948
   0.0019235367815563082
   0.0018165887564333323
   0.0014832383490187948
   0.002024842648207509
   0.0017606799112842742
   0.0017888521906518715
   0.0019999977499987344
   0.002144756946602575
   0.0020736400820778903
   0.0025495046558106143
   0.003162267540863676
   0.002645744953694517
   0.003146417122696862
   0.003049581871339086
   0.0031304849464579764
   0.003065931506084244
   0.00378151598039728
   0.0033316527054901746
   0.0034496234562630167
   0.004012460430957544
   0.004312750287229716
   0.00423081632666794
   0.004909147354683907
   0.005009956597616391
   0.00493959907279933
   0.005338491711148384
   0.005477176440466383
   0.005540701218257487
   0.0057008200945127185
   0.006188625203548847
   0.006196707354716696
   0.006074452204931734
   0.00684095357095778
   0.006935296930197005
   0.0070284006687154656
   0.007334723454909531
   0.007842049716113766
   0.008252095078826953
   0.009121170372271314
   0.008769043203793674
   0.009181262317895072
   0.009994712077393726
   0.010207507542980313
   0.01076993153367281
   0.010999567002386957
   0.011596918969709153
   0.012581138370990123
   0.012871787657897406
   0.01314464609489354
   0.01395983042841137
   0.01435874511369291
   0.015161364882819753
   0.015765793340013056
   0.015976806413986498
   0.016933702223672173
   0.017794281260843328
   0.018347416515411646
   0.019248719719503427
   0.020571674438168614
   0.021115821547834694
   0.022401913046880616
   0.023450259481506808
   0.024308182891981046
   0.024606254741223826
   0.026353560014540728
   0.027379874743321965
   0.028171122096217607
   0.029225813028211894
   0.030418063685251236
   0.031986686374802877
   0.033017657736278024
   0.03493833440277312
   0.03622744456555003
   0.03776831179692839
   0.03957740602603965
   0.04051287843439417
   0.04202501657049049
   0.04449660261188488
   0.04655435489446718
   0.048603890457863556
   0.050272926439187925
   0.052536994781867755
   0.054252047017508936
   0.05707266810645881
   0.059506537855180244
   0.06233959359628518
   0.06514515416360607
   0.06777288874992714
   0.07074342542342715
   0.07362956062879908
   0.07707937568610686
   0.07990636097576964
   0.08361719070884886
   0.08728850093746598
   0.0901993689501207
   0.0944668627528193
   0.0993077156317675
   0.10306634679001678
   0.10741574944257476
   0.11232285993647953
   0.11692714821079835
   0.12247653568871876
   0.1275694510188078
   0.13309897199869727
   0.13974792188437007
   0.1458771453732215
   0.1521891408708256
   0.15909286561804084
   0.16666676908655187
   0.17436089298050753
   0.18298173052518113
   0.1912295840658291
   0.20085035532395754
   0.2109746734843782
   0.2218617015118878
   0.2335925463180707
   0.24600705766215325
   0.258881685179852
   0.273563358761348
   0.28908424843590147
   0.306367771891219
   0.32457834608679614
   0.3449188405732427
   0.36484535397869605
   0.3801682927320347
   0.3907544479462134
   0.3971616177126888
   0.3998433379964708
   0.40045204307930554
   0.39685811256063547
   0.39038824312619863
   0.3797878400047979
   0.36466719462962394
   0.3444280021052876
   0.3243494215805541
   0.3066422482214576
   0.28959222694317954
   0.27350517472515945
   0.25896686828055826
   0.2456359366542282
   0.23333141226024412
   0.2215177987145954
   0.21099483029837485
   0.20061506555580516
   0.1917662475723765
   0.18250377746874172
   0.17424251664665544
   0.16653698491251126
   0.15998248831165865
   0.15202934157010614
   0.14527551884192325
   0.13923843584240667
   0.1333372869499001
   0.12800842367141313
   0.12195667113840063
   0.11664860563380086
   0.1124323505807381
   0.10737476561459867
   0.10256608802835371
   0.09898187282078472
   0.09443126501831901
   0.09057217168181406
   0.08686619602532392
   0.08317203110126625
   0.07948943144217349
   0.07667918247862324
   0.0734046091876389
   0.07028813601391064
   0.06707076802035294
   0.06429018957819303
   0.06183828065842387
   0.059612960201285085
   0.05684695755306523
   0.054942752475281034
   0.05283179575369363
   0.05054332873475984
   0.04788298185775401
   0.04618329117765429
   0.04391943046978182
   0.04216025723723706
   0.04110746457956267
   0.03920467410386164
   0.037122631641493306
   0.03584210565452314
   0.03484823107691408
   0.033102253631890385
   0.03166498053670648
   0.030208901084117574
   0.028914647559844128
   0.0280768898988118
   0.02664536863603129
   0.025644295894213978
   0.024655013607580913
   0.02404991847304269
   0.023057137112833415
   0.021921686712249127
   0.020769747701645296
   0.020535211086326822
   0.019460488149067586
   0.018295563369298034
   0.017903524603831503
   0.016912947340720953
   0.016451570173998592
   0.01563205903775955
   0.015259979852870056
   0.014624319635114654
   0.013970519452046155
   0.013378347258163094
   0.012481351048664564
   0.01230391825558021
   0.011657116178111979
   0.010931188396052829
   0.0108070081539712
   0.010197704508368538
   0.009284128598850836
   0.00963301253814195
   0.009137601544716207
   0.008431889609690107
   0.008179050995684035
   0.008555523069923895
   0.007905541675938469
   0.008185200058642428
   0.007327899272642877
   0.007224841545667282
   0.006663252752222446
   0.006324473350406341
   0.00618054107340126
   0.005761881789832207
   0.005108766362831638
   0.005504488160583144
   0.0051574776431895465
   0.004847647543912407
   0.005138056406852692
   0.004658296657577746
   0.004266122168902339
   0.0035636880208570446
   0.003885850433302857
   0.003346628004424752
   0.003435099946144217
   0.0030659293142536732
   0.0027748792964739926
   0.002607674511897526
   0.0025884295451103164
   0.003049581871339086
   0.00273860726465114
   0.0024899740641219537
   0.0024698133350518616
   0.002774882698421683
   0.0025690416501100172
   0.002387462651016765
   0.0023021699133643457
   0.001870826125004673
   0.0019235362200904875
   0.0017888521906518715
   0.0014491361530235866
   0.0014832388344430576
   0.0021213186252894683
   0.0019235367815563082
   0.0018165887564333323
   0.0015811376885015423
   0.001870827023003463
   0.0011832151283684637
   0.001341640249843452
   0.0014491364290500739
   0.0010954446585747725
   0.0014832388344430576
   0.0007745964368624477
   0.0010954449506935526
   0.0008944269897537752
   0.001140175210219903
   0.0011832153481087034
   0.0007745965659619206
   0.0009999996799999488
   0.0006324554055425568
   0.0005477224753467763
   0.0007745965659619206
   0.00031622775020544923
   0.0008366598771304861
   0.00031622775020544923
   0.00031622775020544923
   0.00031622775020544923
   0.00031622775020544923
   0.00031622775020544923
   0.00031622775020544923
   0.00031622775020544923
   0.0
   0.00031622775020544923
   0.0
   0.0005477224753467763
   0.00031622775020544923
   0.0
   0.0
   0.0007071067175469343
   0.0
   0.0
   0.0
   0.00031622775020544923
   0.00031622775020544923
   0.00031622775020544923
   0.0
   0.0006324555004108985
   0.0
   0.0
   0.0
   0.0
   0.0
   0.0
   0.0
   0.0
   0.0
   0.0
   0.0
   0.0
   0.0
   0.0
   0.0
   0.0
   0.0
   0.0
   0.0
   0.0
   0.0
   0.0
   0.0
   0.0
   0.0
   0.0
   0.0
   0.0
   0.0
   0.0
   0.0
   0.0
   0.0
   0.0
   0.0
   0.0
   0.0
   0.0
   0.0
   0.0
   0.0
   0.0
   0.0
   0.0
   0.0
   0.0
   0.0
   0.0
   0.0
   0.0
   0.0
   0.0
   0.0
   0.0
   0.0
   0.0
   0.0
   0.0
   0.0
   0.0
   0.0
   0.0
   0.0
   0.0
   0.0
   0.0
   0.0
   0.0
   0.0
   0.0
   0.0
   0.0
   0.0
   0.0
   0.0
   0.0
   0.0
   0.0
   0.0
   0.0
   0.0
   0.0
   0.0
   0.0
   0.0
   0.0
   0.0
   0.0
   0.0
   0.0
   0.0
   0.0
   0.0
   0.0
   0.0
   0.0
   0.0
   0.0
   0.0
   0.0
   0.0
   0.0
   0.0
   0.0
   0.0
   0.0
   0.0
   0.0
   0.0
   0.0
   0.0
   0.0
   0.0
   0.0
   0.0
   0.0
   0.0
   0.0
   0.0
   0.0
   0.0
   0.0
   0.0
   0.0
   0.0
   0.0
   0.0
