   0.0
   0.0
   0.0
   0.0
   0.0
   0.0
   0.0
   0.0
   0.0
   0.0
   0.0
   0.0
   0.0
   0.0
   0.0
   0.0
   0.0
   0.0
   0.0
   0.0
   0.0
   0.0
   0.0
   0.0
   0.0
   0.0
   0.0
   0.0
   0.0
   0.0
   0.0
   0.0
   0.0
   0.0
   0.0
   0.0
   0.0
   0.0
   0.0
   0.0
   0.0
   0.0
   0.0
   0.0
   0.0
   0.0
   0.0
   0.0
   0.0
   0.0
   0.0
   0.0
   0.0
   0.0
   0.0
   0.0
   0.0
   0.0
   0.0
   0.0
   0.0
   0.0
   0.0
   0.0
   0.0
   0.0
   0.0
   0.0
   0.0
   0.0
   0.0
   0.0
   0.0
   0.0
   0.0
   0.0
   0.0
   0.0
   0.0
   0.0
   0.0
   0.0
   0.0
   0.0
   0.0
   0.0
   0.0
   0.0
   0.0
   0.0
   0.0
   0.0
   0.0
   0.0
   0.0
   0.0
   0.0
   0.0
   0.0
   0.0
   0.0
   0.0
   0.0
   0.0
   0.0
   0.0
   0.0
   0.0
   0.0
   0.0
   0.0
   0.0
   0.0
   0.0
   0.0
   0.0
   0.0
   0.0
   0.0
   0.0
   0.0
   0.0
   0.0
   0.0
   0.0
   0.0
   0.0
   0.0
   0.0
   0.0
   0.0
   0.0
   0.0
   0.0
   0.0
   0.0
   0.0
   0.0
   0.0
   0.0
   0.0
   0.0
   0.0
   0.0
   0.0
   0.0
   0.0
   0.0
   0.0
   0.0
   0.0
   0.0
   0.0
   0.0
   0.0
   0.0
   0.0
   0.0
   0.0
   0.0
   0.0
   0.0
   0.0
   0.0
   0.0
   0.0
   0.0
   0.0
   0.0
   0.0
   0.0
   0.0
   0.0
   0.0
   0.0
   0.0
   0.0
   0.000999999499999875
   0.0
   0.000999999499999875
   0.0
   0.0
   0.0
   0.000999999499999875
   0.000999999499999875
   0.000999999499999875
   0.000999999499999875
   0.0022360659650377044
   0.0
   0.000999999499999875
   0.000999999499999875
   0.004999997499999375
   0.0039999979999995
   0.0029999984999996253
   0.0
   0.00199999899999975
   0.0
   0.0
   0.0
   0.0
   0.000999999499999875
   0.00199999899999975
   0.002828424296317651
   0.00199999899999975
   0.0
   0.0
   0.000999999499999875
   0.0029999984999996253
   0.0022360659650377044
   0.000999999499999875
   0.000999999499999875
   0.00199999899999975
   0.005999996999999251
   0.00199999899999975
   0.0022360659650377044
   0.003464096418981435
   0.004999991899993439
   0.005385160257596797
   0.004123099683490565
   0.004123102593921233
   0.0022360659650377044
   0.003316621021461451
   0.003316617403319231
   0.0063245398251572426
   0.006244984467554743
   0.004242636444476477
   0.0022360659650377044
   0.007873991617978774
   0.007483297668808852
   0.0031622719680634683
   0.002449482394302927
   0.002828420760778
   0.007348455892226611
   0.008717774945477774
   0.004242628901989897
   0.009327355412977464
   0.005656841521556
   0.0038729728891382653
   0.0042426331446402486
   0.0038729770203294518
   0.0057445555963886365
   0.006324535081727352
   0.004999987899985359
   0.008306602133243171
   0.009486802622591028
   0.007280073557320695
   0.008485252854217133
   0.004358879557868054
   0.004358873134194204
   0.009433936559040451
   0.010770287832736876
   0.007681111312824466
   0.015231450489037478
   0.009643594298807888
   0.01086269137921169
   0.005385143916368438
   0.007416149337762826
   0.012489968935109485
   0.006557404898281027
   0.011313644682417775
   0.009949826078881983
   0.009746745046424473
   0.009219470212544753
   0.00877490962916428
   0.014212567818659653
   0.01090864239949225
   0.01135774268946079
   0.01334154653703985
   0.010343982550255969
   0.012529868275444878
   0.013416290992670069
   0.014456719925349595
   0.016309347503808976
   0.01489952697235721
   0.01053553031413227
   0.015132614810402067
   0.0129227040127057
   0.014421960476994797
   0.016461814936391428
   0.022382744045357797
   0.01489953542899912
   0.013711159834237218
   0.019646617927775764
   0.013963969027464935
   0.022045081083996946
   0.01832997272229285
   0.017521112721514007
   0.02461673447068071
   0.01902597960684285
   0.01732020773547477
   0.019798588939618902
   0.01860063482787617
   0.02636217515684167
   0.022427097872885826
   0.022158071193134118
   0.021188977677084848
   0.0224715992977803
   0.025767540511271152
   0.026209974265534865
   0.027036234482634595
   0.026887717921013677
   0.02034634502803882
   0.02968068191602073
   0.023578644490300966
   0.028070188528045194
   0.029443759525576894
   0.02547463740664428
   0.0278019012119675
   0.025356410609548033
   0.029067563898613865
   0.029915193046343522
   0.03049434596773638
   0.028981400932322095
   0.03442178634237335
   0.03170036237963219
   0.03368776203608664
   0.032739582831795525
   0.03198265841045738
   0.033880171841358775
   0.03608099771347793
   0.032417638393319154
   0.032231655107983516
   0.03445075962878032
   0.040071958474723945
   0.040617188036593574
   0.03812852874161289
   0.03800969390826504
   0.03893260838936944
   0.03951859182713878
   0.038428895885778455
   0.042937767757534856
   0.04527276227490432
   0.040505456113960746
   0.04374500492627701
   0.0418052042214842
   0.04714357830076118
   0.047016340127661996
   0.04431200487452582
   0.04752313069443132
   0.05056037949818019
   0.05264314869002423
   0.04831513194642026
   0.05139345935038816
   0.053227307127075296
   0.05832605571269156
   0.05858259535903134
   0.0593293673571529
   0.0556044329078177
   0.061104728123116625
   0.05817860496780582
   0.06302021877937271
   0.06189862679413817
   0.06480881804199179
   0.06902825797454257
   0.06885448986812698
   0.0658489524897701
   0.06691563153703325
   0.07438510536391005
   0.07435915610064439
   0.07900941794495134
   0.0714787924911998
   0.07745491276219992
   0.0806590801832007
   0.08098007695723683
   0.07806356128181702
   0.08339350017237554
   0.08582905612902894
   0.08491519136173456
   0.08997715941281988
   0.087283858616585
   0.09480089830270597
   0.09438837639773236
   0.09805285451734692
   0.09663635029842549
   0.09976265521727055
   0.10178575428320016
   0.10396331997392158
   0.10674168246285047
   0.10883002857208114
   0.10747042599710861
   0.11196113000054975
   0.10739349013790361
   0.11497229134013116
   0.1189137556214587
   0.12233758610909405
   0.12168495394254789
   0.12440699297065258
   0.1256498623158816
   0.13352759211488838
   0.13183726391274964
   0.13369443320871666
   0.1356450885362238
   0.13545923265322302
   0.1390307485378684
   0.13907972993574585
   0.1455899013496472
   0.1499315242335647
   0.15164546943446744
   0.15425802631954033
   0.16125859023320277
   0.1613147755135902
   0.16429403163535794
   0.17195788795806954
   0.17328142824896153
   0.17148640696859913
   0.17827996280008587
   0.1810564605613398
   0.1849210694296353
   0.18492025641070262
   0.18994784622100877
   0.19660133383067369
   0.19457669738177796
   0.20366468759949527
   0.20670860595292107
   0.208483843956792
   0.21508163095671373
   0.22148888874162515
   0.22145164556624997
   0.2286723489974247
   0.23193731863372052
   0.2388623674336332
   0.24117591743580039
   0.24874324720683375
   0.2540763966290454
   0.2558617829297686
   0.26182398086500785
   0.2671733606462291
   0.27358585375527
   0.2790634461032115
   0.2832032611111673
   0.2848461654560229
   0.2915298650070006
   0.29793040314643954
   0.3019448607676574
   0.31582154450733724
   0.31552854450271217
   0.31936613592395796
   0.32784647897453467
   0.33268104863968434
   0.34194304798314
   0.3472149372348488
   0.3501469965585882
   0.3616736365274638
   0.36522542369199873
   0.37024033658017325
   0.37299369129249355
   0.379788525860116
   0.392856567096695
   0.4023309570788706
   0.4085393406956055
   0.41210808506507124
   0.4246366812040618
   0.4332835693353719
   0.43748027242836907
   0.45287814678564475
   0.45911929912714405
   0.46533600446988843
   0.4724966215794564
   0.48650197240196263
   0.49546287041412096
   0.5067664114668612
   0.5144868414410616
   0.520989387342967
   0.5309659000114791
   0.5409863850264626
   0.549555088447919
   0.5583561560858803
   0.572245497693953
   0.5753340559979045
   0.5915491358763023
   0.6038138557668249
   0.6161326783729297
   0.6288652826472455
   0.6367199790928505
   0.6465684062030869
   0.6599282858008133
   0.6704177673988063
   0.6853337776704137
   0.6922727074094428
   0.7050613826547303
   0.7220386908407332
   0.7313090279765456
   0.7473629247534294
   0.7534935010409844
   0.7744617191256131
   0.7871142653967085
   0.8017413034738824
   0.8149700917972389
   0.8318217892980444
   0.8435149226326704
   0.8648151242317632
   0.8755482167762093
   0.8940032934609358
   0.9090409092967159
   0.9188454526627424
   1.0315255065600657
   1.042959488052628
   1.0513679221870906
   1.0544375707982907
   1.0582506691252314
   1.057932916954095
   1.0577394007807406
   1.052926498448966
   1.0437082566905371
   1.02896538928722
   0.9214082487014102
   0.9082317893027088
   0.8908717774174912
   0.8777199718537798
   0.8602933664256629
   0.8503414316520159
   0.8324403620944867
   0.8163034371059577
   0.8001156513904724
   0.7930088342483961
   0.7725793398324861
   0.7617489600097922
   0.7474571151838747
   0.7315616254971279
   0.724801497812332
   0.7083538788141136
   0.6950494215636756
   0.6849015592652713
   0.6655574816279958
   0.6542493162999866
   0.6473491502666857
   0.6344420495766339
   0.6236862700035972
   0.6160125504922769
   0.6010280556837593
   0.5893305096429338
   0.5760782975637947
   0.5687910587166434
   0.5593790151087186
   0.5469825994892342
   0.536765224833912
   0.5281191154124228
   0.5192495878467309
   0.5120160628378762
   0.503700477966817
   0.4883191715579064
   0.4810487217226546
   0.4686536942338127
   0.4647151806214211
   0.45293613649608483
   0.44780114800656773
   0.4377924333014448
   0.4355219120779114
   0.42434745551729186
   0.414591345394474
   0.40834418521144633
   0.40647566980570926
   0.39324304820174505
   0.3834637710970881
   0.38490425812012
   0.3693862621037767
   0.3682704044245207
   0.35560127626177046
   0.35178623928601865
   0.34670608499851857
   0.3379506872844025
   0.334553851197382
   0.3270658298737427
   0.32405705915934
   0.3129835115641078
   0.31517050841568284
   0.3021590690745522
   0.3009665096833865
   0.29336006162905
   0.28321931215049584
   0.28335452775630743
   0.275437531892442
   0.2741405882954948
   0.2677789648030629
   0.2541957237543543
   0.25127749783655523
   0.2514011907370369
   0.24640665524900093
   0.23904433642109157
   0.2353782334350396
   0.23227929667536018
   0.23092019840412403
   0.22132644300896356
   0.2209780005136258
   0.21722820081886238
   0.21554177228555954
   0.20892738857315954
   0.20681787906271545
   0.20897142578831202
   0.19677173571171241
   0.1954870775780333
   0.1891015440841243
   0.18309737125092757
   0.1860049545039056
   0.17919331676990635
   0.17892594662317704
   0.17512679513712343
   0.17292128325917547
   0.1706794285319704
   0.16360510673875678
   0.1555822693754015
   0.1576576579681431
   0.15390644687926494
   0.15314561214412903
   0.14288145435989935
   0.14950241468284048
   0.14205871066569623
   0.13989437408273428
   0.1402618487116151
   0.13634406668058568
   0.13136144834387295
   0.13156359891322525
   0.12536472939387697
   0.12429384776005609
   0.11823811557615421
   0.11823407926651266
   0.12219412993675269
   0.11494451793800346
   0.11730181509252105
   0.11292671623225392
   0.10647897452549024
   0.10699588346754281
   0.10236144015692628
   0.1010495133288627
   0.09938029985364302
   0.10006323456195088
   0.09699312849372371
   0.09650450559429856
   0.09634580650448674
   0.09107019287889974
   0.0945955390914392
   0.09299930698666523
   0.08380705363512071
   0.08594527167913311
   0.08355227345799754
   0.08075562900504211
   0.08125706713265007
   0.07260560445998643
   0.0806466813700353
   0.07980161792846058
   0.07432897079874037
   0.06924893021556362
   0.07535284938872584
   0.07206583520642774
   0.07159262252495015
   0.06587803020734606
   0.06584129578767417
   0.06525491858856311
   0.06459260329170825
   0.06787415118437946
   0.06112736863304358
   0.06226988292103977
   0.06243106687379289
   0.0573042280377286
   0.056000053491045886
   0.052915965445222674
   0.052915639569034785
   0.05753198045435252
   0.061456262138206874
   0.058549546326167205
   0.05189626264000135
   0.05119800898472518
   0.048264277638850044
   0.04561231236190509
   0.0492481055473203
   0.04603831725856192
   0.04182861178667062
   0.04477283630729686
   0.04319251041558015
   0.04098372745371021
   0.0398081897980805
   0.03930276477552184
   0.037679489964700955
   0.040715148581332725
   0.039303140218053825
   0.03883000901364819
   0.03959484809921614
   0.03371692570505205
   0.03518278846254231
   0.038010824234683466
   0.03206046262922605
   0.03659010761121098
   0.03522583391489831
   0.03221608442998621
   0.029323988746417156
   0.030998439944616568
   0.036889466233601155
   0.03605390963543344
   0.029067262530207416
   0.02969700968111099
   0.02774748125506169
   0.031668963844748696
   0.025805822288778167
   0.026757221903628187
   0.025806071843657262
   0.028774069924152195
   0.0286869642695075
   0.027476116883577272
   0.0246772905927697
   0.022493739484576593
   0.02830109607418059
   0.021609521952139527
   0.023086159468391446
   0.020951645257592542
   0.022626837074589103
   0.015715882889612023
   0.02163284160714907
   0.020927981269104768
   0.021632828386505543
   0.020832209580358967
   0.021771116278225148
   0.01962106803922763
   0.02278112268963055
   0.018867514409693715
   0.017492497134485974
   0.014594271992805944
   0.01752107642241195
   0.018894234014640552
   0.01077018402813991
   0.013820037590397502
   0.016970279785554508
   0.017971894029289177
   0.011704588800978872
   0.020272902875513414
   0.014247629943257229
   0.010723702299112934
   0.013601295489768612
   0.014594316393719851
   0.013964115403418865
   0.014387347740289035
   0.012999847345257559
   0.0177198645593018
   0.016062217032526985
   0.016911354647100273
   0.010535588782787604
   0.013114739799172532
   0.010770204083488855
   0.011401661457875339
   0.009486779010812891
   0.0111354827466078
   0.010487987604874445
   0.011958190456753897
   0.015165703280758199
   0.008366546479880452
   0.0069281683004961715
   0.007681105063726182
   0.011135476819606784
   0.006164387723042735
   0.00842612360460016
   0.008123996799605475
   0.007211055678609061
   0.011832110716182467
   0.008888164658690792
   0.006708177025094075
   0.006403106667860531
   0.0057445430627683525
   0.005567738409803392
   0.011618897322896006
   0.007810221443723603
   0.0065574109982522825
   0.0059999786666287405
   0.007141403153442606
   0.0038729677251430846
   0.006164398105249206
   0.009380810199550995
   0.005656841521556
   0.004472128799576328
   0.005916060767098323
   0.003741648834404426
   0.00714139755230025
   0.003464092377521131
   0.00799997974997437
   0.00469039486610669
   0.0014142121481588255
   0.00818533072025804
   0.006782311110528623
   0.00458257034861441
   0.0031622751303452394
   0.0029999984999996253
   0.0024494864767946774
   0.0022360623873228583
   0.0037416525760684944
   0.006708187161968575
   0.00199999899999975
   0.0014142121481588255
   0.0022360659650377044
   0.0022360659650377044
   0.003605547808586096
   0.004123102593921233
   0.0026457465865044596
   0.0053851572864680565
   0.0024494864767946774
   0.0026457465865044596
   0.005567757088810538
   0.000999999499999875
   0.0022360659650377044
   0.005656841521556
   0.005196147707677294
   0.000999999499999875
   0.0036055444803801823
   0.00199999899999975
   0.0014142121481588255
   0.004242636444476477
   0.006403117912392368
   0.005385160257596797
   0.0022360659650377044
   0.004472131930075409
   0.0
   0.0024494864767946774
   0.0029999984999996253
   0.0022360659650377044
   0.0029999984999996253
   0.0037416525760684944
   0.0022360659650377044
   0.0022360659650377044
   0.0
   0.0022360659650377044
   0.000999999499999875
   0.0037416525760684944
   0.0
   0.000999999499999875
   0.000999999499999875
   0.000999999499999875
   0.004472131930075409
   0.00199999899999975
   0.00199999899999975
   0.0
   0.0
   0.0
   0.0
   0.0039999979999995
   0.0
   0.0
   0.0050990159835011305
   0.0
   0.0
   0.000999999499999875
   0.0
   0.0
   0.0
   0.0039999979999995
   0.0
   0.0
   0.0
   0.00199999899999975
   0.0
   0.0
   0.0
   0.0
   0.0
   0.000999999499999875
   0.0
   0.0029999984999996253
   0.0
   0.0
   0.0
   0.0
   0.0
   0.0
   0.0
   0.0
   0.0
   0.0
   0.0
   0.0
   0.0
   0.0
   0.0
   0.0
   0.0
   0.0
   0.0
   0.0
   0.0
   0.0
   0.0
   0.0
   0.0
   0.0
   0.0
   0.0
   0.0
   0.0
   0.0
   0.0
   0.0
   0.0
   0.0
   0.0
   0.0
   0.0
   0.0
   0.0
   0.0
   0.0
   0.0
   0.0
   0.0
   0.0
   0.0
   0.0
   0.0
   0.0
   0.0
   0.0
   0.0
   0.0
   0.0
   0.0
   0.0
   0.0
   0.0
   0.0
   0.0
   0.0
   0.0
   0.0
   0.0
   0.0
   0.0
   0.0
   0.0
   0.0
   0.0
   0.0
   0.0
   0.0
   0.0
   0.0
   0.0
   0.0
   0.0
   0.0
   0.0
   0.0
   0.0
   0.0
   0.0
   0.0
   0.0
   0.0
   0.0
   0.0
   0.0
   0.0
   0.0
   0.0
   0.0
   0.0
   0.0
   0.0
   0.0
   0.0
   0.0
   0.0
   0.0
   0.0
   0.0
   0.0
   0.0
   0.0
   0.0
   0.0
   0.0
   0.0
   0.0
   0.0
   0.0
   0.0
   0.0
   0.0
   0.0
   0.0
   0.0
   0.0
   0.0
   0.0
   0.0
   0.0
   0.0
   0.0
   0.0
   0.0
   0.0
   0.0
   0.0
   0.0
   0.0
   0.0
   0.0
   0.0
   0.0
   0.0
   0.0
   0.0
   0.0
   0.0
   0.0
   0.0
   0.0
