   0.08785422828208099
   0.09836671677737342
   0.10021251715105253
   0.10038685076398203
   0.10044563228154821
   0.1006015679785857
   0.10017907259622641
   0.10041888296326543
   0.10085861676941638
   0.10062432726607418
   0.10079191683418864
   0.10075138931925455
   0.10057447137698512
   0.10097425767189379
   0.10027357308802753
   0.10048220043370866
   0.10054971162643879
   0.10032732556268008
   0.10037760489491668
   0.10047946693946977
   0.10067242817529534
   0.10051907251815448
   0.10049565583402101
   0.10038638337817535
   0.10061579296864881
   0.1007258619422043
   0.10042315334304136
   0.10051979572397667
   0.10046997618472894
   0.10067855255038184
   0.10069124273818453
   0.1007065277653837
   0.10049621257022576
   0.10052912584102182
   0.10044084088531915
   0.10037180779960078
   0.10069375213110296
   0.10056339288150534
   0.10031737775181326
   0.10053596321590598
   0.10047852643022787
   0.1003756591250588
   0.10059535381114776
   0.10052727705533458
   0.10069922775394059
   0.10039828304806811
   0.10066975368679512
   0.1005008319383974
   0.10040647817302428
   0.10026659194287996
   0.10069087698371686
   0.10052605023077352
   0.10046790518289908
   0.10035043530304191
   0.10065803405670111
   0.10037710968019552
   0.10029233906515492
   0.10063436111309099
   0.10063996120507997
   0.10074889182313619
   0.10052705098623953
   0.10045315470984473
   0.10041404418461594
   0.1008242515030982
   0.10069738248335951
   0.10067072690529258
   0.10039959289937385
   0.10075178207054206
   0.10040898439756275
   0.10072243439293949
   0.1006148757065276
   0.10033720516134581
   0.10062159124164158
   0.10051332437239353
   0.10066961281161262
   0.10033495814939078
   0.10055654269136345
   0.10041236574122732
   0.10030296560241876
   0.1003663982176804
   0.10067589467812044
   0.10040504688012451
   0.10043748081224459
   0.10071120748511557
   0.10051130419564756
   0.10067003903997455
   0.10044559212608585
   0.10038576808910714
   0.10051606786852538
   0.10080849735295135
   0.10035493622732267
   0.10059781312290045
   0.10065377067929449
   0.10023764126070606
   0.10066039376591968
   0.10068050223946044
   0.10045357639745835
   0.10011178730674025
   0.09843485836425021
   0.08764597389355658
