   0.0
   0.0
   0.0
   0.0
   0.0
   0.0
   0.0
   0.0
   0.0
   0.0
   0.0
   0.0
   0.0
   0.0
   0.0
   0.0
   0.0
   0.0
   0.0
   0.0
   0.0
   0.0
   0.0
   0.0
   0.0
   0.0
   0.0
   0.0
   0.0
   0.0
   0.0
   0.0
   0.0
   0.0
   0.0
   0.0
   0.0
   0.0
   0.0
   0.0
   0.0
   0.0
   0.0
   0.0
   0.0
   0.0
   0.0
   0.0
   0.0
   0.0
   0.0
   0.0
   0.0
   0.0
   0.0
   0.0
   0.0
   0.0
   0.0
   0.0
   0.0
   0.0
   0.0
   0.0
   0.0
   0.0
   0.0
   0.0
   0.0
   0.0
   0.0
   0.0
   0.0
   0.0
   0.0
   0.0
   0.0
   0.0
   0.0
   0.0
   0.0
   0.0
   0.0
   0.0
   0.0
   0.0
   0.0
   0.0
   0.0
   0.0
   0.0
   0.0
   0.0
   0.0
   0.0
   0.0
   0.0
   0.0
   0.0
   0.0
   0.0
   0.0
   0.0
   0.0
   0.0
   0.0
   0.0
   0.0
   0.0
   0.0
   0.0
   0.0
   0.0
   0.0
   0.0
   0.0
   0.0
   0.0
   0.0
   0.0
   0.0
   0.0
   0.0
   0.0
   0.0
   0.0
   0.0
   0.0
   0.0
   0.0
   0.0
   0.0
   0.0
   0.0
   0.0
   0.0
   0.0
   0.0
   0.0
   0.0
   0.0
   0.0
   0.0
   0.0
   0.0
   0.0
   0.0
   0.0
   0.0
   0.0
   0.0
   0.0
   0.0
   0.0
   0.0
   0.0
   0.0
   0.0
   0.0
   0.0
   0.0
   0.0
   0.0
   0.0
   0.0
   0.0
   0.0
   0.0
   0.0
   0.0
   0.0
   0.0
   0.0
   0.0
   0.0
   0.0
   0.0
   0.0
   0.0
   0.0
   0.0
   0.0
   0.0
   0.0
   0.0
   0.0
   0.0
   0.0
   0.0
   0.0
   0.0
   0.0
   0.0
   0.0
   0.0
   0.0
   0.0
   0.0
   0.0
   0.0
   0.0
   0.0
   0.0
   0.0
   0.0
   0.0
   0.0
   0.0
   0.0
   0.0
   0.0
   0.0
   0.0
   0.0
   0.0
   0.0
   0.0
   0.0
   0.0
   0.0
   0.0
   0.0
   0.0
   0.0
   0.0
   0.0
   0.0
   0.0
   0.0
   0.0
   0.000999999499999875
   0.0
   0.0
   0.0
   0.0
   0.0
   0.0
   0.0
   0.000999999499999875
   0.0
   0.0
   0.0
   0.0022360659650377044
   0.0
   0.0
   0.000999999499999875
   0.000999999499999875
   0.000999999499999875
   0.0
   0.004999995099997599
   0.0
   0.0024494864767946774
   0.006480732983235769
   0.0029999984999996253
   0.0039999979999995
   0.0031622751303452394
   0.000999999499999875
   0.007071063286380627
   0.00458257034861441
   0.007071063286380627
   0.0022360659650377044
   0.00199999899999975
   0.0024494864767946774
   0.005999996999999251
   0.006403117912392368
   0.006324550260690479
   0.006082758502521697
   0.0053851572864680565
   0.0067823226110234535
   0.00299999583333044
   0.004123102593921233
   0.006557429298132005
   0.004123099683490565
   0.0024494864767946774
   0.00692819283796287
   0.000999999499999875
   0.004690408937395545
   0.0031622751303452394
   0.00435889332285157
   0.00948682265039249
   0.0022360659650377044
   0.0
   0.004242636444476477
   0.006324550260690479
   0.00435889332285157
   0.0037416525760684944
   0.00599999166666088
   0.0024494864767946774
   0.0039999979999995
   0.0014142121481588255
   0.00299999583333044
   0.006855642274798182
   0.0061644088118813145
   0.0022360659650377044
   0.003316621021461451
   0.004472128799576328
   0.00299999583333044
   0.002828420760778
   0.014525817532930805
   0.0031622719680634683
   0.006244988310637579
   0.005385153572554826
   0.0037416525760684944
   0.00435889332285157
   0.004123099683490565
   0.0037416525760684944
   0.0057445555963886365
   0.005477219732674598
   0.00728009004065197
   0.007937243287187309
   0.0042426331446402486
   0.0031622719680634683
   0.005196147707677294
   0.006082758502521697
   0.00871778664570314
   0.006324535081727352
   0.0043588896521935495
   0.00824619936698113
   0.008426136421872127
   0.005196140779463158
   0.006082748638567929
   0.008999983944430124
   0.00608274403538403
   0.010630128832709414
   0.010344050222229203
   0.005385149115855568
   0.01307666008581702
   0.010862758213271618
   0.01676301807551373
   0.008124022648909837
   0.0051961361606486026
   0.012288184202720922
   0.009380810199550995
   0.0068556335228773715
   0.007999983999984
   0.017944283100753845
   0.00806223982525948
   0.008999959499908875
   0.012449861003240156
   0.012124310743295884
   0.00836657134075841
   0.011313673850699426
   0.009219510561846545
   0.011532503240840646
   0.009433948007064699
   0.006557416488221562
   0.01326646524135197
   0.010295586433030418
   0.015588392316079294
   0.00938078973221338
   0.007280079601213163
   0.010099460381624356
   0.006782306097486312
   0.009949842963584903
   0.011224926547643864
   0.0089999799444221
   0.007615741329640865
   0.006557416488221562
   0.007348447182908781
   0.007483297668808852
   0.010770282076157522
   0.011958225579073176
   0.007937220609256114
   0.011575807704000615
   0.013304077532846837
   0.010862749375733567
   0.010999966863586454
   0.012041524778864178
   0.011090498591136469
   0.015394744265495286
   0.01280616585867917
   0.0208326017578218
   0.011618884585019338
   0.017233618279397976
   0.017029280665958855
   0.02007476104465505
   0.024778924512577214
   0.023515819335077397
   0.020712231144905658
   0.01841185159075534
   0.016278752747062655
   0.025357295419661776
   0.016461964615440042
   0.017691714190546944
   0.01621718813481548
   0.021283671464293937
   0.0179720972343241
   0.01228813049247118
   0.014832305822089834
   0.01506643285585543
   0.013892364485572642
   0.01536219658772794
   0.0143526130025163
   0.011618891126092885
   0.009949797937646774
   0.011916314698764884
   0.01435263265049308
   0.011135456883307483
   0.018083051484746704
   0.01166183519005478
   0.018947130627089685
   0.012649026998152863
   0.01643158799386109
   0.016911381256420187
   0.017606644086821315
   0.011489041039181644
   0.011789732439712106
   0.01208297976494209
   0.022715413269408062
   0.010488004385963996
   0.013416321999713633
   0.011357749733111749
   0.015588373840782752
   0.020591112548864376
   0.015905840908295294
   0.015099557476959383
   0.01334154653703985
   0.01523147675046645
   0.01568429418239788
   0.02747703912360282
   0.013416282495535043
   0.012489911288716186
   0.013190795427115076
   0.019157119799176493
   0.01506642595309186
   0.016522567566816002
   0.01067699564484317
   0.013304058591272063
   0.019493407706196474
   0.014999841299160467
   0.015099533237818976
   0.010677003324903482
   0.01876150089944832
   0.01624797328899823
   0.013304012590192479
   0.01714630117547222
   0.017691611317231678
   0.022868978967151114
   0.017832400960050218
   0.014317673519116156
   0.015165579975721337
   0.013711202864810949
   0.020999766641560568
   0.016582954350778393
   0.015066411351081584
   0.020518108465450706
   0.016643173946095737
   0.019672140478351613
   0.019287109788664554
   0.017691638448713562
   0.019026084725975546
   0.021047385372059874
   0.013228606540373026
   0.026795166653708277
   0.018654531245785835
   0.01769160182120319
   0.023451820824831493
   0.021260037253024746
   0.01918308588314195
   0.02280323345492915
   0.023409102417649423
   0.02505956990851998
   0.024145189976473577
   0.016431510094936496
   0.01621703052349597
   0.032786880775700515
   0.0174926137555255
   0.01627862890417986
   0.018999772393373558
   0.020420286947053414
   0.021931389354074217
   0.02172529254118342
   0.019672024578065165
   0.022135596310016135
   0.027147242493483572
   0.022293063472748648
   0.02404127908410865
   0.02718408944585049
   0.02374836044867098
   0.027730370192263935
   0.024778506815383367
   0.022315448998395708
   0.0256316011009847
   0.025435722419463538
   0.020566559240670277
   0.025317386733231372
   0.024206947019399204
   0.022382597682127962
   0.023237478348564416
   0.028088573459682853
   0.02397861712025946
   0.02683232669747445
   0.0244739600187628
   0.027494890870850896
   0.02565089308386747
   0.03361475271365238
   0.02493943992955736
   0.02555347567357521
   0.03244912496508958
   0.03240303590714919
   0.03327090186634561
   0.03528374808605231
   0.02842466506398976
   0.03436487705492339
   0.03196794994991077
   0.03368894143483882
   0.0340872189537369
   0.030918409014695437
   0.030869848703872844
   0.033644140292181636
   0.03604075458422035
   0.03612378218016491
   0.03204597907694505
   0.03264871354280288
   0.03663229345809514
   0.031175912175909145
   0.032983820276008054
   0.03274058912115052
   0.031415585160871985
   0.03599908976627048
   0.033866320127820204
   0.03352508547341826
   0.03501304848195884
   0.04217676600926155
   0.045385826686312546
   0.02964683752105779
   0.03545317530207979
   0.034610853731163585
   0.04308010009273423
   0.03706620967943715
   0.03646784748240565
   0.04423640327829558
   0.03778763205071204
   0.04183150348720448
   0.035677905978350244
   0.039100836193104616
   0.03843033227803267
   0.03512684193035292
   0.03426238748248581
   0.0368494830357225
   0.03974761960168181
   0.03190483041797903
   0.03925376250756098
   0.03491261146061692
   0.03883141635325706
   0.03777404133793471
   0.03643995609217991
   0.041325882979072574
   0.032540716633165906
   0.04224712268308932
   0.03546660801373596
   0.03926643024263856
   0.03758821590605226
   0.043895511832076864
   0.045627184879192366
   0.03850795189308307
   0.04440474046765728
   0.03912627392175238
   0.048299539863232654
   0.04241251078396562
   0.04606269115021397
   0.04570292059595317
   0.0413499519225839
   0.04336808908633167
   0.040777447087820495
   0.04267072944068334
   0.04488604405603149
   0.043275757081765766
   0.05260913624077095
   0.045812105376199425
   0.04156649400659142
   0.04814235557178315
   0.04430294571470389
   0.04901723932454785
   0.047483549983125733
   0.050345522849604016
   0.043136399930916815
   0.05009672548181168
   0.050365266910838466
   0.05092738010147391
   0.05078008309366971
   0.047829428765144164
   0.05815980638722932
   0.05264587197492316
   0.051084541066745426
   0.052398133554545624
   0.052110820373507845
   0.04998575996221324
   0.053698271704031596
   0.057170496228386894
   0.05653695208445535
   0.05273961603955797
   0.052976437922910596
   0.06087970951803236
   0.05540271874195345
   0.05212949717770161
   0.05995294147079024
   0.058909528185175614
   0.05980188584819044
   0.061230629590099755
   0.05879861818104232
   0.05533855067672084
   0.06277851960662978
   0.05722220400334122
   0.06376626819094873
   0.06269047454757382
   0.054573859227655876
   0.06356935563618683
   0.05757802632949483
   0.06271328022038075
   0.05832803023418501
   0.0658089375085178
   0.0648459404743273
   0.06584000215674359
   0.06512983493760752
   0.06807866740763953
   0.06669153792648659
   0.06791719664414897
   0.07045241763772199
   0.06516660712358746
   0.07250885103902832
   0.07081359188743358
   0.07780194233436592
   0.07489548263413488
   0.07365061031654796
   0.07729266353283473
   0.07296769079531022
   0.07668242082772296
   0.07451911405136269
   0.07885368283092427
   0.07889781669349286
   0.0781215039217756
   0.07666180007670052
   0.08253969173070615
   0.07831712862458634
   0.07799812692622816
   0.07843243489781507
   0.08440016909935667
   0.08228761168000928
   0.08468159422212125
   0.08037095833695154
   0.08964293876820414
   0.08719989054465607
   0.08413156477208777
   0.08623226564923364
   0.08826314290801116
   0.0913358440044214
   0.09423488252234413
   0.08753751963586814
   0.09535078848127057
   0.09035035025388669
   0.09495588107642412
   0.08840260163026878
   0.09532246953892876
   0.09488239794081935
   0.0928304294076032
   0.10304645117615648
   0.09790190674343376
   0.09710313164877846
   0.09786052505479419
   0.10081747340615119
   0.10283743596570269
   0.10081737747035478
   0.10788330211853918
   0.10946576239171771
   0.10895645382904126
   0.10732953356369346
   0.1109463756911419
   0.10222024016798238
   0.11362434207070243
   0.11242088805466714
   0.11253047443248428
   0.11740105654976024
   0.11824863970042108
   0.1194197270094016
   0.1141545415609909
   0.11902529445038143
   0.11195375169685025
   0.11609281305920707
   0.11925028140847299
   0.12102392695661465
   0.11944896845096653
   0.12017504830870675
   0.12887294479447578
   0.1179769480491846
   0.1303974659876487
   0.1287898333875776
   0.13474384533625275
   0.13376719416957208
   0.13252126331649575
   0.12889536840398882
   0.13173445969449302
   0.13315040698022668
   0.13920406522440357
   0.1314228081270523
   0.139116456251588
   0.14409265263711402
   0.14096767705754393
   0.1418040548609242
   0.1429745487840406
   0.13988365701539263
   0.14993376072119316
   0.14666703622832228
   0.1479097419915267
   0.14784037120827315
   0.14584320371892548
   0.15564360097350613
   0.15232011449247274
   0.15435456117653276
   0.15389164312593456
   0.1638281428814964
   0.16248106331508297
   0.16335702739704833
   0.15558159656913154
   0.1636584970724099
   0.16688046975005794
   0.17073040312434104
   0.17180301323317937
   0.17123072878137263
   0.16682267260777234
   0.17337908514004796
   0.17513652610178151
   0.17525024520382276
   0.17479035798349976
   0.1746028683584551
   0.18164928665976093
   0.17887285459510058
   0.1840350364903379
   0.18024866554568442
   0.1876312100238124
   0.18915655221006752
   0.18409612096945444
   0.187343208427741
   0.18445485745569293
   0.19860420367907625
   0.19690447404769654
   0.19386787572725916
   0.19911445399819672
   0.19925940999360606
   0.20630720308316916
   0.20281237437345878
   0.20274076629775273
   0.207365168106893
   0.2064381922779794
   0.20546929156202393
   0.20991908268663906
   0.2145585234848525
   0.21680421119295631
   0.2164436711363952
   0.21373385917069854
   0.22041403613200317
   0.2250697947726438
   0.2292584671587944
   0.22894921931292975
   0.22825522402784124
   0.2344492424726512
   0.23144131661395292
   0.23545426117188875
   0.2333423909172956
   0.2358613924829581
   0.23823929911750497
   0.24404345055542875
   0.24283458562362983
   0.24578706530450295
   0.24750809423329978
   0.2533638259874523
   0.2611587384255024
   0.25410965168407124
   0.25820681485778024
   0.2586535744175982
   0.26013634652620155
   0.2677419684677768
   0.2623089967786084
   0.27249110058862475
   0.2735918886516923
   0.27545226065509065
   0.2717957806221429
   0.28276562956625406
   0.28043328669043555
   0.2851729016509107
   0.28515888846571136
   0.29094393686756903
   0.29280313631516997
   0.290974434725802
   0.2984056628132248
   0.30162656322678216
   0.29526006889520295
   0.3117602386450203
   0.307872619696848
   0.3059390837650528
   0.3148750973306717
   0.3179979116346521
   0.32046073218258736
   0.3248640675174772
   0.3272316455952877
   0.32511790003627916
   0.3259486695232855
   0.3306232297207805
   0.3270317718127705
   0.3349771231576867
   0.3415040883562011
   0.34367714894068824
   0.3437831569099917
   0.3500676160386733
   0.3567049178242431
   0.35838350448088424
   0.3570848978590386
   0.3541840061832267
   0.36071257477387725
   0.362715999061249
   0.3723228673664834
   0.3736044760117309
   0.37452588865257364
   0.38138592248665915
   0.3837593495720984
   0.3863280481339661
   0.3893138615038001
   0.393377613596656
   0.39748348113475107
   0.39686600773560843
   0.40769360783681663
   0.40285650050483235
   0.4081540151940196
   0.41191998628374416
   0.42141673625996395
   0.4215440708146659
   0.43139350507859986
   0.427693808063666
   0.4361431162542864
   0.4362380729647517
   0.4405047301040024
   0.44052648832845454
   0.445132784053253
   0.4516369899366083
   0.4573885677233308
   0.45687470927487334
   0.46204108188666515
   0.4669707311427559
   0.46798466812492906
   0.4734197155125671
   0.47815289316702875
   0.4775047319043027
   0.4890330335468147
   0.49056910669547876
   0.4907929539418837
   0.498455153688875
   0.49682602374573737
   0.5059399151826233
   0.5093685651510113
   0.517613959215746
   0.5192078948080431
   0.5263713901647771
   0.5296230253444425
   0.5332932479565066
   0.5380358943416322
   0.5419054187577386
   0.5442757000050618
   0.5511362490119843
   0.5626199609647706
   0.5603040460098427
   0.5624482741719455
   0.5752284099025361
   0.5783212961633005
   0.5844380785600815
   0.5886537670447713
   0.5946697345510363
   0.595681988795196
   0.6031933312885679
   0.6038116638787296
   0.614182045976598
   0.6154041387933623
   0.6245273874851287
   0.6237581620075203
   0.6331877101452618
   0.6371100646442497
   0.6429179793535098
   0.6521972500524669
   0.658279071516025
   0.6556189578680592
   0.6656880298488174
   0.6703174498392533
   0.6774346883346025
   0.6822923398184975
   0.6843801647593244
   0.6933241129486266
   0.698946696405384
   0.7028430237001716
   0.7131776366873824
   0.7180231471192277
   0.7209747514795508
   0.7304399231634318
   0.7336798679471858
   0.7443751754263437
   0.7467421119710607
   0.7546949057990255
   0.768411414589216
   0.7700667743280449
   0.7739426948909073
   0.7740779267205595
   0.7886608899742652
   0.7941154045074305
   0.7991152905250907
   0.813089551092621
   0.8215636214901436
   0.825630463175869
   0.8321593115449709
   0.8336400568854642
   0.8446614233117314
   0.8494948849381024
   0.8608642662603669
   0.8662996786049271
   0.8692666426338929
   0.8761993807439036
   0.8838024059505609
   0.8943092697965285
   0.9012896698376166
   0.9069200621686566
   0.9133183166667578
   0.923841525496121
   0.9312720884462284
   0.9340446696978684
   0.9464237319293087
   0.9541539401983309
   0.9621563379326667
   0.9702219096469632
   0.9742035846777612
   0.9899435402405533
   0.9890455509019794
   1.000628301368695
   1.0115515931829677
   1.0140232585966655
   1.0238778029413471
   1.0289412268365963
   1.0444552029527163
   1.052210184020284
   1.0586410819536525
   1.0659290176700322
   1.0827313439071578
   1.0822805691497006
   1.0898333491612378
   1.1000247474266205
   1.1066569558377157
   1.1209234418175043
   1.1301162811812775
   1.1378750148302756
   1.1511989860623575
   1.1546280076959852
   1.1587291413091327
   1.1786368533348175
   1.1838174259905958
   1.1951984822743877
   1.1970491704370376
   1.2099332275919197
   1.2200728365142797
   1.234009928303253
   1.2405270095209535
   1.258988011300743
   1.2679841003100158
   1.2689282014534944
   1.2785381349146376
   1.2941317233713112
   1.2953136789114055
   1.3138075378547651
   1.3168872938197862
   1.3268717182847782
   1.3399995212999145
   1.3456039364850267
   1.3548896347068273
   1.3709747499407128
   1.3801879802313162
   1.3886779452698887
   1.4003938491595855
   1.4066404909709518
   1.420273992518345
   1.427833841514831
   1.435833636044232
   1.4528497403348357
   1.4599269350210646
   1.475597097660469
   1.486064749878349
   1.4927495516448832
   1.5047873929708477
   1.5175990422292047
   1.52741174433615
   1.5343570316181303
   1.5507988769634187
   1.5593164552187604
   1.5673901350257375
   1.5823150507275725
   1.5971415146814636
   1.6071873844573943
   1.6104217175109754
   1.6250887406461838
   1.6375100658374593
   1.6426530263494479
   1.7198768882033388
   1.7274337100540211
   1.7348248304076697
   1.7352564627005427
   1.7368162432669727
   1.7385874725926216
   1.737625059412991
   1.7331189233275366
   1.7233594653394282
   1.726320682484862
   1.6478808916274865
   1.635933841694095
   1.6205720176527176
   1.616460854681919
   1.6011718960511392
   1.5976918124591488
   1.581287538471103
   1.5697164779765167
   1.5584342754826077
   1.542635094069884
   1.5372635858186454
   1.529490313258309
   1.5173239202952018
   1.503104996836881
   1.4911075708465837
   1.4864368720278704
   1.4716911200914409
   1.4656070252888391
   1.4548262723376972
   1.4408934121842603
   1.42845484893258
   1.4241799008552256
   1.4111598437877262
   1.3951975371505643
   1.390205989404448
   1.376534080353625
   1.3707789473711653
   1.3577370381038443
   1.3530841739611028
   1.3397609023519832
   1.3235879358395497
   1.3202422953382458
   1.3045527995386006
   1.2969325956255398
   1.2964848613015116
   1.2804360575600797
   1.2721851381583578
   1.2574737701773346
   1.2501217504083353
   1.238910112503728
   1.2296405460523818
   1.2237071087413034
   1.2156287904944503
   1.2015969423026176
   1.2004768411556301
   1.1811425237015218
   1.1749655729045851
   1.1603485396104052
   1.153057990638372
   1.1471763204141725
   1.134962908979408
   1.130695636568922
   1.1243080506333663
   1.1099242587330003
   1.0994525865829776
   1.0940275734715281
   1.0779417346610158
   1.0758104351603957
   1.0651078818481252
   1.0598183532922045
   1.047563382330635
   1.0466202616785134
   1.039296851256175
   1.030032737885549
   1.0128647050104964
   1.0045549000423024
   1.0023380961252546
   0.9960619221534373
   0.9818714862949225
   0.976810795018155
   0.9633198664612912
   0.9587167476496903
   0.9546104886156448
   0.9421974214436166
   0.9439227949228687
   0.9278557765170188
   0.9252915391761669
   0.9172795788803979
   0.9109010713348624
   0.9000820241683533
   0.8982253623651472
   0.8881590491567375
   0.8819295585453523
   0.8761126324645708
   0.8613747820199985
   0.8638539628339966
   0.8495293659432851
   0.8423134337074294
   0.8368114270706394
   0.8297046067125335
   0.8193340112792828
   0.8179161333969395
   0.808314146217917
   0.8021818223719607
   0.7904209984400717
   0.7882676301637661
   0.7842388832230903
   0.7753883757472767
   0.7690651545291856
   0.7608243330960177
   0.7589879858541899
   0.7486287739033279
   0.7431535440270738
   0.7367440234701602
   0.7305614532508542
   0.7328341916804919
   0.7216196199522295
   0.7149258749800569
   0.7057778281293625
   0.7051437913156436
   0.691828625397215
   0.6936495790173883
   0.6841002853317634
   0.6771376099250432
   0.6704519259357825
   0.6656588934874978
   0.6607283403971711
   0.6560155466907778
   0.6511141100575228
   0.6440303104660525
   0.6377629396288248
   0.6353295173616601
   0.6368042593379853
   0.6291009313862125
   0.6177214128035389
   0.6143235756504873
   0.609639344064177
   0.5959079416688453
   0.5999359096403548
   0.596346422206925
   0.5872445903505625
   0.5829225574422386
   0.5801828082630508
   0.5758083100954692
   0.5684861865129178
   0.5622063092353198
   0.5594064591547009
   0.5497502879489923
   0.5458061085687848
   0.5378184798758778
   0.5333754886569123
   0.5289790154996699
   0.5283351696754628
   0.5265970293725555
   0.5215366197833091
   0.5169869321211127
   0.5104793128972025
   0.5069096291805868
   0.49607595244176067
   0.49471325800305777
   0.4952989687047612
   0.48970290446249143
   0.48048370998297124
   0.48275272142060477
   0.4808842152160954
   0.4760594708384657
   0.46980093050567706
   0.4709997470816731
   0.4632922843475812
   0.4572879531662736
   0.457173107554458
   0.44987799579441534
   0.4504175193917306
   0.445050230952642
   0.44193489091041455
   0.43515874693150774
   0.4261731469238765
   0.42884767103366667
   0.42491019470471636
   0.42278873672320083
   0.4175659372781741
   0.41757509836555146
   0.4109385985472769
   0.4045086121691354
   0.4048472887287255
   0.3986439624476959
   0.39275451856853283
   0.39172284871321966
   0.382860654441012
   0.39164527442061653
   0.38116835292426887
   0.3829740910805847
   0.37468837414443484
   0.3714554777830043
   0.3732936721885331
   0.36555526364012325
   0.3587682470620832
   0.3592518347774998
   0.3563289524638715
   0.35572783193896984
   0.35076642347721937
   0.34125298087489286
   0.3419149315253723
   0.34163390050608267
   0.3383037980735658
   0.3310887735562775
   0.3302038064453528
   0.32810955900582967
   0.3274511080436284
   0.3188883147420112
   0.3215354580617821
   0.3283491006703079
   0.32022540067739785
   0.3082702670563608
   0.3169746746587178
   0.3115626015040958
   0.3065210112064098
   0.30371837181013595
   0.30220406393031846
   0.3035315162400768
   0.29691438492434147
   0.29309381221547476
   0.2996476883208012
   0.28485605066419073
   0.2891667720036311
   0.28225414476319033
   0.28667687507715023
   0.2770236440721261
   0.27255801510871036
   0.2771167424588417
   0.27656377254441694
   0.26928385611469546
   0.2689310524576885
   0.2652522902822896
   0.26191391042859863
   0.25776798386145633
   0.25930636489681463
   0.25712810951741544
   0.2565907685615365
   0.25468711667259497
   0.2454231528910832
   0.24952821403600836
   0.2406300358309411
   0.2449802382050438
   0.24368862463192656
   0.2362148742120191
   0.23554013622947578
   0.23167496292003587
   0.22830994388987966
   0.2297841896737023
   0.23130385297050285
   0.22943936575705573
   0.2249364632935265
   0.21758215970984385
   0.2185530748445329
   0.21779229209501422
   0.2164187058828326
   0.21635984294457233
   0.21098857636374532
   0.20781698246052943
   0.20882056239508598
   0.2130180048728276
   0.20085893585051176
   0.2041069444555966
   0.19981815088725047
   0.19410428768061772
   0.19598339978426743
   0.19761925254134527
   0.19624961140088915
   0.19334840750313928
   0.19135114452492832
   0.18995802515029472
   0.18782551264138747
   0.18709303951777576
   0.18200393374869678
   0.18281788069004629
   0.1811177881490385
   0.1828197988156644
   0.18317018289012
   0.17514399651715157
   0.1718827006274919
   0.1759288572093845
   0.17833476811603508
   0.16357721716363804
   0.17054764828633667
   0.16961073453941528
   0.17140000723162177
   0.16681119858990284
   0.16730227971847844
   0.16427856974967855
   0.16084820128307312
   0.159948788604353
   0.1602097980024942
   0.16023560501960854
   0.15659492964652463
   0.1542397369162694
   0.1530349614663264
   0.14796853367861695
   0.14906432785545978
   0.14410024238702723
   0.14580161137312578
   0.14503636776684667
   0.1448168883935848
   0.13561235564652654
   0.14347871632754455
   0.14259195626331803
   0.14169535052005058
   0.1381893136244623
   0.13329873583421561
   0.13469042282211457
   0.12854957263250624
   0.1338709659298834
   0.12579004615230888
   0.12872103103611313
   0.1362095109711506
   0.12744824064693872
   0.13439973309497308
   0.12213683322814621
   0.13033748547137158
   0.12266624487201033
   0.12804865325336304
   0.12152383402444147
   0.12042001457814229
   0.11737302243701489
   0.11474124879920038
   0.10945775440780794
   0.11851399537607363
   0.10862838284260702
   0.11820672687711135
   0.1123113946801481
   0.1099802684848514
   0.11148080541061765
   0.10824095297067557
   0.11014370765504491
   0.10795474540750861
   0.10781423111537734
   0.10575019680359939
   0.11603088905976718
   0.10082414242630582
   0.10706015336716083
   0.10135634992934582
   0.1026583410688094
   0.10435396494623479
   0.10467623715055867
   0.09501628163109731
   0.09481246365325606
   0.09302785590886205
   0.09609419220223457
   0.10173738882043318
   0.09054035749874195
   0.09620023063901666
   0.09448520823917361
   0.09488213399265427
   0.09443870731326218
   0.09370623658540556
   0.08986757971593538
   0.08600858603069812
   0.0896240654958254
   0.08415338566569974
   0.08122775382220045
   0.08826963935011857
   0.08474566678597792
   0.0879646404812752
   0.08758933628587444
   0.08577339855689525
   0.08488894952230237
   0.07955195202507605
   0.08720805238049982
   0.08602549221597049
   0.08233118470543224
   0.07557129316744554
   0.07854744899740539
   0.078770856990387
   0.07379083487127652
   0.07990568034251383
   0.07400804669088355
   0.07108007402922425
   0.07591589498253973
   0.07436505405094519
   0.06687075682987295
   0.0743996814442105
   0.0701320662464753
   0.07059366033150569
   0.07254296779150961
   0.07117269694904078
   0.0695895463126467
   0.07288142890339075
   0.06700623671718925
   0.06015079616264443
   0.06482300424232126
   0.0646599248684995
   0.06471486653775932
   0.06726754459618695
   0.0667599046134729
   0.05603738215691379
   0.06154687578585935
   0.060992586426548596
   0.0642804940786861
   0.05738740642336087
   0.06237875330591339
   0.05695869309420644
   0.0631520751123825
   0.05454734864317422
   0.060878676324309156
   0.055913905166782976
   0.054921952614596654
   0.05845832618199054
   0.054281138446056934
   0.06456191879893286
   0.0546210426850312
   0.055897253733971586
   0.05484024434664747
   0.05457555891605692
   0.05453930911736965
   0.05465799026674874
   0.04994578451681383
   0.054410709230812274
   0.05310869524851839
   0.05584385587510948
   0.04814209463660675
   0.04468472194162117
   0.04956421966499624
   0.04665456409613104
   0.05353113751827062
   0.05051390161133863
   0.05076067350814013
   0.04757846735656793
   0.05206400014405347
   0.04861787222822488
   0.03998511011614198
   0.05443979118255323
   0.04161458186741758
   0.04729423828544022
   0.048976921902055055
   0.041131721626987604
   0.04874143530919047
   0.04410006756230652
   0.04412263907564914
   0.043918364712270425
   0.04132563557889945
   0.04536291308987993
   0.0386633130370381
   0.03903665103463667
   0.03734803061742346
   0.040655144803579284
   0.04042109073243818
   0.0370520557999148
   0.03906216256174253
   0.034783743271821675
   0.03748195511176011
   0.03472590450945807
   0.037774238192185956
   0.035382054434416325
   0.03531135453363408
   0.037548463403979666
   0.03585950222744315
   0.03793260274486843
   0.03281642319022596
   0.0338513276549089
   0.03358437136526453
   0.03213915790744991
   0.035027266507679414
   0.03232540609180339
   0.033165290530915
   0.03597097713435097
   0.03355486915486335
   0.03095053285486374
   0.035325901885160695
   0.02655107528895958
   0.026343042724787886
   0.03210816019332157
   0.03249516093205264
   0.02714687663433862
   0.030999154165880075
   0.03296863404813733
   0.027054759285567484
   0.030950705581618006
   0.03472665350994823
   0.028248241290388325
   0.031415806706178974
   0.031669347309346306
   0.030264749395955685
   0.02899924686953094
   0.023600377094444912
   0.029562800882189766
   0.027312339702046766
   0.02692530614496333
   0.022404840905482903
   0.025960966391873782
   0.025494503799838898
   0.017860200866731596
   0.02054222724049172
   0.02491936433779963
   0.026532628968875285
   0.02999941092754989
   0.023790388311248727
   0.025864569878503683
   0.025198811856911033
   0.018867686556650234
   0.024165773813391533
   0.022135550049637347
   0.022693309829110428
   0.023957933466808023
   0.017578105671544927
   0.018973402436041883
   0.01994965573637801
   0.028425112207342295
   0.02142402798261802
   0.01720437142124059
   0.012328682005794456
   0.016031053334076336
   0.02004964677993106
   0.018600817078827478
   0.015329554429271582
   0.01923522591497173
   0.01946770019802031
   0.020395802607399396
   0.020420337876734557
   0.02102354860626531
   0.017860349352686246
   0.01199986933262192
   0.014491187805007567
   0.019130905258246407
   0.01624797328899823
   0.02485933514798817
   0.015747877444278007
   0.010908602064426037
   0.016522503169919503
   0.02071210638732816
   0.01813821024798202
   0.013190787087964085
   0.01630933855188493
   0.025999704306010864
   0.014730801709343589
   0.012961351627048777
   0.020444883858804382
   0.012569713441443284
   0.019130990983218826
   0.017464079448971822
   0.019183150836085294
   0.01723357998211631
   0.014628615792343444
   0.015968578866010587
   0.014832258897416807
   0.012328718343769559
   0.01236920332923669
   0.017087838482382725
   0.009165088324724426
   0.014662742956213889
   0.015556233477291346
   0.015033184492980854
   0.018110619094884636
   0.016999911029178947
   0.012569713441443284
   0.012845146593168955
   0.011747233716922465
   0.015099572311823935
   0.012041468971848908
   0.010440254355139055
   0.015362140996618928
   0.013783934996944814
   0.012806186005208577
   0.013341591509261555
   0.012124248389075507
   0.015264181569936856
   0.01307662613214892
   0.012961392517781412
   0.013114821996504565
   0.015264245510342134
   0.015999915499776866
   0.012999899961153548
   0.01268851129959697
   0.01587442269816449
   0.012328791506064168
   0.012609439916189773
   0.020615449328113128
   0.014212629735555628
   0.011532526132638938
   0.011532520929961498
   0.01630943579649523
   0.006999979357112419
   0.010488061021942998
   0.012489955003922151
   0.01232876944386584
   0.010954404411012038
   0.00894423412037051
   0.011180291185832325
   0.013527698658678053
   0.0114017147833122
   0.012845184895516296
   0.007280079601213163
   0.00824618699763715
   0.010246915194340197
   0.01086273906526342
   0.009591637816348154
   0.010295597311472511
   0.008062235359997871
   0.008543977937705598
   0.0042426331446402486
   0.004898969279348463
   0.005291489015390658
   0.008185335118368704
   0.006244984467554743
   0.006244988310637579
   0.0038729728891382653
   0.0042426331446402486
   0.009949863064384354
   0.009380814250372939
   0.0063245398251572426
   0.009797934272080007
   0.001999995999996
   0.010295602167916163
   0.009433953095071015
   0.01063013221930941
   0.01053562864759384
   0.0067823226110234535
   0.0036055444803801823
   0.0031622719680634683
   0.003316617403319231
   0.008888169609092752
   0.003316621021461451
   0.006633238726293514
   0.006082748638567929
   0.009899478572126917
   0.0038729770203294518
   0.01157581599715545
   0.006480732983235769
   0.004582562492754463
   0.005830943319909738
   0.0036055400427675187
   0.0031622719680634683
   0.0026457465865044596
   0.009949856230117097
   0.0037416525760684944
   0.005477219732674598
   0.0042426331446402486
   0.0017320482094907174
   0.0042426331446402486
   0.00435889332285157
   0.0024494864767946774
   0.0058309395469340955
   0.010677063079330383
   0.0014142121481588255
   0.005477216446334763
   0.0014142121481588255
   0.004898972953589355
   0.00199999899999975
   0.0031622751303452394
   0.009273610731532784
   0.007810235271744379
   0.0053851572864680565
   0.003316621021461451
   0.004242636444476477
   0.004999997499999375
   0.000999999499999875
   0.015999991999998
   0.0029999984999996253
   0.0024494864767946774
   0.01399999299999825
   0.0014142121481588255
   0.0022360659650377044
   0.007999995999999
   0.005477216446334763
   0.0029999984999996253
   0.0039999979999995
   0.0014142121481588255
   0.006324550260690479
   0.01315293788474651
   0.00199999899999975
   0.00199999899999975
   0.000999999499999875
   0.0
   0.0031622751303452394
   0.009219535291976489
   0.0017320482094907174
   0.00199999899999975
   0.0050990159835011305
   0.000999999499999875
   0.0029999984999996253
   0.0022360659650377044
   0.004123102593921233
   0.012649100521380957
   0.0022360659650377044
   0.0029999984999996253
   0.0029999984999996253
   0.0050990159835011305
   0.0031622751303452394
   0.00199999899999975
   0.0017320482094907174
   0.0
   0.000999999499999875
   0.0
   0.00199999899999975
   0.0
   0.0
   0.0022360659650377044
   0.000999999499999875
   0.0
   0.000999999499999875
   0.0
   0.000999999499999875
   0.0022360659650377044
   0.000999999499999875
   0.0
   0.000999999499999875
   0.000999999499999875
   0.0
   0.002828424296317651
   0.0
   0.000999999499999875
   0.000999999499999875
   0.007211095617172192
   0.0029999984999996253
   0.004999997499999375
   0.003605547808586096
   0.0
   0.0050990159835011305
   0.008543996664325192
   0.0
   0.0
   0.000999999499999875
   0.0039999979999995
   0.004242636444476477
   0.0039999979999995
   0.000999999499999875
   0.000999999499999875
   0.007681137871435455
   0.0029999984999996253
   0.0
   0.0
   0.0
   0.004999997499999375
   0.0
   0.00199999899999975
   0.000999999499999875
   0.005656848592635302
   0.000999999499999875
   0.0
   0.005999996999999251
   0.0
   0.005385160257596797
   0.000999999499999875
   0.0
   0.00199999899999975
   0.000999999499999875
   0.0
   0.0
   0.00199999899999975
   0.000999999499999875
   0.0029999984999996253
   0.0
   0.0
   0.004999997499999375
   0.0029999984999996253
   0.000999999499999875
   0.0
   0.000999999499999875
   0.0
   0.0029999984999996253
   0.0029999984999996253
   0.000999999499999875
   0.006999996499999125
   0.007999995999999
   0.0
   0.000999999499999875
   0.000999999499999875
   0.004999997499999375
   0.0
   0.0
   0.0029999984999996253
   0.000999999499999875
   0.000999999499999875
   0.0029999984999996253
   0.0039999979999995
   0.0
   0.0
   0.0
   0.0
   0.0029999984999996253
   0.00199999899999975
   0.0
   0.0
   0.0
   0.0
   0.0
   0.0
   0.0
   0.0
   0.0
   0.000999999499999875
   0.0
   0.00199999899999975
   0.00199999899999975
   0.0029999984999996253
   0.00199999899999975
   0.0
   0.0029999984999996253
   0.0
   0.0
   0.006999996499999125
   0.0029999984999996253
   0.000999999499999875
   0.00199999899999975
   0.0029999984999996253
   0.00199999899999975
   0.0
   0.0
   0.000999999499999875
   0.0029999984999996253
   0.0029999984999996253
   0.000999999499999875
   0.0039999979999995
   0.0029999984999996253
   0.00199999899999975
   0.0
   0.006999996499999125
   0.000999999499999875
   0.0029999984999996253
   0.0
   0.00199999899999975
   0.0029999984999996253
   0.00199999899999975
   0.0029999984999996253
   0.00199999899999975
   0.0
   0.0
   0.0029999984999996253
   0.0
   0.0
   0.0
   0.0
   0.0
   0.0029999984999996253
   0.0
   0.0
   0.0
   0.0
   0.000999999499999875
   0.0
   0.0
   0.000999999499999875
   0.0
   0.0
   0.0
   0.00199999899999975
   0.0
   0.00199999899999975
   0.00199999899999975
   0.0
   0.0
   0.0029999984999996253
   0.0
   0.0029999984999996253
   0.00199999899999975
   0.000999999499999875
   0.0
   0.0
   0.0
   0.0
   0.000999999499999875
   0.00199999899999975
   0.0
   0.0
   0.0
   0.0029999984999996253
   0.0
   0.0
   0.0
   0.0
   0.0
   0.0
   0.0
   0.0
   0.0
   0.0
   0.0
   0.0
   0.0
   0.0
   0.0
   0.0
   0.0
   0.0
   0.0
   0.0
   0.0
   0.0
   0.0
   0.0
   0.0
   0.0
   0.0
   0.0
   0.0
   0.0
   0.0
   0.0
   0.0
   0.0
   0.0
   0.0
   0.0
   0.0
   0.0
   0.0
   0.0
   0.0
   0.0
   0.0
   0.0
   0.0
   0.0
   0.0
   0.0
   0.0
   0.0
   0.0
   0.0
   0.0
   0.0
   0.0
   0.0
   0.0
   0.0
   0.0
   0.0
   0.0
   0.0
   0.0
   0.0
   0.0
   0.0
   0.0
   0.0
   0.0
   0.0
   0.0
   0.0
   0.0
   0.0
   0.0
   0.0
   0.0
   0.0
   0.0
   0.0
   0.0
   0.0
   0.0
   0.0
   0.0
   0.0
   0.0
   0.0
   0.0
   0.0
   0.0
   0.0
   0.0
   0.0
   0.0
   0.0
   0.0
   0.0
   0.0
   0.0
   0.0
   0.0
   0.0
   0.0
   0.0
   0.0
   0.0
   0.0
   0.0
   0.0
   0.0
   0.0
   0.0
   0.0
   0.0
   0.0
   0.0
   0.0
   0.0
   0.0
   0.0
   0.0
   0.0
   0.0
   0.0
   0.0
   0.0
   0.0
   0.0
   0.0
   0.0
   0.0
   0.0
   0.0
   0.0
   0.0
   0.0
   0.0
   0.0
