   0.9380090935998435
   1.587574442695523
   2.1060438783916635
   2.4975255923701765
   2.8027074481006755
   3.0668940488246412
   3.260720072128854
   3.4219524457500867
   3.5283207846883764
   3.631148027690967
   3.71919121631787
   3.765888863150372
   3.8183221643020118
   3.835318454735017
   3.871833147691026
   3.9111921420860933
   3.9375542514072106
   3.944321804638156
   3.962521529454572
   3.970697255618338
   3.9894444127711566
   3.993191246331059
   3.9898688311009676
   3.996565031265724
   4.0052850379116585
   4.010830117830472
   4.01328925233106
   3.9961616769515222
   4.011037977395751
   4.014360989546281
   4.0275573209770705
   4.024901037330483
   4.021750007241996
   4.0280780304198425
   4.035688533392536
   4.038488253131239
   4.041892782894667
   4.038334664238589
   4.03888509719155
   4.015984487442151
   4.037663282790059
   4.034677194155562
   4.005064463101687
   4.0139490228950345
   4.022286295374684
   4.02595060624196
   4.02599659703967
   4.035343691801109
   4.024534096741633
   4.020760125945839
   4.012674923277489
   4.019780749929031
   4.021931005370928
   4.0256517037755515
   4.004381292669818
   3.980908787936619
   3.9848883546366767
   3.969532199110495
   3.9987030636600163
   3.992232816103665
   3.993258089448264
   4.007704756548815
   4.004538387808388
   4.02220968533417
   4.026888242520644
   4.0364030877719586
   4.041240447743242
   4.053147341067063
   4.03775890662085
   4.052378843987319
   4.031150968335346
   4.036341636395017
   4.036790896743477
   4.031283225521992
   4.02347522545759
   4.02050978782231
   4.01311391971758
   4.0017174267775335
   3.9954426871022695
   4.002197424007966
   3.9839782508322004
   3.948589011791301
   3.924585745295419
   3.8980188917539897
   3.8855812558226086
   3.8688724783987127
   3.8316238972883285
   3.7920064694184004
   3.7417384993176634
   3.690319423459709
   3.6124319045417317
   3.502347965440327
   3.3898676073556326
   3.2463991132323824
   3.0664532721800932
   2.815534674899956
   2.5023518587408926
   2.0969577368177927
   1.586566996147342
   0.936018553298491
