   0.0
   0.0
   0.0
   0.0
   0.0
   0.0
   0.0
   0.0
   0.0
   0.0
   0.0
   0.0
   0.0
   0.0
   0.0
   0.0
   0.0
   0.0
   0.0
   0.0
   0.0
   0.0
   0.0
   0.0
   0.0
   0.0
   0.0
   0.0
   0.0
   0.0
   0.0
   0.0
   0.0
   0.0
   0.0
   0.0
   0.0
   0.0
   0.0
   0.0
   0.0
   0.0
   0.0
   0.0
   0.0
   0.0
   0.0
   0.0
   0.0
   0.0
   0.0
   0.0
   0.0
   0.0
   0.0
   0.0
   0.0
   0.0
   0.0
   0.0
   0.0
   0.0
   0.0
   0.0
   0.0
   0.0
   0.0
   0.0
   0.0
   0.0
   0.0
   0.0
   0.0
   0.0
   0.0
   0.0
   0.0
   0.0
   0.0
   0.0
   0.0
   0.0
   0.0
   0.0
   0.0
   0.0
   0.0
   0.0
   0.0
   0.0
   0.0
   0.0
   0.0
   0.0
   0.0
   0.0
   0.0
   0.0
   0.0
   0.0
   0.0
   0.0
   0.0006324555004108985
   0.0
   0.00031622775020544923
   0.0
   0.0
   0.0
   0.0
   0.0
   0.0
   0.00031622775020544923
   0.0
   0.00031622775020544923
   0.0
   0.00031622775020544923
   0.00031622775020544923
   0.00031622775020544923
   0.0
   0.0
   0.0
   0.00031622775020544923
   0.00031622775020544923
   0.0
   0.0
   0.0
   0.0
   0.0
   0.00031622775020544923
   0.00031622775020544923
   0.00031622775020544923
   0.0006324555004108985
   0.00031622775020544923
   0.00031622775020544923
   0.0
   0.00031622775020544923
   0.0009486832506163476
   0.0
   0.00044721355077859614
   0.0
   0.0007071067175469343
   0.00031622775020544923
   0.00031622775020544923
   0.0006324555004108985
   0.0007071067175469343
   0.0014142133360989068
   0.00031622775020544923
   0.00031622775020544923
   0.00044721355077859614
   0.00044721355077859614
   0.0017029383987684347
   0.0007071067175469343
   0.0014832394816751608
   0.00031622775020544923
   0.00044721355077859614
   0.0009486832506163476
   0.0017888539795075503
   0.002049389528615778
   0.001449137505552872
   0.0013784046974673295
   0.0007745965659619206
   0.001095444822891596
   0.0013416404138218258
   0.0015165745316337077
   0.0013784042621814545
   0.000836659733703015
   0.002049389177291614
   0.002049388972352491
   0.0022583163440935373
   0.001303839832954953
   0.002469816541769854
   0.0019999980399990395
   0.0022583165743535606
   0.0024698161044903726
   0.001974840649267682
   0.0014491368982949815
   0.0024289898291265035
   0.002898272306047173
   0.0027748840534335844
   0.004110955498421261
   0.0034351082428360244
   0.0024698153271044375
   0.0032863294965660397
   0.0038340523927040955
   0.003911515704940988
   0.0037549913861419175
   0.003286329113159545
   0.0035636992563907524
   0.0037815270341490354
   0.004494429885981091
   0.004110951324207087
   0.0040620090090988225
   0.004636796436118368
   0.004254396021763841
   0.00550452231442475
   0.0051961361606486026
   0.006252976979807298
   0.0061155238009511495
   0.007436360474721489
   0.006920945362448688
   0.007449782192118102
   0.006700697706209406
   0.008378481380297984
   0.0068556082851924955
   0.007615708374143538
   0.00854392957836147
   0.008402291030427356
   0.00898322657790618
   0.009575890892757706
   0.009858878230305922
   0.010765533740135693
   0.011541047396142172
   0.01161446123373788
   0.01207454882138459
   0.012324512809437946
   0.012660697436950304
   0.014380223307028303
   0.013895713062308102
   0.015667989989465784
   0.015594430549398077
   0.01578553616320966
   0.017483659845409942
   0.018600339858185388
   0.019299440994754228
   0.019931465770233758
   0.020723298443780614
   0.022703389138848853
   0.022659151562006905
   0.02413549814194851
   0.02418710313348831
   0.02615326494168558
   0.026292188464256832
   0.028164720251406723
   0.029179175302945077
   0.030146448068719474
   0.03068346833703778
   0.03289859592809395
   0.0344160605247027
   0.03547416794457624
   0.03765934835323097
   0.03854817355349018
   0.0406835313000236
   0.042766822673189084
   0.044516003369574855
   0.04596987487376923
   0.049347342316988056
   0.049792744955866816
   0.05148939564599686
   0.05505944896482347
   0.05659896592474106
   0.06031485679631512
   0.06280093348064182
   0.06496096913532001
   0.06896121312622044
   0.07083908617980614
   0.07396743702035376
   0.07740850707609598
   0.08018705786821212
   0.08403361942550136
   0.08678471573059394
   0.09134093663609981
   0.09450629608655711
   0.09940389032019824
   0.10447668776904252
   0.10775782453464806
   0.11366211660843731
   0.11893557852198812
   0.12284824096599838
   0.12862651337072772
   0.1337850045285719
   0.14098636320949626
   0.14591211871448512
   0.15216362777980158
   0.15870205608494806
   0.16561525901290014
   0.17267446365922207
   0.17964597822826428
   0.187858311590837
   0.19666682502943905
   0.2039914171878562
   0.21300443341714745
   0.2233129044042014
   0.23254183876969325
   0.2426099280895982
   0.25272472414316727
   0.26296337365032413
   0.2745171487852626
   0.28628612434344425
   0.29901590047980725
   0.3113075188536088
   0.32442706613312955
   0.3385244584650273
   0.35298041332487556
   0.367741478304039
   0.3832665194665456
   0.525866120875637
   0.5349054141181971
   0.54129596571192
   0.5452021075084358
   0.5469955214671415
   0.5482788958692373
   0.5448616209039135
   0.5414915503828291
   0.5356780024171144
   0.5265585961786114
   0.38319571176468037
   0.3681849517358905
   0.35262736045854415
   0.3388498273541098
   0.3242922837163875
   0.311511754924128
   0.2988821471121351
   0.2861459445267572
   0.2742047859818643
   0.263636399534738
   0.2529267199985798
   0.24290329050795093
   0.2319301406033938
   0.2225055812090789
   0.21398159878260561
   0.203931754186517
   0.19585275053662124
   0.18789578515240837
   0.18047122013218617
   0.1719161506200043
   0.1654486117831153
   0.15901724720746488
   0.1519080765609255
   0.14566275695973216
   0.140175874150119
   0.1335417054706132
   0.1288160618301926
   0.12405728885958293
   0.11770994889540985
   0.11333252849910302
   0.10813846361914894
   0.10413158572455333
   0.09977280910368315
   0.09648810263856368
   0.09027537749790913
   0.08763010640042611
   0.08429920975928541
   0.08086163177768552
   0.07715407176390628
   0.07455544143461294
   0.07055837772901244
   0.06833551794777003
   0.06526861013925454
   0.06399208820815273
   0.05971134603733197
   0.057336998113870594
   0.054898550472667305
   0.05289352787780373
   0.05056616704863045
   0.047363052912475986
   0.046603499126567735
   0.04403972638425448
   0.04197658066874909
   0.04095284022921975
   0.03949330747747015
   0.03788430339533776
   0.03587760577073114
   0.03478877612104226
   0.03291670189068158
   0.03239198063950397
   0.030438324654126415
   0.02890906052970245
   0.028272775664055342
   0.026947656046305772
   0.02646116773216934
   0.02525089394041328
   0.023594976970533366
   0.023450661806439493
   0.022030631925571267
   0.02094171623816921
   0.019696793435480812
   0.019407921572131313
   0.018324137484749453
   0.01772223264687607
   0.017066976706786707
   0.01687843390809704
   0.015155419888277592
   0.015162027315303188
   0.014764452541154379
   0.013805477230432853
   0.013460782764757777
   0.012637014985747227
   0.01217352813115409
   0.01152802626601796
   0.011445346435997471
   0.010421000635255714
   0.010197918407204482
   0.009894324016829041
   0.008803312489625709
   0.007745898930401816
   0.008402311824730143
   0.008769190201495233
   0.007300636075712855
   0.008043570897928358
   0.006745334517279332
   0.00648070335688959
   0.007238746606975547
   0.005753231473702409
   0.005440566970454458
   0.006410903180519887
   0.005504521188078033
   0.005486329584521878
   0.003962311162692804
   0.004289512676283869
   0.00440453175717919
   0.003633172888812202
   0.0035071295599107826
   0.0036331740613408546
   0.003224898906942666
   0.003974914117311216
   0.002810690874144647
   0.0030659384925337298
   0.0036742295505316487
   0.0021679461224855196
   0.003016618104765666
   0.002626782775564055
   0.00260767819333598
   0.003209358152341368
   0.002738610288084086
   0.0014832390367031203
   0.0017029377880592115
   0.0016733190849326975
   0.0019493576275275914
   0.0015491927058955577
   0.0017320500685603752
   0.0020736432648842955
   0.001341640249843452
   0.002569045573749131
   0.0017888541024913128
   0.0017606810472087214
   0.0013038401704196722
   0.0008944269897537752
   0.000948683039797803
   0.0007745964368624477
   0.000836659733703015
   0.0005477224753467763
   0.00044721355077859614
   0.00044721355077859614
   0.0006324555004108985
   0.0006324555004108985
   0.0008366598771304861
   0.0012247446713499104
   0.0009999999199999969
   0.00031622775020544923
   0.0005477224753467763
   0.0009486831662889355
   0.00031622775020544923
   0.00044721355077859614
   0.00031622775020544923
   0.0006324555004108985
   0.0013038403851699026
   0.00031622775020544923
   0.0006324555004108985
   0.0018973665012326953
   0.0
   0.00031622775020544923
   0.0007071067175469343
   0.00044721355077859614
   0.0
   0.0
   0.0
   0.0006324555004108985
   0.001264911000821797
   0.0
   0.0
   0.0
   0.0
   0.0
   0.0006324555004108985
   0.0
   0.0
   0.0
   0.0
   0.0
   0.0
   0.0
   0.0
   0.0
   0.0
   0.0
   0.0
   0.00031622775020544923
   0.0
   0.00031622775020544923
   0.0
   0.0
   0.0
   0.0
   0.0
   0.0
   0.0
   0.0
   0.0
   0.0
   0.0
   0.0
   0.0
   0.0
   0.0
   0.0
   0.0
   0.0
   0.0
   0.0
   0.0
   0.0
   0.0
   0.0
   0.0
   0.0
   0.0
   0.0
   0.0
   0.0
   0.0
   0.0
   0.0
   0.0
   0.0
   0.0
   0.0
   0.0
   0.0
   0.0
   0.0
   0.0
   0.0
   0.0
   0.0
   0.0
   0.0
   0.0
   0.0
   0.0
   0.0
   0.0
   0.0
   0.0
   0.0
   0.0
   0.0
   0.0
   0.0
   0.0
   0.0
   0.0
   0.0
   0.0
   0.0
   0.0
   0.0
   0.0
   0.0
   0.0
   0.0
   0.0
   0.0
   0.0
   0.0
   0.0
   0.0
   0.0
   0.0
   0.0
   0.0
   0.0
   0.0
   0.0
   0.0
   0.0
   0.0
   0.0
   0.0
   0.0
   0.0
   0.0
   0.0
   0.0
   0.0
   0.0
   0.0
   0.0
   0.0
   0.0
   0.0
   0.0
   0.0
   0.0
   0.0
   0.0
   0.0
   0.0
   0.0
   0.0
   0.0
