   0.0
   0.0
   0.0
   0.0
   0.0
   0.0
   0.0
   0.0
   0.0
   0.0
   0.0
   0.0
   0.0
   0.0
   0.0
   0.0
   0.0
   0.0
   0.0
   0.0
   0.0
   0.0
   0.0
   0.0
   0.0
   0.0
   0.0
   0.0
   0.0
   0.0
   0.0
   0.0
   0.0
   0.0
   0.0
   0.0
   0.0
   0.0
   0.0
   0.0
   0.0
   0.0
   0.0
   0.0
   0.0
   0.0
   0.0
   0.0
   0.0
   0.0
   0.0
   0.0
   0.0
   0.0
   0.0
   0.0
   0.0
   0.0
   0.0
   0.0
   0.0
   0.0
   0.0
   0.0
   0.0
   0.0
   0.0
   0.0
   0.0
   0.0
   0.0
   0.0
   0.0
   0.0
   0.0
   0.0
   0.0
   0.0
   0.0
   0.0
   0.000999999499999875
   0.0
   0.0
   0.0
   0.0
   0.0
   0.0
   0.0
   0.0
   0.0
   0.0
   0.0
   0.0
   0.0
   0.0
   0.000999999499999875
   0.0
   0.0
   0.0
   0.0
   0.0
   0.0
   0.0
   0.0
   0.0
   0.0
   0.0
   0.0
   0.0
   0.0
   0.0
   0.0
   0.0
   0.0
   0.0
   0.0
   0.0
   0.0
   0.0
   0.0
   0.0
   0.0
   0.0
   0.0
   0.0
   0.0
   0.0
   0.0
   0.0
   0.0
   0.0
   0.0
   0.0
   0.0
   0.0
   0.0
   0.0
   0.0
   0.000999999499999875
   0.0
   0.0
   0.0
   0.0
   0.0
   0.0
   0.0
   0.0
   0.0
   0.0
   0.0
   0.0014142121481588255
   0.0
   0.0
   0.0
   0.0
   0.0
   0.0
   0.0
   0.0
   0.0
   0.0
   0.0
   0.0
   0.0
   0.000999999499999875
   0.0
   0.0
   0.0
   0.0
   0.000999999499999875
   0.000999999499999875
   0.000999999499999875
   0.0
   0.000999999499999875
   0.0
   0.0
   0.0
   0.000999999499999875
   0.0
   0.000999999499999875
   0.0
   0.0
   0.0
   0.0
   0.0
   0.0
   0.0
   0.0
   0.0
   0.0
   0.000999999499999875
   0.0014142121481588255
   0.0
   0.0
   0.000999999499999875
   0.0014142121481588255
   0.0017320482094907174
   0.000999999499999875
   0.0014142121481588255
   0.000999999499999875
   0.0014142121481588255
   0.0014142121481588255
   0.000999999499999875
   0.0
   0.0
   0.0014142121481588255
   0.0017320482094907174
   0.000999999499999875
   0.0017320482094907174
   0.0014142121481588255
   0.0022360623873228583
   0.0014142121481588255
   0.000999999499999875
   0.000999999499999875
   0.000999999499999875
   0.000999999499999875
   0.0014142121481588255
   0.0017320482094907174
   0.0017320482094907174
   0.0017320482094907174
   0.002449482394302927
   0.0017320482094907174
   0.0022360623873228583
   0.0022360623873228583
   0.003162267540863676
   0.002449482394302927
   0.0017320482094907174
   0.002828420760778
   0.0017320482094907174
   0.002449482394302927
   0.0026457465865044596
   0.002449482394302927
   0.0028284158110150636
   0.0022360623873228583
   0.001999995999996
   0.0026457420509187965
   0.00316226184874055
   0.00316226184874055
   0.0028284158110150636
   0.00316226184874055
   0.0034640808304657097
   0.003872954298723392
   0.002999986499969625
   0.0026457420509187965
   0.003741638143915042
   0.00316226184874055
   0.004123078340269561
   0.0036055278393045307
   0.004472107333237878
   0.0038729615283397793
   0.00316226184874055
   0.004472091233416421
   0.0036055278393045307
   0.003741631195080563
   0.004358857533804013
   0.004472091233416421
   0.0054771890600927775
   0.004582536306457375
   0.004690364164966298
   0.005196092281705551
   0.005744499194882005
   0.005196092281705551
   0.00583086408690856
   0.005385086721678677
   0.005999891999027983
   0.006082673014390959
   0.006164296877990223
   0.006999902213602701
   0.006633116612875127
   0.006557322548113673
   0.007141260322940202
   0.00692805051944629
   0.007680934253071041
   0.0068555069105063265
   0.0072799312496753706
   0.00793701952876519
   0.007873808735294502
   0.007483119937566149
   0.007549619261923081
   0.008659946362420496
   0.00871751684827738
   0.009591329417760606
   0.0095389768319249
   0.009848418705558776
   0.010049426600557864
   0.010391804270674078
   0.01067653202121363
   0.010391823709051265
   0.0095389579619579
   0.011831488663731205
   0.01126877806152912
   0.010999419575595797
   0.012246625494396405
   0.012999075928695853
   0.011873551743265365
   0.013113826443872132
   0.012844273081805758
   0.012883154272149347
   0.01322765130323596
   0.014069964463352421
   0.014965070798362432
   0.01542565123422671
   0.014864484888485036
   0.014558790609113107
   0.015262679155377669
   0.01639920580394063
   0.016968350656442716
   0.018517647771787864
   0.01816332469566076
   0.018025108016319902
   0.018944154111493076
   0.020021694009249066
   0.01994639375927388
   0.019820940416640176
   0.019617984376586704
   0.020900385427068086
   0.022243609396858235
   0.021926908560031894
   0.022577906368837657
   0.023595051832958534
   0.02401450392991702
   0.02469122524298865
   0.025682982692826
   0.02650620302872518
   0.025191651613183288
   0.027064582594231893
   0.027793213398238068
   0.0286601468244669
   0.02879942881378032
   0.029416506862644316
   0.029736717892195164
   0.03033519142843836
   0.0317343165043774
   0.03373226608160205
   0.03350890216047073
   0.033598375198809836
   0.03584021964218411
   0.03624141276219789
   0.03652905451828722
   0.03661101905164619
   0.038794008184254436
   0.039355330502995396
   0.04100552138432091
   0.040711353895442975
   0.04193042779414491
   0.04317190955934194
   0.04470250104859906
   0.04554180281894866
   0.04713267045267009
   0.0491499196235355
   0.04955291707861405
   0.05252876511017559
   0.052565136887484654
   0.054205723646124304
   0.055376852555919065
   0.056795813921450236
   0.058004721454378176
   0.058922868557123045
   0.060946960867626535
   0.06227607887463693
   0.06465476857896871
   0.0657260854684044
   0.06702548231083459
   0.06980884671014126
   0.07207127909923619
   0.07407844295744882
   0.07557930976133614
   0.07901273314472801
   0.08022348533939422
   0.08223238398587263
   0.08623492400993926
   0.08731377553971652
   0.0891374079721864
   0.09418655190100124
   0.09602191208260748
   0.09820534321512246
   0.10262927301213821
   0.10607377673581724
   0.10927089397913792
   0.11286480363691774
   0.11739213847613476
   0.12147414269711887
   0.12488070015418716
   0.13021158104792369
   0.1347155456359807
   0.14087846217218586
   0.14520331671143052
   0.15108216440069952
   0.157858824267128
   0.16479134043996366
   0.17053863723801713
   0.1782576633527995
   0.18720454942121467
   0.19579448286149434
   0.20399464297868214
   0.2142532909992283
   0.22062452736719912
   0.22617179526855244
   0.22895216771194807
   0.2292357511297049
   0.2303498095831642
   0.2296065830393371
   0.2251436262455591
   0.21965805162570298
   0.21311550711996535
   0.20420532656862797
   0.1958808152295676
   0.1870201052266841
   0.17960151335665298
   0.1709046848948267
   0.16392770785928779
   0.1584452040422808
   0.15114732923872654
   0.14471393044209668
   0.14015041598225814
   0.1351441313228214
   0.13066251765139075
   0.12612105930414635
   0.12158529646301809
   0.11572576577409198
   0.11242900108068203
   0.10957048561998801
   0.10556745994386717
   0.10262646783359544
   0.09870832908625289
   0.09665312143950655
   0.09277278113218337
   0.09065757128337379
   0.08874843119176812
   0.0859951773008231
   0.08288311909550701
   0.08070780491997041
   0.08010395405970919
   0.07674977459250287
   0.07368260407993192
   0.07204984160981896
   0.06963900394893655
   0.06832744690093433
   0.06575801182365537
   0.06496866874886695
   0.06339012628950978
   0.06064283317919769
   0.059810278171899524
   0.05796354713093394
   0.05698636432516115
   0.05577974456736065
   0.05335314438718678
   0.052583957401473695
   0.05074409474017642
   0.05019179190863781
   0.04946385686539213
   0.047406331686811624
   0.04694356744006574
   0.045455101319873875
   0.044109077512457684
   0.043206764238947586
   0.042568444639192536
   0.04073677213525883
   0.039139090433989394
   0.03903735216430541
   0.03792273782310555
   0.036556559137861974
   0.03553245271579208
   0.03614549659362837
   0.034463522382368286
   0.03359869277218981
   0.032786263892063086
   0.03197052578547935
   0.030268955697215588
   0.02943313505218226
   0.02993775166908831
   0.02895452971470958
   0.02744935518368328
   0.02737702620811837
   0.027540466063594494
   0.027120543873602534
   0.02523160666703569
   0.023973008801566813
   0.023189042153568998
   0.023826632158154455
   0.02194963680792919
   0.022400342050959848
   0.02162870971648563
   0.021605517790601547
   0.02174433165218007
   0.019438888857133785
   0.01994654295861817
   0.019153991516130522
   0.018891293629606207
   0.018436242133363295
   0.01805277419124274
   0.01796950970394017
   0.017433116875647914
   0.015998169770320602
   0.017202371929475307
   0.014695380362549314
   0.01565068148675961
   0.015098152337289488
   0.014558790609113107
   0.014176133146948077
   0.014105574749013243
   0.014034449579516826
   0.012489071062332859
   0.01216467278639257
   0.012727014418157937
   0.011089876419509823
   0.012408861188682868
   0.011444796153711084
   0.011915666158465503
   0.011224330715013702
   0.010487552812739491
   0.01058251369004548
   0.01062960728343244
   0.01053518860770893
   0.010099048668067701
   0.009591277495724956
   0.008887877980710581
   0.008543691883489244
   0.009164802234636598
   0.008306353652475916
   0.008659946362420496
   0.007873779270464724
   0.007810056017724841
   0.007549648402409214
   0.008306369543910263
   0.0064806046014241605
   0.00727994498605587
   0.006782173987741689
   0.007141273765932797
   0.006782173987741689
   0.006082649998150477
   0.006402992972040497
   0.006164308882591786
   0.006855519746890092
   0.006082661835085031
   0.005477154005503223
   0.00583086408690856
   0.005385086721678677
   0.005567688838288289
   0.004795776370933073
   0.00583086408690856
   0.0042426025031812725
   0.004795776370933073
   0.0042426025031812725
   0.003999967999871999
   0.004690364164966298
   0.0042426025031812725
   0.004472099730551634
   0.004898930087274159
   0.0042426025031812725
   0.004242617588234886
   0.004999947099720156
   0.0041230851313064105
   0.003999967999871999
   0.0036055278393045307
   0.004123070579070894
   0.002999986499969625
   0.002999986499969625
   0.0026457420509187965
   0.0022360623873228583
   0.0028284158110150636
   0.003316606548868889
   0.0022360623873228583
   0.0036055278393045307
   0.0022360623873228583
   0.003316606548868889
   0.0014142121481588255
   0.0026457420509187965
   0.003162267540863676
   0.001999995999996
   0.0017320482094907174
   0.0017320482094907174
   0.001999995999996
   0.0022360623873228583
   0.0028284158110150636
   0.0017320482094907174
   0.0014142121481588255
   0.0017320482094907174
   0.000999999499999875
   0.002449482394302927
   0.001999995999996
   0.000999999499999875
   0.0017320482094907174
   0.0017320482094907174
   0.0014142121481588255
   0.0022360623873228583
   0.0
   0.000999999499999875
   0.0022360623873228583
   0.001999995999996
   0.0014142121481588255
   0.0014142121481588255
   0.000999999499999875
   0.001999995999996
   0.0
   0.0
   0.000999999499999875
   0.0014142121481588255
   0.0014142121481588255
   0.000999999499999875
   0.000999999499999875
   0.0017320482094907174
   0.0014142121481588255
   0.0014142121481588255
   0.000999999499999875
   0.000999999499999875
   0.0
   0.0
   0.000999999499999875
   0.0
   0.0
   0.000999999499999875
   0.0
   0.0
   0.0
   0.000999999499999875
   0.000999999499999875
   0.0
   0.000999999499999875
   0.0
   0.000999999499999875
   0.000999999499999875
   0.000999999499999875
   0.0
   0.0
   0.0
   0.0
   0.000999999499999875
   0.0
   0.0
   0.0
   0.000999999499999875
   0.0
   0.0
   0.0
   0.0
   0.0
   0.0
   0.0
   0.0
   0.0
   0.0
   0.0
   0.0
   0.0
   0.0
   0.0
   0.0
   0.0
   0.000999999499999875
   0.0
   0.0
   0.0
   0.0
   0.0
   0.000999999499999875
   0.0
   0.0
   0.000999999499999875
   0.0
   0.0
   0.0
   0.0
   0.0
   0.0
   0.0
   0.0
   0.0
   0.0
   0.0
   0.0
   0.0
   0.0
   0.0
   0.0
   0.0
   0.0
   0.0
   0.0
   0.0
   0.0
   0.0
   0.0
   0.0
   0.0
   0.0
   0.0
   0.0
   0.0
   0.0
   0.0
   0.0
   0.0
   0.0
   0.0
   0.00199999899999975
   0.0
   0.0
   0.0
   0.0
   0.0
   0.0
   0.0
   0.0
   0.0
   0.0
   0.0
   0.0
   0.0
   0.0
   0.0
   0.0
   0.0
   0.0
   0.0
   0.0
   0.0
   0.0
   0.0
   0.0
   0.0
   0.0
   0.0
   0.0
   0.0
   0.0
   0.0
   0.0
   0.0
   0.0
   0.0
   0.0
   0.0
   0.0
   0.0
   0.0
   0.0
   0.0
   0.0
   0.0
   0.0
   0.0
   0.0
   0.0
   0.0
   0.0
   0.0
   0.0
   0.0
   0.0
   0.0
   0.0
   0.0
   0.0
   0.0
   0.0
   0.0
   0.0
   0.0
   0.0
   0.0
   0.0
   0.0
   0.0
   0.0
   0.0
   0.0
   0.0
   0.0
   0.0
   0.0
   0.0
   0.0
   0.0
   0.0
   0.0
   0.0
   0.0
   0.0
   0.0
   0.0
   0.0
   0.0
   0.0
   0.0
   0.0
   0.0
   0.0
   0.0
   0.0
   0.0
   0.0
   0.0
   0.0
   0.0
   0.0
   0.0
   0.0
   0.0
   0.0
