   0.0
   0.0
   0.0
   0.0
   0.0
   0.0
   0.0
   0.0
   0.0
   0.0
   0.0
   0.0
   0.0
   0.0
   0.0
   0.0
   0.0
   0.0
   0.0
   0.0
   0.0
   0.0
   0.0
   0.0
   0.0
   0.0
   0.0
   0.0
   0.0
   0.0
   0.0
   0.0
   0.0
   0.0
   0.0
   0.0
   0.0
   0.0
   0.0
   0.0
   0.0
   0.0
   0.0
   0.0
   0.0
   0.0
   0.0
   0.0
   0.0
   0.0
   0.0
   0.0
   0.0
   0.0
   0.0
   0.0
   0.0
   0.0
   0.0
   0.0
   0.0
   0.0
   0.0
   0.0
   0.0
   0.0
   0.0
   0.0
   0.0
   0.0
   0.0
   0.0
   0.0
   0.0
   0.0
   0.0
   0.0
   0.0
   0.0
   0.0
   0.000999999499999875
   0.000999999499999875
   0.0
   0.0
   0.0
   0.0
   0.0
   0.0
   0.0
   0.000999999499999875
   0.000999999499999875
   0.0
   0.0
   0.0
   0.0
   0.0
   0.000999999499999875
   0.0
   0.0014142121481588255
   0.0
   0.0
   0.000999999499999875
   0.0
   0.0
   0.0
   0.0
   0.0
   0.000999999499999875
   0.0
   0.0
   0.0
   0.0
   0.000999999499999875
   0.000999999499999875
   0.000999999499999875
   0.0014142121481588255
   0.000999999499999875
   0.0
   0.000999999499999875
   0.000999999499999875
   0.0014142121481588255
   0.000999999499999875
   0.0017320482094907174
   0.000999999499999875
   0.000999999499999875
   0.0017320482094907174
   0.0022360659650377044
   0.000999999499999875
   0.0017320482094907174
   0.0014142121481588255
   0.0014142121481588255
   0.0
   0.0
   0.0014142121481588255
   0.0014142121481588255
   0.0
   0.0014142121481588255
   0.0014142121481588255
   0.0
   0.000999999499999875
   0.000999999499999875
   0.001999995999996
   0.0017320482094907174
   0.00199999899999975
   0.0
   0.000999999499999875
   0.0014142121481588255
   0.001999995999996
   0.001999995999996
   0.0017320482094907174
   0.0
   0.0024494864767946774
   0.001999995999996
   0.0014142121481588255
   0.0014142121481588255
   0.0014142121481588255
   0.0014142121481588255
   0.0022360623873228583
   0.0017320482094907174
   0.0026457465865044596
   0.0026457420509187965
   0.002449482394302927
   0.001999995999996
   0.0026457465865044596
   0.0033166125791234645
   0.002449482394302927
   0.002449482394302927
   0.0033166125791234645
   0.0033166125791234645
   0.0029999918333222177
   0.0026457420509187965
   0.0026457420509187965
   0.002449482394302927
   0.0028284158110150636
   0.002449482394302927
   0.002828420760778
   0.0033166125791234645
   0.0022360623873228583
   0.0022360623873228583
   0.0028284158110150636
   0.003741638143915042
   0.004123078340269561
   0.002999986499969625
   0.003162267540863676
   0.003316606548868889
   0.003999975499924968
   0.00316226184874055
   0.003999981999959499
   0.004242610517122683
   0.004582544162362213
   0.0034640808304657097
   0.004242617588234886
   0.0036055344957440084
   0.004690373119486338
   0.003999975499924968
   0.004358857533804013
   0.005098963031833041
   0.0047957855456640264
   0.004582544162362213
   0.0042426025031812725
   0.0047957855456640264
   0.004358857533804013
   0.004999937499609371
   0.0052914387457477004
   0.005744499194882005
   0.004582536306457375
   0.005567688838288289
   0.005999903665893312
   0.0059159985632182156
   0.006082683536071887
   0.005915987745085346
   0.007210968312231027
   0.0059159985632182156
   0.00583086408690856
   0.005999914666059843
   0.007279958172956765
   0.006403017335600459
   0.007745817968426575
   0.007279982898331562
   0.005830852767820501
   0.006999842212507364
   0.008185193888968056
   0.006999867927325486
   0.007070918186487523
   0.007549675423486761
   0.007483119937566149
   0.007999789747237111
   0.00799977499683585
   0.009273338988735396
   0.009055049199203724
   0.008425899061821236
   0.008602056498303182
   0.009643327174787756
   0.010343747435044999
   0.008943914131967056
   0.009273273424201402
   0.010816163414076176
   0.009899121375152442
   0.010197587165599518
   0.010769865365917997
   0.011704074461485624
   0.01090822584107975
   0.010953976264352594
   0.01081610461302959
   0.011488456119078838
   0.012164808917529284
   0.011661244530495019
   0.011089960820489854
   0.012040903579050868
   0.01345277662789359
   0.013378236019744905
   0.01307587056375215
   0.01407024434755843
   0.012844345020280326
   0.014455699187517703
   0.014141137719434035
   0.014490131124320443
   0.015714896595269087
   0.01526306623847253
   0.014420927015972309
   0.014864682674043197
   0.015262960885752148
   0.015587029190965159
   0.017289765498698935
   0.01676108442195791
   0.01810848022336496
   0.01788619299907054
   0.017942204881229062
   0.018759134734843183
   0.01873251117709529
   0.019669325128229487
   0.020269920547451588
   0.020245291699553258
   0.020829200656770294
   0.020805090122371497
   0.02199591380234065
   0.020804787886445755
   0.02303878536294828
   0.023932133022361378
   0.02323302442644952
   0.022288729865113446
   0.02248978070146528
   0.025054152470199428
   0.025252585689390306
   0.02686308723881155
   0.025488680154139014
   0.026203515622908312
   0.026713208418308723
   0.02691833529399617
   0.028151328902913268
   0.02862663927183909
   0.028800419719163816
   0.028765420838221714
   0.03015575507262254
   0.03069695058145027
   0.03151559334678629
   0.03135676284312525
   0.032189368415674144
   0.03295573271829956
   0.03268161524466011
   0.03407219153503337
   0.03596889254619886
   0.03616153645795488
   0.03688583462523249
   0.03714200628668301
   0.03814950273594664
   0.03870692155157783
   0.039938126833891446
   0.04008666580048782
   0.04175765491499732
   0.04175670288708149
   0.043003989349826605
   0.043603185158884894
   0.044249802700125115
   0.04490946465946794
   0.04580893009010361
   0.04761306542326381
   0.04861659371037835
   0.04909590157029403
   0.050625106775196035
   0.052308713767402086
   0.05289517085708297
   0.05295007021713947
   0.05329655687753197
   0.05423320016373734
   0.05666535780351166
   0.05772783362469096
   0.05850476028495459
   0.0595229600658435
   0.06121299417607343
   0.06183951070310954
   0.06414541031126077
   0.06396616448560911
   0.06545649241289973
   0.06765722545301425
   0.06796389818131388
   0.07029292209034989
   0.07202685326321011
   0.07298088637444738
   0.07417553232704165
   0.07657509140706265
   0.07737737854825531
   0.07917257933779852
   0.080450846950172
   0.08112699947613002
   0.082693868188639
   0.0862711052438764
   0.08637802720599724
   0.08882606585344192
   0.0894170258451935
   0.09158905410036725
   0.09365979662587358
   0.0953899581664653
   0.0989543894124965
   0.10008045513485637
   0.1019333947977796
   0.1042810675002898
   0.10641617996808568
   0.10804248067774083
   0.10962240515058953
   0.11350567349696666
   0.11571859995264373
   0.11711296725811365
   0.11968465548682504
   0.12303600279592962
   0.12518701172246266
   0.12775675330877817
   0.13020768345608488
   0.13303015814468536
   0.13703665129811077
   0.14054660037154937
   0.14305580583814137
   0.1462834948960408
   0.14877845878688217
   0.15304942336056024
   0.15523354905109915
   0.1603356057493157
   0.16340826402296796
   0.1657985103401113
   0.17309503886304772
   0.17551245870023016
   0.18151714221802853
   0.18476397393431437
   0.1904792687827208
   0.19519754890879137
   0.20073957233191467
   0.20604419735581006
   0.21358240586715002
   0.21829390682288868
   0.2265484681718241
   0.23228106762067371
   0.23923327126259006
   0.24788519378131482
   0.25534797715862173
   0.2638718207293079
   0.2723747050498633
   0.2797868577310235
   0.2837154474116628
   0.2880782746338224
   0.28896466121482745
   0.28887996979887687
   0.28737048865706444
   0.2848319270569927
   0.2793277413720306
   0.2728860007384036
   0.2633453720402164
   0.2552394869059253
   0.24670343576042877
   0.239273576635616
   0.23228515437711467
   0.22586133345705722
   0.21816679255789595
   0.21114865377501227
   0.20672327491359072
   0.20071486147268716
   0.1951314565081704
   0.19041349774635202
   0.18519076140833807
   0.1819653590659497
   0.17641707849298494
   0.17064412109416485
   0.1663862451526568
   0.1629716793065593
   0.15867870674731377
   0.15661878762140893
   0.15233521856747376
   0.1491975549263459
   0.1439717707573259
   0.14263670437864162
   0.13960067478346944
   0.13643279042810788
   0.13375113232791713
   0.13062514986020113
   0.1288708404527572
   0.1254253892001137
   0.12256190336315767
   0.12003097585206912
   0.11768119642066865
   0.11545493423409846
   0.11340452647050733
   0.11007001362769063
   0.10887128994826874
   0.10500867940794227
   0.1041202758160004
   0.10116857597100001
   0.09974101398622333
   0.0976516573899286
   0.09530298513163163
   0.09474897081762947
   0.09240726767413913
   0.0898668166566503
   0.08876975822316968
   0.08733937886200016
   0.08440173040880146
   0.08225759995890958
   0.08114062420267668
   0.07925870145290043
   0.07823599477861837
   0.07642010698108188
   0.07631225220107188
   0.07493883980286858
   0.07118673693884275
   0.071267299927807
   0.068500189050834
   0.06679904044220995
   0.06796426093175736
   0.06611453141329825
   0.06456210625436565
   0.06438097604106356
   0.06311584270212987
   0.06195667531428716
   0.05979284498165311
   0.05884406644683897
   0.05809588209159062
   0.05588678411753534
   0.05610168402998256
   0.05338933203365631
   0.05456361333342945
   0.05350406368678925
   0.05165767160838746
   0.05068548289204711
   0.049056449433280434
   0.04862709326085613
   0.04723518094598559
   0.04628429971383385
   0.045646665584684276
   0.04487632755696482
   0.04251316403186194
   0.04298155809181422
   0.04240880520599467
   0.04134890523339161
   0.04002563158777135
   0.03888665704325842
   0.038135280043550226
   0.037661277514178935
   0.03691188291052083
   0.03606471494411123
   0.03695371092326182
   0.034940181110005714
   0.03493948912047799
   0.0337182822219638
   0.0335855620021461
   0.03292566474651651
   0.029754729035902847
   0.03053357874537474
   0.03150046347278084
   0.030171986195807528
   0.030106364094656134
   0.029637803140583816
   0.027848377762447852
   0.027884651261939786
   0.027323258059755613
   0.026955317082163956
   0.02583891514750571
   0.025664145241951854
   0.025625605768449654
   0.0247933353746526
   0.024894157949205672
   0.024119071292236772
   0.02353193566198922
   0.023595571597229848
   0.02219910338279454
   0.02288626173056666
   0.022843004706036375
   0.02155997956863596
   0.020948527370676918
   0.019464935627943904
   0.020708956299147478
   0.02049056124170346
   0.018571436104943526
   0.018218462723292545
   0.01873251117709529
   0.017997790864436668
   0.016968509186136536
   0.017347108087517066
   0.016731272635397466
   0.016490587739677442
   0.01558686212808723
   0.016641713824002622
   0.0156827875073279
   0.014524635313838349
   0.013927119443732792
   0.014931885045097288
   0.01469581151212821
   0.01399894338869902
   0.014034577834762255
   0.012921942230175771
   0.012328010220631715
   0.0128053932387881
   0.01407024434755843
   0.013114019216090848
   0.01410577098211934
   0.011268881000347817
   0.012246779821651078
   0.011444925119894844
   0.01224682097525721
   0.011488456119078838
   0.010343587337089585
   0.011224413392244604
   0.010953898849268236
   0.010723329660138217
   0.010954012780711916
   0.010676591028975495
   0.010487630618972047
   0.00921922290651441
   0.008602040455612843
   0.00999966379434829
   0.009694995822588063
   0.0078100268245378
   0.009164852644751031
   0.008602072075959373
   0.009110156914126123
   0.008123845394885356
   0.008485069239552497
   0.008366385121424904
   0.007680976435323832
   0.008366339940499668
   0.006557297537858108
   0.007210955831233471
   0.0067822120285346435
   0.00748314773340738
   0.006999828497899073
   0.008123871983235581
   0.005744467860472369
   0.007416061960366836
   0.006244910808009991
   0.006999842212507364
   0.004898920697459798
   0.005744479001615377
   0.006557322548113673
   0.005385086721678677
   0.0059999249995312445
   0.004582527577658426
   0.00529145688823031
   0.005385115690493566
   0.0047957855456640264
   0.005196092281705551
   0.0048989386605672045
   0.004898920697459798
   0.004242610517122683
   0.0042426025031812725
   0.004795776370933073
   0.004358865792841069
   0.004242610517122683
   0.003999967999871999
   0.003741638143915042
   0.003872954298723392
   0.002999986499969625
   0.0036055278393045307
   0.0038729615283397793
   0.0036055344957440084
   0.003741638143915042
   0.003316606548868889
   0.0036055344957440084
   0.0026457420509187965
   0.003316606548868889
   0.003741644023687983
   0.0036055344957440084
   0.0034640871813509545
   0.0028284158110150636
   0.003316606548868889
   0.002449482394302927
   0.002449482394302927
   0.0022360623873228583
   0.001999995999996
   0.001999995999996
   0.002449482394302927
   0.001999995999996
   0.003464092377521131
   0.0017320482094907174
   0.0022360623873228583
   0.003162267540863676
   0.001999995999996
   0.0022360623873228583
   0.000999999499999875
   0.003999981999959499
   0.000999999499999875
   0.002449482394302927
   0.000999999499999875
   0.0017320482094907174
   0.0022360623873228583
   0.0014142121481588255
   0.001999995999996
   0.001999995999996
   0.000999999499999875
   0.0017320482094907174
   0.000999999499999875
   0.0022360623873228583
   0.0014142121481588255
   0.0
   0.0
   0.0014142121481588255
   0.0
   0.001999995999996
   0.000999999499999875
   0.0
   0.000999999499999875
   0.0
   0.0014142121481588255
   0.000999999499999875
   0.000999999499999875
   0.0
   0.0
   0.0014142121481588255
   0.000999999499999875
   0.000999999499999875
   0.0014142121481588255
   0.0
   0.0
   0.0
   0.0017320482094907174
   0.0
   0.000999999499999875
   0.000999999499999875
   0.000999999499999875
   0.0
   0.0014142121481588255
   0.0
   0.000999999499999875
   0.0014142121481588255
   0.000999999499999875
   0.0017320482094907174
   0.0
   0.0022360659650377044
   0.0014142121481588255
   0.0014142121481588255
   0.0
   0.0
   0.000999999499999875
   0.0
   0.0014142121481588255
   0.0
   0.0
   0.0
   0.0017320482094907174
   0.0
   0.0
   0.0
   0.000999999499999875
   0.0
   0.0
   0.0014142121481588255
   0.000999999499999875
   0.0
   0.00199999899999975
   0.0
   0.0
   0.0
   0.0
   0.0
   0.0
   0.000999999499999875
   0.000999999499999875
   0.000999999499999875
   0.0
   0.0
   0.000999999499999875
   0.0
   0.000999999499999875
   0.0
   0.0
   0.0
   0.0
   0.0
   0.000999999499999875
   0.0
   0.0
   0.0
   0.0
   0.0
   0.000999999499999875
   0.0
   0.0
   0.0
   0.0
   0.0
   0.000999999499999875
   0.0
   0.0
   0.0
   0.0
   0.0
   0.0
   0.0
   0.0
   0.00199999899999975
   0.0
   0.0
   0.0
   0.0
   0.0
   0.0
   0.0
   0.0
   0.0
   0.0
   0.0
   0.0
   0.0
   0.0
   0.0
   0.0
   0.0
   0.0
   0.0
   0.0
   0.0
   0.0
   0.0
   0.0
   0.0
   0.0
   0.0
   0.0
   0.0
   0.0
   0.0
   0.0
   0.0
   0.0
   0.0
   0.0
   0.0
   0.0
   0.0
   0.0
   0.0
   0.0
   0.0
   0.0
   0.0
   0.0
   0.0
   0.0
   0.0
   0.0
   0.0
   0.0
   0.0
   0.0
