   0.00031622775020544923
   0.0
   0.00031622775020544923
   0.0
   0.0
   0.00031622775020544923
   0.0005477224753467763
   0.00044721355077859614
   0.00031622775020544923
   0.0006324554055425568
   0.0005477224753467763
   0.000836659733703015
   0.0006324554055425568
   0.000894426833228968
   0.0005477224753467763
   0.000999999499999875
   0.001095444457743066
   0.0011401746839848708
   0.0009486828711429336
   0.0010488082713251265
   0.001095444457743066
   0.0015165733447479552
   0.0012247439528325912
   0.0014142121481588255
   0.0015491914794498452
   0.0013784035657237687
   0.0014142121481588255
   0.0018165872150821716
   0.002144756125996613
   0.001999995999996
   0.002449482394302927
   0.002387460472971228
   0.0026457420509187965
   0.0028284163696316
   0.003065927533390181
   0.0031937282288886136
   0.003301497464787759
   0.003794705870024711
   0.00356368401377002
   0.0037947066237062383
   0.004110926220452029
   0.004460898984509736
   0.004857925796057408
   0.005176802271673123
   0.0051282861454875935
   0.005779177948462913
   0.006519066466143753
   0.006891864797716218
   0.007106158595894128
   0.007726351479838333
   0.008336379621274453
   0.008449557126855821
   0.00932698073119056
   0.009705220953692915
   0.010620141767415348
   0.011440411789354437
   0.011869306129256251
   0.012608532791724816
   0.013826208874452895
   0.014661351419292834
   0.015373511926687409
   0.016517480255474806
   0.0177285900578698
   0.018896460958602805
   0.020467743431800196
   0.021521820737103077
   0.022679089985270573
   0.024838006296601184
   0.025920221989597234
   0.0276861601438336
   0.029626738293474023
   0.031570861659289566
   0.03392924666994539
   0.03607669817208886
   0.03802818029619614
   0.0408613879504845
   0.04345104135357403
   0.046314936232710074
   0.04970705803565526
   0.05292021151875718
   0.056440019585308435
   0.060051030432458026
   0.0639403253378492
   0.0683574722107247
   0.07275803989766354
   0.07738566687953267
   0.08295866555526313
   0.0885469366191739
   0.09393685908289674
   0.10018437223314822
   0.1070526590234918
   0.11404416424789127
   0.1213092397402605
   0.12924617050323
   0.1376215387322784
   0.2496694273614613
   0.2535765427667946
   0.25618361323314576
   0.25800024821645035
   0.25885569186123764
   0.2589396146551354
   0.25789793143162276
   0.25635102462802833
   0.2534982542866716
   0.2500778430232475
   0.13756408666668782
   0.12910519897757797
   0.12137647955674938
   0.1138773883211237
   0.10669777209365713
   0.10034797344635316
   0.09378085290207165
   0.08815621413553329
   0.08254603418208534
   0.0778693709561725
   0.07281945483756384
   0.06823504531946908
   0.06422824808999542
   0.05991637102420339
   0.05647699058900005
   0.052905365652171805
   0.04927973601786032
   0.046488549523081485
   0.043767427610495915
   0.04083469379632961
   0.03831422415748491
   0.03581720367630617
   0.03352997504905126
   0.0316734335012799
   0.029435646769860522
   0.02792134565238574
   0.026220881052321638
   0.024430504210924506
   0.022909211830833467
   0.02158669174375731
   0.02014545107462228
   0.018875281104131933
   0.0177314118938679
   0.016695023929303006
   0.015701591479846875
   0.014579276732403428
   0.013941415249536182
   0.013269122786002095
   0.012131731820313206
   0.01153181854695954
   0.010535077406455066
   0.009959439500293177
   0.009289389538069764
   0.008932733476377765
   0.008252001235457978
   0.0078164132125931
   0.006928038334189556
   0.006745220671705263
   0.006379527875164431
   0.0055586942630441545
   0.005727035641586317
   0.005186452266241347
   0.004878467283891529
   0.004472091233416421
   0.004110926220452029
   0.003974889980867395
   0.0037282444648922904
   0.0035213422384085306
   0.0032710679464052713
   0.002880960671373353
   0.0028635530377487334
   0.0027928371166253143
   0.002387460472971228
   0.0025690380378655354
   0.0020736396769930887
   0.0020736396769930887
   0.0018439057568107975
   0.0018973631808380808
   0.0015165733447479552
   0.0018439057568107975
   0.0012649100521380957
   0.00130383937277565
   0.0013416395790226225
   0.0013784035657237687
   0.00130383937277565
   0.0012247439528325912
   0.0012649102893090877
   0.0012247439528325912
   0.0007071066044098301
   0.000836659733703015
   0.0007071066044098301
   0.000999999499999875
   0.000894426833228968
   0.0006324554055425568
   0.0
   0.0007071066044098301
   0.0006324554055425568
   0.0005477224753467763
   0.00031622775020544923
   0.00044721355077859614
   0.00044721355077859614
   0.00031622775020544923
   0.00044721355077859614
   0.0
   0.0
