   0.0
   0.0
   0.0
   0.0
   0.0
   0.0
   0.0
   0.0
   0.0
   0.0
   0.0
   0.0
   0.0
   0.0
   0.0
   0.0
   0.0
   0.0
   0.0
   0.0
   0.0
   0.0
   0.0
   0.0
   0.0
   0.0
   0.0
   0.0
   0.0
   0.0
   0.0
   0.0
   0.0
   0.0
   0.0
   0.0
   0.0
   0.0
   0.0
   0.0
   0.0
   0.0
   0.0
   0.0
   0.0
   0.0
   0.0
   0.0
   0.0
   0.0
   0.0
   0.0
   0.0
   0.0
   0.0
   0.0
   0.0
   0.0
   0.0
   0.0
   0.0
   0.0
   0.0
   0.0
   0.0
   0.0
   0.0
   0.0
   0.0
   0.0
   0.0
   0.0
   0.0
   0.0
   0.0
   0.0
   0.0
   0.0
   0.0
   0.0
   0.0
   0.0
   0.0
   0.0
   0.0
   0.0
   0.0
   0.0
   0.0
   0.0
   0.0
   0.0
   0.0
   0.0
   0.0
   0.0
   0.0
   0.0
   0.0
   0.0
   0.0
   0.0
   0.0
   0.0
   0.0
   0.0
   0.0
   0.0
   0.0
   0.0
   0.0
   0.0
   0.0
   0.0
   0.0
   0.0
   0.0
   0.0
   0.0
   0.0
   0.0
   0.0
   0.0
   0.0
   0.0
   0.0
   0.0
   0.0
   0.0
   0.0
   0.0
   0.0
   0.0
   0.0
   0.0
   0.0
   0.0
   0.0
   0.0
   0.0
   0.0
   0.0
   0.0
   0.0
   0.0
   0.0
   0.0
   0.0
   0.0
   0.0
   0.0
   0.0
   0.0
   0.0
   0.0
   0.0
   0.0
   0.0
   0.0
   0.0
   0.0
   0.0
   0.0
   0.0
   0.0
   0.0
   0.0
   0.0
   0.0
   0.0
   0.0
   0.0
   0.0
   0.0
   0.0
   0.0
   0.0
   0.0
   0.0
   0.0
   0.0
   0.0
   0.0
   0.0
   0.0
   0.0
   0.0
   0.0
   0.0
   0.0
   0.0
   0.0
   0.0
   0.0
   0.0
   0.0
   0.0
   0.0
   0.0
   0.0
   0.0
   0.00031622775020544923
   0.0
   0.00031622775020544923
   0.00031622775020544923
   0.00031622775020544923
   0.00031622775020544923
   0.00044721355077859614
   0.00044721355077859614
   0.000836659733703015
   0.0007071066044098301
   0.000894426833228968
   0.0010488082713251265
   0.0012247439528325912
   0.0017888515198305308
   0.0020976134915660703
   0.00254950245930456
   0.002999986499969625
   0.004012448228949502
   0.004505508183324052
   0.005468007497251627
   0.00678954292938781
   0.007549620769283713
   0.009689761643611261
   0.01106730709386886
   0.012828637887164793
   0.014589586214488744
   0.01669503383764166
   0.01926305940810026
   0.024420353554975408
   0.03327177524328992
   0.04387005396805434
   0.05538544537972047
   0.06774740654630257
   0.08044279920384421
   0.093105116582871
   0.10626850404047287
   0.11955107172819489
   0.13351835813007137
   0.14706933195958974
   0.15997953509217983
   0.17258037300121934
   0.1854169618113726
   0.19740892319424164
   0.20947795433216831
   0.22093051733710306
   0.22989055689827714
   0.23632798534612864
   0.24071809485767787
   0.24244866300938842
   0.24266055443141146
   0.2405914032748261
   0.2362986727772926
   0.23004179818091755
   0.22062056571568753
   0.20944591978625415
   0.1974442805287355
   0.18520499688806993
   0.17287160238486252
   0.16032819557382913
   0.14682117875783451
   0.1334159002433743
   0.11969986734562407
   0.1065150918696501
   0.09312591959685552
   0.08038152016477419
   0.06749690978852291
   0.055364223746386984
   0.044032417714111496
   0.033337549385040285
   0.024432644932344105
   0.019363996362063284
   0.01669503383764166
   0.01478694755485391
   0.012793515810362685
   0.010926410711665564
   0.009284008237824867
   0.007892790608523706
   0.006670683604399177
   0.005319700216177599
   0.0044720921233802865
   0.00375497094396215
   0.003016608080278245
   0.0022583121994091074
   0.0019493551651764232
   0.0014491361530235866
   0.000999999499999875
   0.0007071066044098301
   0.0011401746839848708
   0.0007745964368624477
   0.00044721355077859614
   0.00031622775020544923
   0.00031622775020544923
   0.00044721355077859614
   0.00044721355077859614
   0.00031622775020544923
   0.00031622775020544923
   0.0
   0.0
   0.0
   0.0
   0.0
   0.0
   0.0
   0.0
   0.0
   0.0
   0.0
   0.0
   0.0
   0.0
   0.0
   0.0
   0.0
   0.0
   0.0
   0.0
   0.0
   0.0
   0.0
   0.0
   0.0
   0.0
   0.0
   0.0
   0.0
   0.0
   0.0
   0.0
   0.0
   0.0
   0.0
   0.0
   0.0
   0.0
   0.0
   0.0
   0.0
   0.0
   0.0
   0.0
   0.0
   0.0
   0.0
   0.0
   0.0
   0.0
   0.0
   0.0
   0.0
   0.0
   0.0
   0.0
   0.0
   0.0
   0.0
   0.0
   0.0
   0.0
   0.0
   0.0
   0.0
   0.0
   0.0
   0.0
   0.0
   0.0
   0.0
   0.0
   0.0
   0.0
   0.0
   0.0
   0.0
   0.0
   0.0
   0.0
   0.0
   0.0
   0.0
   0.0
   0.0
   0.0
   0.0
   0.0
   0.0
   0.0
   0.0
   0.0
   0.0
   0.0
   0.0
   0.0
   0.0
   0.0
   0.0
   0.0
   0.0
   0.0
   0.0
   0.0
   0.0
   0.0
   0.0
   0.0
   0.0
   0.0
   0.0
   0.0
   0.0
   0.0
   0.0
   0.0
   0.0
   0.0
   0.0
   0.0
   0.0
   0.0
   0.0
   0.0
   0.0
   0.0
   0.0
   0.0
   0.0
   0.0
   0.0
   0.0
   0.0
   0.0
   0.0
   0.0
   0.0
   0.0
   0.0
   0.0
   0.0
   0.0
   0.0
   0.0
   0.0
   0.0
   0.0
   0.0
   0.0
   0.0
   0.0
   0.0
   0.0
   0.0
   0.0
   0.0
   0.0
   0.0
   0.0
   0.0
   0.0
   0.0
   0.0
   0.0
   0.0
   0.0
   0.0
   0.0
   0.0
   0.0
   0.0
   0.0
   0.0
   0.0
   0.0
   0.0
   0.0
   0.0
   0.0
   0.0
   0.0
   0.0
   0.0
   0.0
   0.0
   0.0
   0.0
   0.0
   0.0
   0.0
   0.0
   0.0
   0.0
   0.0
   0.0
   0.0
   0.0
   0.0
   0.0
   0.0
   0.0
   0.0
   0.0
