   0.5250475404903826
   0.795969995464025
   0.9591182051009146
   1.0501147926655447
   1.1020400248044533
   1.1572076453255915
   1.1737111202864188
   1.1836749829877289
   1.1985855193101576
   1.192277359811466
   1.2001607478933811
   1.2032833189236856
   1.2040849420032624
   1.2119522060539352
   1.2141527243765506
   1.2238283953414384
   1.2129645752086085
   1.2198619081174722
   1.2127754204101433
   1.2130387911340677
   1.2029091774045122
   1.197101779973616
   1.201612054263355
   1.2060595026382406
   1.2080396407365943
   1.2064367053020228
   1.2089912403781098
   1.2130472963639958
   1.206808576359565
   1.2119528791958043
   1.2110348994327125
   1.2143022718977348
   1.2119745036509637
   1.2048318518992598
   1.2071814267022998
   1.201666836142198
   1.1991561705762097
   1.2095962490666048
   1.2100378788414023
   1.206739698692307
   1.2097478152867234
   1.2095181532655888
   1.2101968188951746
   1.216957780901211
   1.2142074442824833
   1.2191991991532802
   1.2081831159054492
   1.2091754203985459
   1.2063058251666532
   1.2026066173508276
   1.2025728836390748
   1.2075107427613223
   1.2036611792256988
   1.2008620884343881
   1.2036031522042472
   1.2105362495423257
   1.2125424071495396
   1.2071575126718137
   1.2008643843827662
   1.2115797457385957
   1.2172665439828698
   1.2115987746708892
   1.2003482846307567
   1.2108243792024507
   1.2024938089449775
   1.1984784010364975
   1.1978315993494244
   1.199448738712497
   1.2162792841181667
   1.2128409046198105
   1.205770933595598
   1.20206946593115
   1.2090454165890543
   1.2045427494215388
   1.207840953383764
   1.2124645316445344
   1.216575227414647
   1.2139074819437434
   1.1971472268756254
   1.1998723511690734
   1.1913538202884986
   1.1997997074445386
   1.205232423224251
   1.211175164723914
   1.2079893630723741
   1.2049624006997064
   1.2118373378927554
   1.2124042803285544
   1.2070793113279674
   1.2054581600997192
   1.1944612526955405
   1.1885914895265741
   1.1780466639819493
   1.1745957437671908
   1.1472052013824727
   1.1073089053010456
   1.0512573655955995
   0.9636497428210107
   0.797770191746345
   0.5206640808467586
