   0.1336949577594832
   0.15563440844800355
   0.16063907601748087
   0.16212182139462286
   0.16211605273849347
   0.16239409170160718
   0.16245727968764587
   0.1623653526353144
   0.1626997267911351
   0.1621270617755099
   0.16218259522448764
   0.16188222368472086
   0.16213158285281742
   0.16267424822632498
   0.1623871842715428
   0.16261164672799425
   0.1625235757076185
   0.16253118985939283
   0.16299844949434336
   0.16286630785266792
   0.16175915165343815
   0.1621659861746291
   0.1622391547068401
   0.16220792019812103
   0.1622859814463036
   0.16225566574733222
   0.16270965691165967
   0.16276648270586916
   0.16205777648184613
   0.16242078384246272
   0.16211375395616498
   0.16243627574836847
   0.16171561810091195
   0.1619216337958273
   0.16223508904685202
   0.1624750680319599
   0.16266898764149854
   0.162314923540351
   0.16191635063822307
   0.16236279659761962
   0.16253765998450945
   0.16229514566366426
   0.16279286300805695
   0.16260298614613447
   0.16229043771926305
   0.16219732873259657
   0.16249192678330207
   0.16266486187173307
   0.16215481621203853
   0.16237744207712473
   0.16242660159194983
   0.16199325121547503
   0.16206492521329222
   0.16253922916733055
   0.1619943447269379
   0.16255290733293576
   0.16262078530344762
   0.1626441034060565
   0.1628095245094709
   0.16242111247544144
   0.16225927070512797
   0.16233488023216083
   0.16302867639173177
   0.1628334376518226
   0.16275930264669972
   0.1624431931126694
   0.16301049713975477
   0.16258980159899328
   0.16233521173149712
   0.16234872972709086
   0.16275982134344458
   0.16300744397186284
   0.16196035740189635
   0.16215323286866654
   0.16262085890500025
   0.16272067398877132
   0.16206475229953612
   0.16298997153932507
   0.16249489400913494
   0.16281955894486386
   0.1622186256881743
   0.1623675069661107
   0.16246306587280077
   0.16231162455856327
   0.16297999644738614
   0.16237066917491594
   0.16160172497566355
   0.1624903035235026
   0.16224510462568664
   0.16250576518708498
   0.1620210229173671
   0.16179596332962082
   0.16251083562393617
   0.16295411594921436
   0.1626716519910891
   0.16286189773068468
   0.16161131370590984
   0.16074020589149438
   0.15513676020324776
   0.1338400357049788
