   0.0
   0.0
   0.0
   0.0
   0.0
   0.0
   0.0
   0.0
   0.0
   0.0
   0.0
   0.0
   0.0
   0.0
   0.0
   0.0
   0.0
   0.0
   0.0
   0.0
   0.0
   0.0
   0.0
   0.0
   0.0
   0.0
   0.0
   0.0
   0.0
   0.0
   0.0
   0.0
   0.0
   0.0
   0.0
   0.0
   0.0
   0.0
   0.0
   0.0
   0.0
   0.0
   0.0
   0.0
   0.0
   0.0
   0.0
   0.0
   0.0
   0.0
   0.0
   0.0
   0.0
   0.0
   0.0
   0.0
   0.0
   0.0
   0.0
   0.0
   0.0
   0.0
   0.0
   0.0
   0.0
   0.0
   0.0
   0.0
   0.0
   0.0
   0.0
   0.0
   0.0
   0.0
   0.0
   0.0
   0.0
   0.0
   0.0
   0.0
   0.0
   0.0
   0.0
   0.0
   0.0
   0.0
   0.0
   0.0
   0.0
   0.0
   0.0
   0.0
   0.0
   0.0
   0.0
   0.0
   0.0
   0.0
   0.0
   0.0
   0.0
   0.0
   0.0
   0.0
   0.0
   0.0
   0.0
   0.0
   0.0
   0.0
   0.0
   0.0
   0.0
   0.0
   0.0
   0.0
   0.0
   0.0
   0.0
   0.0
   0.0
   0.0
   0.0
   0.0
   0.0
   0.0
   0.0
   0.0
   0.0
   0.0
   0.0
   0.0
   0.0
   0.0
   0.0
   0.0
   0.0
   0.0
   0.0
   0.0
   0.0
   0.0
   0.0
   0.0
   0.0
   0.0
   0.0
   0.0
   0.0
   0.0
   0.0
   0.0
   0.0
   0.0
   0.0
   0.0
   0.0
   0.0
   0.0
   0.0
   0.0
   0.0
   0.0
   0.0
   0.0
   0.0
   0.0
   0.0
   0.0
   0.0
   0.0
   0.0
   0.0
   0.0
   0.0
   0.0
   0.0
   0.0
   0.0
   0.0
   0.0
   0.0
   0.0
   0.0
   0.0
   0.0
   0.0
   0.0
   0.0
   0.0
   0.0
   0.0
   0.0
   0.0
   0.0
   0.0
   0.0
   0.0
   0.0
   0.0
   0.0
   0.0
   0.0
   0.0
   0.0
   0.0
   0.0
   0.0
   0.0
   0.0
   0.0
   0.0
   0.0
   0.0
   0.0
   0.0
   0.0
   0.0
   0.0
   0.0
   0.0
   0.0
   0.0
   0.0
   0.0
   0.0
   0.0
   0.0
   0.0
   0.0
   0.0
   0.0
   0.0
   0.0
   0.0
   0.0
   0.0
   0.0
   0.0
   0.0
   0.0
   0.0
   0.0
   0.0
   0.0
   0.0
   0.0
   0.0
   0.0
   0.0
   0.0
   0.0
   0.0
   0.0
   0.0
   0.0
   0.0
   0.0
   0.0
   0.0
   0.0
   0.0
   0.0
   0.0
   0.0
   0.0
   0.0
   0.0
   0.0
   0.0
   0.0
   0.0
   0.0
   0.0
   0.0
   0.0
   0.0
   0.0
   0.0
   0.0
   0.0
   0.0
   0.0
   0.0
   0.0
   0.0
   0.0
   0.0
   0.0
   0.0
   0.0
   0.0
   0.0
   0.0
   0.0
   0.0
   0.0
   0.0
   0.0
   0.0
   0.0
   0.0
   0.0
   0.0
   0.0
   0.0
   0.0
   0.0
   0.0
   0.0
   0.0
   0.0
   0.0
   0.0
   0.0
   0.0
   0.0
   0.0
   0.0
   0.0
   0.0
   0.0
   0.0
   0.0
   0.0
   0.00316226184874055
   0.00316226184874055
   0.0
   0.0
   0.0
   0.00316226184874055
   0.0
   0.0
   0.0
   0.0
   0.0
   0.0
   0.0
   0.0
   0.0063245236974811
   0.0
   0.00316226184874055
   0.00316226184874055
   0.007071004171968788
   0.00316226184874055
   0.00316226184874055
   0.011401644618211882
   0.00948678554622165
   0.007071004171968788
   0.00316226184874055
   0.0
   0.00948678554622165
   0.0
   0.00316226184874055
   0.00316226184874055
   0.00316226184874055
   0.00948678554622165
   0.0063245236974811
   0.004472091233416421
   0.004472091233416421
   0.00316226184874055
   0.00316226184874055
   0.0063245236974811
   0.0063245236974811
   0.0063245236974811
   0.0
   0.0
   0.00316226184874055
   0.0
   0.0
   0.0
   0.0
   0.0
   0.0
   0.00316226184874055
   0.00316226184874055
   0.0
   0.0
   0.00316226184874055
   0.0
   0.007071004171968788
   0.0
   0.0
   0.0126490473949622
   0.0063245236974811
   0.0
   0.00948678554622165
   0.00316226184874055
   0.0063245236974811
   0.00316226184874055
   0.00316226184874055
   0.0
   0.00316226184874055
   0.0063245236974811
   0.0
   0.0063245236974811
   0.00316226184874055
   0.0126490473949622
   0.0063245236974811
   0.00316226184874055
   0.0
   0.0
   0.00316226184874055
   0.00316226184874055
   0.0
   0.00316226184874055
   0.00316226184874055
   0.0
   0.0
   0.0
   0.004472091233416421
   0.0
   0.0
   0.0
   0.0
   0.00316226184874055
   0.0
   0.0063245236974811
   0.00316226184874055
   0.00316226184874055
   0.00316226184874055
   0.0
   0.0063245236974811
   0.00316226184874055
   0.0063245236974811
   0.0
   0.00316226184874055
   0.00316226184874055
   0.00316226184874055
   0.00316226184874055
   0.0
   0.0
   0.0
   0.0
   0.0
   0.00316226184874055
   0.007071004171968788
   0.0
   0.00316226184874055
   0.0
   0.00316226184874055
   0.0
   0.0
   0.0
   0.00316226184874055
   0.007071004171968788
   0.0
   0.00316226184874055
   0.007071004171968788
   0.0077458634121703954
   0.0
   0.00316226184874055
   0.004472091233416421
   0.00316226184874055
   0.004472091233416421
   0.00316226184874055
   0.0
   0.00316226184874055
   0.0
   0.005477143416051838
   0.0
   0.00316226184874055
   0.0
   0.00316226184874055
   0.004472091233416421
   0.0063245236974811
   0.007071004171968788
   0.004472091233416421
   0.00316226184874055
   0.0
   0.00316226184874055
   0.00316226184874055
   0.005477143416051838
   0.0
   0.00316226184874055
   0.004472091233416421
   0.004472091233416421
   0.004472091233416421
   0.00316226184874055
   0.005477143416051838
   0.00948678554622165
   0.0
   0.004472091233416421
   0.00316226184874055
   0.004472091233416421
   0.004472091233416421
   0.004472091233416421
   0.004472091233416421
   0.0
   0.00316226184874055
   0.00316226184874055
   0.0063245236974811
   0.00316226184874055
   0.004472091233416421
   0.0
   0.004472091233416421
   0.005477143416051838
   0.005477143416051838
   0.00316226184874055
   0.004472091233416421
   0.009999919999679998
   0.00316226184874055
   0.0063245236974811
   0.00316226184874055
   0.00316226184874055
   0.00316226184874055
   0.004472091233416421
   0.0
   0.0063245236974811
   0.007071004171968788
   0.005477143416051838
   0.010954286832103676
   0.004472091233416421
   0.00316226184874055
   0.012648857655930832
   0.005477143416051838
   0.004472091233416421
   0.00316226184874055
   0.008366450860430604
   0.006324428827965416
   0.006324428827965416
   0.006324428827965416
   0.0
   0.005477143416051838
   0.005477143416051838
   0.008366450860430604
   0.00316226184874055
   0.007071004171968788
   0.008366450860430604
   0.010487854880765656
   0.004472091233416421
   0.004472091233416421
   0.007071004171968788
   0.005477143416051838
   0.0
   0.007071004171968788
   0.007071004171968788
   0.00316226184874055
   0.0
   0.008366450860430604
   0.005477143416051838
   0.005477143416051838
   0.00316226184874055
   0.007071004171968788
   0.0077458634121703954
   0.006324428827965416
   0.008366450860430604
   0.006324428827965416
   0.0063245236974811
   0.0077458634121703954
   0.008366450860430604
   0.006324428827965416
   0.009486574724314356
   0.0
   0.0
   0.005477143416051838
   0.0
   0.007070891032960415
   0.007071004171968788
   0.006324428827965416
   0.005477143416051838
   0.005477143416051838
   0.004472091233416421
   0.008944070661617115
   0.011831889113746798
   0.01449120767914117
   0.007070891032960415
   0.007071004171968788
   0.007070891032960415
   0.005477143416051838
   0.007071004171968788
   0.009999679994879836
   0.0077458634121703954
   0.006324428827965416
   0.011401539369751789
   0.007070891032960415
   0.009999679994879836
   0.010487854880765656
   0.0077458634121703954
   0.00316226184874055
   0.00316226184874055
   0.007070891032960415
   0.006324428827965416
   0.006324428827965416
   0.008366307429206746
   0.008366450860430604
   0.005477143416051838
   0.008944070661617115
   0.009486574724314356
   0.010487702322243896
   0.009486574724314356
   0.008943914131967056
   0.008944070661617115
   0.013037940788330035
   0.009486574724314356
   0.011831551039487595
   0.007745734309928272
   0.009999679994879836
   0.010954159027510967
   0.014490793629059797
   0.007745734309928272
   0.007745734309928272
   0.014141626497684063
   0.009486574724314356
   0.010487511620970915
   0.011831736981525579
   0.012246758754870612
   0.010487702322243896
   0.010953994705129267
   0.011831551039487595
   0.007745734309928272
   0.010487511620970915
   0.010953994705129267
   0.008366307429206746
   0.013037541946241247
   0.010487511620970915
   0.009999499987499376
   0.012648335858918358
   0.01095379386331512
   0.009999679994879836
   0.0144903795671473
   0.010953994705129267
   0.009999499987499376
   0.012246954723522089
   0.008366307429206746
   0.01612390771494305
   0.01095379386331512
   0.01643057820041644
   0.017605791660700747
   0.013037541946241247
   0.01612327510154187
   0.011401223618542003
   0.014490793629059797
   0.013782739205252343
   0.01731957274299802
   0.018438004230393268
   0.012648335858918358
   0.015810246677392482
   0.009999499987499376
   0.0144903795671473
   0.018972148007012808
   0.019998559948156268
   0.01870633849795304
   0.015490642336585014
   0.014831304730198218
   0.018164446041649605
   0.01612327510154187
   0.024080498333713944
   0.02073412404708721
   0.01897129410451485
   0.015490371202782715
   0.015164006726455908
   0.013415200333949547
   0.021210938215930005
   0.017605564461271896
   0.024287393849484962
   0.020733815374889396
   0.021907359494014792
   0.01949096200806928
   0.022800973663420605
   0.017886654242758763
   0.02549147112271083
   0.01923319786203012
   0.02121031588637944
   0.022799999999999997
   0.02167726689414512
   0.02235778164308794
   0.02049073937172595
   0.02167632579566934
   0.026263996268656453
   0.02121063648267067
   0.028280198019108707
   0.0214442439829433
   0.02235778164308794
   0.022800342102696616
   0.026642670661928772
   0.024895549803127467
   0.023660228232204355
   0.03016155002648239
   0.0271979705125217
   0.027013698376934618
   0.03113845050737111
   0.02738099888608887
   0.024693316909641765
   0.028455563603625916
   0.02862935556382644
   0.028804081308036886
   0.032394071988559876
   0.03255011520716939
   0.022131369139752742
   0.025094618945104546
   0.03360618841820655
   0.03239547962293505
   0.03097595841939358
   0.031295724947666574
   0.029826214979443835
   0.030651877593387326
   0.02737933344696324
   0.031615464570364925
   0.02809942170223437
   0.03448540415886118
   0.030649495917551402
   0.031455325463266154
   0.033006167605464286
   0.03534559519940215
   0.0319274176844918
   0.03590603152675049
   0.03767165512689879
   0.03345585748415365
   0.033752416209806374
   0.03462932283484619
   0.03255011520716939
   0.032238089273404526
   0.03832619861139375
   0.03659234892706398
   0.03433933604483348
   0.03884342801556011
   0.040729821998137926
   0.03631453703408595
   0.04023133107417651
   0.04436534571036272
   0.04751942339717518
   0.04276303894720299
   0.0426434332576541
   0.036042730196254556
   0.044926744818648945
   0.03806149629218483
   0.04368143656062607
   0.04547780887421908
   0.04345190329548292
   0.045798510892822705
   0.045475398843770456
   0.044810212005747085
   0.04263848027310542
   0.04987392003843291
   0.044358303619502853
   0.047622447438156724
   0.048242544501715494
   0.04885909434281401
   0.0464509375578147
   0.04996901439892526
   0.045030877184438683
   0.04844733119584607
   0.05250753850638973
   0.055724356434148255
   0.05288232597002518
   0.04729737413430052
   0.05492027312386565
   0.053345244399102716
   0.05124942048452841
   0.05095770402991093
   0.04698441337294742
   0.06003330325744203
   0.05518256880573792
   0.056613743031175744
   0.04925565043728486
   0.057049255911010795
   0.06061862420081802
   0.05305384057728526
   0.05553975062961662
   0.05651845362357325
   0.0542621700634982
   0.06295792166201168
   0.06231182793017711
   0.061586722595052906
   0.056606429846793906
   0.06627421519716398
   0.06489586735686641
   0.06805232986459758
   0.06603371790229594
   0.07188608766652974
   0.06496689541605016
   0.07105893610236505
   0.06357665530680266
   0.06883877904204867
   0.06572536724887887
   0.06700082089049357
   0.06655835334501599
   0.07083853118183635
   0.06549916335343528
   0.06301103078033242
   0.06707784656650809
   0.06557108432838364
   0.07055267464809538
   0.07932492609514363
   0.0689728577050422
   0.07004820054790843
   0.07825290026574094
   0.07439669280283903
   0.07412420319976465
   0.07557396310899674
   0.07391004261938969
   0.07552483035399682
   0.07975907471880551
   0.07874857205054578
   0.07324258597291605
   0.07570956016250524
   0.08310404984114794
   0.0719343805144661
   0.07576113779504634
   0.08139958169425689
   0.08587782018658835
   0.08451664865575303
   0.08708197919202341
   0.08410458013687483
   0.0861547857057285
   0.09218007973526601
   0.0880363924749305
   0.08948596314506538
   0.08672587560814823
   0.08925316577018431
   0.08836268669523352
   0.08683863138027914
   0.09275384843767939
   0.09280969292051341
   0.09622390555366166
   0.09035618185824366
   0.097237389927949
   0.09521993016170512
   0.09713033717639408
   0.09954834805259202
   0.09132113884528598
   0.0930442281928331
   0.09827958841997661
   0.09638837896759131
   0.10314932088966945
   0.10382573091483632
   0.10729905684580829
   0.10396635946304938
   0.1089982160404472
   0.11248438069349895
   0.1117771707460875
   0.10532682659227895
   0.11520423429718198
   0.11259302820334836
   0.11269620046833877
   0.11682725024582236
   0.1193808690703833
   0.11728310662665788
   0.11913262819227989
   0.118870517370793
   0.12344853138049072
   0.11690236909489901
   0.11995201707349486
   0.12443215018635657
   0.12289572816009513
   0.12586173961931402
   0.1318255328075711
   0.12869774667802075
   0.13210468424700164
   0.12592664491679273
   0.12984534801062378
   0.13800828815690744
   0.13060899662733802
   0.13745124190053723
   0.13416100439397433
   0.13366531300228943
   0.1384300487610981
   0.1421792446174898
   0.14064160266436102
   0.13916261566958277
   0.14620601355621457
   0.14792757383260227
   0.14353857181956353
   0.14340819362923446
   0.1532323255713363
   0.15410732753506565
   0.14936017005882124
   0.14945755250237439
   0.14975942007099252
   0.15048730311890102
   0.15192907687470492
   0.1561074488933824
   0.15851823743658014
   0.160697368989041
   0.16203557140331873
   0.16078039401618593
   0.16616831827998982
   0.16701342580762782
   0.1674132464890398
   0.1725747374328004
   0.17052304360408302
   0.17673460215815126
   0.16979564187575605
   0.17218147141896542
   0.17654725826248335
   0.1769262984974252
   0.17835492003306216
   0.18140780027330689
   0.17739365011183458
   0.18196488424968155
   0.18180325189610885
   0.19266508142369754
   0.18758995175648402
   0.19254111145415154
   0.19436909116420747
   0.1927844700695572
   0.19618993959935868
   0.19659808518904756
   0.19806935123839833
   0.19740962489199965
   0.2058416080388025
   0.20486519958255478
   0.2049000124450948
   0.20451812413573522
   0.21375506333184252
   0.21511649843747457
   0.2149022547578317
   0.2153942429592769
   0.2167607342209377
   0.21873866576350878
   0.2168305271404375
   0.224695890260592
   0.22026004426586315
   0.2278091128554782
   0.22478520858810974
   0.22886065979106152
   0.23150653360110596
   0.2324951558635147
   0.23821427329192513
   0.23836474152021728
   0.2407645289489297
   0.23872068176008546
   0.2447215560591261
   0.2469865996364985
   0.24795649598266226
   0.2461459981393157
   0.24849281659637568
   0.2565264306070624
   0.2631077885582257
   0.2615318410824961
   0.27136527043820474
   0.26537309415236504
   0.2721221718272879
   0.27282975919059854
   0.2732067166085051
   0.2753573458253838
   0.27915792734579475
   0.28076996919186353
   0.28884457758455495
   0.28113953386174634
   0.2880257833944732
   0.29264077022862006
   0.28885961555745376
   0.2951878979565389
   0.29937438617891143
   0.2941378165078404
   0.301799017725373
   0.3043224065033661
   0.30247376729230585
   0.3081543450934937
   0.31024174042188457
   0.3147349335552061
   0.3187871062323569
   0.3228062624857207
   0.3250891102451757
   0.3226568144329203
   0.32068395266991456
   0.32726642296453207
   0.33438017151141003
   0.3361264047943868
   0.33788937775550154
   0.3466240036408327
   0.34610119907333464
   0.3464089490760884
   0.35321282408768795
   0.3540346627097409
   0.35752416967248524
   0.3639829708928702
   0.3635198129400927
   0.37001155644114686
   0.3742477242415777
   0.3729026704114627
   0.38210376810494817
   0.3872496476434808
   0.38579390547285736
   0.3883860713259424
   0.40030824073456195
   0.39403273658415744
   0.40347238765496707
   0.4015568059440657
   0.40627040256459734
   0.4143609537589178
   0.4171181500486403
   0.42019336870064955
   0.41643974786276106
   0.4238926354632739
   0.43171649910560517
   0.4358702778350458
   0.44130876163973903
   0.44384876658609745
   0.45472820354581045
   0.45571405771601997
   0.4571112589950066
   0.47096889228483024
   0.48016657265994683
   0.48122841769787456
   0.48837143200641864
   0.4922883541177873
   0.49283241411254597
   0.48792638789063253
   0.48839595043366196
   0.48988544579319765
   0.48526129858046585
   0.4782616144956649
   0.4692180712632454
   0.46396009731441346
   0.4579133014010403
   0.4541987542915546
   0.44461952622438883
   0.4409078701951236
   0.43464658183402294
   0.43312094892766384
   0.4286871118893126
   0.4152301278809138
   0.414606511767483
   0.4166735273568504
   0.41539111160447334
   0.4035294289144225
   0.39969283205982065
   0.3996302880163114
   0.38990467437567355
   0.38671100527396424
   0.38611738616643515
   0.3845525346425375
   0.38183329922886505
   0.3736479091337191
   0.3709556760584747
   0.3727917118177388
   0.3625266423312913
   0.36630835316710975
   0.3642306564527484
   0.3577900920931154
   0.35226217509122376
   0.35099499654553484
   0.3431259587964746
   0.343649225810273
   0.33935341916650846
   0.3379794015912804
   0.33058311572129634
   0.3265706318700443
   0.3265607690767524
   0.3297837103314838
   0.3273627932432151
   0.3252592994827358
   0.31838090002385505
   0.3167451301914522
   0.31193227726543465
   0.31488715375511905
   0.31104298079204423
   0.30551087443821046
   0.3086309375289522
   0.3062245555144133
   0.30128016927770074
   0.2976540930341795
   0.29108818577881174
   0.28520930139110123
   0.2899809992051203
   0.28752005130077446
   0.28311746749361827
   0.27976759211888713
   0.27737713946899084
   0.2716568158541214
   0.2754254597890326
   0.27015247546524535
   0.27064926676420165
   0.27149149452607163
   0.26365245001706317
   0.25715567580747656
   0.2570778323776673
   0.2576544117611806
   0.25084798265084773
   0.2501162961504108
   0.24785757018900997
   0.246629422210733
   0.2503894724224643
   0.2424955950115383
   0.24011057431941643
   0.23492513679893856
   0.23900643317701722
   0.23877415584606304
   0.23469651019987495
   0.23227452378597185
   0.23088836588273565
   0.22629791956622136
   0.22926447064471198
   0.22345816409341593
   0.22998193929089303
   0.22635996973846767
   0.22020503150473197
   0.2190105166424663
   0.2164449581302369
   0.20906994045055832
   0.21598865132223963
   0.20664499776186213
   0.20700614870095044
   0.2063737570525865
   0.19946769161947003
   0.20256641281318086
   0.19801613570615906
   0.19766905448248595
   0.19866306752891943
   0.19502947854106567
   0.18866257684024143
   0.19195090622344038
   0.19036947654495456
   0.188646170117498
   0.18611146525671116
   0.18837715254244608
   0.18022789906116088
   0.18400628222971085
   0.18164391429387333
   0.17821845471218742
   0.17677170701217998
   0.170087911093058
   0.17705880492085108
   0.17246065493323398
   0.17131261599777176
   0.16784456351040983
   0.16859538279561515
   0.16506967468314707
   0.1613228266551265
   0.16018900836199718
   0.1636970262405521
   0.15782306517109596
   0.15619218930535547
   0.15632937535856786
   0.15891130828232458
   0.15667891721606964
   0.15678677367686344
   0.15408445443976496
   0.15151538403739734
   0.15445472605265273
   0.1487956504740646
   0.1454766496727224
   0.14180270237199288
   0.14926849332662268
   0.14009165000099041
   0.14142356805002482
   0.14264668205044237
   0.13883787343516898
   0.13503101828839179
   0.13358604567843155
   0.1349919075352297
   0.13100475716553195
   0.13198763426927537
   0.1348855277633594
   0.1351323051679353
   0.1304846351108053
   0.13099967900724033
   0.12647765612945236
   0.13044945036296626
   0.12150634386730597
   0.12710678620750349
   0.12253516678896716
   0.12004411022619978
   0.11513178145064898
   0.11810246356448285
   0.1236517286575485
   0.11455814069720231
   0.11590141327869993
   0.1100482253378036
   0.11234857854018448
   0.11073165942945135
   0.11337659546837699
   0.11326438054392916
   0.11179408034417565
   0.10829316506594495
   0.1056516308440149
   0.10694666895233343
   0.10630119049192252
   0.10237833950597168
   0.10856113070523905
   0.0980729519286536
   0.0998406730746543
   0.10111992879744329
   0.09807441613387255
   0.10384627870077966
   0.10018989919148537
   0.09723876593211167
   0.09894948206029175
   0.09774333736884576
   0.09754679697458037
   0.09257800548726464
   0.09243115492083824
   0.09301708176458774
   0.09846238672711524
   0.0941843251289725
   0.08636535821728525
   0.08937414391198385
   0.08531821317866427
   0.09340998661813416
   0.08854912704256322
   0.09009532229810824
   0.09389854897707418
   0.08015547330033053
   0.0850821667566124
   0.0852211657981748
   0.08145673452821442
   0.0817600091731893
   0.08017130097485009
   0.08116767275214931
   0.07702344513198563
   0.07875184061341042
   0.08037919880168003
   0.08043194328126109
   0.07924713496398465
   0.07444702814753588
   0.08117448798729808
   0.07893047003534187
   0.07465214732343604
   0.07637799093979888
   0.0723447240647167
   0.06948100171989462
   0.07400159390175323
   0.07139101834264587
   0.07201706464442993
   0.07446334668815255
   0.06510996160342901
   0.0720150095466216
   0.07174487019989652
   0.07005732224400245
   0.07195706984028741
   0.06670842825310758
   0.06325202842597223
   0.06497331683083449
   0.06804696907283968
   0.06466018790569666
   0.06543252325869758
   0.06294162295333669
   0.06311167166222108
   0.06019117460226208
   0.06819735772007593
   0.06604364541725419
   0.057659898543094924
   0.05773863524538833
   0.0563420837385342
   0.051540911905009985
   0.05800411623324676
   0.059192904135546516
   0.05463207757352818
   0.05239716690814494
   0.060035721866235604
   0.059532302995936585
   0.059447021792517075
   0.052875688175190685
   0.059366514972667886
   0.0530659966456864
   0.048647481949223234
   0.056876905682359334
   0.04761453454566158
   0.05509844280921195
   0.051443443702769355
   0.044358303619502853
   0.04547084230581175
   0.05105608582725472
   0.04502745717892584
   0.046554027752709004
   0.04525305625037938
   0.044358303619502853
   0.047827522411264416
   0.041452502940112074
   0.03998317646210716
   0.04096718198753729
   0.05096632613795112
   0.04204970273378874
   0.045365625753427015
   0.049068522496606724
   0.043683304591113525
   0.03806326181503629
   0.04299227721347172
   0.03806149629218483
   0.041573875210280796
   0.03922905046008634
   0.03858397465269746
   0.035482948017322345
   0.040727145738438386
   0.03740373778113626
   0.0351982726848918
   0.03285047336036423
   0.03686515427880372
   0.03740266835400918
   0.03845503868155641
   0.03806149629218483
   0.03576473682274204
   0.03433985439689575
   0.035344135298518764
   0.033752416209806374
   0.034482167855284275
   0.04011209169315407
   0.034629836846280404
   0.03462932283484619
   0.03330632222266518
   0.03897535631652391
   0.030323423289595784
   0.0325482964223936
   0.030324320272678826
   0.03208388848004556
   0.03129667074945832
   0.033607104903576566
   0.033458655083550504
   0.02880283145803551
   0.02999317255643357
   0.02999273912132735
   0.03463083019507329
   0.03434133951959358
   0.030321978827246746
   0.02931877214345785
   0.025685201965334047
   0.031772565209627
   0.02719587468716533
   0.03434227132849544
   0.029147951900605297
   0.026451585963794308
   0.029825785823679483
   0.02965699917388811
   0.031615464570364925
   0.02719717632402305
   0.02682777665033016
   0.03016155002648239
   0.030159626987083243
   0.029658725528923187
   0.029659123385562158
   0.022799263145987854
   0.02682610668732979
   0.02914751275838129
   0.028102667133209972
   0.027014068556957503
   0.022578695710780108
   0.024490945265546613
   0.025294038823406594
   0.027924004010886405
   0.024895549803127467
   0.021675975179908286
   0.020491403075436294
   0.02645200181460753
   0.02144458906111283
   0.024896256746748096
   0.02845694115677228
   0.02549147112271083
   0.021905944398724286
   0.023661267928832552
   0.01923319786203012
   0.025880446286723882
   0.019997439836139025
   0.021676971651962827
   0.017886352339143943
   0.01702755120385782
   0.01974628825880955
   0.01760474651904991
   0.016731180472399427
   0.020246379923334442
   0.018437255761094166
   0.018164181787242717
   0.015164296884458573
   0.017027833097608164
   0.015490371202782715
   0.015164006726455908
   0.019233489023055595
   0.019233489023055595
   0.019491854709082972
   0.015809993674888046
   0.016430334750089544
   0.01731911083167955
   0.016430334750089544
   0.018164446041649605
   0.015490887644031249
   0.01581047437618492
   0.014831736243609513
   0.018972148007012808
   0.01731884522709294
   0.018163895507296888
   0.013415200333949547
   0.013415453775403947
   0.016732005259382392
   0.011831551039487595
   0.015164798053386667
   0.019492347216279522
   0.015164798053386667
   0.017319769051578025
   0.017605791660700747
   0.012246758754870612
   0.01449060040163968
   0.01731957274299802
   0.011401223618542003
   0.010487511620970915
   0.014141442642106922
   0.01095379386331512
   0.017605564461271896
   0.013415677396240566
   0.012246954723522089
   0.008943914131967056
   0.01378343571102648
   0.014491097266942901
   0.008366307429206746
   0.012648098671341871
   0.01414190934775075
   0.009486406063415165
   0.010487702322243896
   0.014141442642106922
   0.011401223618542003
   0.012648541417886886
   0.010953994705129267
   0.01673243556688625
   0.010953994705129267
   0.013415871197950582
   0.010487702322243896
   0.008366307429206746
   0.011831551039487595
   0.008943914131967056
   0.013037756708882093
   0.013037940788330035
   0.009999679994879836
   0.010487511620970915
   0.013037541946241247
   0.007070891032960415
   0.009999679994879836
   0.012648541417886886
   0.010487854880765656
   0.005477143416051838
   0.008366450860430604
   0.008366307429206746
   0.012247118028336298
   0.008366450860430604
   0.007745734309928272
   0.009999679994879836
   0.01264871534978948
   0.011401223618542003
   0.013416035181826262
   0.014832059870429327
   0.008943914131967056
   0.011831736981525579
   0.016431162466484225
   0.011831736981525579
   0.01581067677235861
   0.009486574724314356
   0.009486574724314356
   0.012246954723522089
   0.010954159027510967
   0.016732614858413493
   0.012246758754870612
   0.008366450860430604
   0.009999679994879836
   0.010954159027510967
   0.007070891032960415
   0.010487969298200677
   0.009999679994879836
   0.006324428827965416
   0.007745734309928272
   0.006324428827965416
   0.014141626497684063
   0.008944070661617115
   0.009486574724314356
   0.00999981999837997
   0.008366450860430604
   0.0077458634121703954
   0.006324428827965416
   0.008944070661617115
   0.005477143416051838
   0.0077458634121703954
   0.010954286832103676
   0.006324428827965416
   0.005477143416051838
   0.007070891032960415
   0.013416035181826262
   0.00999981999837997
   0.0077458634121703954
   0.005477143416051838
   0.004472091233416421
   0.006324428827965416
   0.010487854880765656
   0.008944070661617115
   0.008944070661617115
   0.011401539369751789
   0.010487854880765656
   0.013038094185884684
   0.013416035181826262
   0.005477143416051838
   0.006324428827965416
   0.004472091233416421
   0.004472091233416421
   0.004472091233416421
   0.0
   0.01341627370024926
   0.0077458634121703954
   0.005477143416051838
   0.008366450860430604
   0.004472091233416421
   0.006324428827965416
   0.00999981999837997
   0.004472091233416421
   0.0
   0.00316226184874055
   0.00316226184874055
   0.0
   0.00316226184874055
   0.005477143416051838
   0.0
   0.0
   0.0
   0.00316226184874055
   0.004472091233416421
   0.00316226184874055
   0.0077458634121703954
   0.0063245236974811
   0.0
   0.00316226184874055
   0.0
   0.00316226184874055
   0.007071004171968788
   0.0
   0.00948678554622165
   0.0063245236974811
   0.00316226184874055
   0.0063245236974811
   0.0
   0.004472091233416421
   0.0
   0.00316226184874055
   0.00316226184874055
   0.00316226184874055
   0.0
   0.0
   0.0
   0.0
   0.0
   0.00316226184874055
   0.0
   0.0
   0.0
   0.0
   0.0
   0.0
   0.0
   0.0
   0.0
   0.0
   0.0
   0.0
   0.0
   0.0
   0.0
   0.0
   0.0
   0.00316226184874055
   0.00316226184874055
   0.00316226184874055
   0.0
   0.0
   0.0
   0.0063245236974811
   0.0
   0.00316226184874055
   0.0
   0.0
   0.0
   0.00316226184874055
   0.0
   0.0
   0.00316226184874055
   0.0
   0.0
   0.0
   0.0
   0.0
   0.0
   0.0
   0.00316226184874055
   0.0
   0.0
   0.00316226184874055
   0.0
   0.0
   0.00316226184874055
   0.00316226184874055
   0.0
   0.0
   0.0
   0.0
   0.0
   0.0
   0.0
   0.00316226184874055
   0.00316226184874055
   0.00316226184874055
   0.0
   0.0
   0.00316226184874055
   0.00316226184874055
   0.00316226184874055
   0.0063245236974811
   0.00316226184874055
   0.0
   0.00316226184874055
   0.0
   0.0
   0.00316226184874055
   0.00316226184874055
   0.0
   0.00316226184874055
   0.0
   0.0
   0.0
   0.00316226184874055
   0.0
   0.0
   0.0
   0.004472091233416421
   0.0
   0.0
   0.00316226184874055
   0.0
   0.0
   0.0
   0.0
   0.0
   0.0063245236974811
   0.0
   0.00316226184874055
   0.0
   0.0
   0.0
   0.0
   0.0
   0.00316226184874055
   0.0
   0.0
   0.00316226184874055
   0.0
   0.0
   0.0
   0.00316226184874055
   0.0
   0.0
   0.0
   0.0
   0.00316226184874055
   0.0
   0.0
   0.00316226184874055
   0.0
   0.0
   0.0
   0.00316226184874055
   0.0
   0.0
   0.0
   0.0
   0.0
   0.0
   0.0
   0.0
   0.0
   0.0
   0.0
   0.0
   0.0
   0.0
   0.0
   0.0
   0.0
   0.0
   0.0
   0.0
   0.0
   0.0
   0.0
   0.0
   0.0
   0.0
   0.0
   0.0
   0.0
   0.0
   0.0
   0.0
   0.0
   0.0
   0.0
   0.0
   0.0
   0.0
   0.0
   0.0
   0.0
   0.0
   0.0
   0.0
   0.0
   0.0
   0.0
   0.0
   0.0
   0.0
   0.0
   0.0
   0.0
   0.0
   0.0
   0.0
   0.0
   0.0
   0.0
   0.0
   0.0
   0.0
   0.0
   0.0
   0.0
   0.0
   0.0
   0.0
   0.0
   0.0
   0.0
   0.0
   0.0
   0.0
   0.0
   0.0
   0.0
   0.0
   0.0
   0.0
   0.0
   0.0
   0.0
   0.0
   0.0
   0.0
   0.0
   0.0
   0.0
   0.0
   0.0
   0.0
   0.0
   0.0
   0.0
   0.0
   0.0
   0.0
   0.0
   0.0
   0.0
   0.0
   0.0
   0.0
   0.0
   0.0
   0.0
   0.0
   0.0
   0.0
   0.0
   0.0
   0.0
   0.0
   0.0
   0.0
   0.0
   0.0
   0.0
   0.0
   0.0
   0.0
   0.0
   0.0
   0.0
   0.0
   0.0
   0.0
   0.0
   0.0
   0.0
   0.0
   0.0
   0.0
   0.0
   0.0
   0.0
   0.0
   0.0
   0.0
   0.0
   0.0
   0.0
   0.0
   0.0
   0.0
   0.0
   0.0
   0.0
   0.0
   0.0
   0.0
   0.0
   0.0
   0.0
   0.0
   0.0
   0.0
   0.0
   0.0
   0.0
   0.0
   0.0
   0.0
   0.0
   0.0
   0.0
   0.0
   0.0
   0.0
   0.0
   0.0
   0.0
   0.0
   0.0
   0.0
   0.0
   0.0
   0.0
   0.0
   0.0
   0.0
   0.0
   0.0
   0.0
   0.0
   0.0
   0.0
   0.0
   0.0
   0.0
   0.0
   0.0
   0.0
   0.0
   0.0
   0.0
   0.0
   0.0
   0.0
   0.0
   0.0
   0.0
   0.0
   0.0
   0.0
   0.0
   0.0
   0.0
   0.0
   0.0
   0.0
   0.0
   0.0
   0.0
   0.0
   0.0
   0.0
   0.0
   0.0
   0.0
   0.0
   0.0
   0.0
   0.0
   0.0
   0.0
   0.0
   0.0
   0.0
   0.0
   0.0
   0.0
   0.0
   0.0
   0.0
   0.0
   0.0
   0.0
   0.0
   0.0
   0.0
   0.0
   0.0
   0.0
   0.0
   0.0
   0.0
   0.0
   0.0
   0.0
   0.0
   0.0
   0.0
   0.0
   0.0
   0.0
   0.0
   0.0
   0.0
   0.0
   0.0
   0.0
   0.0
   0.0
   0.0
   0.0
   0.0
   0.0
   0.0
   0.0
   0.0
   0.0
   0.0
   0.0
   0.0
   0.0
   0.0
   0.0
   0.0
   0.0
   0.0
   0.0
   0.0
   0.0
   0.0
   0.0
   0.0
   0.0
   0.0
   0.0
   0.0
   0.0
   0.0
   0.0
   0.0
   0.0
   0.0
   0.0
   0.0
   0.0
   0.0
   0.0
   0.0
   0.0
   0.0
   0.0
   0.0
   0.0
   0.0
   0.0
   0.0
   0.0
   0.0
   0.0
   0.0
   0.0
   0.0
   0.0
   0.0
   0.0
   0.0
   0.0
   0.0
   0.0
   0.0
   0.0
   0.0
   0.0
   0.0
   0.0
   0.0
   0.0
   0.0
   0.0
   0.0
   0.0
   0.0
   0.0
   0.0
   0.0
   0.0
   0.0
   0.0
   0.0
   0.0
   0.0
   0.0
   0.0
   0.0
   0.0
   0.0
   0.0
   0.0
   0.0
   0.0
