   0.0
   0.0
   0.0
   0.0
   0.0
   0.0
   0.0
   0.0
   0.0
   0.0
   0.0
   0.0
   0.0
   0.0
   0.0
   0.0
   0.0
   0.0
   0.0
   0.0
   0.0
   0.0
   0.0
   0.0
   0.0
   0.0
   0.0
   0.0
   0.0
   0.0
   0.0
   0.0
   0.0
   0.0
   0.0
   0.0
   0.0
   0.0
   0.0
   0.0
   0.0
   0.0
   0.0
   0.0
   0.0
   0.0
   0.0
   0.0
   0.0
   0.0
   0.0
   0.0
   0.0
   0.0
   0.0
   0.0
   0.0
   0.0
   0.0
   0.0
   0.0
   0.0
   0.0
   0.0
   0.0
   0.0
   0.0
   0.0
   0.0
   0.0
   0.0
   0.0
   0.0
   0.0
   0.0
   0.0
   0.0
   0.000999999499999875
   0.0
   0.0
   0.0
   0.0
   0.0
   0.0
   0.0
   0.0
   0.0
   0.0
   0.0
   0.0
   0.0
   0.0
   0.0
   0.0
   0.0
   0.0
   0.0
   0.0
   0.0
   0.0
   0.0
   0.0
   0.0
   0.0
   0.0
   0.0
   0.0
   0.0
   0.0
   0.0
   0.0
   0.0
   0.0
   0.0
   0.0
   0.0
   0.0
   0.000999999499999875
   0.0
   0.0
   0.0
   0.000999999499999875
   0.0
   0.0
   0.0
   0.0
   0.0
   0.0
   0.000999999499999875
   0.0
   0.000999999499999875
   0.0
   0.0
   0.000999999499999875
   0.0
   0.0
   0.0
   0.000999999499999875
   0.0
   0.0
   0.0
   0.0
   0.0
   0.0
   0.000999999499999875
   0.0
   0.0
   0.0
   0.0
   0.0
   0.0
   0.000999999499999875
   0.0
   0.0
   0.0
   0.0
   0.0014142121481588255
   0.0
   0.0
   0.0
   0.000999999499999875
   0.000999999499999875
   0.0
   0.000999999499999875
   0.0
   0.0
   0.0
   0.0
   0.0
   0.000999999499999875
   0.000999999499999875
   0.0
   0.0
   0.0
   0.0014142121481588255
   0.00199999899999975
   0.000999999499999875
   0.0
   0.0014142121481588255
   0.0017320482094907174
   0.000999999499999875
   0.000999999499999875
   0.0014142121481588255
   0.000999999499999875
   0.0
   0.0014142121481588255
   0.0014142121481588255
   0.003464092377521131
   0.001999995999996
   0.000999999499999875
   0.0014142121481588255
   0.0014142121481588255
   0.0026457465865044596
   0.0014142121481588255
   0.001999995999996
   0.0017320482094907174
   0.0017320482094907174
   0.00199999899999975
   0.0
   0.000999999499999875
   0.0017320482094907174
   0.0014142121481588255
   0.0014142121481588255
   0.001999995999996
   0.0017320482094907174
   0.0017320482094907174
   0.002449482394302927
   0.0014142121481588255
   0.0026457420509187965
   0.0028284158110150636
   0.002449482394302927
   0.002449482394302927
   0.0014142121481588255
   0.003162267540863676
   0.0026457420509187965
   0.0029999918333222177
   0.0017320482094907174
   0.003999975499924968
   0.002449482394302927
   0.0026457420509187965
   0.0034640871813509545
   0.0022360623873228583
   0.004242610517122683
   0.00316226184874055
   0.002999986499969625
   0.002999986499969625
   0.00316226184874055
   0.004472099730551634
   0.0034640808304657097
   0.0036055344957440084
   0.003741638143915042
   0.0036055344957440084
   0.004795801392885239
   0.004358865792841069
   0.002449482394302927
   0.004123070579070894
   0.003741631195080563
   0.004123070579070894
   0.005291428540573896
   0.0050989532259082355
   0.004582544162362213
   0.003999967999871999
   0.004472099730551634
   0.004582527577658426
   0.004795776370933073
   0.004999947099720156
   0.005291428540573896
   0.006633140734222364
   0.005291428540573896
   0.004898930087274159
   0.005999914666059843
   0.006164308882591786
   0.006633128975076544
   0.005656763739100299
   0.006708078636986898
   0.006557297537858108
   0.005915976250797496
   0.007070918186487523
   0.006557297537858108
   0.006928063510101506
   0.008306399882018683
   0.006403005466185391
   0.008062056251354241
   0.007141246319796006
   0.008366370539248187
   0.007745764261840145
   0.008485024690594601
   0.009055066206273702
   0.008425899061821236
   0.00818509468485246
   0.008999653271098838
   0.009273255954625647
   0.010148483581304154
   0.00932707751656434
   0.010908187337958584
   0.009273255954625647
   0.011044793162391046
   0.010582494223953066
   0.01095379386331512
   0.011313050693778403
   0.01126877806152912
   0.012040860060643508
   0.012805322487153535
   0.011661133907129272
   0.012123604043352785
   0.012999099622666179
   0.013526693572340582
   0.013378020742994831
   0.014034577834762255
   0.014763413697380427
   0.014316625824543995
   0.014729548499529779
   0.015295533465688602
   0.015522572950384225
   0.01587281247920481
   0.015935630015785383
   0.01646016400282816
   0.017231429395148854
   0.017632823908835478
   0.018190678244639477
   0.018490368411689367
   0.01827282999428386
   0.018838321342412652
   0.018997081644294735
   0.02034344120349357
   0.019283904065307937
   0.020804592738143182
   0.02167521856867884
   0.023382621559611315
   0.023189650708883045
   0.023318274721771334
   0.02380592932443512
   0.024852603485349376
   0.025780067319539725
   0.025448534338935905
   0.027194289915348037
   0.028168651440919214
   0.027432042851380938
   0.027811223921287605
   0.029687272424390895
   0.028520614229009866
   0.03031907940554924
   0.03095496210626012
   0.03111501847982739
   0.0315139277780476
   0.03221895465405419
   0.033909796209945
   0.035166163225464335
   0.03510989826245585
   0.03629710334172687
   0.03804349351728887
   0.03701755778005891
   0.03942001907660624
   0.039418616464812664
   0.04123697097265996
   0.041682147929299425
   0.04268685407710435
   0.043392179525808566
   0.04375870743063602
   0.04498223417083683
   0.0468171609134941
   0.04774363387929327
   0.048292942331152285
   0.05023408594769094
   0.050960311213727884
   0.052358333625126
   0.05388643383078899
   0.05499945526093872
   0.05699968389386033
   0.0584044844083055
   0.058807539576146185
   0.061120552877080556
   0.06233455766266414
   0.06498870294905108
   0.0652533524043018
   0.06687495088596328
   0.06790860575803334
   0.06977481189512444
   0.07207056317249089
   0.07475328433587383
   0.07566509131693426
   0.07738135924756039
   0.07900120252249329
   0.08270111271319147
   0.082962888998636
   0.08636730630857953
   0.08823331579397886
   0.09048061005541463
   0.09339569946737376
   0.09482877234257543
   0.09719653170252528
   0.10105497812577073
   0.10356362110316537
   0.10602135933857856
   0.10936717474178438
   0.11173027949486208
   0.1156911654319378
   0.11962017219516112
   0.12355147201065636
   0.12707566230793368
   0.13101515179169163
   0.13475017615943957
   0.138891986219508
   0.14466480176946983
   0.1495103067483978
   0.15395021735613107
   0.16000808928301094
   0.1660547950045406
   0.17297109196625893
   0.17860512315160504
   0.18634280795351346
   0.19339683049109155
   0.20182176338541885
   0.21035673459863366
   0.21926142569088616
   0.2278847899246459
   0.23540541981016494
   0.24133773322669624
   0.2434294215558177
   0.24523842088669548
   0.24663371316792845
   0.24397245181372426
   0.23949188609220146
   0.23525349048207553
   0.22784953973839842
   0.21841150821099148
   0.21018424868671773
   0.20119517260361888
   0.19417761914031184
   0.1866200822526879
   0.1780910317786946
   0.17173070970563187
   0.16541299573794074
   0.16012862048990492
   0.15469861498733595
   0.1497107397316572
   0.14504147613355292
   0.14003263976302097
   0.13547162417273959
   0.13163912554784007
   0.1261477888193051
   0.12331360167880913
   0.11981864178415644
   0.11601107423000616
   0.11282772701778583
   0.10878779297329273
   0.10698561082687709
   0.10320047921884859
   0.10005893431373332
   0.0977474144875454
   0.0956971723249961
   0.09223916729893002
   0.09058714292878434
   0.08817791319259034
   0.08551940850473652
   0.08306470412275
   0.08170295572988777
   0.07911429643244007
   0.07700553511923672
   0.07596689710656873
   0.07352833899932733
   0.07251186382930727
   0.07060648043203967
   0.06808229655350942
   0.06746132876693135
   0.06542060589753049
   0.06302591184584322
   0.06236792187495106
   0.060606369095995184
   0.0591377022211719
   0.058035573883610386
   0.056137674729186994
   0.05501917410321606
   0.05466467832156337
   0.053113770116609116
   0.05103970296739588
   0.04869255039531201
   0.0489379145857279
   0.04740848831169372
   0.04740928449154237
   0.04600095125103393
   0.04439176842613955
   0.0433575565616883
   0.04093276125550291
   0.04065211432385774
   0.041812684092270375
   0.03993532610358904
   0.03903859500545582
   0.0382106161164669
   0.0380026188044982
   0.035265253593303424
   0.03624250144512655
   0.03446371771878362
   0.03424582841748758
   0.03352492325121714
   0.03223509416769245
   0.0313071983895078
   0.030352044016836822
   0.03061448310848968
   0.028572919189330307
   0.02950194554601442
   0.027721630092763305
   0.027431839001423146
   0.026991660915919938
   0.025973146882886565
   0.02562472788148198
   0.024752343545612
   0.024993247868174317
   0.02401508640417519
   0.02314636005941323
   0.022489406928596408
   0.022198607140989722
   0.021185357561296907
   0.0211148856497022
   0.02080463215247989
   0.020636157684995528
   0.019846168395939806
   0.018463464219912795
   0.018758933871625007
   0.01838206038506021
   0.018625238548807904
   0.01714420671830575
   0.017604590310484364
   0.01636894620920968
   0.016307681134974404
   0.01587275351033966
   0.015841206740649528
   0.015425593149049408
   0.015295476455475325
   0.015360772897221025
   0.014558846108122718
   0.014490104761526054
   0.013927199144120831
   0.013037348043217992
   0.012327987021407834
   0.011999273978037172
   0.011661201310328195
   0.01178916345632717
   0.011531906650680103
   0.01170405361402621
   0.011089981018919736
   0.010908126832779311
   0.010343547505570804
   0.010197548725061333
   0.00974642370308207
   0.010391823709051265
   0.010049426600557864
   0.009538995282523208
   0.009848508059599687
   0.008831450843434502
   0.009486528553691281
   0.0085437251243237
   0.009949476317877237
   0.007873779270464724
   0.007745749544104818
   0.007416009101936162
   0.008062041862952585
   0.008717500559219942
   0.006999842212507364
   0.007348270817001779
   0.006244888389715224
   0.0067080661147606475
   0.005656774699420156
   0.0064806407090657325
   0.005098963031833041
   0.0052914387457477004
   0.005830852767820501
   0.005915987745085346
   0.005744479001615377
   0.0052914387457477004
   0.005656774699420156
   0.004999947099720156
   0.0052914387457477004
   0.00519608227417542
   0.005656774699420156
   0.004999937499609371
   0.004472107333237878
   0.004999947099720156
   0.0047957855456640264
   0.00316226184874055
   0.0051961015194085655
   0.003999967999871999
   0.004358873134194204
   0.0042426025031812725
   0.00316226184874055
   0.0036055278393045307
   0.004358857533804013
   0.003872954298723392
   0.00316226184874055
   0.0034640808304657097
   0.0028284158110150636
   0.00316226184874055
   0.00316226184874055
   0.003316606548868889
   0.0028284158110150636
   0.0028284158110150636
   0.0028284158110150636
   0.0026457420509187965
   0.002449482394302927
   0.0026457420509187965
   0.001999995999996
   0.00316226184874055
   0.0017320482094907174
   0.0014142121481588255
   0.0017320482094907174
   0.001999995999996
   0.0017320482094907174
   0.0033166125791234645
   0.001999995999996
   0.001999995999996
   0.001999995999996
   0.0022360623873228583
   0.0022360623873228583
   0.0017320482094907174
   0.0014142121481588255
   0.0017320482094907174
   0.0017320482094907174
   0.0014142121481588255
   0.0022360623873228583
   0.0022360623873228583
   0.0017320482094907174
   0.0022360623873228583
   0.0014142121481588255
   0.0017320482094907174
   0.000999999499999875
   0.000999999499999875
   0.0014142121481588255
   0.0017320482094907174
   0.0
   0.000999999499999875
   0.000999999499999875
   0.0
   0.0014142121481588255
   0.000999999499999875
   0.0
   0.0
   0.0014142121481588255
   0.0017320482094907174
   0.0
   0.0
   0.000999999499999875
   0.000999999499999875
   0.00199999899999975
   0.0
   0.000999999499999875
   0.0
   0.000999999499999875
   0.000999999499999875
   0.0
   0.000999999499999875
   0.0
   0.000999999499999875
   0.0
   0.0
   0.0
   0.0026457465865044596
   0.000999999499999875
   0.000999999499999875
   0.000999999499999875
   0.000999999499999875
   0.0
   0.000999999499999875
   0.0
   0.0
   0.0
   0.0
   0.000999999499999875
   0.0
   0.0
   0.0
   0.000999999499999875
   0.0
   0.0
   0.0
   0.0
   0.0
   0.0
   0.0
   0.0
   0.0
   0.000999999499999875
   0.0
   0.0
   0.0
   0.0
   0.000999999499999875
   0.0
   0.0
   0.0
   0.0
   0.0
   0.0
   0.0
   0.0
   0.0
   0.0
   0.0
   0.0
   0.0
   0.0
   0.0
   0.0
   0.0
   0.0
   0.0
   0.0
   0.0
   0.0
   0.0
   0.0
   0.0
   0.0
   0.0
   0.0
   0.0
   0.0
   0.0
   0.0
   0.0
   0.0
   0.0
   0.0
   0.0
   0.0
   0.0
   0.0
   0.0
   0.0
   0.0
   0.0
   0.0
   0.0
   0.0
   0.0
   0.0
   0.0
   0.0
   0.0
   0.0
   0.0
   0.0
   0.0
   0.0
   0.0
   0.0
   0.0
   0.0
   0.0
   0.0
   0.0
   0.000999999499999875
   0.0
   0.0
   0.0
   0.0
   0.0
   0.0
   0.0
   0.0
   0.0
   0.0
   0.0
   0.0
   0.0
   0.0
   0.0
   0.0
   0.0
   0.0
   0.0
   0.0
   0.0
   0.0
   0.0
   0.0
   0.0
   0.0
   0.0
   0.0
   0.0
   0.0
   0.0
   0.0
   0.0
   0.0
   0.0
   0.0
   0.0
   0.0
   0.0
   0.0
   0.0
   0.0
   0.0
   0.0
   0.0
   0.0
   0.0
   0.0
   0.0
   0.0
   0.0
   0.0
   0.0
   0.0
   0.0
   0.0
   0.0
   0.0
   0.0
   0.0
   0.0
   0.0
   0.0
   0.0
   0.0
   0.0
   0.0
   0.0
   0.0
