   0.00031622775020544923
   0.00044721355077859614
   0.000836659733703015
   0.000894426833228968
   0.0007071066044098301
   0.0005477224753467763
   0.0010488084620177318
   0.0010488082713251265
   0.000999999499999875
   0.000999999499999875
   0.000894426833228968
   0.0010954446585747725
   0.001095444457743066
   0.0012649100521380957
   0.0015165736348756692
   0.0013416395790226225
   0.0017888521906518715
   0.0016733177104184369
   0.0017606789571071723
   0.0015165733447479552
   0.0018165872150821716
   0.0019235348476177915
   0.002144756125996613
   0.0022583121994091074
   0.0019493551651764232
   0.0025690380378655354
   0.0024494828760373076
   0.0027567992745210885
   0.0028809617682294918
   0.002880960671373353
   0.0033316484193263852
   0.003130479829035798
   0.0032710679464052713
   0.003714810956159142
   0.0036193685070741275
   0.0041472550488244634
   0.004207100396947998
   0.004505508183324052
   0.004969851988741717
   0.00510875126718849
   0.005281973471156401
   0.005983211231437513
   0.006180502905104082
   0.0064806097367454555
   0.006670691501636093
   0.007203989860487034
   0.0078927968623296
   0.008111462681908856
   0.008711742061723362
   0.008927145769505504
   0.009689763546650661
   0.010089108961647704
   0.01076044331986373
   0.011514471241007986
   0.0122424794347387
   0.012875323298465169
   0.013548717424169713
   0.014406914867521083
   0.015321494647716325
   0.01615348813228895
   0.017041702607134068
   0.017991644094968087
   0.019177357669658248
   0.020192566947022858
   0.021099993591468223
   0.02275181034533296
   0.024165597968806813
   0.02541455168973083
   0.027051581464860794
   0.028728827316825866
   0.030559141466834437
   0.03244449839942051
   0.03447832791638829
   0.03680550821330959
   0.03934200745145067
   0.04136768452197923
   0.04438410969153262
   0.047336787314307675
   0.05026064293012973
   0.053995649094255735
   0.057816226102972164
   0.06207133844215058
   0.06698123828946431
   0.07226720716279272
   0.07782350203788056
   0.08504129151647451
   0.09190375094363668
   0.10060845887096175
   0.11006377059704978
   0.12113110357917986
   0.13318913458232995
   0.14757638477720614
   0.1633471402950171
   0.1816263635841174
   0.20217224918368493
   0.22396803497104223
   0.23950248150998352
   0.24966927149002538
   0.2558208348268569
   0.258687288590607
   0.2586502510463889
   0.2557431546548021
   0.24951708611954812
   0.2395433334362491
   0.2241680865061751
   0.2023936854188885
   0.1816484211212418
   0.1633482074254566
   0.14712374548491483
   0.13309923706674656
   0.12120475524648362
   0.11004780767920823
   0.10006890645929933
   0.09207037452535968
   0.08487387366557508
   0.07797531893612233
   0.07212037178765789
   0.06713642092567938
   0.06198822721743218
   0.05818050325495647
   0.053923181734667695
   0.05050369760631394
   0.04735067901086531
   0.04443820248108602
   0.04143750926865658
   0.03900734215811172
   0.03677159861509967
   0.03454616009399598
   0.03277041376851992
   0.030539596898289275
   0.028819096640248808
   0.0271731009564606
   0.025457822027620508
   0.024416368706054552
   0.02288090478980235
   0.021670043498802673
   0.02017776775537869
   0.01896773675877014
   0.017997204898539107
   0.016935806564495236
   0.01606351286580865
   0.015461095619327887
   0.014379140424935004
   0.01358188101516134
   0.012844205940423098
   0.01222615113230652
   0.01110789842229393
   0.010774364738117975
   0.010444561730872196
   0.009343055696612325
   0.00929477137965211
   0.008694521272617602
   0.008209480156501994
   0.007582669397382428
   0.007503127331319921
   0.00649602078506527
   0.006488326125434819
   0.005991556885317872
   0.005735762337300945
   0.005468010745234504
   0.005039779261039119
   0.00506945559108668
   0.004427146218502389
   0.00437031801932079
   0.004324313437992209
   0.0039496550482288955
   0.00359163524734904
   0.00344961782086074
   0.002898263749212621
   0.0029832740923354663
   0.003033136825136644
   0.0031780342965424396
   0.0024083128617353685
   0.002529814530751217
   0.002449482394302927
   0.002280344921278358
   0.0018973631808380808
   0.0018973631808380808
   0.0017320482094907174
   0.0015811371572384226
   0.0017888515198305308
   0.0012649100521380957
   0.0015165733447479552
   0.0011401746839848708
   0.0014491361530235866
   0.0012649100521380957
   0.0013784038268954421
   0.0012649100521380957
   0.0010488082713251265
   0.0010954446585747725
   0.000948683039797803
   0.0007745964368624477
   0.0006324554055425568
   0.00044721355077859614
   0.0007745964368624477
   0.0006324554055425568
   0.0006324554055425568
   0.0005477224753467763
   0.00044721355077859614
   0.0006324554055425568
