   0.0
   0.0
   0.0
   0.0
   0.0
   0.0
   0.0
   0.0
   0.0
   0.0
   0.0
   0.0
   0.0
   0.0
   0.0
   0.0
   0.0
   0.0
   0.0
   0.0
   0.0
   0.000999999499999875
   0.0
   0.0
   0.0
   0.0
   0.0
   0.0
   0.0
   0.0
   0.0
   0.0
   0.0
   0.0
   0.0
   0.0
   0.0
   0.000999999499999875
   0.0
   0.0
   0.0
   0.000999999499999875
   0.0
   0.0
   0.0
   0.0
   0.0
   0.0
   0.0
   0.000999999499999875
   0.0
   0.0
   0.000999999499999875
   0.0
   0.0014142121481588255
   0.0
   0.0
   0.0
   0.0
   0.000999999499999875
   0.0
   0.0
   0.0
   0.000999999499999875
   0.000999999499999875
   0.000999999499999875
   0.000999999499999875
   0.000999999499999875
   0.0
   0.0014142121481588255
   0.0
   0.000999999499999875
   0.000999999499999875
   0.001999995999996
   0.0
   0.0
   0.0014142121481588255
   0.0
   0.0017320482094907174
   0.0014142121481588255
   0.0014142121481588255
   0.0
   0.000999999499999875
   0.001999995999996
   0.000999999499999875
   0.002449482394302927
   0.0014142121481588255
   0.0026457420509187965
   0.0
   0.0017320482094907174
   0.0014142121481588255
   0.002449482394302927
   0.000999999499999875
   0.001999995999996
   0.000999999499999875
   0.0022360623873228583
   0.002449482394302927
   0.000999999499999875
   0.001999995999996
   0.0017320482094907174
   0.0022360623873228583
   0.0022360623873228583
   0.0014142121481588255
   0.0017320482094907174
   0.0017320482094907174
   0.0022360623873228583
   0.003316606548868889
   0.002999986499969625
   0.002449482394302927
   0.00316226184874055
   0.002999986499969625
   0.0028284158110150636
   0.00316226184874055
   0.0028284158110150636
   0.0028284158110150636
   0.002999986499969625
   0.0028284158110150636
   0.0022360623873228583
   0.003316606548868889
   0.003741631195080563
   0.003316606548868889
   0.003999967999871999
   0.003872954298723392
   0.004999937499609371
   0.0050989532259082355
   0.0047957855456640264
   0.003999967999871999
   0.004472091233416421
   0.005385086721678677
   0.004472091233416421
   0.004898920697459798
   0.004999937499609371
   0.004795776370933073
   0.006164296877990223
   0.005385097120758362
   0.006164296877990223
   0.006082649998150477
   0.006164296877990223
   0.006082649998150477
   0.005915976250797496
   0.007279916963812156
   0.006855519746890092
   0.007070891032960415
   0.007141246319796006
   0.008245947125709696
   0.008062026978372126
   0.008306353652475916
   0.007549619261923081
   0.008602006975119236
   0.0091647664454693
   0.008366307429206746
   0.00938041875397895
   0.009055031750358471
   0.008887843326701929
   0.009694904022217033
   0.010295124865682787
   0.010098989850475146
   0.010295084458128548
   0.01140105802107857
   0.011268734400987539
   0.01135712881849986
   0.011089854417439393
   0.011444773435940093
   0.013526591255745108
   0.011999159803919605
   0.012805248923781216
   0.012608542778608477
   0.013340503138937452
   0.013340476603180261
   0.013891158303035785
   0.014763213606799842
   0.015650589477716168
   0.014864455556797228
   0.015490105099708008
   0.016337985646951707
   0.017085546523304428
   0.017114802920279275
   0.0185172291393718
   0.019464310288320005
   0.018943931772470043
   0.01917991021876797
   0.019668586909079157
   0.020756147788065105
   0.02118498881283632
   0.021880869978133866
   0.02286325783872456
   0.023424409811135048
   0.023360262926602517
   0.025072133355580256
   0.024952291257517814
   0.02546741288391893
   0.02622098998893825
   0.026879257411617605
   0.028589340041351077
   0.028953631188505528
   0.029483163941476837
   0.029869997907599526
   0.031274029337455066
   0.03182734516104037
   0.033418077443204304
   0.03358168951973679
   0.03412710119538429
   0.035446543357568736
   0.03725737677292914
   0.03712352133082205
   0.039149385371931446
   0.040587152597835685
   0.041904697099489935
   0.042704868282199396
   0.04322696029100358
   0.04511039604126747
   0.04695931839369052
   0.04742372026739362
   0.05004812514969967
   0.05185442870189585
   0.053133258802749904
   0.05489974490833268
   0.05645392789700288
   0.058144223135235026
   0.06028317834188904
   0.062393970990793655
   0.0657770600665612
   0.0663610526664549
   0.06794085244534395
   0.07190610404548421
   0.07333632643513037
   0.07755183701241383
   0.0795062700357651
   0.08362799701057057
   0.08612408685147263
   0.08971028917576845
   0.09426405940760244
   0.09834980630382553
   0.10070748631060156
   0.10509904416311312
   0.11129652928550827
   0.1160732235099896
   0.12163673914981443
   0.12853562462990561
   0.13443956428075776
   0.14071446195754012
   0.14853322805352343
   0.15660003325670144
   0.16393284448212322
   0.17328024808096276
   0.18221330040367525
   0.19037608215319488
   0.19472371635473681
   0.19758759323145772
   0.1987216935087863
   0.19867841222437832
   0.1975697924253604
   0.194853318001003
   0.18895203365933905
   0.18210676195847314
   0.1733016931221389
   0.16396610350923144
   0.15562045262753865
   0.14852529092380193
   0.14063456188291695
   0.13417360720722984
   0.12796356206358123
   0.12176576116051671
   0.11584643897850291
   0.10996311817605028
   0.10649997930046746
   0.10144823870329144
   0.09743123203059684
   0.09276344753727084
   0.08917561011285541
   0.08675177194732105
   0.08288634371837136
   0.07934402076401222
   0.07741593917921555
   0.07331021892614971
   0.07100598407880845
   0.06862974139540379
   0.06567757900531962
   0.06520213167527578
   0.061907857263840106
   0.05988564748752409
   0.05820375224158662
   0.05580716384121308
   0.055035696198013156
   0.05281465628970807
   0.0509544803820037
   0.04932685636648661
   0.047831397209364475
   0.04670447991360143
   0.044910800204405174
   0.044240883524179306
   0.042388713780911066
   0.04142542252047648
   0.040105480809984065
   0.03906015458238741
   0.03870123842979705
   0.03610163640335435
   0.03567074857638959
   0.0345197721747986
   0.033057902897794346
   0.0328913373245905
   0.03204614666383464
   0.030759096719507224
   0.030645432351330923
   0.03051504966405921
   0.0283613256213457
   0.02752147314371089
   0.027612189174348347
   0.02606804603341033
   0.025467362466498174
   0.024241677829721274
   0.02481184999148592
   0.02333891923376059
   0.02215321139248213
   0.022687902481278433
   0.021880913486415507
   0.020465241532901586
   0.021326002883803614
   0.019795108890834624
   0.019231863560248134
   0.01899660809197263
   0.01794146917061142
   0.017575679759258247
   0.017085580353034542
   0.01717313247488646
   0.01676079875781581
   0.015777769138886524
   0.014898010471200509
   0.015522334843701833
   0.014455321476881793
   0.013782766630832869
   0.013600212314519211
   0.013415200333949547
   0.012040721531536224
   0.012805223777818175
   0.012408767062041257
   0.011873528498302432
   0.012408718064328805
   0.011444773435940093
   0.011618165733023437
   0.010487511620970915
   0.011179641094418014
   0.011224264964798364
   0.010439737496699809
   0.00911007349037317
   0.008943914131967056
   0.009433579967329476
   0.010148368883717226
   0.007873763775984139
   0.008602006975119236
   0.007873763775984139
   0.008245930875286307
   0.007873763775984139
   0.007070891032960415
   0.007549619261923081
   0.007937003905756882
   0.00793701952876519
   0.006782173987741689
   0.006244876219750076
   0.006999828497899073
   0.006244876219750076
   0.005656763739100299
   0.006782173987741689
   0.006633116612875127
   0.004690364164966298
   0.0050989532259082355
   0.0052914387457477004
   0.004999937499609371
   0.004795776370933073
   0.005830852767820501
   0.00556767806181356
   0.004472091233416421
   0.004472091233416421
   0.004690364164966298
   0.004472091233416421
   0.004795776370933073
   0.0028284158110150636
   0.004472091233416421
   0.002999986499969625
   0.0036055278393045307
   0.0034640808304657097
   0.0034640808304657097
   0.003316606548868889
   0.0036055278393045307
   0.003741631195080563
   0.0034640808304657097
   0.002449482394302927
   0.00316226184874055
   0.0028284158110150636
   0.0028284158110150636
   0.0026457420509187965
   0.002999986499969625
   0.0026457420509187965
   0.002999986499969625
   0.002449482394302927
   0.0022360623873228583
   0.0022360623873228583
   0.0014142121481588255
   0.0022360623873228583
   0.002449482394302927
   0.001999995999996
   0.0017320482094907174
   0.0022360623873228583
   0.0017320482094907174
   0.0014142121481588255
   0.002449482394302927
   0.0014142121481588255
   0.0017320482094907174
   0.0017320482094907174
   0.000999999499999875
   0.0017320482094907174
   0.002449482394302927
   0.000999999499999875
   0.0017320482094907174
   0.0014142121481588255
   0.000999999499999875
   0.000999999499999875
   0.0
   0.0017320482094907174
   0.000999999499999875
   0.0017320482094907174
   0.0017320482094907174
   0.0014142121481588255
   0.000999999499999875
   0.0014142121481588255
   0.0
   0.000999999499999875
   0.0014142121481588255
   0.0
   0.000999999499999875
   0.0
   0.0014142121481588255
   0.0
   0.0
   0.0
   0.000999999499999875
   0.0
   0.0
   0.000999999499999875
   0.0
   0.0
   0.0
   0.0
   0.0
   0.0
   0.0
   0.0
   0.0
   0.0
   0.0
   0.0
   0.0
   0.0
   0.000999999499999875
   0.0
   0.0
   0.0
   0.0014142121481588255
   0.0
   0.0
   0.0
   0.0
   0.0
   0.0
   0.0
   0.0
   0.0
   0.0
   0.0
   0.0
   0.0
   0.0
   0.0
   0.0
   0.0
   0.0
   0.0
   0.000999999499999875
   0.0
   0.0
   0.0
   0.0
   0.0
   0.0
   0.0
   0.0
   0.0
   0.0
   0.0
   0.0
   0.0
   0.000999999499999875
   0.0
   0.0
   0.0
   0.0
   0.0
   0.0
   0.0
   0.0
