   0.38886347546807476
   0.5506225387336682
   0.6279694231256487
   0.6642863732703238
   0.6865214397836094
   0.6978398091168989
   0.7008042323885894
   0.7066430208516815
   0.7076698400934648
   0.7090092961906495
   0.7088532803580089
   0.7078519164881805
   0.7075051341432372
   0.7082601561990904
   0.708209432208044
   0.7098745129947335
   0.7095500019395674
   0.7080732841055367
   0.7104829617176684
   0.7120531808633117
   0.7094308961835184
   0.7110268311170191
   0.7105084607077103
   0.7087692617848491
   0.710924042889752
   0.7105814765702523
   0.7109184009177917
   0.7115158234619874
   0.7111413349408893
   0.710094978373168
   0.7098998789197741
   0.7096872550340396
   0.7092993709281011
   0.7080892749097673
   0.7102232865129389
   0.7091969251628493
   0.7109528139346449
   0.7109328163549563
   0.7112074457022789
   0.7114456370180297
   0.7096423574762079
   0.7110823109458989
   0.7138121028491391
   0.7116521586909156
   0.7116797541230466
   0.7117815543045212
   0.7112120033358268
   0.711554650633379
   0.7112449853781466
   0.7104035389179589
   0.7104337682030325
   0.7110376322992756
   0.7089646535059346
   0.7087775501063716
   0.7086521284433992
   0.7104336930376473
   0.7093367574602066
   0.709427222302436
   0.7081403295165091
   0.7114072931048078
   0.70972596552945
   0.7120424835912461
   0.7109814101576426
   0.7109094947317486
   0.7113153662553622
   0.7127989857217742
   0.7115770368484288
   0.7083828508006034
   0.7098249074157301
   0.7091250341154514
   0.708147467786082
   0.7087323068072952
   0.7098763821849478
   0.7094115232855962
   0.7092138821655355
   0.7102022511718123
   0.7121600520804013
   0.7098185781262069
   0.7098680116710078
   0.7098612517201864
   0.710213905671911
   0.7117383931756879
   0.7115048377804327
   0.7132145400200419
   0.7085619464478106
   0.7090632975312641
   0.7093848798555267
   0.7110037081791064
   0.709296220896284
   0.7091244039472623
   0.710508010685249
   0.7053797448848032
   0.7046843190875188
   0.7006959763065291
   0.6944672378985131
   0.6840986094971981
   0.6653168099003661
   0.6269350495767085
   0.5497491112774626
   0.3874596055489656
