   0.0
   0.0
   0.0
   0.0
   0.0
   0.0
   0.0
   0.0
   0.0
   0.0
   0.0
   0.0
   0.0
   0.0
   0.0
   0.0
   0.0
   0.0
   0.0
   0.0
   0.0
   0.0
   0.0
   0.0
   0.0
   0.0
   0.0
   0.0
   0.0
   0.0
   0.0
   0.0
   0.0
   0.0
   0.0
   0.0
   0.0
   0.0
   0.0
   0.0
   0.0
   0.0
   0.0
   0.0
   0.0
   0.0
   0.0
   0.0
   0.0
   0.0
   0.0
   0.0
   0.0
   0.0
   0.0
   0.0
   0.0
   0.0
   0.0
   0.0
   0.0
   0.0
   0.0
   0.0
   0.0
   0.0
   0.0
   0.0
   0.0
   0.0
   0.0
   0.0
   0.0
   0.0
   0.0
   0.0
   0.0
   0.0
   0.0
   0.0
   0.0
   0.0
   0.0
   0.0
   0.0
   0.0
   0.0
   0.0
   0.0
   0.0
   0.0
   0.0
   0.0
   0.0
   0.0
   0.0
   0.0
   0.0
   0.0
   0.0
   0.0
   0.0
   0.0
   0.0
   0.0
   0.0
   0.0
   0.00031622775020544923
   0.00031622775020544923
   0.0
   0.00031622775020544923
   0.0006324555004108985
   0.0
   0.00031622775020544923
   0.00031622775020544923
   0.0
   0.0006324555004108985
   0.0
   0.00031622775020544923
   0.0
   0.00031622775020544923
   0.0
   0.00044721355077859614
   0.0006324555004108985
   0.00031622775020544923
   0.0
   0.00031622775020544923
   0.00031622775020544923
   0.00031622775020544923
   0.00044721355077859614
   0.0
   0.00031622775020544923
   0.0006324555004108985
   0.00031622775020544923
   0.00044721355077859614
   0.0
   0.00031622775020544923
   0.00044721355077859614
   0.0005477224753467763
   0.0005477224753467763
   0.00031622775020544923
   0.0007745965659619206
   0.00044721355077859614
   0.00031622775020544923
   0.0006324555004108985
   0.00044721355077859614
   0.001449137505552872
   0.0005477224753467763
   0.0014142133360989068
   0.0007745965659619206
   0.0007071066044098301
   0.0008366598771304861
   0.00044721355077859614
   0.0012649106687825824
   0.0007071067175469343
   0.0014142133360989068
   0.0008944269897537752
   0.0006324554055425568
   0.0006324554055425568
   0.0006324554055425568
   0.0005477224753467763
   0.001303840017026629
   0.000948683039797803
   0.0015165746898850713
   0.001224744377411058
   0.0010488084620177318
   0.001378404436295821
   0.000836659733703015
   0.0015165745316337077
   0.0014142132088196602
   0.0016431669878621588
   0.0017320498722611887
   0.001095444822891596
   0.0007071066044098301
   0.0015491925122462992
   0.001999999189999836
   0.0008366598771304861
   0.0016733188578391149
   0.001303839832954953
   0.0011832153481087034
   0.00154919204748798
   0.0019235365112209334
   0.0019999985599994815
   0.00154919204748798
   0.0018165887564333323
   0.00228034913116391
   0.0017029373417715638
   0.002144758671739084
   0.002469814403958322
   0.0027748846444492067
   0.0023452049611920917
   0.0023021695832409913
   0.0022803483154991916
   0.002645746956910279
   0.0021213171167932436
   0.003016615611906827
   0.002828423051808198
   0.0029325710494376776
   0.003162272341212882
   0.0031304890288898954
   0.003376381755666856
   0.003420520099341619
   0.003346631924786471
   0.0033466331977078097
   0.003741645579153643
   0.003898704913173091
   0.003949670872363924
   0.0033615397647506714
   0.0034784929940996
   0.0032557552487863703
   0.00450553745406694
   0.004527672442878349
   0.004415863855464749
   0.004183282050017665
   0.0047222653197379755
   0.004483283215457172
   0.005049729892776444
   0.004989964648171368
   0.005128326018302659
   0.005656819597618436
   0.0058651192349346145
   0.005727086170121767
   0.006472973807300629
   0.0061481212447381025
   0.0060082792203758305
   0.006572614408285336
   0.006534462419357847
   0.006292799377065822
   0.006441990666711649
   0.007063914715651655
   0.006935343907118089
   0.006833657713845492
   0.007489904388575331
   0.00791191405160597
   0.00814851434557245
   0.00885425376641081
   0.008711932203019029
   0.008893681437402623
   0.009391325623148204
   0.00977736716299434
   0.009612315681457824
   0.009622720561255014
   0.010024766446656001
   0.010064589795416403
   0.010478319695447358
   0.011286904978779613
   0.01112177595485541
   0.01164013711216496
   0.011861369937321743
   0.01202045474971725
   0.011962064787903466
   0.01271966031621914
   0.013072414075066624
   0.013209379288596418
   0.013419616223648127
   0.013703452995504455
   0.01437646732650271
   0.014607570682355093
   0.015889503289593418
   0.015552375262640751
   0.01612678117883417
   0.016524811950215955
   0.017250112012389948
   0.017313715117212712
   0.018029396983537747
   0.018597126868148208
   0.018712326391980234
   0.019545920861141337
   0.020502012192953157
   0.020379674831557053
   0.021310142162829414
   0.02167520612843163
   0.021925019643320734
   0.022978055487573354
   0.023317008795297908
   0.02399521768998981
   0.024729642531787634
   0.025223747337776756
   0.025620781389333155
   0.025915481173229254
   0.027084850661578327
   0.028111472319855463
   0.02835564576429181
   0.02886551091371847
   0.029774007638206854
   0.03063574230714836
   0.031148256163708428
   0.03208534763392786
   0.0331483052355622
   0.03360449996295139
   0.03469448448946893
   0.03590877565038942
   0.036155261608651096
   0.03753117743743194
   0.03841743613256876
   0.039857200061720346
   0.04048216489751999
   0.04148708875011598
   0.04281847958019995
   0.04410635524626808
   0.04467261866859833
   0.0463261909640756
   0.04737547169569924
   0.049304971010943714
   0.051250102510726744
   0.05115538319971809
   0.05285596058336278
   0.05416607535856738
   0.0556631789763215
   0.05681175652758855
   0.05865275705165104
   0.06065719883006468
   0.061986607753288125
   0.06399008639711311
   0.06542558813484216
   0.06696856230082888
   0.06869680185394368
   0.0713520983416045
   0.07279286554024371
   0.07448360516274706
   0.07702785834722396
   0.07843194060578891
   0.08073580388644186
   0.0829513057100369
   0.08557051098947581
   0.08722984623143618
   0.09029469989046977
   0.09244111281107557
   0.09458769705284087
   0.09639156404867597
   0.09913339303942946
   0.10226448787721963
   0.10412944104906162
   0.10744884185508934
   0.11040343158756434
   0.11375483500774813
   0.11597620468005496
   0.11965540491590841
   0.1230395398381756
   0.1263177578898153
   0.1290996186717451
   0.13310739892042064
   0.13596588033120663
   0.14039684819507167
   0.14354567787237624
   0.147224247302406
   0.1508622527759678
   0.1554005618123371
   0.15888760608653527
   0.16330308655882778
   0.16784751499855458
   0.171730188127743
   0.1762771202840573
   0.1813393366560052
   0.18651798719008308
   0.19037935196906203
   0.19592460249555183
   0.20127503947780012
   0.20620625420192765
   0.21120766179284312
   0.2171505791361377
   0.22289919350951
   0.22831988838040368
   0.23511391163380782
   0.24049435712380032
   0.2472372858339939
   0.25350900733496634
   0.26010448457831326
   0.266848843898395
   0.27422828335310345
   0.28081046187759817
   0.2880255317098816
   0.29520881218417244
   0.3038150716740531
   0.3104098488107457
   0.31919961519268786
   0.32743675968779073
   0.33603663015021146
   0.3443081926064351
   0.3536180565917838
   0.36303986949645073
   0.3731343970841606
   0.3830153113868818
   0.3933740308068645
   0.4041516275711877
   0.4149865066527344
   0.4273619647169247
   0.4392308207420672
   0.450914486795878
   0.46397391142984534
   0.47799762237474575
   0.49234603052803216
   0.5076419252275268
   0.5232068777212222
   0.54077462421053
   0.5567140597297323
   0.570919514354309
   0.5799770517769733
   0.5855977894153631
   0.5885903242218988
   0.5891996171346685
   0.5860417018947969
   0.5802122037003272
   0.5702513826109937
   0.5573116708359067
   0.5410414597499807
   0.5235619945377147
   0.5077728476041132
   0.49313426058403204
   0.4782485609764027
   0.46467429818778444
   0.45074657163145454
   0.4384801363398803
   0.4265358404741154
   0.41541974635242124
   0.4038814881698714
   0.39334289446313886
   0.3828245753306728
   0.3733471021445727
   0.3634674495664777
   0.3538033902293052
   0.3454191034337273
   0.3362916161607363
   0.3276291808676388
   0.319093752225878
   0.3110688671344498
   0.3032412294058808
   0.2954728805037613
   0.28845670487917247
   0.28070320374195945
   0.2735748281835155
   0.2667984030530168
   0.25985649524210475
   0.253285371381748
   0.24749922987767053
   0.24082253170033738
   0.2346244961872268
   0.22865341621624638
   0.2224739390580164
   0.21726745618937043
   0.21116020254498716
   0.20577568899068227
   0.20081008090989852
   0.1952584763076625
   0.19021745544610252
   0.18604562950714537
   0.18109629897929996
   0.17596711042802857
   0.17105797620210522
   0.16761006840208018
   0.16338571533350155
   0.15891552657682634
   0.1541537220542858
   0.15098472276147676
   0.14657643314857952
   0.14365815711417154
   0.13981076444966603
   0.13565361457462163
   0.1320498135871081
   0.12832557162120883
   0.12569266260840367
   0.12281228580199131
   0.11919558028702239
   0.11628596296440943
   0.11319844384862364
   0.11032952060368975
   0.10756088180518976
   0.10430698675884564
   0.10166295816097425
   0.09894079258703156
   0.09746747349341728
   0.09472755198098387
   0.09219264329820466
   0.08973274767909427
   0.08714987535412773
   0.08423012249783328
   0.08270268768933692
   0.08006591743301265
   0.07789554924153241
   0.07680202469180093
   0.0738927686566825
   0.0728224927422153
   0.07135147432225909
   0.0685834425819381
   0.06653455260870099
   0.06616073728118513
   0.06351884850963531
   0.06191308259519954
   0.06094719104528116
   0.05907611300475007
   0.05780672141464174
   0.056096630344433344
   0.055011598107217355
   0.05304542717332004
   0.05168000160903636
   0.0506562898364063
   0.049162487910906216
   0.047532275074521735
   0.046488063516993264
   0.04449344863673752
   0.04351781933587665
   0.0424343579963218
   0.0417226593188881
   0.040765008521402274
   0.039862363000705316
   0.038464531142339435
   0.03735366018357505
   0.03696705724168479
   0.036046146045867374
   0.034933032538129294
   0.033857998015092386
   0.03349932966120367
   0.03214903880616029
   0.03088892719260415
   0.030223529599303918
   0.02987619386317474
   0.02839076426428144
   0.028095208049772474
   0.0274113053983206
   0.026368557342221058
   0.02561692690390477
   0.02515830994939843
   0.024587645546290112
   0.024084557242349296
   0.023258990299451953
   0.022324801596206853
   0.021480421172546872
   0.02177179133075641
   0.021014809415980912
   0.020050752099360265
   0.02009560352689115
   0.01905372771270756
   0.01882942112758648
   0.018079117874221628
   0.01760282814748812
   0.01805160267649385
   0.016869105792542766
   0.016095699435252884
   0.01607398842851394
   0.01565808222739937
   0.015432974866823311
   0.015115539103518604
   0.014631515929321883
   0.014397303136004326
   0.014166281767281068
   0.013186638449203042
   0.013190450630664595
   0.013367433228185583
   0.01199545246124547
   0.012230737384148186
   0.01188662920722271
   0.011545252693206848
   0.01159712006275696
   0.01109026502117961
   0.010099269230988943
   0.010521171888625334
   0.010295409522695054
   0.009959736534667973
   0.00987909144810392
   0.008876776991678905
   0.009197669652689207
   0.009093807074597525
   0.009197703693857506
   0.00922483545598511
   0.007962306135787545
   0.007899261697146134
   0.00758277566528247
   0.007848469850869023
   0.007713532181173551
   0.006935336409288305
   0.006920911812037486
   0.006730461053300881
   0.006511467174147467
   0.006789633120427053
   0.006387431546404235
   0.0058651100586434015
   0.006156254249947772
   0.005329127508326293
   0.005916040351451298
   0.006099145484410091
   0.005735819013009389
   0.0053572088544315685
   0.0052153315484252775
   0.004878496124831913
   0.005009964150570341
   0.0047328413072910015
   0.004582553070069129
   0.004764432002872955
   0.004381760577667384
   0.004527674757532833
   0.005477204484041106
   0.004171314593746197
   0.004335882212422288
   0.004242628425869982
   0.00388586165348176
   0.003754984653763581
   0.0035636957993072306
   0.003391156697942459
   0.0034351039518477457
   0.003847066747536362
   0.0033015080054423617
   0.0029154695659533133
   0.0038209862601166207
   0.0029495699330580384
   0.003660594350648539
   0.0031937386179836324
   0.0035213575563978164
   0.002915470759585834
   0.0028809656002805727
   0.0020248435964291167
   0.0020248433001099123
   0.0028460474890626827
   0.0028635608322506436
   0.0027018484024830115
   0.002190888176060111
   0.0023452052682014853
   0.002258314927108263
   0.002387464996602044
   0.0019748396365274826
   0.002428989582110224
   0.0022135924624916846
   0.0018973650782071435
   0.0025690452000694734
   0.002049388240426884
   0.0013784040590479993
   0.0014142126572761254
   0.0019748410341088214
   0.0016733188578391149
   0.002049388747895333
   0.001612450544978047
   0.0012247439528325912
   0.001303839832954953
   0.001414213053256121
   0.0015165746898850713
   0.0010488084620177318
   0.0007745964368624477
   0.00167331946740603
   0.001095444822891596
   0.0013038401704196722
   0.001048808614571791
   0.0010488084620177318
   0.0006324554055425568
   0.0008366598771304861
   0.0007071066044098301
   0.00044721355077859614
   0.0005477224753467763
   0.0007071066044098301
   0.0008366598771304861
   0.00031622775020544923
   0.00044721355077859614
   0.0012247445407104292
   0.0008944269897537752
   0.0008366598771304861
   0.0007745964368624477
   0.0005477224753467763
   0.00044721355077859614
   0.0008366598771304861
   0.0005477224753467763
   0.0
   0.0007071067175469343
   0.001264911000821797
   0.0005477224753467763
   0.0006324555004108985
   0.00031622775020544923
   0.0006324555004108985
   0.00031622775020544923
   0.0011401753154668803
   0.0007071067175469343
   0.0005477224753467763
   0.00044721355077859614
   0.0
   0.00031622775020544923
   0.0
   0.00031622775020544923
   0.0
   0.0009999999199999969
   0.0005477224753467763
   0.00031622775020544923
   0.00044721355077859614
   0.0007071067175469343
   0.00044721355077859614
   0.0008944271015571923
   0.00031622775020544923
   0.00031622775020544923
   0.0
   0.0007071067175469343
   0.0007071067175469343
   0.00031622775020544923
   0.00031622775020544923
   0.0007071067175469343
   0.00031622775020544923
   0.00031622775020544923
   0.0007071067175469343
   0.00031622775020544923
   0.0009486832506163476
   0.0
   0.0
   0.0
   0.0
   0.0
   0.0
   0.0
   0.0
   0.0
   0.0
   0.0
   0.0
   0.0
   0.0
   0.0
   0.0
   0.0
   0.0
   0.0
   0.0
   0.0
   0.0
   0.0
   0.0
   0.0
   0.0
   0.0
   0.0
   0.0
   0.0
   0.0
   0.0
   0.0
   0.0
   0.0
   0.0
   0.0
   0.0
   0.0
   0.0
   0.0
   0.0
   0.0
   0.0
   0.0
   0.0
   0.0
   0.0
   0.0
   0.0
   0.0
   0.0
   0.0
   0.0
   0.0
   0.0
   0.0
   0.0
   0.0
   0.0
   0.0
   0.0
   0.0
   0.0
   0.0
   0.0
   0.0
   0.0
   0.0
   0.0
   0.0
   0.0
   0.0
   0.0
   0.0
   0.0
   0.0
   0.0
   0.0
   0.0
   0.0
   0.0
   0.0
   0.0
   0.0
   0.0
   0.0
   0.0
   0.0
   0.0
   0.0
   0.0
   0.0
   0.0
   0.0
   0.0
   0.0
   0.0
   0.0
   0.0
   0.0
   0.0
   0.0
   0.0
   0.0
