   0.0
   0.0
   0.0
   0.0
   0.0
   0.0
   0.0
   0.0
   0.0
   0.0
   0.0
   0.0
   0.0
   0.0
   0.0
   0.0
   0.0
   0.0
   0.0
   0.0
   0.0
   0.0
   0.0
   0.0
   0.0
   0.0
   0.0
   0.0
   0.0
   0.0
   0.0
   0.0
   0.0
   0.0
   0.0
   0.0
   0.0
   0.0
   0.0
   0.0
   0.0
   0.0
   0.0
   0.0
   0.0
   0.0
   0.0
   0.0
   0.0
   0.0
   0.0
   0.0
   0.0
   0.0
   0.0
   0.0
   0.0
   0.0
   0.0
   0.0
   0.0
   0.0
   0.0
   0.0
   0.0
   0.0
   0.0
   0.0
   0.00044721355077859614
   0.00031622775020544923
   0.0
   0.00044721355077859614
   0.0
   0.0
   0.00031622775020544923
   0.00044721355077859614
   0.00031622775020544923
   0.00031622775020544923
   0.0
   0.00044721355077859614
   0.00044721355077859614
   0.00031622775020544923
   0.00031622775020544923
   0.0005477224753467763
   0.0007071067175469343
   0.0006324554055425568
   0.00031622775020544923
   0.00044721355077859614
   0.001048808728987321
   0.0005477224753467763
   0.00044721355077859614
   0.00031622775020544923
   0.0005477224753467763
   0.0008944269897537752
   0.0008366598771304861
   0.0009999996799999488
   0.0005477224753467763
   0.000999999499999875
   0.001140174894478913
   0.000836659733703015
   0.0007071066044098301
   0.0009486828711429336
   0.0011832153481087034
   0.0010488082713251265
   0.0010954446585747725
   0.0011401746839848708
   0.0013416395790226225
   0.0014142121481588255
   0.0011401746839848708
   0.0014142121481588255
   0.0017320485443543434
   0.001612449453471333
   0.0016733183319380684
   0.0016733186068409087
   0.0020976134915660703
   0.001702936496173595
   0.002469811229628694
   0.0026457425725115434
   0.002720287036325395
   0.002774877249537356
   0.0027928397304535753
   0.0034205113638168198
   0.003033137985651164
   0.0031144678116814756
   0.0034784883484065316
   0.003577687962916833
   0.0038600275011973686
   0.0038340319756100106
   0.004358865792841069
   0.004242606628005948
   0.004701020739158677
   0.005019906548930966
   0.00556768987642092
   0.005540680599890234
   0.006410819659762705
   0.006284791858924208
   0.00658774129425253
   0.007006990189089749
   0.0076874704285610105
   0.007790819930533628
   0.008136097420754006
   0.008294321852930473
   0.008904751414273169
   0.00978736432549642
   0.009888960309355073
   0.01066248032635934
   0.01124660181521512
   0.011544899233427722
   0.012457110746878669
   0.013079564380742962
   0.013640726153324829
   0.014486628413471507
   0.015551505714560246
   0.01645412404353389
   0.017062360763974015
   0.018357613363125393
   0.019294573346928405
   0.020183008861663812
   0.021584992571460383
   0.022723690964277787
   0.023833272955051724
   0.025096850400000398
   0.026632090034204976
   0.02820206878209469
   0.029658519248101377
   0.0312356449869376
   0.03329921406745211
   0.03504707129048018
   0.03711418704148051
   0.03937805598439314
   0.0417918110825554
   0.04429727047302125
   0.046736375963910594
   0.0493374299970114
   0.05236091902898573
   0.055638796005664966
   0.05916941374046222
   0.06285838045758099
   0.06696217302059425
   0.07131756735047824
   0.07622395426084899
   0.08126370843716155
   0.08672797904799812
   0.09264466080654621
   0.09971838465899856
   0.10720004290927314
   0.1151697869484875
   0.12490659340787419
   0.13536124126850343
   0.14696916108214675
   0.15970865439164528
   0.17479489679495794
   0.19114610406594743
   0.2096472382033925
   0.23088349769091338
   0.2522570122905407
   0.26812615757691377
   0.27809967610148345
   0.28474472244996923
   0.2879983195893858
   0.28763346650617694
   0.2846024525836698
   0.27810024281598533
   0.26833648218838974
   0.2523135981486333
   0.23097706960683348
   0.20984797658304927
   0.191267032385197
   0.17462322351382706
   0.1602515355305839
   0.14707433395110106
   0.13525297865670094
   0.12489775105385205
   0.1155592091823062
   0.1067513339187853
   0.09980503181202839
   0.09273635464686975
   0.086817026849576
   0.08115151231363467
   0.07587823946929713
   0.07099472413067044
   0.06703892208083301
   0.0627984070676956
   0.05913187735054587
   0.05565300661635452
   0.052206677917293304
   0.049584324613329164
   0.04671581442712949
   0.04434040555340016
   0.041841087126292496
   0.03949066412406861
   0.03730321302837063
   0.03511517049652472
   0.033566389949471774
   0.03115568658704218
   0.029681951073169028
   0.02837325136885091
   0.026904458611724563
   0.02500124410024429
   0.023744966396901893
   0.02243612826135561
   0.021696003298073127
   0.020259677540375613
   0.019752707720968283
   0.018008545348250648
   0.017556158975983328
   0.01617224874406772
   0.015749553186995495
   0.014891548631354631
   0.013833591173661307
   0.012995186714703257
   0.012691648740411942
   0.011479722254479853
   0.011392358798773853
   0.010620231091647676
   0.01008916443715732
   0.009782248141915027
   0.008882259779470537
   0.00843181301441155
   0.007930733307204322
   0.007745779854862905
   0.007252416138088051
   0.006884626464812743
   0.006324443551807542
   0.006024847051170677
   0.005665610426953127
   0.0055497000423446316
   0.005495376147271449
   0.005049694001620296
   0.004483259946735188
   0.004847637353391856
   0.004037294538425454
   0.004195204114223764
   0.003911493820779984
   0.0036055319662984544
   0.0035776906014914145
   0.003065928733679242
   0.0031937282288886136
   0.0028106843846294805
   0.002588428633360402
   0.002345201430581177
   0.002588428633360402
   0.002366425752057309
   0.002387462651016765
   0.001974837914867952
   0.0016431654542376432
   0.001974839008628298
   0.002073641509518943
   0.0013416395790226225
   0.0017888515198305308
   0.0018165872150821716
   0.0014491361530235866
   0.0015491914794498452
   0.0014142121481588255
   0.0016431660628189715
   0.0011401746839848708
   0.0013038396182046318
   0.0013784038268954421
   0.001095444457743066
   0.0007745964368624477
   0.0010488082713251265
   0.0010488084620177318
   0.0006324554055425568
   0.000836659733703015
   0.0006324554055425568
   0.0005477224753467763
   0.000836659733703015
   0.0007745964368624477
   0.0007071066044098301
   0.0007745965659619206
   0.0005477224753467763
   0.0007071066044098301
   0.00031622775020544923
   0.0007071066044098301
   0.0
   0.00044721355077859614
   0.00031622775020544923
   0.0
   0.0
   0.0
   0.0
   0.00031622775020544923
   0.00044721355077859614
   0.00031622775020544923
   0.0
   0.0
   0.0
   0.0
   0.0
   0.0
   0.0
   0.0
   0.0
   0.0
   0.0
   0.0
   0.0
   0.0
   0.0
   0.0
   0.0
   0.0
   0.0
   0.00031622775020544923
   0.00031622775020544923
   0.0
   0.0
   0.0
   0.0
   0.0
   0.0
   0.0
   0.0
   0.0
   0.0
   0.0
   0.0
   0.0
   0.0
   0.0
   0.0
   0.00031622775020544923
   0.00031622775020544923
   0.0
   0.0
   0.0
   0.0
   0.0
   0.0
   0.0
   0.0
   0.0
   0.0
   0.0
   0.0
   0.0
   0.0
   0.0
   0.0
   0.0
   0.0
   0.0
   0.0
   0.0
   0.0
   0.0
   0.0
   0.0
   0.0
   0.0
   0.0
   0.0
   0.0
   0.0
   0.0
   0.0
   0.0
   0.0
   0.0
   0.0
