   0.0
   0.0006324554055425568
   0.00031622775020544923
   0.00031622775020544923
   0.00044721355077859614
   0.0007745964368624477
   0.0007071066044098301
   0.000836659733703015
   0.00044721355077859614
   0.0006324554055425568
   0.0007071066044098301
   0.000894426833228968
   0.000836659733703015
   0.000999999499999875
   0.001095444457743066
   0.0012247439528325912
   0.0016431654542376432
   0.001095444457743066
   0.0014142121481588255
   0.0013416395790226225
   0.0013416395790226225
   0.0012649100521380957
   0.0014491361530235866
   0.0016431654542376432
   0.0016733177104184369
   0.0018165872150821716
   0.002213588938805035
   0.002213588938805035
   0.002345201430581177
   0.002449482394302927
   0.0025884271498344317
   0.00286355247201793
   0.0028106827622483475
   0.003065927533390181
   0.003255746863624382
   0.0031780342965424396
   0.0037815070421724725
   0.004086529225394087
   0.004074275940581345
   0.004312731621605963
   0.004679692339246246
   0.004764397622994957
   0.005291428540573896
   0.0057618496162256784
   0.005941275444717237
   0.0063006710364849235
   0.0066481611262062534
   0.007148245182560542
   0.007279916963812156
   0.007943301806553746
   0.008117614008438686
   0.009110057308271996
   0.009348390030374213
   0.009994501483815988
   0.010343527009680982
   0.010816027507361471
   0.011669683114806503
   0.012448934693378386
   0.012987368570653565
   0.014330313777443954
   0.01469875167454706
   0.01577777544649435
   0.016778585356340386
   0.01809953775956723
   0.018846076864695208
   0.019950987801108995
   0.021405382948221224
   0.02277788371886203
   0.023982681874844605
   0.02544566834944604
   0.027383177310896557
   0.02868321138994028
   0.03091423432660107
   0.03282744831752843
   0.03468224790162829
   0.036943723222084696
   0.03965257783852142
   0.042337865155319294
   0.04505197802361179
   0.048497088836238406
   0.05211735793149917
   0.056148326900808
   0.060386046234539976
   0.06537835533867459
   0.0710476606317196
   0.07712921692225326
   0.08423686998690064
   0.09218082414385326
   0.10119167086074822
   0.11195538891786316
   0.12387373220465266
   0.13769948903884865
   0.15328772881088687
   0.17158380126620343
   0.19226972986760033
   0.213978152139979
   0.22928080169414533
   0.2394383269453535
   0.24523030552001523
   0.2481648044667092
   0.24809186160541422
   0.24547985832291822
   0.2393082253061102
   0.22928530918870488
   0.21369178604326372
   0.19231734519566873
   0.17156635976528148
   0.153379535969568
   0.13774011524548685
   0.12394141939545472
   0.11173172129126983
   0.10113583661388281
   0.09244306939295124
   0.08407527372961685
   0.07719926452233855
   0.07085293005084546
   0.06547628871583971
   0.06044691287766481
   0.05597369774018865
   0.05175338937074556
   0.04858628019677983
   0.04531317644030266
   0.04245414275945282
   0.03964377002241336
   0.03703674336385422
   0.034649146570153784
   0.03271021717674769
   0.03050801232463367
   0.028994736349206556
   0.027227762801780096
   0.02540638427462672
   0.02416734044449244
   0.02274934983158859
   0.021083230243726884
   0.02011807308839492
   0.018904290352986013
   0.017753914125904744
   0.0169150323192124
   0.015825215638025285
   0.015262565224758254
   0.014016471250282648
   0.013174594203997327
   0.01242482778794137
   0.011738017986014504
   0.011466595518723071
   0.01080677801382077
   0.010123709485657913
   0.009438859104256191
   0.008682991705627733
   0.008360333112382545
   0.00786741493439872
   0.007286782663837313
   0.006870064846855523
   0.006848198238222957
   0.006418590387304676
   0.005813678487842271
   0.005787822657096536
   0.005468007497251627
   0.004989927854187874
   0.004816581958194005
   0.004147252603833048
   0.004012449026467501
   0.003549625507007746
   0.003794705870024711
   0.003391145492307872
   0.0032710679464052713
   0.00324035333721494
   0.002983273502379559
   0.0028809601021187363
   0.0025495014708762182
   0.0023021667858780345
   0.0024899726906132927
   0.002280344921278358
   0.0017606789571071723
   0.0018708254194338926
   0.001702936167329827
   0.0015165733447479552
   0.0017888515198305308
   0.0014491361530235866
   0.0011832151283684637
   0.0012247439528325912
   0.001095444457743066
   0.0012247439528325912
   0.0014491361530235866
   0.0011832151283684637
   0.0011832151283684637
   0.000836659733703015
   0.0009486828711429336
   0.0006324554055425568
   0.0009486828711429336
   0.0006324554055425568
   0.000836659733703015
   0.0005477224753467763
   0.0006324554055425568
   0.00044721355077859614
   0.0005477224753467763
   0.0006324554055425568
   0.0007071066044098301
   0.00031622775020544923
   0.0006324554055425568
