   0.0
   0.0
   0.0
   0.0
   0.0
   0.0
   0.0
   0.0
   0.0
   0.0
   0.0
   0.0
   0.0
   0.0
   0.0
   0.0
   0.0
   0.0
   0.0
   0.0
   0.0
   0.0
   0.0
   0.0
   0.0
   0.0
   0.0
   0.0
   0.0
   0.0
   0.0
   0.0
   0.0
   0.0
   0.0
   0.0
   0.0
   0.0
   0.0
   0.0
   0.0
   0.0
   0.0
   0.0
   0.0
   0.0
   0.0
   0.0
   0.0
   0.0
   0.0
   0.0
   0.0
   0.0
   0.0
   0.0
   0.0
   0.0
   0.0
   0.0
   0.0
   0.00031622775020544923
   0.0
   0.0
   0.0
   0.0
   0.0
   0.0
   0.0
   0.0
   0.0
   0.0
   0.0
   0.0
   0.0
   0.0
   0.0
   0.00031622775020544923
   0.0
   0.0
   0.0
   0.0
   0.0
   0.00031622775020544923
   0.0
   0.0
   0.0
   0.0
   0.0
   0.0
   0.0
   0.00031622775020544923
   0.0
   0.00031622775020544923
   0.00031622775020544923
   0.00031622775020544923
   0.0
   0.0011832156861705308
   0.00044721355077859614
   0.0008366598771304861
   0.0008366598771304861
   0.0005477224753467763
   0.0006324554055425568
   0.001048808614571791
   0.000948683039797803
   0.0009486828711429336
   0.000836659733703015
   0.0005477224753467763
   0.0007071066044098301
   0.0007745964368624477
   0.0009999996799999488
   0.0012247441814517838
   0.0012247441814517838
   0.0013416400560508023
   0.0017320491447993039
   0.0014142124168596455
   0.0016124500488387229
   0.0021908872723168577
   0.0018165878976807042
   0.0018708264457185761
   0.002144757692607722
   0.002302168870869381
   0.0020976146071192392
   0.001843906450989312
   0.002529817187071034
   0.002280346210556634
   0.0029999922933234345
   0.003114472281141703
   0.002529815012999962
   0.00380786978637663
   0.0037682696294187865
   0.004449694479399681
   0.003924259109691918
   0.004393147754173538
   0.004774902118368501
   0.0052248934525021655
   0.005692037635153162
   0.005567701773622578
   0.005727065719895311
   0.006472934245765208
   0.006971254116728209
   0.007286841235405092
   0.007422782873693666
   0.008221736614608862
   0.008348443399221198
   0.009148531619336516
   0.009565277768575254
   0.009777179714007512
   0.010256315500217415
   0.011273371807493975
   0.012254997725009988
   0.013212842478437408
   0.01376502836865947
   0.014435019693786357
   0.015426003500583034
   0.016427099553786115
   0.017822222581653502
   0.01871674636682348
   0.020181428131824566
   0.02084637116598474
   0.02283898804675899
   0.023943265132182787
   0.0250745472094712
   0.026594296456195262
   0.028629306521639676
   0.030406171211614264
   0.03231526697460505
   0.03452738883480765
   0.036286552070843
   0.038885227421734336
   0.040631989257234255
   0.04319849758023998
   0.046211366788269745
   0.049182334224292364
   0.05228326967348159
   0.0547798478552104
   0.0587274561580016
   0.062323831049125984
   0.06632988447419458
   0.07073196423654585
   0.07489261954017899
   0.07929595550083245
   0.0845100518508893
   0.08976337020210416
   0.09524091709842991
   0.10101331125030008
   0.1076511896079184
   0.1142193319845638
   0.12113855539501038
   0.12874664775406774
   0.1360086056200489
   0.14496225461267495
   0.1535640421465585
   0.16316538662044716
   0.17329882847555547
   0.295848300983984
   0.30031847058580996
   0.30365118401508
   0.30577354385433675
   0.30702761005771123
   0.3068970147525062
   0.30555561477780113
   0.30359542835550074
   0.2999489771190927
   0.29537795341411316
   0.17324715532091717
   0.16261577918209535
   0.15392286597838542
   0.1447007290860692
   0.13656549819042876
   0.12831946368404132
   0.12098384722428858
   0.11384821541526244
   0.10749208578453578
   0.10115149597292172
   0.09488158622535776
   0.08921513106620424
   0.08447481189348692
   0.07947097544229591
   0.07474647976721044
   0.0706032360504106
   0.06616479722322136
   0.062334223459589194
   0.058665773150619945
   0.0550377976702375
   0.05230198679361999
   0.049076198522705484
   0.04651632906571627
   0.04326340883922579
   0.040882681755359446
   0.03877888689467505
   0.0363925003125644
   0.03420049394731017
   0.0325415046411502
   0.029924011495787127
   0.02898496689251171
   0.026618693501935815
   0.025363706630538056
   0.02344762180179474
   0.022443893501574098
   0.020915830826433838
   0.019783743556516294
   0.018379946619889842
   0.017530960223558777
   0.01671371288014725
   0.015282706310074796
   0.014685672908995352
   0.013250597426531379
   0.012925980952716897
   0.0120575931246663
   0.01109905288752153
   0.010912855519523751
   0.0105636981687286
   0.009533858072679707
   0.009143046212286144
   0.008797511320822498
   0.008123883305414966
   0.007286831376531229
   0.006722991607907896
   0.006363869671041355
   0.006496072902916038
   0.006099101491203438
   0.005822313044658454
   0.005300898073911627
   0.005118550478406948
   0.004582542661012552
   0.004438441833571777
   0.004195212695442271
   0.003781514721642638
   0.0032093478325042925
   0.0035496343417315535
   0.003391152239283869
   0.0031304864222673127
   0.0028460415299148395
   0.0029154695659533133
   0.002645744953694517
   0.0024083137254103755
   0.001999995999996
   0.0022135897881043814
   0.001760679615943798
   0.0018708267450515026
   0.0018708267450515026
   0.0015491925122462992
   0.0013784035657237687
   0.0020736423775569402
   0.0009999996799999488
   0.0010488082713251265
   0.000836659733703015
   0.0013784042621814545
   0.0010488082713251265
   0.0009486828711429336
   0.001140174894478913
   0.000999999499999875
   0.0008944269897537752
   0.0009486828711429336
   0.0008944269897537752
   0.0005477224753467763
   0.000894426833228968
   0.0005477224753467763
   0.0007745965659619206
   0.0008944269897537752
   0.0
   0.0005477224753467763
   0.0006324555004108985
   0.00044721355077859614
   0.0005477224753467763
   0.00031622775020544923
   0.0
   0.00044721355077859614
   0.00031622775020544923
   0.0
   0.00031622775020544923
   0.0
   0.0
   0.0
   0.0
   0.0
   0.0
   0.0
   0.00031622775020544923
   0.0
   0.0
   0.0
   0.0
   0.0
   0.0
   0.0
   0.0
   0.0
   0.0
   0.0
   0.0
   0.0
   0.00031622775020544923
   0.0
   0.0
   0.0
   0.0
   0.0
   0.0
   0.0
   0.0
   0.0
   0.0
   0.0
   0.0
   0.0
   0.0
   0.0
   0.0
   0.0
   0.0
   0.0
   0.0
   0.0
   0.0
   0.0
   0.0
   0.0
   0.0
   0.0
   0.0
   0.0
   0.0
   0.0
   0.0
   0.0
   0.0
   0.0
   0.0
   0.0
   0.0
   0.0
   0.0
   0.0
   0.0
   0.0
   0.0
   0.0
   0.0
   0.0
   0.0
   0.0
   0.0
   0.0
   0.0
   0.0
   0.0
   0.0
   0.0
   0.0
   0.0
   0.0
   0.0
   0.0
   0.0
   0.0
   0.0
   0.0
   0.0
