   0.0
   0.0
   0.0
   0.0
   0.0
   0.0
   0.0
   0.0
   0.0
   0.0
   0.0
   0.0
   0.0
   0.0
   0.0
   0.0
   0.0
   0.0
   0.0
   0.0
   0.0
   0.0
   0.0
   0.0
   0.0
   0.0
   0.0
   0.0
   0.0
   0.0
   0.0
   0.0
   0.0
   0.0
   0.0
   0.0
   0.0
   0.0
   0.0
   0.0
   0.0
   0.0
   0.0
   0.0
   0.0
   0.0
   0.0
   0.0
   0.0
   0.0
   0.0
   0.0
   0.0
   0.0
   0.0
   0.0
   0.0
   0.0
   0.0
   0.0
   0.0
   0.0
   0.0
   0.0
   0.0
   0.0
   0.0
   0.0
   0.0
   0.0
   0.0
   0.0
   0.0
   0.0
   0.0
   0.0
   0.0
   0.0
   0.0
   0.0
   0.0
   0.0
   0.0
   0.0
   0.0
   0.0
   0.0
   0.0
   0.0
   0.0
   0.0
   0.0
   0.0
   0.0
   0.0
   0.0
   0.0
   0.0
   0.0
   0.0
   0.0
   0.0
   0.0
   0.0
   0.0
   0.0
   0.0
   0.0
   0.0
   0.0
   0.0
   0.0
   0.0
   0.0
   0.0
   0.0
   0.0
   0.0
   0.0
   0.0
   0.0
   0.0
   0.0
   0.0
   0.0
   0.0
   0.0
   0.0
   0.0
   0.0
   0.0
   0.0
   0.0
   0.0
   0.0
   0.0
   0.0
   0.0
   0.0
   0.0
   0.0
   0.0
   0.0
   0.0
   0.0
   0.0
   0.0
   0.0
   0.0
   0.0
   0.0
   0.0
   0.0
   0.0
   0.0
   0.0
   0.0
   0.0
   0.0
   0.0
   0.0
   0.0
   0.0
   0.0
   0.0
   0.0
   0.0
   0.0
   0.0
   0.0
   0.0
   0.0
   0.0
   0.0
   0.0
   0.0
   0.0
   0.0
   0.0
   0.0
   0.0
   0.0
   0.0
   0.0
   0.0
   0.0
   0.0
   0.0
   0.0
   0.0
   0.0
   0.0
   0.0
   0.0
   0.0
   0.0
   0.0
   0.0
   0.0
   0.0
   0.0
   0.0
   0.0
   0.0
   0.0
   0.0
   0.0
   0.0
   0.0
   0.0
   0.0
   0.0
   0.0
   0.0
   0.0
   0.0
   0.0
   0.0
   0.0
   0.0
   0.0
   0.0
   0.0
   0.0
   0.0
   0.0
   0.0
   0.0
   0.0
   0.0
   0.0
   0.0
   0.0
   0.0
   0.0
   0.0
   0.0
   0.0
   0.0
   0.0
   0.0
   0.0
   0.0
   0.0
   0.0
   0.0
   0.0
   0.0
   0.0
   0.0
   0.0
   0.0
   0.0
   0.0
   0.0
   0.0
   0.0
   0.0
   0.0
   0.0
   0.0
   0.0
   0.0
   0.0
   0.0
   0.0
   0.0
   0.0
   0.0
   0.0
   0.0
   0.000999999499999875
   0.000999999499999875
   0.0
   0.00199999899999975
   0.0
   0.0
   0.000999999499999875
   0.000999999499999875
   0.0
   0.0029999984999996253
   0.0
   0.0
   0.0
   0.0
   0.0
   0.0
   0.000999999499999875
   0.0
   0.0029999984999996253
   0.0
   0.0
   0.0
   0.0
   0.0
   0.0
   0.0
   0.0
   0.0
   0.0
   0.0
   0.0
   0.0
   0.0
   0.0
   0.0
   0.0
   0.000999999499999875
   0.0
   0.0
   0.0
   0.0
   0.0
   0.0
   0.0
   0.0
   0.000999999499999875
   0.0
   0.00199999899999975
   0.00199999899999975
   0.000999999499999875
   0.0
   0.0031622751303452394
   0.000999999499999875
   0.0
   0.0
   0.0029999984999996253
   0.0022360659650377044
   0.0
   0.0
   0.0
   0.0
   0.0
   0.0
   0.000999999499999875
   0.0
   0.0022360659650377044
   0.0
   0.000999999499999875
   0.0
   0.0
   0.0014142121481588255
   0.000999999499999875
   0.0
   0.00199999899999975
   0.000999999499999875
   0.000999999499999875
   0.000999999499999875
   0.000999999499999875
   0.0
   0.0
   0.000999999499999875
   0.0014142121481588255
   0.000999999499999875
   0.000999999499999875
   0.00199999899999975
   0.0039999979999995
   0.000999999499999875
   0.000999999499999875
   0.0024494864767946774
   0.0
   0.0
   0.00199999899999975
   0.0026457465865044596
   0.0
   0.0
   0.0029999984999996253
   0.003316621021461451
   0.000999999499999875
   0.004123102593921233
   0.0
   0.0
   0.00199999899999975
   0.000999999499999875
   0.00199999899999975
   0.0
   0.004242636444476477
   0.0
   0.0
   0.0
   0.000999999499999875
   0.000999999499999875
   0.000999999499999875
   0.00199999899999975
   0.0
   0.0
   0.0014142121481588255
   0.0024494864767946774
   0.003605547808586096
   0.0050990159835011305
   0.005999996999999251
   0.004123102593921233
   0.0014142121481588255
   0.0
   0.000999999499999875
   0.000999999499999875
   0.0
   0.0022360659650377044
   0.010198031967002261
   0.000999999499999875
   0.004123102593921233
   0.000999999499999875
   0.00299999583333044
   0.0
   0.000999999499999875
   0.004123102593921233
   0.0
   0.00299999583333044
   0.00299999583333044
   0.004242636444476477
   0.00199999899999975
   0.00199999899999975
   0.0014142121481588255
   0.0014142121481588255
   0.000999999499999875
   0.004123099683490565
   0.00199999899999975
   0.000999999499999875
   0.003605547808586096
   0.00199999899999975
   0.003741648834404426
   0.000999999499999875
   0.0017320482094907174
   0.0026457465865044596
   0.003316621021461451
   0.000999999499999875
   0.0024494864767946774
   0.005196144628472152
   0.0022360659650377044
   0.00199999899999975
   0.006633234806638462
   0.008602316897208565
   0.0024494864767946774
   0.0022360623873228583
   0.00458257034861441
   0.0024494864767946774
   0.004898969279348463
   0.0
   0.0026457465865044596
   0.0017320482094907174
   0.006164405891892584
   0.0050990159835011305
   0.005196144628472152
   0.0036055444803801823
   0.005656841521556
   0.0026457465865044596
   0.005656831622030127
   0.0022360623873228583
   0.0038729770203294518
   0.001999995999996
   0.0053851572864680565
   0.003464092377521131
   0.008888178159780552
   0.005999983666644435
   0.003316617403319231
   0.0022360659650377044
   0.0
   0.006633234806638462
   0.0037416525760684944
   0.0038729770203294518
   0.0064807157012169575
   0.0026457465865044596
   0.004582562492754463
   0.004999991899993439
   0.006480732983235769
   0.0039999874999804685
   0.0038729770203294518
   0.010148877327074162
   0.004690405099775498
   0.004358879557868054
   0.006480720947548969
   0.0061643932385921
   0.006633225158246929
   0.0024494864767946774
   0.007615751834192078
   0.0026457465865044596
   0.003464092377521131
   0.004898969279348463
   0.0050990053932115035
   0.006855622437094972
   0.002449482394302927
   0.006082748638567929
   0.0043588896521935495
   0.005656831622030127
   0.0061643932385921
   0.008124013786300463
   0.009433916206963044
   0.0039999874999804685
   0.004898964788605854
   0.008543977937705598
   0.008888159258249146
   0.002449482394302927
   0.004690400409346733
   0.008123996799605475
   0.008306592020798902
   0.006557421368190396
   0.007483276287830084
   0.004898969279348463
   0.0057445430627683525
   0.007745940872482826
   0.00556774415719688
   0.005385143916368438
   0.006928184755042262
   0.007071033587814444
   0.007681111312824466
   0.005916049272952347
   0.0089999652777108
   0.009643607157075613
   0.01452575640027052
   0.0070710200112855
   0.006633225158246929
   0.006633190484224013
   0.009055328597019546
   0.007280066963977735
   0.011090453146738415
   0.005196130772026432
   0.005999983666644435
   0.008124002954209212
   0.005916060767098323
   0.009999903199531484
   0.012489903762639646
   0.01004980751059442
   0.010197952539603232
   0.012041510494950374
   0.011135425272525517
   0.008366546479880452
   0.007810179959514377
   0.007937214561796852
   0.007280052128934243
   0.010197960580429795
   0.01363807479082
   0.012609391381030252
   0.008888117404715129
   0.011958176073298134
   0.011916261829953216
   0.009380762442360429
   0.008888117404715129
   0.01086269137921169
   0.011045281164370603
   0.01077018402813991
   0.010770255335877605
   0.009695268743051943
   0.01216540521314436
   0.008717723556066688
   0.014456686169381972
   0.013266380968448026
   0.010535548917830527
   0.00916507261291475
   0.010999872317440781
   0.01220645726654544
   0.008888125505414513
   0.010954308011006445
   0.013266380968448026
   0.012124221665740032
   0.01039217474833829
   0.0112248324709102
   0.011789688333454791
   0.012041419143938142
   0.016970324098260468
   0.009327279935758334
   0.012845146593168955
   0.011269293456113386
   0.011488958003230755
   0.014730738983499775
   0.007999943749802245
   0.012409538105828113
   0.014177237777508001
   0.01195807304710922
   0.016031053334076336
   0.013378910232152692
   0.015937134497769664
   0.01640098872019611
   0.01462854141737993
   0.012206422530782718
   0.015165495573834705
   0.01729137701283504
   0.016309290113306587
   0.013928169872599917
   0.015033002494511866
   0.013637991641000519
   0.014177215488240278
   0.014387243481640255
   0.016062137342209473
   0.013152743858222132
   0.013076481751602762
   0.013601241083077677
   0.015165471835719455
   0.017492484214656306
   0.012961222010288998
   0.01536202786093034
   0.015556014785284821
   0.01378375493107738
   0.017406541270453473
   0.01830265639190115
   0.01797175202922631
   0.020951852400205574
   0.01862758102921579
   0.018192962128251684
   0.015874098525585634
   0.017233317469367296
   0.020711779233083767
   0.015394344383571519
   0.017087600065544606
   0.020856077651370594
   0.01702887477198655
   0.019338450403276888
   0.0190782555806342
   0.01754940181316731
   0.020759960862198175
   0.01757787743158997
   0.02121268714708252
   0.01915658422057544
   0.016400630445199356
   0.020297152509650213
   0.02111809072809377
   0.02085598501629688
   0.019467223094216595
   0.02340876792998726
   0.023237218336108992
   0.021306565279274835
   0.022736881382458766
   0.023642457042363427
   0.023663277794929424
   0.022426706200420962
   0.020590438169208542
   0.01977299772416919
   0.025960344450719448
   0.023365625949244333
   0.021793549297900058
   0.020517503722431732
   0.028159008771616943
   0.02393634205554391
   0.02798078581812884
   0.025630988256405564
   0.023852621637882907
   0.02424773135779923
   0.023172109075351773
   0.023705423430092954
   0.022179901172007056
   0.025708533816614282
   0.026418184570480993
   0.02993139562399321
   0.030674187047092218
   0.025296671717836717
   0.02670062304516507
   0.027127661159783014
   0.02898138154056842
   0.028720928936926814
   0.024513954209796508
   0.028859909476642506
   0.029374544064546773
   0.030131443709188577
   0.030965825533965666
   0.02915275348916462
   0.030608350478260014
   0.030852489299892805
   0.02892905872993451
   0.02994773405451571
   0.031699223949491255
   0.02714600801222898
   0.035970183152160905
   0.030279808041003164
   0.03198235637034895
   0.033879811038434085
   0.03250886203791206
   0.033224014868766236
   0.029186744319981972
   0.031206561104998417
   0.03476743267772298
   0.03426083238918751
   0.033967777436859185
   0.03613556558295442
   0.036915799747533576
   0.0353241260896855
   0.03733314618405473
   0.03635587985457098
   0.03921359759063175
   0.03384924690447337
   0.035408304054275176
   0.03376064241094947
   0.03717173463802839
   0.04064069285826707
   0.034723853242403846
   0.03415782415494289
   0.03734575144511086
   0.037837391876290837
   0.04206612775143441
   0.03978254289258041
   0.038995213539612786
   0.04260950203886452
   0.039542642096855395
   0.042042317300548505
   0.03895696066173541
   0.04457007551036906
   0.04627537332102249
   0.040701058941998054
   0.04183934482039603
   0.04639432067613449
   0.043282621732053154
   0.04265503956158053
   0.04141871557641545
   0.042183626017686056
   0.05000213226453448
   0.05059812327547337
   0.048283056075604826
   0.0435821170206313
   0.04708779459690165
   0.04860253202251916
   0.05068600106538294
   0.047594162835372995
   0.04653228453450357
   0.052076576068324616
   0.047730594789924835
   0.04904175461787639
   0.049386354026188246
   0.04959828600869187
   0.05455141830420177
   0.05316849710119705
   0.055432472468761484
   0.05345718465276674
   0.05356917694906278
   0.052978429988062126
   0.05520545964848042
   0.05667060612875073
   0.05478750396760195
   0.05694262375409127
   0.05618141457813251
   0.05832905498977332
   0.05782093253312333
   0.057423209375652276
   0.05797714010711463
   0.05797646742429207
   0.058173869013501245
   0.05996708417123514
   0.06036602325812095
   0.06796816404758922
   0.06467298044005704
   0.06268800408371605
   0.06240727738813799
   0.06587294133405612
   0.0671885936673778
   0.0669716187948298
   0.06684465392983945
   0.0666933033444888
   0.06751094369804055
   0.06774256670661365
   0.06534677552106148
   0.07009619726490161
   0.06853103749397058
   0.06923450404964276
   0.0716630210847966
   0.07008149934897226
   0.07282751235625175
   0.07161605109889822
   0.07663740013857465
   0.07678733905403937
   0.07543335304094602
   0.07598102328871335
   0.0806620952864479
   0.07931422782830329
   0.07925454636170723
   0.07912748012542799
   0.08132078931613981
   0.07503878879619527
   0.08026082419213
   0.0803921274690501
   0.08134269771159548
   0.0839059208339912
   0.08559525162063607
   0.08417001078769089
   0.08212278192438442
   0.0833712414445173
   0.09006878357677536
   0.09073407895603502
   0.08503566611134412
   0.09110722208475022
   0.09424563981426409
   0.09063991124775002
   0.09842413544959386
   0.09055850612173325
   0.09319272742011578
   0.09256254291558762
   0.09368452858396631
   0.09556258495875883
   0.0987211926133391
   0.09606059412683225
   0.1010304245462722
   0.10244370112408083
   0.10136991722892941
   0.10066544347987545
   0.10172691818786216
   0.10372808877059289
   0.11103273677614184
   0.10654852096110955
   0.10751613422644994
   0.1055621719367312
   0.11144305199966484
   0.11100324423637356
   0.10737658960872244
   0.1085616316706782
   0.11326218276194398
   0.1098535229794657
   0.11358841891231693
   0.11572812968332288
   0.11210652191554246
   0.11486888092081336
   0.12171608346886618
   0.11772920859327986
   0.12188200946407143
   0.12182436248961043
   0.12503661300195235
   0.1210086310929927
   0.1253135911383917
   0.1252816439826681
   0.13155440547545338
   0.12728020024732833
   0.1288102592032172
   0.13148661496897698
   0.13188189830298924
   0.13360972613922986
   0.13207242888279144
   0.13491577238781238
   0.13499620402070572
   0.13440620519901603
   0.13711632302173218
   0.14282994048868047
   0.14181407703045562
   0.14281262862926375
   0.1466900551468981
   0.14447246368772146
   0.14712291807872763
   0.1459240966221823
   0.14804162371103607
   0.150486730840297
   0.14955768545614767
   0.15174261766557212
   0.1535363309155198
   0.15544181380503766
   0.15508018078078192
   0.15928455984181267
   0.15491072987691976
   0.15873988660698987
   0.15929726626342336
   0.16548396893657102
   0.162412151651285
   0.1669179403149943
   0.1701977464921319
   0.17234181256735118
   0.17508261021300775
   0.17035295458547234
   0.1763346508885874
   0.17468626097950576
   0.1765077480197399
   0.18329747046536132
   0.18112557764987253
   0.18145323891019416
   0.18225707557184165
   0.18774948873166072
   0.18774455196090245
   0.18877850064030066
   0.19311423925749235
   0.1884415901440019
   0.19596836965183947
   0.1985998740961333
   0.19511067211969724
   0.1986774187873398
   0.2037326182794498
   0.2042063965697451
   0.2054892196101781
   0.20688689835511576
   0.21025516988649767
   0.21112397047943182
   0.2130091737367196
   0.21550995501600384
   0.21793152539043084
   0.2174785612514484
   0.21855544496534512
   0.22450946990271925
   0.22666997675916412
   0.22816934479460643
   0.22660730482268218
   0.2291495171956511
   0.23230678191563844
   0.2333785291731011
   0.23460778837029259
   0.23688261209088354
   0.24076235252007322
   0.24252170138773146
   0.24364966337756347
   0.24692558590798158
   0.24920641973873786
   0.25315655215696076
   0.25661360392426585
   0.2590072771178447
   0.25895544237571066
   0.26039961938336237
   0.2648981188136299
   0.26699596004246956
   0.26869775171370525
   0.27217831466705794
   0.2744992286309745
   0.2765463263885456
   0.2791037550374412
   0.2799998488856735
   0.28581687762621716
   0.28933594668481827
   0.28787468871020944
   0.29208618137631914
   0.29218351726098446
   0.3003912813049007
   0.29888183665790063
   0.30293785559252906
   0.3063658612574188
   0.30921513105118253
   0.3065740185974669
   0.31310674164572055
   0.31497457109900157
   0.31962998858054603
   0.3214961909509971
   0.3212064646158293
   0.32594993548703155
   0.33132071498172283
   0.3352833803799407
   0.3366664351416696
   0.33758484885432877
   0.34272293149860866
   0.34404794565728775
   0.35288349832628896
   0.35168769725425425
   0.35648651376454626
   0.3582148223049962
   0.36245047719102264
   0.3656029589376979
   0.3687165380600659
   0.3739036985307848
   0.3777208719199933
   0.3790695850843219
   0.3811338407318353
   0.3842015278145052
   0.3873739469182201
   0.39443296007179723
   0.39393310520442426
   0.3985474196328462
   0.4019358033318256
   0.40846729729073783
   0.41092149688717916
   0.41214815580807834
   0.41336043303635145
   0.4232751960970546
   0.42465524590071885
   0.4270396829698617
   0.43405777388614986
   0.43695221695283804
   0.4407588864390598
   0.44555123273423897
   0.44551618551855104
   0.44755795434334533
   0.4549618358840662
   0.4580150180059602
   0.4654732286136336
   0.46762811083060435
   0.474130123232009
   0.47559387306398304
   0.4804958630581537
   0.48653964927742527
   0.4894988679363824
   0.49746740121439115
   0.4963380505169838
   0.5028226266627228
   0.5064917371478038
   0.5103053626516186
   0.5165402820448759
   0.5205174490024326
   0.5226194785491639
   0.5274576075619727
   0.5334748652663966
   0.5372699963472741
   0.5405280007908934
   0.5434330452880097
   0.5541760554192142
   0.556768400747564
   0.5624410363371436
   0.5668822804039654
   0.5721834673284436
   0.5763069928432242
   0.5795168600127178
   0.585911872553373
   0.5922667607624119
   0.5971113533998496
   0.6048629145980103
   0.6092205865694297
   0.6161780456645628
   0.6218116723824023
   0.6210009833293342
   0.6267890653672893
   0.74634467290589
   0.7475258959286962
   0.7492428503469353
   0.754947420259186
   0.7504454597930486
   0.7509373129462937
   0.7523504889551146
   0.7543562358885887
   0.7498844168476899
   0.7437309235731697
   0.6262410827716431
   0.6253199228994707
   0.6155358226577882
   0.6124545672611152
   0.6037950992547058
   0.6031762828759102
   0.5939437650283064
   0.5870254815857656
   0.5912308847108716
   0.5792910065381647
   0.574413933318996
   0.5700187203101316
   0.5627846581339971
   0.5633151984732881
   0.5570962826513923
   0.5524315240452884
   0.5474770991959389
   0.5416436200224277
   0.5361216754422451
   0.5344058981701081
   0.5284017274299925
   0.5240439375081063
   0.5187173782166933
   0.5145652728235749
   0.5107384825045006
   0.5075713205757394
   0.4977233618748471
   0.4991767949093788
   0.4947796561207827
   0.4918827739655049
   0.48516936158830143
   0.4793613568478377
   0.47590972832145384
   0.4734458759985137
   0.46962748365486445
   0.46563495358488716
   0.45910042934416867
   0.45203064325220255
   0.453732783465114
   0.4514854383465761
   0.444915190907211
   0.443918573586418
   0.4371596012625137
   0.4321839964459582
   0.4293477151109576
   0.42400876009700555
   0.42183505686346173
   0.41564901961991924
   0.4133359108473398
   0.40886551514036984
   0.4043624085347202
   0.4057681822469574
   0.40054635229396357
   0.39771696579225785
   0.39685426573365695
   0.38853015083903075
   0.39039154842158147
   0.38131597304073167
   0.3782576426075222
   0.3776511106881588
   0.3728346975792355
   0.37027426267025365
   0.36460105101329593
   0.36101615306659063
   0.3623426210591296
   0.35142779678192787
   0.3556477298662259
   0.347246789011792
   0.3489598093534555
   0.3477289035311848
   0.33901258743444906
   0.3369261996209259
   0.33610253690057146
   0.33326493202705865
   0.3268330289781007
   0.3234336559110693
   0.3221154176859593
   0.320279256125026
   0.3171277029068889
   0.31580650917769254
   0.3131709047644752
   0.30943284024809004
   0.3054643852955693
   0.30719074320526
   0.29657895480124685
   0.2993132421911867
   0.29504289700143604
   0.2911337163504083
   0.28843397234029144
   0.28793296286462233
   0.2847064150576871
   0.28059500236283613
   0.27966469187046117
   0.2773043353429585
   0.2746000196940998
   0.2687979463537622
   0.2693976674713425
   0.26793192414305544
   0.2620089876912622
   0.26209332212782527
   0.2583155984759728
   0.2568625635607493
   0.25398789071725447
   0.2522330043352773
   0.24978369736834308
   0.24646662034441905
   0.2475337120292911
   0.24392981086984838
   0.2357996689543902
   0.23585079499548015
   0.23284811288906768
   0.23529802719104978
   0.23562042335077832
   0.22743736157236788
   0.22891952905770185
   0.2246895275151915
   0.22237589164295665
   0.22599546529963827
   0.21923901359931355
   0.22179043770189913
   0.21907038035982865
   0.21412596128447386
   0.21472053487265721
   0.20849892239289872
   0.2078438041390698
   0.2080919134517245
   0.20654937646722635
   0.20553426357666013
   0.1960517678165642
   0.20297339111321958
   0.1968284269078021
   0.19626011254200382
   0.19400005179380753
   0.19307351217606208
   0.18968346738448238
   0.1926631853157214
   0.18487322514361024
   0.18649651568863157
   0.18653273846432428
   0.18260762095542454
   0.18081340801776843
   0.1817864709790033
   0.17693058434312595
   0.1774058315163287
   0.1753461540810063
   0.17578602617671293
   0.17635415962205145
   0.17374597088853602
   0.16716695367207002
   0.16521759886585932
   0.16745140080333756
   0.16418603518874558
   0.16484276289543318
   0.1641146954906842
   0.16120355509727446
   0.1590515880964412
   0.15736058259932822
   0.15222073970389186
   0.15350368096889402
   0.15156920940283353
   0.15063491121250744
   0.1482426589615823
   0.1493275293574497
   0.14848392073217895
   0.14874839411233992
   0.14659121520404966
   0.14520211149979878
   0.14077538932285003
   0.13931836831875402
   0.141701230919142
   0.1351331664359272
   0.13758776831898975
   0.13336337337890042
   0.13447496003345752
   0.13219749231736583
   0.1307272600148875
   0.13149271590472225
   0.13230408972892713
   0.12867555382045184
   0.12826593355603036
   0.12799953798354116
   0.1247021302785161
   0.12016777038374307
   0.12432599396345077
   0.12313731910351143
   0.12173690795728304
   0.11987717387392814
   0.12060913195525452
   0.11741601865163032
   0.11520385741805697
   0.1183375802989059
   0.11398780424238375
   0.11596120040772258
   0.11125953999095987
   0.11155780732427471
   0.11062230208687578
   0.10994979297388423
   0.11243566250972153
   0.11008949070642483
   0.10935516402987104
   0.10311487650188987
   0.10341036079136365
   0.10708750125014589
   0.10421891045294995
   0.10120176776618084
   0.10025525340848727
   0.09786414705600821
   0.09992966276336572
   0.09938066419580824
   0.09705884190015869
   0.0957122815055623
   0.09825112540831275
   0.0931865363182901
   0.09589089099075052
   0.09216573024177696
   0.0918222204915564
   0.09059753321145117
   0.08944851012733526
   0.08932843309383637
   0.09039894897066006
   0.08661131713581084
   0.08569246846135313
   0.08491943517829119
   0.0856649370279346
   0.0821601915711009
   0.08518594400486502
   0.0819652187150135
   0.08167270676915268
   0.08116346281424912
   0.08013754965058514
   0.08041197283987006
   0.077693612710441
   0.08033677551408196
   0.07804800824492576
   0.07672708077334886
   0.07782468993834797
   0.07796713605103114
   0.07526174379457336
   0.07691632023829534
   0.07485628296943417
   0.07672253483169075
   0.0762301516199463
   0.06985189096223524
   0.07651515519816972
   0.0701255729031856
   0.07064198839217367
   0.0719393580663603
   0.06630288439427051
   0.07056738906180389
   0.0651407975388696
   0.06772099933550893
   0.0703771589082708
   0.0650635911704849
   0.0680378122811132
   0.06291721347135457
   0.05823304311986452
   0.06683962223112874
   0.06206356325574612
   0.062448785768820195
   0.06244864462900696
   0.06066272763402582
   0.06237642560294714
   0.06106696978727535
   0.06178102134960217
   0.062009948871128734
   0.06115008846273241
   0.05870585084980883
   0.06316004255065065
   0.05476104761598339
   0.05415398784946497
   0.052684677079773395
   0.05697046110924502
   0.0555667288132026
   0.05299895361231201
   0.053532846729834944
   0.05428376936064776
   0.05370053853547467
   0.053245236556897745
   0.05721612002748876
   0.047667015587301034
   0.053610015025179765
   0.04691751809292559
   0.04964955588925243
   0.051488055896489235
   0.051352603478304774
   0.05109848545700743
   0.049458511653708306
   0.047034836015447105
   0.045686582669313316
   0.047056659879341205
   0.04584002373472335
   0.04425352323826883
   0.045960607905031016
   0.046597400399593106
   0.04945105762266364
   0.041079449071281374
   0.04052794333543216
   0.042971278489242086
   0.04173163552989506
   0.04458134026697717
   0.044389627155451535
   0.03722498752182464
   0.04170782928899561
   0.039314062420462224
   0.04098242433043706
   0.03671081796963941
   0.03899546095380846
   0.04287834463922319
   0.036313706489423524
   0.03482442991636762
   0.03947938417706132
   0.03528144043261273
   0.03653367595794324
   0.036314039695412574
   0.03665725008780664
   0.03523864151751597
   0.03550702745936359
   0.03727926989628418
   0.03452262510296689
   0.03563390694268592
   0.03798348292350242
   0.03553534689573186
   0.034143616621559
   0.03736007660591718
   0.03177777437140619
   0.03385001624814972
   0.032261784808035654
   0.03430457332484985
   0.033953509376793437
   0.033982658386300504
   0.03353847687358506
   0.03073873255357156
   0.030933143632679818
   0.03049377641421279
   0.03127045883897452
   0.03152532848361774
   0.03326919294181931
   0.02884228666385521
   0.02866830717011383
   0.027109053377054684
   0.02826476532717015
   0.029964580691209414
   0.029629315145645874
   0.030247155882826404
   0.02845876673364466
   0.026662951355767052
   0.026961535100954472
   0.02745733300959873
   0.03176307716516144
   0.027675057289913603
   0.025078576016193583
   0.02364191140749834
   0.026151873278983287
   0.024247380971973032
   0.025591575000378543
   0.025902352769584466
   0.023408328090660385
   0.026228674308855185
   0.02299895734593201
   0.025689417587792838
   0.024595663012002743
   0.02576698468971486
   0.023129228067533945
   0.02146996970188826
   0.020419739836736412
   0.023998935893076594
   0.02956256490901965
   0.024555027489294327
   0.025474484783798865
   0.024514427405101673
   0.025960627958506705
   0.020492983286969225
   0.02235983819261669
   0.022157764124568165
   0.021188847042725095
   0.026701303320250117
   0.022067249919280836
   0.022560318238003647
   0.018893723164056363
   0.017634579410918765
   0.021470213576022013
   0.014798217156130668
   0.01928677878755289
   0.023493990721033326
   0.01954422922501678
   0.01979842165426325
   0.022846772988761456
   0.01846570634988004
   0.021353710590901995
   0.0209994571120303
   0.021423724582807724
   0.01841142794570807
   0.017348856994050067
   0.018946644848099096
   0.01523108912717669
   0.019390169777492923
   0.018357092335116693
   0.014696611718351954
   0.022404867685393726
   0.016940807979550443
   0.018027438836396032
   0.017233330467440123
   0.019364487057497805
   0.013711026803270424
   0.013674554435154368
   0.016822263551615164
   0.015652162757906655
   0.014282573297553912
   0.014422015254464265
   0.014798356361434199
   0.016278543393068067
   0.014456605376090198
   0.016881628801747775
   0.016124229718036145
   0.0159996998721851
   0.015459368648169304
   0.011618829157879894
   0.013114739799172532
   0.01385615184674302
   0.013674630196096712
   0.011224822314852025
   0.011916224234211103
   0.011575659981184658
   0.01493298600414532
   0.012688440369091862
   0.01148899838976401
   0.015588267094196199
   0.014106586227716471
   0.014247639769449535
   0.01248986132829344
   0.015033083516032232
   0.011445381208155542
   0.014491244114981984
   0.013114765876675039
   0.015264172398135446
   0.009949763364020273
   0.01174718689729588
   0.013038266755976425
   0.013228642220575775
   0.011532482430075494
   0.011313598013010715
   0.00911037381230869
   0.00953930390542203
   0.009591587772626595
   0.009695277200781833
   0.008602279697847543
   0.009899388061895543
   0.009055335443814327
   0.010676961178163007
   0.009219470212544753
   0.00943390051887341
   0.012922739299390048
   0.00932728894159498
   0.008717759115736108
   0.01004980751059442
   0.009899443216666278
   0.011445409516483018
   0.009848802516042242
   0.011916261829953216
   0.010343991057614077
   0.008999931944187134
   0.009110387423156053
   0.012649011819110614
   0.00916507261291475
   0.011999895832881217
   0.007873950723747261
   0.008062218987350815
   0.010295552437824792
   0.01090863506585494
   0.007810203006324483
   0.007999950999849936
   0.006403101670284488
   0.006403082929339585
   0.005291478432347617
   0.007810195836213072
   0.009695285245932684
   0.006403089801025752
   0.00648070335688959
   0.006244955644358093
   0.0066332194295078166
   0.005744537492261671
   0.01122490089043106
   0.007348436296246978
   0.0041230851313064105
   0.006557416488221562
   0.006403089801025752
   0.007681111312824466
   0.008485241540463064
   0.006324517056661323
   0.007745935450286169
   0.00866020548255063
   0.004795808065383768
   0.0069281683004961715
   0.009165114511014033
   0.00866020548255063
   0.00608273285620863
   0.0105355956167651
   0.0043588850638666765
   0.005567738409803392
   0.007280073557320695
   0.006244984467554743
   0.008543982619364345
   0.005744537492261671
   0.004898959481359282
   0.006633213097737778
   0.006633234806638462
   0.008543972787878013
   0.004123095802913146
   0.0049999830999714395
   0.004795823078471515
   0.009110393569983681
   0.004898959481359282
   0.007681117041160094
   0.008246181904372471
   0.005567749186161316
   0.007071039527537659
   0.008306586242253793
   0.0063245398251572426
   0.008774922848663685
   0.007937231192298735
   0.004123095802913146
   0.004690405099775498
   0.004795823078471515
   0.004999987899985359
   0.0039999874999804685
   0.004123102593921233
   0.009486815904190404
   0.007999974999960937
   0.0043588896521935495
   0.007937231192298735
   0.006082752584151356
   0.006855638190569861
   0.003316617403319231
   0.0038729770203294518
   0.009848839474780772
   0.0024494864767946774
   0.00299999583333044
   0.007348462424208209
   0.007873971297890284
   0.0026457465865044596
   0.0024494864767946774
   0.0036055444803801823
   0.003999991999992
   0.003741644023687983
   0.003162267540863676
   0.002828420760778
   0.005291489015390658
   0.005656836925349713
   0.006708187161968575
   0.0064807157012169575
   0.004690408937395545
   0.0022360659650377044
   0.005477212429694507
   0.008485262282334
   0.006244979983955112
   0.011489114152100674
   0.007211095617172192
   0.00871778664570314
   0.0026457465865044596
   0.006403117912392368
   0.0031622751303452394
   0.0043588896521935495
   0.000999999499999875
   0.00299999583333044
   0.0036055444803801823
   0.006480725576661922
   0.0031622719680634683
   0.0024494864767946774
   0.004795818908174077
   0.005744547936957268
   0.0022360659650377044
   0.0031622751303452394
   0.005291493173008919
   0.00299999583333044
   0.003316617403319231
   0.008660233195474588
   0.0022360659650377044
   0.0031622751303452394
   0.0038729770203294518
   0.006324547414637668
   0.0024494864767946774
   0.0050990159835011305
   0.0029999984999996253
   0.004898969279348463
   0.0022360659650377044
   0.0017320482094907174
   0.004795823078471515
   0.0017320482094907174
   0.0037416525760684944
   0.0029999984999996253
   0.0
   0.0024494864767946774
   0.0
   0.0
   0.009848849222117272
   0.0037416525760684944
   0.0014142121481588255
   0.000999999499999875
   0.0
   0.003464096418981435
   0.004999997499999375
   0.000999999499999875
   0.000999999499999875
   0.00199999899999975
   0.007615763651794874
   0.00199999899999975
   0.004999995099997599
   0.0
   0.006999996499999125
   0.006999996499999125
   0.004123102593921233
   0.00199999899999975
   0.0057445555963886365
   0.003999991999992
   0.0022360659650377044
   0.0014142121481588255
   0.0037416525760684944
   0.0022360659650377044
   0.000999999499999875
   0.000999999499999875
   0.005999996999999251
   0.0031622751303452394
   0.0014142121481588255
   0.0014142121481588255
   0.010630135229619612
   0.0
   0.000999999499999875
   0.0
   0.0029999984999996253
   0.00199999899999975
   0.0031622751303452394
   0.0
   0.000999999499999875
   0.000999999499999875
   0.003464096418981435
   0.0022360659650377044
   0.0026457465865044596
   0.0017320482094907174
   0.0
   0.0014142121481588255
   0.0
   0.0
   0.0029999984999996253
   0.0
   0.0
   0.0029999984999996253
   0.0039999979999995
   0.000999999499999875
   0.0
   0.000999999499999875
   0.0
   0.0022360659650377044
   0.0022360659650377044
   0.0
   0.0
   0.000999999499999875
   0.0
   0.0
   0.0
   0.0
   0.0
   0.0
   0.00199999899999975
   0.0014142121481588255
   0.0
   0.0
   0.0
   0.0014142121481588255
   0.0
   0.0
   0.0
   0.0
   0.0
   0.0
   0.0
   0.000999999499999875
   0.0
   0.0
   0.0
   0.0
   0.0
   0.0
   0.0
   0.000999999499999875
   0.0
   0.0
   0.0
   0.0
   0.0
   0.0
   0.0
   0.0
   0.0
   0.0
   0.0
   0.0
   0.0
   0.0
   0.0
   0.0
   0.0
   0.000999999499999875
   0.0
   0.0
   0.000999999499999875
   0.0
   0.0
   0.000999999499999875
   0.00199999899999975
   0.000999999499999875
   0.0
   0.0
   0.0
   0.0
   0.0
   0.0
   0.0
   0.0
   0.0
   0.0
   0.0
   0.0
   0.0
   0.0
   0.000999999499999875
   0.0
   0.0
   0.0
   0.0
   0.0
   0.0
   0.0
   0.0
   0.0
   0.0
   0.0
   0.0
   0.0
   0.0
   0.0
   0.0
   0.00199999899999975
   0.0
   0.0
   0.0
   0.0
   0.0
   0.00199999899999975
   0.0
   0.0
   0.0
   0.0
   0.0
   0.0
   0.0
   0.0
   0.0
   0.0
   0.0
   0.0
   0.0
   0.0
   0.0
   0.000999999499999875
   0.0
   0.0
   0.0
   0.0
   0.0
   0.0
   0.0
   0.0
   0.0
   0.0
   0.0
   0.0
   0.0
   0.0
   0.0
   0.0
   0.0
   0.0
   0.0
   0.0
   0.0
   0.0
   0.0
   0.0
   0.0
   0.0
   0.0
   0.0
   0.0
   0.0
   0.0
   0.0
   0.0
   0.0
   0.0
   0.0
   0.0
   0.0
   0.0
   0.0
   0.0
   0.0
   0.0
   0.0
   0.0
   0.000999999499999875
   0.0
   0.0
   0.0
   0.0
   0.0
   0.0
   0.0
   0.0
   0.0
   0.0
   0.0
   0.0
   0.0
   0.0
   0.0
   0.0
   0.0
   0.0
   0.0
   0.0
   0.000999999499999875
   0.0
   0.0
   0.0
   0.0
   0.0
   0.0
   0.0
   0.0
   0.0
   0.000999999499999875
   0.0
   0.0
   0.000999999499999875
   0.0
   0.000999999499999875
   0.0
   0.0
   0.000999999499999875
   0.0
   0.0
   0.0
   0.0
   0.000999999499999875
   0.0
   0.000999999499999875
   0.0
   0.0
   0.0
   0.0
   0.0
   0.0
   0.0
   0.0
   0.0
   0.0
   0.0
   0.0
   0.0
   0.0
   0.0
   0.0
   0.0
   0.0
   0.0
   0.0
   0.0
   0.0
   0.0
   0.0
   0.0
   0.0
   0.0
   0.0
   0.0
   0.0
   0.0
   0.0
   0.0
   0.0
   0.0
   0.0
   0.0
   0.0
   0.0
   0.0
   0.0
   0.0
   0.0
   0.0
   0.0
   0.0
   0.0
   0.0
   0.0
   0.0
   0.0
   0.0
   0.0
   0.0
   0.0
   0.0
   0.0
   0.0
   0.0
   0.0
   0.0
   0.0
   0.0
   0.0
   0.0
   0.0
   0.0
   0.0
   0.0
   0.0
   0.0
   0.0
   0.0
   0.0
   0.0
   0.0
   0.0
   0.0
   0.0
   0.0
   0.0
   0.0
   0.0
   0.0
   0.0
   0.0
   0.0
   0.0
   0.0
   0.0
   0.0
   0.0
   0.0
   0.0
   0.0
   0.0
   0.0
   0.0
   0.0
   0.0
   0.0
   0.0
   0.0
   0.0
   0.0
   0.0
   0.0
   0.0
   0.0
   0.0
   0.0
   0.0
   0.0
   0.0
   0.0
   0.0
   0.0
   0.0
   0.0
   0.0
   0.0
   0.0
   0.0
   0.0
   0.0
   0.0
   0.0
   0.0
   0.0
   0.0
   0.0
   0.0
   0.0
   0.0
   0.0
   0.0
   0.0
   0.0
   0.0
