   0.0
   0.0
   0.0
   0.0
   0.0
   0.0
   0.0
   0.0
   0.0
   0.0
   0.0
   0.0
   0.0
   0.0
   0.0
   0.0
   0.0
   0.0
   0.0
   0.0
   0.0
   0.0
   0.0
   0.0
   0.0
   0.0
   0.0
   0.0
   0.0
   0.0
   0.0
   0.0
   0.0
   0.0
   0.0
   0.0
   0.0
   0.0
   0.0
   0.0
   0.0
   0.0
   0.0
   0.0
   0.0
   0.0
   0.0
   0.0
   0.0
   0.0
   0.0
   0.0
   0.0
   0.0
   0.0
   0.0
   0.0
   0.0
   0.0
   0.0
   0.0
   0.0
   0.0
   0.0
   0.0
   0.0
   0.0
   0.0
   0.0
   0.0
   0.0
   0.0
   0.0
   0.0
   0.0
   0.0
   0.0
   0.0
   0.0
   0.0
   0.0
   0.0
   0.0
   0.0
   0.0
   0.0
   0.0
   0.0
   0.0
   0.0
   0.0
   0.0
   0.0
   0.0
   0.0
   0.0
   0.0
   0.0
   0.0
   0.0
   0.0
   0.0
   0.0
   0.00031622775020544923
   0.00031622775020544923
   0.0
   0.00031622775020544923
   0.0
   0.0005477224753467763
   0.0005477224753467763
   0.00031622775020544923
   0.0
   0.0
   0.0007071066044098301
   0.0005477224753467763
   0.00031622775020544923
   0.00044721355077859614
   0.0007071067175469343
   0.00031622775020544923
   0.00044721355077859614
   0.0
   0.0006324554055425568
   0.0007071067175469343
   0.0009486831662889355
   0.000836659733703015
   0.0007071066044098301
   0.000836659733703015
   0.0007071066044098301
   0.0007071066044098301
   0.0007745964368624477
   0.0009486828711429336
   0.000948683039797803
   0.0007745964368624477
   0.0010954446585747725
   0.001224744377411058
   0.000999999499999875
   0.0013416400560508023
   0.000894426833228968
   0.0014832390367031203
   0.0013784038268954421
   0.000836659733703015
   0.0011832153481087034
   0.0014491364290500739
   0.0014142124168596455
   0.00130383937277565
   0.0015491917763788962
   0.0016733183319380684
   0.0021908872723168577
   0.002049386630189628
   0.001999997109997912
   0.002144757692607722
   0.002144756545624701
   0.0021679440744631767
   0.0024289862062185533
   0.002190885400928127
   0.0026076757773925807
   0.0028106848969601697
   0.0028284189505799876
   0.0029154673021661555
   0.00275680034822981
   0.0031304849464579764
   0.0033911481108910594
   0.0038986980185697893
   0.003962300229664582
   0.0036468964325848353
   0.004171304467429823
   0.004289490766979222
   0.004959795927253459
   0.0046043082042799876
   0.0048579402878174615
   0.0053478429296306
   0.005347847323923898
   0.005630206176508992
   0.005700802854861761
   0.00618052568637976
   0.006580168963636116
   0.007273093783940917
   0.007063845376988372
   0.007987304967258982
   0.008006055192790018
   0.008288329867349634
   0.00907168362267997
   0.009148467071045292
   0.009964556122075885
   0.010309752372874917
   0.010866904637016008
   0.01155366252536398
   0.011974317301625174
   0.0128055027531136
   0.01340803073385499
   0.01399901819271623
   0.01434457653609893
   0.01529243563824939
   0.015708356884155644
   0.016983446351962844
   0.01787244583122299
   0.01826516328287267
   0.01929225663290845
   0.020689653567906835
   0.02171251649993616
   0.022633991914596065
   0.024046860455161294
   0.025262542791848964
   0.026499610611478805
   0.028402856239470003
   0.028798782446311857
   0.03037169477902081
   0.03192962484574474
   0.03397348965001976
   0.035702569147751814
   0.037165121922442285
   0.03918203879126251
   0.041027468712558905
   0.043209139278513754
   0.04541007314671493
   0.04781016618879294
   0.05064235860384072
   0.05356421633880216
   0.055491122628398865
   0.058573736363578516
   0.06204384963483488
   0.06517823062066046
   0.06914774833644259
   0.07253581068899692
   0.07612864259074897
   0.08065237218482789
   0.08480277118113534
   0.08948998547720298
   0.09442753827480625
   0.09996753346517058
   0.10571769266830411
   0.11182035671553726
   0.11880313045690337
   0.12615061580408554
   0.1339233078279879
   0.1428703510487393
   0.15175917339983108
   0.16301016125748113
   0.17403001263572326
   0.18680836095632872
   0.20077890025388623
   0.21606908062006466
   0.23284575017463816
   0.25161230338757284
   0.27243977816535897
   0.2937081538496165
   0.30937442972029866
   0.3202394328018334
   0.3264321117756493
   0.3295011618982701
   0.32968933419229685
   0.3264937325646543
   0.3197972003970016
   0.30930718579093824
   0.2937387740455114
   0.2724914056235719
   0.25148013589657536
   0.23291751769051205
   0.21615264933261866
   0.2009150699578307
   0.18704597764517686
   0.17434486624500878
   0.16284152938360041
   0.1525061699662017
   0.1426882642271606
   0.13412035080385826
   0.12648883523216586
   0.11884266747443865
   0.11203583506699988
   0.10592889446562727
   0.10038692638780211
   0.09501481335870739
   0.08942515743547785
   0.08435169675062855
   0.08022679851265412
   0.07660677619740959
   0.07237762488255607
   0.06875695007190182
   0.06517931095976698
   0.06174838987042496
   0.05890566342755168
   0.05584958867207529
   0.05311461350852513
   0.05082903167246057
   0.04782292270449392
   0.045750329988318114
   0.04281697548578133
   0.041459127950187274
   0.039665618159811906
   0.03734310770999115
   0.03596879338482179
   0.033453564406651794
   0.032326210239370774
   0.03072022967036542
   0.028926914279784492
   0.027719209534905573
   0.026780922851164034
   0.024871819941250782
   0.02400930002623983
   0.02284713765529503
   0.021831885932278045
   0.02042221635768263
   0.019750533728484402
   0.01885489260112611
   0.018314386906200273
   0.01679699056855126
   0.01596404308406865
   0.01558380340963014
   0.014427974139150652
   0.013684770357956321
   0.013467596691318017
   0.012461196664445996
   0.011691248278520134
   0.011352868021341568
   0.010751280852065953
   0.010300057416830257
   0.009539039574296776
   0.009284100602643208
   0.008916009487994054
   0.008613699950659994
   0.007752245248313549
   0.007848387796229237
   0.007463080430358499
   0.006693158285891646
   0.006811634740647799
   0.006587760335652778
   0.006244905443639639
   0.005531660781356716
   0.005540694699223194
   0.004959790798007513
   0.004989946211132941
   0.004393141671970072
   0.0044832674145091995
   0.0036742133511814467
   0.004012454329958162
   0.004012459144963347
   0.003435095195187464
   0.004037302603224088
   0.0036742153434440937
   0.0030983752903739727
   0.002720285095353059
   0.002846039477941232
   0.002549502929984588
   0.0025690390343472793
   0.0020976134915660703
   0.0020976134915660703
   0.0023452039378271563
   0.001923535575444343
   0.002280346210556634
   0.002024842984036046
   0.0018708264457185761
   0.001897363897622172
   0.0019235367815563082
   0.0016431660628189715
   0.0016124500488387229
   0.0014832388344430576
   0.0015811381185715562
   0.0014832386052149532
   0.000836659733703015
   0.0013784040590479993
   0.000894426833228968
   0.0007071066044098301
   0.0008366598771304861
   0.0011832155340427203
   0.0008366598771304861
   0.0007071066044098301
   0.0012649100521380957
   0.0007745964368624477
   0.0007745964368624477
   0.000836659733703015
   0.0007745965659619206
   0.0007071066044098301
   0.0005477224753467763
   0.0006324555004108985
   0.0005477224753467763
   0.0
   0.00044721355077859614
   0.00031622775020544923
   0.0
   0.0
   0.00031622775020544923
   0.00044721355077859614
   0.00031622775020544923
   0.00031622775020544923
   0.0
   0.0
   0.00031622775020544923
   0.0
   0.0
   0.00044721355077859614
   0.0
   0.0
   0.0
   0.00044721355077859614
   0.00031622775020544923
   0.00031622775020544923
   0.0007745965659619206
   0.00031622775020544923
   0.0
   0.0
   0.0
   0.0
   0.0
   0.0
   0.0
   0.0
   0.0
   0.0
   0.0
   0.0
   0.0
   0.0
   0.0
   0.0
   0.0
   0.0
   0.0
   0.0
   0.0
   0.0
   0.0
   0.0
   0.0
   0.0
   0.0
   0.0
   0.0
   0.0
   0.0
   0.0
   0.0
   0.0
   0.0
   0.0
   0.0
   0.0
   0.0
   0.0
   0.0
   0.0
   0.0
   0.0
   0.0
   0.0
   0.0
   0.0
   0.0
   0.0
   0.0
   0.0
   0.0
   0.0
   0.0
   0.0
   0.0
   0.0
   0.0
   0.0
   0.0
   0.0
   0.0
   0.0
   0.0
   0.0
   0.0
   0.0
   0.0
   0.0
   0.0
   0.0
   0.0
   0.0
   0.0
   0.0
   0.0
   0.0
   0.0
   0.0
   0.0
   0.0
   0.0
   0.0
   0.0
   0.0
   0.0
   0.0
   0.0
   0.0
   0.0
   0.0
   0.0
   0.0
   0.0
   0.0
   0.0
   0.0
   0.0
   0.0
   0.0
   0.0
