   0.11867171659397197
   0.13609640374014298
   0.13967543890315862
   0.140371636746139
   0.14133097149850063
   0.14039575627742457
   0.14082074099276
   0.14069963831709023
   0.1414172079803586
   0.14106763603941905
   0.14098415870146547
   0.1406301179867243
   0.1403540531697963
   0.14114528930768463
   0.14064218490908054
   0.14090461379866168
   0.14076697765584087
   0.14158711935734125
   0.1409466758378856
   0.14082163557177568
   0.1402440298148552
   0.14078614007689108
   0.1411570195431669
   0.14118945627715973
   0.1409661208034044
   0.14051946774731963
   0.1410596687544317
   0.14115768347433305
   0.14097870698797035
   0.1403704081347276
   0.14113102890222262
   0.141232496233374
   0.14060489763073689
   0.14083883971064232
   0.1413001520222466
   0.14134355721683958
   0.14076513943089744
   0.1409968850082866
   0.14074552485375869
   0.14085275300625116
   0.14142360421227426
   0.1406534603591394
   0.14103667779379234
   0.141333913987797
   0.141022614122842
   0.14122389866647925
   0.14076905318567004
   0.1412042138872279
   0.14063742726283782
   0.14084070493401402
   0.1405954708442274
   0.14114560412566876
   0.14046811612031393
   0.1412615988540056
   0.14068886917560325
   0.14118403893698467
   0.14066251938419844
   0.14055915131185873
   0.14121422686953322
   0.1403337390820896
   0.14085506685096563
   0.14118377260687576
   0.1406678068059284
   0.14159934699157337
   0.14051845728501292
   0.14114237670632446
   0.14111361662150113
   0.1413101968108105
   0.14098713606623833
   0.1411335181947931
   0.14105397616160983
   0.14086174125400408
   0.1413796063051528
   0.14142317292547923
   0.1409590658402644
   0.14114409952938167
   0.14072309715238648
   0.14132567311422933
   0.1409319027612627
   0.141077629346541
   0.14068930696307377
   0.14080221676518448
   0.1408528366133959
   0.1409964190465843
   0.1409782817114395
   0.14123935626248088
   0.14084537182087312
   0.14041526288089198
   0.14057258103823092
   0.14126191978930486
   0.14107327166260092
   0.1410874886152206
   0.14078553539959282
   0.1408030695315624
   0.1407398636838547
   0.1409462552262741
   0.1406898282119571
   0.13946148842024453
   0.13606895681469747
   0.11857705599836757
