   0.0
   0.0
   0.0
   0.0
   0.0
   0.0
   0.0
   0.0
   0.0
   0.0
   0.0
   0.0
   0.0
   0.0
   0.0
   0.0
   0.0
   0.0
   0.0
   0.0
   0.0
   0.0
   0.0
   0.0
   0.0
   0.0
   0.0
   0.0
   0.0
   0.0
   0.0
   0.0
   0.0
   0.000999999499999875
   0.000999999499999875
   0.0
   0.0
   0.0
   0.0
   0.0
   0.0
   0.000999999499999875
   0.000999999499999875
   0.0
   0.0
   0.0
   0.0
   0.0
   0.000999999499999875
   0.000999999499999875
   0.0
   0.0
   0.000999999499999875
   0.000999999499999875
   0.0
   0.000999999499999875
   0.0017320482094907174
   0.0014142121481588255
   0.0
   0.0
   0.000999999499999875
   0.000999999499999875
   0.0
   0.000999999499999875
   0.000999999499999875
   0.0014142121481588255
   0.000999999499999875
   0.0
   0.000999999499999875
   0.0014142121481588255
   0.0014142121481588255
   0.000999999499999875
   0.0024494864767946774
   0.000999999499999875
   0.0
   0.0022360623873228583
   0.0014142121481588255
   0.0017320482094907174
   0.0014142121481588255
   0.0014142121481588255
   0.002449482394302927
   0.0014142121481588255
   0.000999999499999875
   0.0014142121481588255
   0.0022360623873228583
   0.0026457465865044596
   0.000999999499999875
   0.002449482394302927
   0.000999999499999875
   0.0022360623873228583
   0.0022360623873228583
   0.0014142121481588255
   0.0014142121481588255
   0.000999999499999875
   0.001999995999996
   0.0026457420509187965
   0.0022360659650377044
   0.0026457420509187965
   0.002449482394302927
   0.0022360623873228583
   0.001999995999996
   0.002449482394302927
   0.0022360623873228583
   0.003316606548868889
   0.001999995999996
   0.002449482394302927
   0.003741631195080563
   0.0034640808304657097
   0.0028284158110150636
   0.0038729615283397793
   0.0028284158110150636
   0.00316226184874055
   0.0036055278393045307
   0.002999986499969625
   0.004898930087274159
   0.004123070579070894
   0.004582527577658426
   0.0042426025031812725
   0.004582527577658426
   0.004999937499609371
   0.004898920697459798
   0.004358857533804013
   0.004690364164966298
   0.004358857533804013
   0.0047957855456640264
   0.004999947099720156
   0.004999937499609371
   0.004999937499609371
   0.005385086721678677
   0.005656763739100299
   0.005291428540573896
   0.005915976250797496
   0.007070891032960415
   0.005999891999027983
   0.006557297537858108
   0.006633116612875127
   0.006782187257809976
   0.0072109150598242385
   0.006855493490624872
   0.007999759746392388
   0.007745749544104818
   0.008543691883489244
   0.008602023947885753
   0.008831416420937243
   0.008185078557961432
   0.007483105237800682
   0.009486424827088443
   0.008602023947885753
   0.00932699174439433
   0.009694904022217033
   0.010487532407578057
   0.009326973303274755
   0.01019750871536769
   0.009949420837415613
   0.01140105802107857
   0.011179663277576834
   0.012287350202545707
   0.012844273081805758
   0.012608542778608477
   0.012844248479377842
   0.012648221218811758
   0.012921768880459053
   0.013600266137101876
   0.014211263138792413
   0.01472937985795736
   0.015457838626405698
   0.014965012529229636
   0.015554497741810887
   0.015262649540626949
   0.017404361263775238
   0.0171731993233643
   0.016997710404639797
   0.017773754921231472
   0.01746168946579912
   0.018891256998940013
   0.01933553981661748
   0.019770010394534444
   0.02019512772923212
   0.020852199859966815
   0.02139620293416568
   0.021442719883447623
   0.021373009123658745
   0.023189042153568998
   0.023509542722052253
   0.02463037618470331
   0.025565313688668087
   0.02620219668272109
   0.02652402495851638
   0.02746721593099672
   0.02878093603411814
   0.028255685711021064
   0.030103434604709146
   0.030053594527111063
   0.030710504717441554
   0.03176519800032734
   0.033980882860808664
   0.03353782336407657
   0.03430239641774318
   0.035908494134396673
   0.03677255014273555
   0.03827484384030848
   0.03960571896835102
   0.04031706259141407
   0.04105245225318459
   0.041916420457858754
   0.04307773484063432
   0.04595376106479207
   0.04647093607837054
   0.04623389648299178
   0.04910626924334611
   0.05063229625446588
   0.05241927156113484
   0.05375842672549114
   0.05483796899959006
   0.056349218051362525
   0.059002862430563484
   0.06037476211133258
   0.06270590752871694
   0.06428408231436457
   0.06562602867003305
   0.068951454197863
   0.06991277788072793
   0.07340854527233188
   0.07510746210597187
   0.07794839308157674
   0.08121006326188891
   0.08349789956040811
   0.08600764542178795
   0.08949486237209374
   0.09411358820064189
   0.09638304247117332
   0.10086573736903924
   0.1043123756368342
   0.1095537852883231
   0.11439109842553309
   0.11838384347536618
   0.12418078935165455
   0.12984953309118982
   0.13564044231349293
   0.14296025281175184
   0.1501411995556183
   0.15695830656578835
   0.16393940537893872
   0.17192598044216587
   0.18296105775820165
   0.19081142807494525
   0.19925632334006366
   0.20351951009915487
   0.20748581705504596
   0.20788524745878434
   0.2080238868495635
   0.20663333670780232
   0.20271012667353352
   0.19766188787674774
   0.1904962823757986
   0.18139617001469463
   0.1728867177981004
   0.16376358330227145
   0.15741693349509767
   0.148357538531077
   0.14219775794294368
   0.1352080967841793
   0.12990864395797533
   0.12281901200954191
   0.11943077623041726
   0.11425744341617311
   0.10938030489992245
   0.10607078721306823
   0.10112688223711833
   0.09740256316442601
   0.09389821284241782
   0.0897497626960651
   0.08686627948174136
   0.08354988332726743
   0.08101005725217085
   0.07780448557120598
   0.0747446385970258
   0.07307958795724015
   0.07061855421204827
   0.06962846336807958
   0.06495885447727662
   0.06387248669028003
   0.06150024702389414
   0.05914529905241836
   0.05845217340698291
   0.057015940920062
   0.05529100961277521
   0.05467532939086878
   0.0517114865286234
   0.05056396890078942
   0.0483606854790128
   0.04733009586933033
   0.04590008687355613
   0.045056228692601424
   0.043857717211455496
   0.04220197981137852
   0.04103990983177229
   0.04041560050277615
   0.0383133016588234
   0.037894970431443804
   0.03737792630684587
   0.03608838904689429
   0.034113086623757755
   0.033641988511382614
   0.03313379952556
   0.032433451481456606
   0.03106614047479989
   0.03016944465846198
   0.02881560394994351
   0.029719522943681315
   0.027684417115048675
   0.027340056986041562
   0.025779120989669137
   0.025448047076347527
   0.025211220041878177
   0.02509224071301724
   0.023763295036673678
   0.023594645981662873
   0.02281974844296054
   0.021090412964188253
   0.021674602649183677
   0.020948056496964105
   0.020145391135443363
   0.01964324606576011
   0.019464386941283305
   0.018785307423622326
   0.018917650488366678
   0.017913876604465043
   0.01723119702748477
   0.016459846870490624
   0.016399046039328017
   0.016276791790767613
   0.015682581292631646
   0.015457838626405698
   0.01483091028898766
   0.015031657127542526
   0.013782739205252343
   0.01424638898107166
   0.013377890678279592
   0.013113749120674836
   0.013075604727889262
   0.012529005347592442
   0.012123488565590352
   0.011179685102899814
   0.011044687229614065
   0.010439758186854713
   0.010098989850475146
   0.010676469641225043
   0.01062954519252823
   0.00905501385973539
   0.010676490809250015
   0.010391784447341082
   0.008774626544759611
   0.0091647664454693
   0.009164802234636598
   0.007937003905756882
   0.008245962891015214
   0.007279916963812156
   0.008123786309351077
   0.008602023947885753
   0.008543708738013018
   0.007615552245241313
   0.007549634097093713
   0.007615567214594065
   0.006999842212507364
   0.006708052996212836
   0.005656763739100299
   0.006244899919134013
   0.006402992972040497
   0.005744467860472369
   0.006324441161082931
   0.005385086721678677
   0.00519608227417542
   0.0050989532259082355
   0.00519608227417542
   0.00519608227417542
   0.004358857533804013
   0.0042426025031812725
   0.004898930087274159
   0.0050989532259082355
   0.0047957855456640264
   0.003872954298723392
   0.0034640808304657097
   0.0042426025031812725
   0.005098980290214898
   0.004472099730551634
   0.0050989532259082355
   0.004242610517122683
   0.0036055278393045307
   0.0034640808304657097
   0.00316226184874055
   0.00316226184874055
   0.002999986499969625
   0.003316606548868889
   0.0026457420509187965
   0.003741631195080563
   0.003316606548868889
   0.0033166125791234645
   0.0022360623873228583
   0.0034640808304657097
   0.0026457420509187965
   0.0022360623873228583
   0.002999986499969625
   0.0017320482094907174
   0.002449482394302927
   0.001999995999996
   0.0026457420509187965
   0.002449482394302927
   0.002449482394302927
   0.0022360623873228583
   0.000999999499999875
   0.0017320482094907174
   0.001999995999996
   0.0014142121481588255
   0.0017320482094907174
   0.0022360623873228583
   0.0022360623873228583
   0.001999995999996
   0.002449482394302927
   0.001999995999996
   0.0014142121481588255
   0.0022360623873228583
   0.000999999499999875
   0.001999995999996
   0.0014142121481588255
   0.0022360623873228583
   0.000999999499999875
   0.000999999499999875
   0.0014142121481588255
   0.0014142121481588255
   0.000999999499999875
   0.000999999499999875
   0.0
   0.000999999499999875
   0.0
   0.000999999499999875
   0.0
   0.0
   0.0014142121481588255
   0.000999999499999875
   0.0
   0.000999999499999875
   0.0
   0.0
   0.0
   0.0
   0.0014142121481588255
   0.0
   0.0
   0.000999999499999875
   0.000999999499999875
   0.0
   0.0
   0.0
   0.0
   0.000999999499999875
   0.000999999499999875
   0.0
   0.000999999499999875
   0.0
   0.0
   0.0
   0.0
   0.0
   0.0
   0.0
   0.0
   0.0
   0.0
   0.0
   0.0
   0.0
   0.0
   0.0
   0.0
   0.0
   0.0
   0.0
   0.0
   0.0
   0.0
   0.0
   0.0
   0.0
   0.0
   0.0
   0.0
   0.0
   0.000999999499999875
   0.0
   0.0
   0.0
   0.0
   0.0
   0.0
   0.0
   0.0
   0.0
   0.0
   0.0
