   0.0
   0.0
   0.0
   0.0
   0.0
   0.0
   0.0
   0.0
   0.0
   0.0
   0.0
   0.0
   0.0
   0.0
   0.0
   0.0
   0.0
   0.0
   0.0
   0.0
   0.0
   0.0
   0.0
   0.0
   0.0
   0.0
   0.0
   0.0
   0.0
   0.0
   0.0
   0.0
   0.0
   0.0
   0.0
   0.0
   0.0
   0.0
   0.0
   0.0
   0.0
   0.0
   0.0
   0.0
   0.0
   0.0
   0.0
   0.0
   0.0
   0.0
   0.0
   0.0
   0.0
   0.0
   0.0
   0.0
   0.0
   0.0
   0.0
   0.0
   0.0
   0.0
   0.0
   0.0
   0.0
   0.0
   0.0
   0.0
   0.0
   0.0
   0.0
   0.0
   0.0
   0.0
   0.0
   0.0
   0.0
   0.0
   0.0
   0.0
   0.0
   0.0
   0.0
   0.0
   0.0
   0.0
   0.0
   0.0
   0.0
   0.0
   0.0
   0.0
   0.0
   0.0
   0.0
   0.0
   0.0
   0.0
   0.0
   0.0
   0.0
   0.0
   0.0
   0.0
   0.000999999499999875
   0.0
   0.0
   0.0
   0.0
   0.0
   0.0
   0.0
   0.0
   0.0
   0.0
   0.000999999499999875
   0.0
   0.0
   0.0
   0.0
   0.0
   0.0
   0.0
   0.0
   0.0
   0.0
   0.0
   0.0
   0.0
   0.0
   0.0
   0.0
   0.0
   0.0
   0.000999999499999875
   0.0
   0.0
   0.0
   0.0
   0.0
   0.0
   0.0
   0.0
   0.0
   0.0
   0.0
   0.0
   0.0
   0.0
   0.0
   0.0
   0.0
   0.0
   0.0
   0.0
   0.0
   0.0
   0.0
   0.0
   0.0
   0.0
   0.0
   0.0
   0.0
   0.0
   0.0
   0.0
   0.0
   0.000999999499999875
   0.0
   0.0
   0.0
   0.0
   0.0
   0.0
   0.0
   0.0
   0.0
   0.000999999499999875
   0.0
   0.0
   0.0
   0.0
   0.0
   0.000999999499999875
   0.0
   0.0
   0.000999999499999875
   0.0
   0.000999999499999875
   0.0
   0.000999999499999875
   0.0
   0.0
   0.0
   0.0
   0.0
   0.000999999499999875
   0.000999999499999875
   0.000999999499999875
   0.0
   0.0
   0.000999999499999875
   0.000999999499999875
   0.0
   0.000999999499999875
   0.0014142121481588255
   0.0
   0.000999999499999875
   0.0
   0.000999999499999875
   0.000999999499999875
   0.0014142121481588255
   0.0
   0.0
   0.000999999499999875
   0.000999999499999875
   0.0017320482094907174
   0.000999999499999875
   0.000999999499999875
   0.0022360623873228583
   0.001999995999996
   0.000999999499999875
   0.000999999499999875
   0.0014142121481588255
   0.001999995999996
   0.001999995999996
   0.003162267540863676
   0.0014142121481588255
   0.0
   0.001999995999996
   0.001999995999996
   0.0017320482094907174
   0.0017320482094907174
   0.0017320482094907174
   0.0
   0.0017320482094907174
   0.0028284158110150636
   0.0017320482094907174
   0.0034640871813509545
   0.002999986499969625
   0.0022360623873228583
   0.0028284158110150636
   0.002449482394302927
   0.0026457420509187965
   0.003316606548868889
   0.0038729615283397793
   0.00316226184874055
   0.0022360623873228583
   0.00316226184874055
   0.0028284158110150636
   0.003999975499924968
   0.003872954298723392
   0.003316606548868889
   0.00316226184874055
   0.0042426025031812725
   0.003872954298723392
   0.003741631195080563
   0.004582536306457375
   0.0042426025031812725
   0.0047957855456640264
   0.004358857533804013
   0.004472091233416421
   0.004358857533804013
   0.004999937499609371
   0.004358857533804013
   0.004795776370933073
   0.004999937499609371
   0.005385086721678677
   0.00519608227417542
   0.004999937499609371
   0.005744479001615377
   0.006244899919134013
   0.00556767806181356
   0.006082649998150477
   0.005477143416051838
   0.006164308882591786
   0.005744467860472369
   0.006928036951402612
   0.007070891032960415
   0.007070918186487523
   0.007999759746392388
   0.007937034647776208
   0.008123770306944923
   0.007999759746392388
   0.008543708738013018
   0.009055082771570893
   0.007999759746392388
   0.009797545611019118
   0.009433633393343204
   0.008774626544759611
   0.00883143385866644
   0.009327009756615462
   0.008887877980710581
   0.009694904022217033
   0.010723230809788625
   0.010582494223953066
   0.01135712881849986
   0.010148446925515253
   0.011618165733023437
   0.011224309154687428
   0.012726966017083568
   0.012844223565478763
   0.011531863292634023
   0.012844248479377842
   0.013962987896578584
   0.014351388922330828
   0.013563438944456527
   0.014558900507936717
   0.014524420504791233
   0.015295359296204847
   0.01513104328855086
   0.01690934700099327
   0.01714414185662263
   0.01593544778159685
   0.018218091996693834
   0.019232271940673052
   0.018463464219912795
   0.018758545679236436
   0.018217950598242383
   0.02007116775377058
   0.020489839823678465
   0.020465482525462233
   0.021019357173805292
   0.022489236180893296
   0.02316753709395973
   0.022666141797844645
   0.022907090059630007
   0.02393125886784897
   0.024912671454502825
   0.025012554847516077
   0.0257603475131839
   0.026486657471262772
   0.02777481765916745
   0.027989683813862565
   0.029954533813765154
   0.029686546380473428
   0.031875283700698254
   0.032015931971441966
   0.03266403373743053
   0.03361290096079183
   0.03384968205168255
   0.03490869553563983
   0.03619996546959679
   0.03684172361603078
   0.03745883040085475
   0.039594898610805916
   0.04036695361307316
   0.04178684624376432
   0.04191821961868133
   0.04337838123996791
   0.04472382881641508
   0.04574812860653427
   0.04683523733258966
   0.047035596637015245
   0.049218574705084665
   0.05075125472340561
   0.05265785529244426
   0.05410141195015154
   0.05614101031331731
   0.056720669733352054
   0.05827711309768183
   0.06014877950548955
   0.06268729118409887
   0.06377683183570661
   0.06513851088258006
   0.06698604081448611
   0.06862098804301786
   0.07069922488966905
   0.07420330768233988
   0.07558437256470414
   0.07820943932799929
   0.08016489715580005
   0.08414392859262039
   0.08629246864008469
   0.08964489272122535
   0.09163452863959087
   0.09469136707746911
   0.09847008568595846
   0.10276398041629177
   0.10570269232143523
   0.10871209756048313
   0.113695136764947
   0.11823580978705225
   0.12264462042421592
   0.12757864366342825
   0.13365468998879165
   0.13916588797187335
   0.14581924414836336
   0.15119408794989306
   0.15869244658773146
   0.16645955554127856
   0.17443292342616976
   0.18341894763355285
   0.19247587983692918
   0.2013736964352594
   0.20852425345508374
   0.21357519073150796
   0.2169656579253961
   0.2176958964335341
   0.21839610267584905
   0.2178339183506554
   0.2125128414355236
   0.2076900097645527
   0.2013694608797471
   0.19224257838470643
   0.18290880961834508
   0.1747348664806197
   0.16758013975110536
   0.15999485946742165
   0.15184285032888445
   0.14632829806978553
   0.1393982685545269
   0.13372370307466064
   0.12802928538424324
   0.12354957507009079
   0.11836982148757343
   0.1142505387252069
   0.10947994234561872
   0.10583629228199559
   0.10291484572694068
   0.0979931236567138
   0.0953098129470413
   0.09167229238434042
   0.08878584010978327
   0.08569308956969635
   0.08378368328021871
   0.08074294458341236
   0.07874467265155148
   0.07618730508424615
   0.07360960850323822
   0.07165367663281487
   0.07034262314557227
   0.06800742723408966
   0.06584351447940791
   0.06333985979618205
   0.061759380307771866
   0.06043028959056874
   0.05815001716250822
   0.0562112408598138
   0.05423897211415423
   0.05392673414921397
   0.051121174908251084
   0.05133699734109894
   0.04980200799164628
   0.047477948555092395
   0.04705758301273027
   0.04559512648299158
   0.04380131577932334
   0.043182197072404734
   0.041977453460161206
   0.04079758815175231
   0.040329816649719595
   0.03890928110361331
   0.03788348652117437
   0.03654185817661713
   0.035249553982993884
   0.03427350136767471
   0.034273836026917096
   0.0326944445433777
   0.03138601975402424
   0.031210565502726797
   0.030004368331961264
   0.029466462139184607
   0.02912637153852158
   0.02818520106367879
   0.02807899526336368
   0.027046337718811396
   0.026916592930755556
   0.02635441350134736
   0.025171918003998026
   0.023805524043801263
   0.022950792557120986
   0.02409755122413894
   0.022710085777028672
   0.02201767832901553
   0.020538704827714915
   0.021209084751586994
   0.02048987955064646
   0.020756310823458007
   0.018327367950690572
   0.018731853912520247
   0.018731998692077683
   0.01766104141889713
   0.01846325429061735
   0.017289267624743393
   0.016399046039328017
   0.0168205164902865
   0.01602922303170057
   0.014695438067645346
   0.014931607783490697
   0.014316381910245339
   0.014140777347798105
   0.013998683366659881
   0.013452562543991388
   0.013075680900052586
   0.011915599187619563
   0.011957405696889271
   0.012648197341913985
   0.011618188800325117
   0.01062954519252823
   0.011268712038205607
   0.01140105802107857
   0.01019752891636008
   0.0095389579619579
   0.010582474379841418
   0.01019752891636008
   0.008484992634056908
   0.008999670605083278
   0.010099048668067701
   0.008831467375244048
   0.008943949015954866
   0.008485008898050726
   0.008245962891015214
   0.00871751684827738
   0.007483105237800682
   0.007873779270464724
   0.007141246319796006
   0.0072109150598242385
   0.007070891032960415
   0.0064806046014241605
   0.006708052996212836
   0.006633103647614742
   0.005830852767820501
   0.006164308882591786
   0.005744467860472369
   0.005915987745085346
   0.005744467860472369
   0.005830874719971266
   0.00519608227417542
   0.0050989532259082355
   0.005477154005503223
   0.005477154005503223
   0.004582527577658426
   0.004358857533804013
   0.003741631195080563
   0.004358865792841069
   0.004795776370933073
   0.0042426025031812725
   0.003741631195080563
   0.004582536306457375
   0.004123078340269561
   0.00316226184874055
   0.003741631195080563
   0.003741631195080563
   0.00316226184874055
   0.0034640871813509545
   0.003872954298723392
   0.003316606548868889
   0.003741638143915042
   0.0036055278393045307
   0.002999986499969625
   0.0026457420509187965
   0.00316226184874055
   0.003316606548868889
   0.0022360623873228583
   0.0028284158110150636
   0.0022360623873228583
   0.0022360623873228583
   0.001999995999996
   0.0017320482094907174
   0.0022360623873228583
   0.002828420760778
   0.0026457420509187965
   0.001999995999996
   0.0017320482094907174
   0.0014142121481588255
   0.0014142121481588255
   0.0017320482094907174
   0.0014142121481588255
   0.0014142121481588255
   0.0026457465865044596
   0.000999999499999875
   0.001999995999996
   0.0014142121481588255
   0.000999999499999875
   0.0014142121481588255
   0.0017320482094907174
   0.0014142121481588255
   0.0
   0.000999999499999875
   0.0014142121481588255
   0.0
   0.000999999499999875
   0.0
   0.0014142121481588255
   0.000999999499999875
   0.000999999499999875
   0.0014142121481588255
   0.000999999499999875
   0.00199999899999975
   0.0
   0.0
   0.000999999499999875
   0.0
   0.0014142121481588255
   0.0
   0.000999999499999875
   0.000999999499999875
   0.000999999499999875
   0.000999999499999875
   0.000999999499999875
   0.0
   0.0
   0.0014142121481588255
   0.000999999499999875
   0.0
   0.0
   0.0
   0.000999999499999875
   0.000999999499999875
   0.0
   0.000999999499999875
   0.0
   0.0
   0.0
   0.0
   0.000999999499999875
   0.0
   0.0
   0.0
   0.0
   0.000999999499999875
   0.000999999499999875
   0.0
   0.0
   0.000999999499999875
   0.0
   0.0
   0.000999999499999875
   0.0
   0.0
   0.0
   0.0
   0.0
   0.0
   0.0
   0.0
   0.0
   0.0
   0.0
   0.0
   0.0
   0.0
   0.0
   0.0
   0.0
   0.0
   0.0
   0.0
   0.0
   0.0
   0.0
   0.0
   0.0
   0.0
   0.0
   0.0
   0.000999999499999875
   0.0
   0.0
   0.0
   0.0
   0.0
   0.0
   0.0
   0.0
   0.0
   0.0
   0.0
   0.0
   0.0
   0.0
   0.0
   0.0
   0.0
   0.0
   0.0
   0.0
   0.0
   0.0
   0.0
   0.0
   0.0
   0.0
   0.0
   0.0
   0.0
   0.0
   0.0
   0.0
   0.0
   0.0
   0.0
   0.0
   0.0
   0.0
   0.0
   0.0
   0.0
   0.0
   0.0
   0.0
   0.0
   0.0
   0.0
   0.0
   0.0
   0.0
   0.0
   0.0
   0.0
   0.0
   0.0
   0.0
   0.0
   0.0
   0.0
   0.0
   0.0
   0.0
   0.0
   0.0
   0.0
   0.0
   0.0
   0.0
   0.0
   0.0
   0.0
   0.0
   0.0
   0.0
   0.0
   0.0
   0.0
   0.0
   0.0
   0.0
   0.0
   0.0
   0.0
   0.0
   0.0
   0.0
   0.0
   0.0
   0.0
   0.0
   0.0
   0.0
   0.0
   0.0
   0.0
   0.0
   0.0
   0.0
   0.0
   0.0
   0.0
   0.0
   0.0
   0.0
   0.0
   0.0
   0.0
   0.0
   0.0
   0.0
   0.0
   0.0
   0.0
   0.0
   0.0
   0.0
   0.0
   0.0
   0.0
   0.0
   0.0
   0.0
   0.0
   0.0
   0.0
   0.0
   0.0
   0.0
   0.0
   0.0
   0.0
   0.0
   0.0
   0.0
   0.0
   0.0
   0.0
   0.0
   0.0
   0.0
   0.0
