   0.17885723806922102
   0.21607967133619949
   0.22700964753769826
   0.2299019332149906
   0.23224576408277073
   0.2323528978421401
   0.23229034008066285
   0.2322989990459494
   0.23234001600565926
   0.23121391122454116
   0.23246263829321046
   0.2323214432289667
   0.23200592059471242
   0.2324652839732419
   0.23305513125608285
   0.2324121317315428
   0.2322066412567694
   0.23171185668651054
   0.23238312573644412
   0.23253547600097496
   0.23193759822633328
   0.23137697927907608
   0.2312058438024221
   0.23155731699169
   0.23198447641167716
   0.23205335558047852
   0.2318545229074473
   0.2318717208664955
   0.23243620255801375
   0.2311072497755966
   0.23128800897839472
   0.2311723825281688
   0.23168437347175574
   0.23167698176070492
   0.23073930246267105
   0.2313330367192503
   0.23183188751711875
   0.23128872075341245
   0.2317956818570829
   0.23125676329636285
   0.23152156422277384
   0.23225732416332967
   0.23208063133971346
   0.23141237783660146
   0.23155886306155504
   0.23115730033185194
   0.23244122988618005
   0.23222633757950453
   0.2331596096340659
   0.23315147057170796
   0.2326594208145245
   0.23150105821304576
   0.23173696069086605
   0.23275748069436994
   0.23132991768016087
   0.23308005771131515
   0.23234916882691878
   0.2319984573205391
   0.23202477206882458
   0.23299115560550793
   0.2331455244511247
   0.23185641525737433
   0.2317410621617153
   0.23147647308104555
   0.23169951601770772
   0.2316856917916167
   0.2314804054321661
   0.23132884774917284
   0.2322178167977427
   0.23097996170557739
   0.2316937592254051
   0.23267184941283722
   0.23155600397648946
   0.2326236806927446
   0.23255862735198624
   0.23187909443999044
   0.23215870644434164
   0.23227540685038095
   0.23196650465478846
   0.23224877821678633
   0.23160805061992124
   0.23228935283176455
   0.232271466951733
   0.23169779877340224
   0.232489998119403
   0.2323580261120971
   0.23183061444923533
   0.232764219869614
   0.23199190582947068
   0.23238664653286342
   0.23303689551991547
   0.2318055665173725
   0.2312158227346044
   0.23176043209314226
   0.23201150438751952
   0.23149240827895415
   0.229900456548568
   0.22683894857947126
   0.21654685153204142
   0.17856366427064607
