   0.000999999499999875
   0.0
   0.000999999499999875
   0.0017320482094907174
   0.000999999499999875
   0.0017320482094907174
   0.001999995999996
   0.000999999499999875
   0.0
   0.001999995999996
   0.001999995999996
   0.0022360623873228583
   0.0
   0.001999995999996
   0.002449482394302927
   0.0029999918333222177
   0.0034640871813509545
   0.0022360623873228583
   0.0029999918333222177
   0.0026457420509187965
   0.002449482394302927
   0.0026457420509187965
   0.002449482394302927
   0.0028284158110150636
   0.0044721247746457166
   0.0028284158110150636
   0.0028284158110150636
   0.0026457465865044596
   0.0038729615283397793
   0.0038729728891382653
   0.0026457420509187965
   0.003999981999959499
   0.0038729615283397793
   0.002449482394302927
   0.0041230851313064105
   0.0026457420509187965
   0.0033166125791234645
   0.003316606548868889
   0.0026457420509187965
   0.003316606548868889
   0.003741631195080563
   0.0034640808304657097
   0.004242610517122683
   0.003741631195080563
   0.003316606548868889
   0.0034640808304657097
   0.004690373119486338
   0.004123078340269561
   0.0048989386605672045
   0.005196109987288568
   0.0034640808304657097
   0.004123078340269561
   0.003999967999871999
   0.005196109987288568
   0.005098972053267207
   0.003999975499924968
   0.0038729615283397793
   0.003999967999871999
   0.005744499194882005
   0.003999981999959499
   0.004690373119486338
   0.005744499194882005
   0.008426050023587565
   0.005830902503043589
   0.005830902503043589
   0.007211022396304147
   0.005098963031833041
   0.005567698896312551
   0.005830874719971266
   0.005744499194882005
   0.006633162443359879
   0.006480629290431601
   0.0066331518903157945
   0.00678223444006472
   0.005385097120758362
   0.00692807592337151
   0.006557334138199761
   0.0074831608294891
   0.006557334138199761
   0.006480629290431601
   0.00989928805520882
   0.006999867927325486
   0.008062083539631676
   0.008485054861342971
   0.007873836167967937
   0.00781010825789246
   0.008602101836179342
   0.009164980305488932
   0.009110187209931528
   0.008185154305204025
   0.008485054861342971
   0.009848629904712634
   0.008717548049767206
   0.009110124861932464
   0.008659979157018797
   0.010769865365917997
   0.011704264137484252
   0.009273273424201402
   0.010343731193336378
   0.010487667233469987
   0.011313317992525445
   0.010099085899228701
   0.009999558190240208
   0.010391915126674197
   0.010295236762697592
   0.012205994879566352
   0.011831530585685014
   0.011135024202937325
   0.010999517762156666
   0.012287549430215938
   0.013190184077563134
   0.01191577106191622
   0.01371046665872464
   0.01334086518933461
   0.013075914920188185
   0.014524901892956112
   0.013563785754722021
   0.013637195606135449
   0.014386702158590758
   0.012368580152952075
   0.015131515158767149
   0.01410577098211934
   0.01574672016643466
   0.014763626112849107
   0.015230206695905345
   0.016060844187028276
   0.015967244940815556
   0.016369061549154247
   0.016520982991335597
   0.016909686573085853
   0.016460539936466238
   0.017405056477931922
   0.017576487675300772
   0.018409808228224432
   0.018572110030903866
   0.01835518932073434
   0.019871883629892763
   0.019023739274916487
   0.018865382476907274
   0.01951654864467588
   0.020660962973685422
   0.02058807800645801
   0.01920672379662914
   0.020805272769180413
   0.02102039761755234
   0.021327290287329048
   0.02323399500731633
   0.023017561903902854
   0.023254837754755463
   0.022689441927909997
   0.02264513137519851
   0.024934834749803337
   0.024305451548983822
   0.024834020194080538
   0.025391214523925395
   0.02576224143975054
   0.026051239337121758
   0.027196100823463645
   0.02678853217330132
   0.026714041251746243
   0.028170039048606235
   0.028222730537635795
   0.029128781488417944
   0.028134034548923124
   0.02880082193271574
   0.030288524493609786
   0.0311180415675537
   0.032791268106006514
   0.030713477888379883
   0.032668038875941115
   0.03328812699747464
   0.033838607004426174
   0.03509919473435252
   0.03623322403540706
   0.03540935999139211
   0.03634255335003307
   0.03665617545516717
   0.037277850139191236
   0.03755710185837027
   0.038163103437744685
   0.04053411796252633
   0.03861785181752087
   0.039473688654596245
   0.04064481029602673
   0.04311127433746305
   0.042328641083786284
   0.0445674878695221
   0.0441731920512883
   0.04538595349885249
   0.04571533474666897
   0.04648358742610127
   0.04656686714822031
   0.04887743854786173
   0.04939472036564232
   0.05044178029173832
   0.05085451774424766
   0.050687228529482646
   0.052587941498027854
   0.054724719451085355
   0.0551588850413059
   0.05484935294969303
   0.05647515382006498
   0.0579483711936755
   0.05894736444490118
   0.05800583397383405
   0.06041186564740407
   0.060681056154289204
   0.06222462887796118
   0.06367883302165643
   0.06378931564925273
   0.06570809014877849
   0.06710913425160543
   0.06686309725850277
   0.06679399781417489
   0.06902127161969707
   0.07163967084653586
   0.07153460074677148
   0.07214550834944612
   0.07418191811351335
   0.07534832897284452
   0.07661161037336313
   0.07717426679923821
   0.07986342439439971
   0.08113928749379058
   0.08271945279678777
   0.08452618097962311
   0.0849603688727868
   0.08696603465721546
   0.08833084122207825
   0.09018220764651973
   0.09049463851521812
   0.0931428721051697
   0.09506159463737182
   0.09540065375038055
   0.09699253175373865
   0.09954718205956409
   0.10077066239734658
   0.10147629033424507
   0.10369686316856455
   0.10515778639263951
   0.10763408226022089
   0.10997549383385373
   0.11153961071744871
   0.11212925967828379
   0.1152383713482623
   0.117123059642412
   0.11931221186450279
   0.12091657897492801
   0.12282823687979894
   0.125146756949591
   0.12705242161800773
   0.12989388652280753
   0.13196298093025938
   0.13372069389215718
   0.1360149069440552
   0.13802494713275568
   0.14013523227225907
   0.1436951114547743
   0.14560010224927727
   0.1485832201024059
   0.15070044326411253
   0.15354432381237673
   0.15678244281487644
   0.16013610408337028
   0.1622255110609919
   0.1636272968792188
   0.16770887565957862
   0.1713212205157318
   0.1738567537917351
   0.17733486821265582
   0.180408607333464
   0.18214887783349093
   0.18654757569853328
   0.19106774629957823
   0.19415125546851353
   0.19821602073495473
   0.20143562059377682
   0.2039932329245262
   0.2096059918132113
   0.21359564954371144
   0.2188699741855881
   0.22329167729899832
   0.22665170869861095
   0.2326707199026126
   0.23676745016154566
   0.24268399099240148
   0.24696128725774005
   0.25444729992475845
   0.2598588994800832
   0.267348153350645
   0.27235560643944895
   0.2812184257387841
   0.28795676960092464
   0.2948731022253471
   0.30413381097142095
   0.31273397384838125
   0.319622039789186
   0.32370458469258667
   0.3259663680749902
   0.3267040847678523
   0.32840979288687483
   0.3263104494741166
   0.322593904368945
   0.3190128323187016
   0.31171373790707396
   0.3033142147938339
   0.29610315900881573
   0.2878312977492198
   0.2796854029726972
   0.2734155129761294
   0.2649954233095357
   0.25999920307570173
   0.2542473109002335
   0.24829295946321153
   0.24252409348145185
   0.2371522047778599
   0.23217643058458798
   0.22708169807362283
   0.22233183766388476
   0.21720813606999162
   0.2127603761770504
   0.20810326569037788
   0.20563612764054862
   0.2023947732502003
   0.19854193953923188
   0.19423147816716013
   0.1899626394847155
   0.18657616438334237
   0.1825221353261023
   0.17865700203182633
   0.17617654436388516
   0.1742009422592197
   0.17088253695448227
   0.1675278121118998
   0.1640450557499372
   0.1613294423718126
   0.15796548463509363
   0.1547237641605193
   0.1524854352356316
   0.14981492890897088
   0.147887794327321
   0.14659833525657787
   0.14405869345166228
   0.14093253385929028
   0.13878496274452792
   0.13682669224606725
   0.1329943866334215
   0.13103724077910067
   0.12887454898078207
   0.12656441958149217
   0.12447046692288094
   0.12269162308405575
   0.12079941680322799
   0.11806125646883485
   0.11675714494625158
   0.11396680639115934
   0.11473520432282325
   0.10987538748509605
   0.1085848042361361
   0.10659981988727747
   0.10535984766503795
   0.10368721922686518
   0.10072906629171145
   0.1005498911187874
   0.09787111871742347
   0.09613731546075124
   0.09494323099094532
   0.09453769998788843
   0.09167593095245884
   0.09094626844461515
   0.08810775661086825
   0.08720007990822028
   0.08626105187742612
   0.0840001276129983
   0.08283767876998968
   0.08209424086986858
   0.08016790399530226
   0.07861653204638322
   0.07803932669494272
   0.07724087612139055
   0.07581743269196076
   0.07490443494880661
   0.07410663920999251
   0.07187476385352512
   0.06921877753904644
   0.06766350614622331
   0.06869689156723177
   0.06732024479307841
   0.06634164326424241
   0.06550525936136731
   0.06278234521742558
   0.06309477810405549
   0.062094663184528186
   0.06161005083588229
   0.060177314920159077
   0.0583415814321141
   0.058817983338431454
   0.055998131888483564
   0.054438389358980856
   0.05469439719020587
   0.05299237586672256
   0.05420101475064835
   0.053398653831346725
   0.05111742712617684
   0.050421695241235194
   0.049874984471175526
   0.0492427723732123
   0.04672663684666381
   0.04734376071881067
   0.04682464987589336
   0.04678364462074326
   0.04584562041242326
   0.043798707458097434
   0.04424289316941197
   0.042481171252685586
   0.04165093889698046
   0.040127285430240606
   0.0399514407249601
   0.04086666788471994
   0.039676312278234725
   0.03664173882336917
   0.0371429101579292
   0.03715684459154195
   0.03729258135340057
   0.037144226348115
   0.03531119703436857
   0.03482756953908785
   0.03446775059385222
   0.033167689081393656
   0.032941836682249516
   0.03342368208321758
   0.033393915613476655
   0.03127723694638003
   0.031166129050621605
   0.03046954477835204
   0.029145518420505064
   0.029638420993703427
   0.0298740652573432
   0.029351104647014566
   0.028399144335701385
   0.02845237424188006
   0.027195644871927563
   0.027011489111117143
   0.0250141207320985
   0.025820292775257218
   0.025839757816202534
   0.025449944911531734
   0.024712838262732996
   0.024243840537340612
   0.02378611149389492
   0.024016047947154003
   0.024326115596206475
   0.02340503569747331
   0.023319310367161374
   0.023082769309595418
   0.022290032548204143
   0.021443880245888336
   0.020805589417269583
   0.02073352107096139
   0.020319335397596054
   0.019922042440472815
   0.019745693606455055
   0.018327912701669002
   0.018812366570955395
   0.019076393684341914
   0.018732916457401928
   0.017886352339143943
   0.01571456518647589
   0.016460371532866443
   0.01769008171264339
   0.016153982759678803
   0.01571492255787473
   0.01714472035350825
   0.016246448842747143
   0.015032044571514549
   0.014898427299550782
   0.01599869944714257
   0.01571499891823095
   0.015230385943895185
   0.015967429066696993
   0.012687749012334696
   0.01459354100278613
   0.015098711865586416
   0.012960767878486212
   0.013526814813547202
   0.012727173920395683
   0.012246715641346459
   0.014141207727772052
   0.01204096636487288
   0.012569111981361292
   0.012489298459080879
   0.01144498488421894
   0.012082450082661214
   0.011357349646814612
   0.011704173571850343
   0.011224433170543623
   0.010908298446595601
   0.011179953085769188
   0.009797527034920598
   0.008543756492316479
   0.009539097179502892
   0.009486528553691281
   0.010723384493712794
   0.01043994401325984
   0.0085437251243237
   0.00938053964332543
   0.00877469310004629
   0.007999759746392388
   0.008831467375244048
   0.008831557054109995
   0.009110156914126123
   0.008485069239552497
   0.007937076980853846
   0.008366370539248187
   0.008717562962204517
   0.007615567214594065
   0.008366385121424904
   0.006855531999779448
   0.0079370633738178
   0.006244888389715224
   0.007680948834616723
   0.006855543669177522
   0.006633116612875127
   0.007416073826493369
   0.008717686849159013
   0.006403005466185391
   0.006244910808009991
   0.006557310348000924
   0.005656774699420156
   0.005656774699420156
   0.006557334138199761
   0.006164330945041806
   0.006164308882591786
   0.007681025387277405
   0.006164341002897228
   0.005196109987288568
   0.005830902503043589
   0.005477172993433748
   0.0047957855456640264
   0.0059159985632182156
   0.005916008705199816
   0.004472091233416421
   0.004582536306457375
   0.005385115690493566
   0.0048989386605672045
   0.004999947099720156
   0.005567698896312551
   0.004582544162362213
   0.004472107333237878
   0.003999967999871999
   0.004690373119486338
   0.004898946417343223
   0.0034640871813509545
   0.004582544162362213
   0.0047957938863132975
   0.004472107333237878
   0.0051961176853493225
   0.003316606548868889
   0.0034640808304657097
   0.00529145688823031
   0.0022360623873228583
   0.003999975499924968
   0.003316606548868889
   0.0038729677251430846
   0.005098980290214898
   0.003741644023687983
   0.0036055278393045307
   0.002449482394302927
   0.002449482394302927
   0.0028284158110150636
   0.0022360623873228583
   0.0022360623873228583
   0.0022360623873228583
   0.003316606548868889
   0.003741644023687983
   0.0033166125791234645
   0.002449482394302927
   0.002828420760778
   0.0017320482094907174
   0.002828420760778
   0.0014142121481588255
   0.001999995999996
   0.002828420760778
   0.003162267540863676
   0.001999995999996
   0.0026457420509187965
   0.000999999499999875
   0.002449482394302927
   0.001999995999996
   0.003464096418981435
   0.0014142121481588255
   0.0014142121481588255
   0.0
   0.0017320482094907174
   0.0026457465865044596
   0.000999999499999875
   0.0017320482094907174
   0.0017320482094907174
   0.000999999499999875
   0.0022360659650377044
