   0.0
   0.0
   0.0
   0.0
   0.0
   0.0
   0.0
   0.0
   0.0
   0.0
   0.0
   0.0
   0.0
   0.0
   0.0
   0.0
   0.0
   0.0
   0.0
   0.0
   0.0
   0.0
   0.0
   0.0
   0.0
   0.0
   0.0
   0.0
   0.0
   0.0
   0.0
   0.0
   0.0
   0.0
   0.0
   0.0
   0.0
   0.0
   0.0
   0.0
   0.0
   0.0
   0.0
   0.0
   0.0
   0.0
   0.0
   0.0
   0.0
   0.0
   0.0
   0.0
   0.0
   0.0
   0.0
   0.0
   0.0
   0.0
   0.0
   0.0
   0.0
   0.0
   0.0
   0.0
   0.0
   0.0
   0.0
   0.0
   0.0
   0.0
   0.0
   0.0
   0.0
   0.0
   0.0
   0.0
   0.0
   0.0
   0.0
   0.0
   0.0
   0.0
   0.0
   0.0
   0.0
   0.0
   0.0
   0.0
   0.0
   0.0
   0.0
   0.0
   0.0
   0.0
   0.0
   0.0
   0.0
   0.0
   0.0
   0.0
   0.0
   0.0
   0.0
   0.0
   0.0
   0.0
   0.0
   0.0
   0.0
   0.0
   0.0
   0.0
   0.0
   0.0
   0.0
   0.0
   0.0
   0.0
   0.0
   0.0
   0.0
   0.0
   0.0
   0.0
   0.0
   0.0
   0.0
   0.0
   0.0
   0.0
   0.0
   0.0
   0.0
   0.0
   0.0
   0.0
   0.0
   0.0
   0.0
   0.0
   0.0
   0.0
   0.0
   0.0
   0.0
   0.00031622775020544923
   0.0
   0.0
   0.0
   0.00031622775020544923
   0.0
   0.00031622775020544923
   0.00031622775020544923
   0.0
   0.0
   0.0007071067175469343
   0.0007071067175469343
   0.0
   0.0
   0.0009486832506163476
   0.00031622775020544923
   0.0
   0.0
   0.0006324555004108985
   0.0007071067175469343
   0.00031622775020544923
   0.0005477224753467763
   0.0019999996399999677
   0.00031622775020544923
   0.0012247446713499104
   0.00044721355077859614
   0.0008944269897537752
   0.0007745965659619206
   0.0009486831662889355
   0.0007745965659619206
   0.0005477224753467763
   0.0015491928737248954
   0.0014142133360989068
   0.001414213053256121
   0.001378404436295821
   0.001095444822891596
   0.0007071066044098301
   0.0019493580379191505
   0.002302172102602236
   0.0015811379161856818
   0.0015491927058955577
   0.001140174894478913
   0.0018708272795744667
   0.002549507354372605
   0.002323787804426213
   0.0017029373417715638
   0.0028982728581001477
   0.002345205558154764
   0.0023237872191747676
   0.00330151116763218
   0.00289827169878878
   0.003301510549733258
   0.002966474837243694
   0.003949675829735904
   0.003224898906942666
   0.002810688867519847
   0.003420518906540351
   0.0035777006917851583
   0.003535527172855556
   0.004324337395486157
   0.004254396520071912
   0.004358883508422771
   0.00508918841368641
   0.0057008490236104305
   0.005576711790114314
   0.005540729799403685
   0.005700847753624017
   0.006708163814338466
   0.006565009501135546
   0.007056858312308672
   0.007655000914434955
   0.007930881271964674
   0.007924568692364272
   0.007784516940697091
   0.009093845157577734
   0.009684904674801917
   0.009828382652298394
   0.01055918727506999
   0.010530730800376581
   0.011480178324398972
   0.011575568692725208
   0.012300136493145106
   0.012103402156005558
   0.013190556622068684
   0.014282403493810136
   0.014366151572359246
   0.01596184375189784
   0.01686644739564322
   0.017258995907931608
   0.01789605676538829
   0.01983065414327021
   0.02001129011108479
   0.020621487763738094
   0.022836876718150403
   0.02334328677457397
   0.02465747152304956
   0.025488705674474723
   0.02634681693848424
   0.028768142933460267
   0.02926735332345581
   0.03154063970673392
   0.03208403289472818
   0.03300942321459131
   0.035876547437009604
   0.037344732809862224
   0.039356131809922576
   0.04149388091707017
   0.04253844968954557
   0.04547118090296314
   0.04668146869968853
   0.04889970900925689
   0.052751896481169284
   0.05462475856010716
   0.056760833182662146
   0.059717726465765585
   0.06249199514945894
   0.06704186824477672
   0.0701603394792243
   0.07252090312702952
   0.07641653177133859
   0.08013754106378608
   0.08338452233784156
   0.08783758745087436
   0.0922614493694414
   0.09686776348398883
   0.10077347734875482
   0.10605012561218398
   0.11155272647994759
   0.11759304946292531
   0.12324365711350017
   0.1280372455411315
   0.13455037998426464
   0.14123398457789824
   0.14814762166649859
   0.15517358538101775
   0.16377753079577187
   0.1708689245401574
   0.17909166380127803
   0.1878994301853787
   0.19682254114770492
   0.20668240705817223
   0.21623611939951198
   0.2271719553070757
   0.23870479141347373
   0.24908475565507818
   0.26005000981495846
   0.27369773972899375
   0.2866866956238988
   0.3000453127938512
   0.3137574633660688
   0.45562889978187293
   0.4632297019592332
   0.46888422540058866
   0.4716251308007664
   0.472703424003
   0.4738389321247358
   0.47252240867276335
   0.46878667667022067
   0.46334012704409705
   0.45534357394124936
   0.31412547906790367
   0.30006215907981465
   0.28554779849657397
   0.2726922582325908
   0.2602311491069238
   0.24889813389730348
   0.2377699356073219
   0.22643927910289768
   0.21602748049725062
   0.2068799274293908
   0.19768450615136735
   0.18737311331605183
   0.1789845009145764
   0.17118427172701936
   0.1628473954264851
   0.15546129709364964
   0.14832059762500957
   0.14098618310568595
   0.13475444213828353
   0.12920101678976834
   0.12271661418992948
   0.11684357704379818
   0.11167619802585509
   0.10666003858221691
   0.10102848389592908
   0.09611771155328241
   0.09197357782124169
   0.08735870341293991
   0.08408923267672265
   0.08009237806626796
   0.07681637285104004
   0.07235385433161111
   0.06870898712388358
   0.06634285594576103
   0.06341977890524375
   0.06011837900334639
   0.056369817906748644
   0.055395746302762276
   0.05235352997831187
   0.049942625797108425
   0.04794346165964656
   0.0456415193279102
   0.042777416779300734
   0.04066661229264124
   0.03806110802052405
   0.03611321939553437
   0.03559240168561262
   0.03346822955804504
   0.031533851948501314
   0.03039476656251862
   0.02886323082660706
   0.027855367413660154
   0.02669161649282411
   0.02517892509202885
   0.02353517620499154
   0.022790701479112045
   0.02238808603498745
   0.02141352816422366
   0.020185435832550162
   0.01881918544039566
   0.018184200370376477
   0.017691032837005304
   0.0164401430258377
   0.016083553922874135
   0.015571882966102719
   0.014205176857751543
   0.0137145602623635
   0.012473670901542977
   0.012565538507760024
   0.011648777820441079
   0.011255891168183886
   0.011734367881995179
   0.010232139107244388
   0.009455011012156464
   0.009684904674801917
   0.00850284133628283
   0.00819137585451919
   0.008130114881722151
   0.007429605574995216
   0.006212842695578249
   0.006928156669706597
   0.006862898075157462
   0.005375839498162125
   0.006220896622674259
   0.006156264775819831
   0.004722270503687819
   0.005029889635966181
   0.005019941736713684
   0.0038078770660303625
   0.004516618894704312
   0.0031304868886484734
   0.0041472776179079214
   0.003660593563890971
   0.0028284219699330577
   0.003687809951719313
   0.0037013450406575173
   0.0038078783580886614
   0.002683277965474319
   0.004135208530412947
   0.0026076765443589817
   0.003376385469699809
   0.0020493879574155793
   0.0022135927154741
   0.0024494873831069227
   0.0019493573915524058
   0.002024844129803576
   0.0013416404138218258
   0.0020248443668588454
   0.0019235379668725023
   0.0019493580379191505
   0.001224744377411058
   0.0017606810472087214
   0.0011832155340427203
   0.0015811382956591748
   0.000948683039797803
   0.0007745965659619206
   0.000836659733703015
   0.0008366598771304861
   0.0017320503918766335
   0.0008366598771304861
   0.0008366598771304861
   0.0016124512395728438
   0.00044721355077859614
   0.00031622775020544923
   0.0007745965659619206
   0.0009999998199999838
   0.001264911000821797
   0.0007071067175469343
   0.0
   0.00031622775020544923
   0.00031622775020544923
   0.0
   0.0022135942514381448
   0.00031622775020544923
   0.00031622775020544923
   0.00044721355077859614
   0.00031622775020544923
   0.0007071067175469343
   0.0
   0.0006324555004108985
   0.0
   0.0009999999199999969
   0.0
   0.0
   0.00031622775020544923
   0.00031622775020544923
   0.00031622775020544923
   0.0
   0.00031622775020544923
   0.0
   0.00031622775020544923
   0.0
   0.0
   0.0
   0.0
   0.0006324555004108985
   0.0
   0.0
   0.0
   0.0
   0.0
   0.0
   0.00031622775020544923
   0.0
   0.0
   0.0
   0.0
   0.0
   0.0
   0.0
   0.0
   0.0
   0.0
   0.0
   0.0
   0.0
   0.0
   0.0
   0.0
   0.0
   0.0
   0.0
   0.0
   0.0
   0.0
   0.0
   0.0
   0.0
   0.0
   0.0
   0.0
   0.0
   0.0
   0.0
   0.0
   0.0
   0.0
   0.0
   0.0
   0.0
   0.0
   0.0
   0.0
   0.0
   0.0
   0.0
   0.0
   0.0
   0.0
   0.0
   0.0
   0.0
   0.0
   0.0
   0.0
   0.0
   0.0
   0.0
   0.0
   0.0
   0.0
   0.0
   0.0
   0.0
   0.0
   0.0
   0.0
   0.0
   0.0
   0.0
   0.0
   0.0
   0.0
   0.0
   0.0
   0.0
   0.0
   0.0
   0.0
   0.0
   0.0
   0.0
   0.0
   0.0
   0.0
   0.0
   0.0
   0.0
   0.0
   0.0
   0.0
   0.0
   0.0
   0.0
   0.0
   0.0
   0.0
   0.0
   0.0
   0.0
   0.0
   0.0
   0.0
   0.0
   0.0
   0.0
   0.0
   0.0
   0.0
   0.0
   0.0
   0.0
   0.0
   0.0
   0.0
   0.0
   0.0
   0.0
   0.0
   0.0
   0.0
   0.0
   0.0
   0.0
   0.0
   0.0
   0.0
   0.0
   0.0
   0.0
   0.0
   0.0
   0.0
   0.0
   0.0
