   0.0
   0.0
   0.0
   0.0
   0.0
   0.0
   0.0
   0.0
   0.0
   0.0
   0.0
   0.0
   0.0
   0.0
   0.0
   0.0
   0.0
   0.0
   0.0
   0.0
   0.0
   0.0
   0.0
   0.0
   0.0
   0.0
   0.0
   0.0
   0.0
   0.0
   0.0
   0.0
   0.0
   0.0
   0.0
   0.0
   0.0
   0.0
   0.0
   0.0
   0.0
   0.0
   0.0
   0.0
   0.0
   0.0
   0.0
   0.0
   0.0
   0.0
   0.0
   0.0
   0.0
   0.0
   0.0
   0.0
   0.0
   0.0
   0.0
   0.0
   0.0
   0.0
   0.0
   0.0
   0.0
   0.0
   0.0
   0.0
   0.0
   0.0
   0.0
   0.0
   0.0
   0.0
   0.0
   0.0
   0.0
   0.0
   0.0
   0.0
   0.0
   0.0
   0.0
   0.0
   0.0
   0.0
   0.0
   0.0
   0.0
   0.0
   0.0
   0.0
   0.0
   0.0
   0.0
   0.0
   0.0
   0.0
   0.0
   0.0
   0.0
   0.0
   0.0
   0.0
   0.0
   0.0
   0.0
   0.0
   0.0
   0.0
   0.0
   0.0
   0.0
   0.0
   0.0
   0.0
   0.0
   0.0
   0.0
   0.0
   0.0
   0.000999999499999875
   0.0
   0.000999999499999875
   0.0
   0.0
   0.0
   0.0022360659650377044
   0.000999999499999875
   0.0
   0.0
   0.0
   0.0
   0.0
   0.0
   0.000999999499999875
   0.0
   0.0
   0.0022360659650377044
   0.000999999499999875
   0.00199999899999975
   0.0
   0.000999999499999875
   0.000999999499999875
   0.0
   0.000999999499999875
   0.000999999499999875
   0.000999999499999875
   0.0
   0.0
   0.000999999499999875
   0.0
   0.0
   0.00199999899999975
   0.0
   0.000999999499999875
   0.000999999499999875
   0.000999999499999875
   0.0014142121481588255
   0.0
   0.000999999499999875
   0.000999999499999875
   0.000999999499999875
   0.0014142121481588255
   0.0017320482094907174
   0.0014142121481588255
   0.0017320482094907174
   0.0026457465865044596
   0.0014142121481588255
   0.000999999499999875
   0.001999995999996
   0.0017320482094907174
   0.0014142121481588255
   0.0017320482094907174
   0.000999999499999875
   0.001999995999996
   0.000999999499999875
   0.0014142121481588255
   0.0
   0.001999995999996
   0.0014142121481588255
   0.0022360623873228583
   0.0014142121481588255
   0.001999995999996
   0.0022360659650377044
   0.0017320482094907174
   0.0028284158110150636
   0.0028284158110150636
   0.0017320482094907174
   0.0017320482094907174
   0.0017320482094907174
   0.0017320482094907174
   0.0017320482094907174
   0.0017320482094907174
   0.001999995999996
   0.0026457420509187965
   0.0014142121481588255
   0.002449482394302927
   0.0017320482094907174
   0.002449482394302927
   0.00316226184874055
   0.002999986499969625
   0.0028284158110150636
   0.0041230909521862355
   0.003316606548868889
   0.0022360623873228583
   0.0026457420509187965
   0.00316226184874055
   0.00316226184874055
   0.004472099730551634
   0.0041230851313064105
   0.0026457420509187965
   0.002999986499969625
   0.0029999918333222177
   0.0036055278393045307
   0.004358865792841069
   0.004242610517122683
   0.004242617588234886
   0.0036055278393045307
   0.0047957938863132975
   0.004582536306457375
   0.0042426025031812725
   0.003872954298723392
   0.003872954298723392
   0.004690373119486338
   0.003999967999871999
   0.004898930087274159
   0.004898920697459798
   0.004898930087274159
   0.0067822120285346435
   0.003999967999871999
   0.004898920697459798
   0.0050989532259082355
   0.006244888389715224
   0.004999947099720156
   0.006403017335600459
   0.005291428540573896
   0.006403017335600459
   0.005999903665893312
   0.006244910808009991
   0.005744489446417323
   0.00583086408690856
   0.006324428827965416
   0.006164296877990223
   0.007070930914667459
   0.006633103647614742
   0.006324452861710648
   0.007745792147998809
   0.006324452861710648
   0.00692805051944629
   0.007549634097093713
   0.008602072075959373
   0.007549634097093713
   0.008366339940499668
   0.008425943211296881
   0.00921922290651441
   0.009999630193162145
   0.01019762403699999
   0.009848418705558776
   0.010148483581304154
   0.010049481528914814
   0.010099103920645633
   0.009746406055567355
   0.010487552812739491
   0.01170405361402621
   0.010953836953323708
   0.012040860060643508
   0.011089919341456006
   0.012246625494396405
   0.011618233901931911
   0.012287396754398387
   0.013189959666352282
   0.013746760745717516
   0.012205809067816847
   0.013998842809318205
   0.014695786607051696
   0.014558953808567428
   0.014797337294256694
   0.013377995328149879
   0.0156827875073279
   0.016641657820061075
   0.014931988447624783
   0.015904325166444504
   0.015262879118960486
   0.01571473547343384
   0.016520743778655974
   0.017802244549494313
   0.018052977593737828
   0.01808063602310494
   0.01813582617362661
   0.019049888162401375
   0.020021872814499648
   0.021629384087393705
   0.021675375798356992
   0.02080474924145927
   0.02215380669320738
   0.02099597768621409
   0.02206358934987687
   0.02342560391964314
   0.0235740056842277
   0.023993969158936587
   0.024263424634622378
   0.025390294819083923
   0.025585815894749182
   0.02635530001726408
   0.02784757339518113
   0.027486744732688882
   0.02850342040878603
   0.028851652136402863
   0.03038536957155532
   0.03067957177015351
   0.030286812905949676
   0.031877422715771736
   0.031782298831267694
   0.032970224081737755
   0.03424697212893426
   0.03402786209858034
   0.0353090302330721
   0.03592489588015531
   0.037488998052762096
   0.03747446997623849
   0.038434729594469634
   0.03769974502566297
   0.040972294919860174
   0.04099565556251052
   0.04147929554609142
   0.041886302665668645
   0.04374796880999163
   0.04361116828290662
   0.045874126215111714
   0.046303778463533625
   0.04756761250052392
   0.048531876493702567
   0.05009750970856735
   0.05031532083769317
   0.052873425272058926
   0.05242713189752039
   0.05444905137832982
   0.05557904884936409
   0.056835654293761764
   0.058252331446904344
   0.05882957908229499
   0.059758875457960214
   0.06225154696873002
   0.06350991317109479
   0.06533597783763552
   0.06667628396963945
   0.0687275460350506
   0.06873262019594481
   0.06991089631809909
   0.07227440241191897
   0.0747878604520814
   0.07605631700260013
   0.07713817148468066
   0.07970256618202452
   0.0813402731185481
   0.08298883076053065
   0.08516565527840433
   0.08600144361579054
   0.08883260648545668
   0.0909660863783861
   0.09200910519617067
   0.09430365438836397
   0.09675166726728796
   0.09984071145579844
   0.10171532568398924
   0.10379595175150136
   0.10690543016610522
   0.11028139117276313
   0.11286851110473638
   0.11514694179178186
   0.11813053000389019
   0.12092191437039028
   0.12480090316580245
   0.12732901030008834
   0.13077655015712872
   0.13374480308034403
   0.13876011402416763
   0.14260618555658797
   0.14608460340159055
   0.14971384638369292
   0.1543567790250885
   0.15956316866996595
   0.1644681310892782
   0.16850076545523465
   0.1751376894646038
   0.17900976055790924
   0.18514193089627212
   0.19278467262466692
   0.19754800418885532
   0.20592208265263828
   0.21310916442987618
   0.22163972207165392
   0.23010083416624114
   0.23667164298031143
   0.24638094275126068
   0.2540483076719859
   0.259808938260407
   0.26253084371174373
   0.26415888396001375
   0.2651565840479923
   0.262028828757448
   0.2600825631967664
   0.254374722258325
   0.24645731150850445
   0.23762257522382002
   0.22907898990522899
   0.22078792241424802
   0.21266604823290436
   0.20609810419069846
   0.19840202393120893
   0.19152245360792555
   0.18576233579226978
   0.17962836265746007
   0.17413887956168778
   0.16886162276846683
   0.16421646238730148
   0.15791746540202575
   0.1544111203119775
   0.1490738042179108
   0.14585398281843384
   0.14273647029053227
   0.13791099375684304
   0.13403742498272636
   0.12952851954685501
   0.12733012290499057
   0.12285823667544639
   0.12058847944973848
   0.11720166551717599
   0.11423253473069746
   0.11174819007035415
   0.10909860434945995
   0.1061034381676673
   0.10315797400104365
   0.10129640617514522
   0.09961919716600812
   0.09600275428861403
   0.09516281058796025
   0.09265106799168588
   0.09017258159218909
   0.08812640280301925
   0.08672995973710584
   0.08471418289755264
   0.08207389825638843
   0.08098326073331451
   0.07891572811550306
   0.07717761745480357
   0.07546605954997253
   0.07328670394416711
   0.07259898831251026
   0.07047280064677436
   0.06855272120054753
   0.06655728167526075
   0.06535934937711667
   0.06388227452901156
   0.062371737758378995
   0.06312842399426744
   0.06106184196370103
   0.059252152019989957
   0.05793489363069548
   0.0578083117812655
   0.05466650250381855
   0.052588481628584795
   0.05282355640242334
   0.05141885938058136
   0.050374448592515636
   0.050068605373027916
   0.04824218531534408
   0.04837855284110925
   0.04581839271515316
   0.045204248904278904
   0.04381657027883401
   0.044066177948626314
   0.0429438498390631
   0.04192228829632276
   0.04062945974290084
   0.04021062793590769
   0.03910319105904274
   0.03885980627846722
   0.037527801694210654
   0.0369386301857554
   0.03549229041637071
   0.033910107622949236
   0.03349569582797169
   0.032710701230637046
   0.03268120314492721
   0.03030266943686645
   0.03290938777917329
   0.03082632185324743
   0.030533080011685688
   0.029738001799044938
   0.029569767516840574
   0.02816870291653487
   0.028168181765957135
   0.026972854428109753
   0.026825038378350926
   0.02633605581707329
   0.025409588032866647
   0.024691691801089693
   0.024732607707235402
   0.02420150210214234
   0.023952953137348222
   0.02422294364853289
   0.022710934723168045
   0.020948640791230346
   0.02111492363235065
   0.02106735711948701
   0.02056343451371876
   0.01987132806331776
   0.017858134701026308
   0.018163118564828013
   0.01859832250500028
   0.01771776915980113
   0.01737598699354946
   0.0175476307232629
   0.017260657693147153
   0.015967048537535045
   0.017173330224508
   0.01571465147561345
   0.015262823297149187
   0.01431652021267738
   0.014898295070242097
   0.013998790804923117
   0.013998918672526103
   0.014105496481868336
   0.014386330699660702
   0.012844273081805758
   0.012648268023725621
   0.013189959666352282
   0.012123581607759316
   0.011915621846970472
   0.012327915476673256
   0.011268840889816485
   0.010953878582493052
   0.011401184324446298
   0.011831530585685014
   0.011618380911297408
   0.010049426600557864
   0.010582474379841418
   0.010099085899228701
   0.00842588339582266
   0.00984847353654362
   0.009055031750358471
   0.009591312527490698
   0.00927330706921754
   0.00953903092562342
   0.009486478587969301
   0.007937003905756882
   0.008659979157018797
   0.009219239393789491
   0.008123831362109877
   0.008659962990683043
   0.008366385121424904
   0.008185110323019476
   0.007210942795501847
   0.006855519746890092
   0.007937049262792817
   0.006164296877990223
   0.006782187257809976
   0.007416036609941998
   0.006633116612875127
   0.006782223529197486
   0.005999891999027983
   0.006928063510101506
   0.006324452861710648
   0.005477143416051838
   0.004582527577658426
   0.0042426025031812725
   0.005385097120758362
   0.005385086721678677
   0.0051961015194085655
   0.00538510677702866
   0.00519608227417542
   0.003741631195080563
   0.00583086408690856
   0.004358865792841069
   0.004690373119486338
   0.003999975499924968
   0.0047957855456640264
   0.004123070579070894
   0.0052914387457477004
   0.004123070579070894
   0.004123078340269561
   0.004242610517122683
   0.0022360623873228583
   0.0036055278393045307
   0.003741631195080563
   0.0034640871813509545
   0.002999986499969625
   0.003999967999871999
   0.003316606548868889
   0.0026457420509187965
   0.002999986499969625
   0.0026457420509187965
   0.002449482394302927
   0.003999981999959499
   0.002449482394302927
   0.0026457420509187965
   0.0026457420509187965
   0.0038729615283397793
   0.002999986499969625
   0.0029999918333222177
   0.003741644023687983
   0.002449482394302927
   0.00316226184874055
   0.0028284158110150636
   0.001999995999996
   0.0022360623873228583
   0.002449482394302927
   0.001999995999996
   0.0022360623873228583
   0.0024494864767946774
   0.0022360659650377044
   0.002449482394302927
   0.001999995999996
   0.0022360623873228583
   0.0017320482094907174
   0.001999995999996
   0.001999995999996
   0.0017320482094907174
   0.0022360659650377044
   0.0014142121481588255
   0.0014142121481588255
   0.0017320482094907174
   0.0014142121481588255
   0.0017320482094907174
   0.0
   0.000999999499999875
   0.000999999499999875
   0.0017320482094907174
   0.0014142121481588255
   0.000999999499999875
   0.000999999499999875
   0.0014142121481588255
   0.0
   0.001999995999996
   0.0014142121481588255
   0.000999999499999875
   0.0014142121481588255
   0.0014142121481588255
   0.000999999499999875
   0.0
   0.0
   0.000999999499999875
   0.0014142121481588255
   0.0014142121481588255
   0.000999999499999875
   0.0
   0.0014142121481588255
   0.000999999499999875
   0.000999999499999875
   0.000999999499999875
   0.0017320482094907174
   0.0
   0.0
   0.0
   0.000999999499999875
   0.0
   0.000999999499999875
   0.000999999499999875
   0.000999999499999875
   0.000999999499999875
   0.0
   0.0014142121481588255
   0.000999999499999875
   0.00199999899999975
   0.0
   0.0
   0.000999999499999875
   0.0
   0.0
   0.000999999499999875
   0.0
   0.0
   0.000999999499999875
   0.000999999499999875
   0.0
   0.0
   0.0014142121481588255
   0.0
   0.0
   0.0
   0.0
   0.0
   0.0
   0.0
   0.0
   0.0
   0.000999999499999875
   0.0
   0.0
   0.0
   0.0
   0.0
   0.0
   0.0
   0.0
   0.0
   0.0
   0.0
   0.0
   0.0
   0.0
   0.0
   0.0
   0.0
   0.0
   0.0
   0.0
   0.0
   0.0
   0.0
   0.0
   0.0
   0.0
   0.0
   0.0
   0.0
   0.0
   0.0
   0.0
   0.0
   0.0
   0.0
   0.0
   0.0
   0.0
   0.0
   0.0
   0.0
   0.0
   0.0
   0.0
   0.0
   0.0
   0.0
   0.0
   0.0
   0.0
   0.0
   0.0
   0.0
   0.0
   0.0
   0.0
   0.0
   0.0
   0.0
   0.0
   0.0
   0.0
   0.0
   0.0
   0.0
   0.0
   0.0
   0.0
   0.0
   0.0
   0.0
   0.0
   0.0
   0.0
   0.0
   0.0
   0.0
   0.0
   0.0
   0.0
   0.0
   0.0
   0.0
   0.0
   0.0
   0.0
   0.0
   0.0
   0.0
   0.0
   0.0
   0.0
   0.0
   0.0
   0.0
   0.0
   0.0
   0.0
   0.0
   0.0
   0.0
   0.0
   0.0
   0.0
   0.0
   0.0
   0.0
   0.0
   0.0
   0.0
   0.0
