   0.0
   0.0
   0.0
   0.0
   0.0
   0.0
   0.0
   0.0
   0.0
   0.0
   0.0
   0.0
   0.0
   0.0
   0.0
   0.0
   0.0
   0.0
   0.0
   0.0
   0.0
   0.0
   0.0
   0.0
   0.0
   0.0
   0.0
   0.0
   0.0
   0.0
   0.0
   0.0
   0.0
   0.0
   0.0
   0.0
   0.0
   0.0
   0.0
   0.0
   0.0
   0.0
   0.0
   0.0
   0.0
   0.0
   0.0
   0.0
   0.0
   0.0
   0.0
   0.0
   0.0
   0.0
   0.0
   0.0
   0.0
   0.0
   0.0
   0.0
   0.0
   0.0
   0.0
   0.0
   0.0
   0.0
   0.0
   0.0
   0.0
   0.0
   0.0
   0.0
   0.0
   0.0
   0.0
   0.0
   0.0
   0.0
   0.0
   0.0
   0.0
   0.0
   0.0
   0.0
   0.0
   0.0
   0.0
   0.0
   0.0
   0.0
   0.0
   0.0
   0.0
   0.0
   0.0
   0.0
   0.0
   0.0
   0.0
   0.0
   0.0
   0.0
   0.0
   0.0
   0.0
   0.0
   0.0
   0.0
   0.0
   0.0
   0.0
   0.0
   0.0
   0.0
   0.0
   0.0
   0.0
   0.0
   0.0
   0.0
   0.0
   0.0
   0.0
   0.0
   0.0
   0.0
   0.0
   0.0
   0.0
   0.0
   0.0
   0.0
   0.0
   0.0
   0.0
   0.0006324555004108985
   0.0
   0.0
   0.00031622775020544923
   0.0
   0.0
   0.0
   0.00031622775020544923
   0.0
   0.0
   0.0
   0.0009486832506163476
   0.0
   0.0
   0.00044721355077859614
   0.00031622775020544923
   0.0005477224753467763
   0.00044721355077859614
   0.00031622775020544923
   0.0011401753154668803
   0.0007071067175469343
   0.0008366598771304861
   0.00044721355077859614
   0.00031622775020544923
   0.0005477224753467763
   0.0009999999199999969
   0.00044721355077859614
   0.00031622775020544923
   0.0005477224753467763
   0.0005477224753467763
   0.0007745965659619206
   0.0006324554055425568
   0.000948683039797803
   0.0005477224753467763
   0.0007071066044098301
   0.0007071066044098301
   0.00044721355077859614
   0.000894426833228968
   0.000948683039797803
   0.000999999499999875
   0.0009486828711429336
   0.001224744377411058
   0.000948683039797803
   0.001760680433809611
   0.0014142126572761254
   0.0012247441814517838
   0.0014142128694082797
   0.0011832151283684637
   0.0017888524925213929
   0.001303840017026629
   0.0011401746839848708
   0.0013784035657237687
   0.0015811371572384226
   0.0015491917763788962
   0.0018165884922017976
   0.001999996389996742
   0.0020736411815933825
   0.0021679444619270116
   0.0019235348476177915
   0.0025884311831686777
   0.00248997489947188
   0.0023452027609569283
   0.00250997448393405
   0.0029999922933234345
   0.003016609751028462
   0.0029664701650277897
   0.002792838205123956
   0.0030821958260305263
   0.0036331637728018815
   0.003549631440023034
   0.0036468964325848353
   0.003911499506583121
   0.004358870307774711
   0.004183272153470295
   0.004505519680347651
   0.00500994558752887
   0.005385118219686546
   0.00551356639209142
   0.005991586266590843
   0.005974877805445062
   0.00618052568637976
   0.006292762315549507
   0.006534412627773058
   0.007389046680052847
   0.00740254917173807
   0.007752258379981926
   0.008288346864725196
   0.00880318228767302
   0.009512883095570975
   0.009544344356214313
   0.01001463564938835
   0.010554210107819532
   0.010894496771765091
   0.011536375770145492
   0.012024396997770822
   0.012069973063350224
   0.01301847132001296
   0.013724983141701851
   0.01414116602830191
   0.014665149870014967
   0.015380550979727613
   0.016268146996815586
   0.017083351614656885
   0.0176644314867476
   0.018545022524656042
   0.01933653354559705
   0.02099212685842004
   0.021806990686245545
   0.022441518379111517
   0.02403074186765777
   0.02464626063138179
   0.02619307878047176
   0.026924478340536146
   0.028775526267820022
   0.02968092439783505
   0.03115987370898669
   0.03271838470569719
   0.03440953263268771
   0.03580007911499638
   0.037348867152699555
   0.03950072656293806
   0.04126584132172759
   0.04327233908064134
   0.044916844341070974
   0.047581009108151544
   0.049572680288642854
   0.051927289052192974
   0.05452305911804656
   0.05718198863278541
   0.05994132765930365
   0.06251728883149045
   0.06532783334222864
   0.0690017440936097
   0.07216448013912384
   0.07568314009335236
   0.0793551615233061
   0.08350823366926162
   0.08738613292273552
   0.09132860851211957
   0.09624211345554502
   0.10078063655286168
   0.10600031870475672
   0.11153190480893796
   0.11743850574964755
   0.12379924909303772
   0.12996142170952116
   0.13696371928361176
   0.14446393349064673
   0.15226639915083037
   0.16140901990954531
   0.17071310246020954
   0.1807948028710726
   0.1923459414382066
   0.20333960911529264
   0.2167759301592084
   0.23069127963744102
   0.24679078008191474
   0.26376716504354747
   0.28188731959119767
   0.3025040157353287
   0.32343024468073484
   0.33902043905345886
   0.34957747043967236
   0.3564171657731288
   0.3593280135984947
   0.3591708452261124
   0.3564512412125816
   0.3495529868960642
   0.33877255460085604
   0.32341871473331596
   0.3028088981319902
   0.2821919128780093
   0.2635443138333855
   0.24620102132150062
   0.23105056786147485
   0.2164401194566063
   0.203793303276408
   0.19139522569082018
   0.18109957746654187
   0.17080641498816723
   0.1619863955020606
   0.15262830935891283
   0.14472979988585627
   0.13722651008369338
   0.13016501951661208
   0.12393239364165448
   0.11770658606343996
   0.11173500298290594
   0.10621222134952267
   0.10100885033520578
   0.09651459976972396
   0.09220897031937836
   0.08700939504582249
   0.08344156638127066
   0.07916939675379622
   0.07596843401775503
   0.07208447412244887
   0.06911761547275774
   0.06537293960278978
   0.0625457103165357
   0.05998220207019746
   0.05694760627945656
   0.05406783401468936
   0.05204407380048184
   0.049874071042877575
   0.047038565266279114
   0.04484032831179986
   0.043267594955000675
   0.04142155676021846
   0.03910588891394747
   0.03761559168097718
   0.03598803360438022
   0.0341329108744039
   0.03273242751706631
   0.03134689400865738
   0.02985369634668377
   0.02878243766170614
   0.027559108925906874
   0.025408599917154034
   0.024581405162235948
   0.023800791746284407
   0.022766596739741317
   0.021583571077094726
   0.02084391197064505
   0.0194987037412747
   0.01880728671977965
   0.01787814050034287
   0.017237705647794314
   0.01630189754721824
   0.015354501514539638
   0.01523039087613972
   0.014006173882970324
   0.013884372101035033
   0.01294528917560361
   0.012481328645621025
   0.012049306675489674
   0.0113968382453205
   0.010765259086060122
   0.010266090005449981
   0.010123877395049783
   0.009438982465816958
   0.009192119337236652
   0.008625323497701405
   0.008172929325523376
   0.007680976435323832
   0.006862825650561145
   0.006855536737557461
   0.006730416206298092
   0.006465206706672263
   0.005753188360378964
   0.00563021199512061
   0.005744504709720413
   0.0054588812919864815
   0.005128308328289164
   0.005375829029089374
   0.004658290715487817
   0.0047539138864729135
   0.0049598038307981495
   0.0042543854444561085
   0.003820974514440001
   0.00376826833439446
   0.0034058613947135314
   0.0033911527818722646
   0.003701335055084854
   0.003146415597151781
   0.002792840210251922
   0.002664575986906735
   0.0028635566067392484
   0.00240831489635388
   0.002236063648467995
   0.002387461830061373
   0.002144757692607722
   0.0021213171167932436
   0.002323787520407148
   0.0019493559038821003
   0.0020736411815933825
   0.0014832383490187948
   0.0014142124168596455
   0.0016431654542376432
   0.0015165736348756692
   0.0017029370833944514
   0.0011832153481087034
   0.001760680433809611
   0.0013784040590479993
   0.0013784040590479993
   0.0014832386052149532
   0.0009486828711429336
   0.0010954446585747725
   0.0012247441814517838
   0.0009999996799999488
   0.0010954446585747725
   0.0007745965659619206
   0.00031622775020544923
   0.0007071066044098301
   0.0009486828711429336
   0.0005477224753467763
   0.0007071066044098301
   0.00044721355077859614
   0.0008366598771304861
   0.0006324554055425568
   0.0007071066044098301
   0.0006324554055425568
   0.0007071067175469343
   0.0
   0.00031622775020544923
   0.0005477224753467763
   0.0
   0.00031622775020544923
   0.0
   0.0
   0.0009486832506163476
   0.00031622775020544923
   0.0
   0.0
   0.00031622775020544923
   0.00031622775020544923
   0.0
   0.0
   0.0
   0.00031622775020544923
   0.0
   0.0
   0.0
   0.0
   0.0
   0.0
   0.0
   0.0
   0.0
   0.0
   0.0
   0.0
   0.0
   0.0
   0.0
   0.0
   0.0
   0.0
   0.0
   0.0
   0.0
   0.0
   0.0
   0.0
   0.0
   0.0
   0.0
   0.0
   0.0
   0.0
   0.0
   0.0
   0.0
   0.0
   0.0
   0.0
   0.0
   0.0
   0.0
   0.0
   0.0
   0.0
   0.0
   0.0
   0.0
   0.0
   0.0
   0.0
   0.0
   0.0
   0.0
   0.0
   0.0
   0.0
   0.0
   0.0
   0.0
   0.0
   0.0
   0.0
   0.0
   0.0
   0.0
   0.0
   0.0
   0.0
   0.0
   0.0
   0.0
   0.0
   0.0
   0.0
   0.0
   0.0
   0.0
   0.0
   0.0
   0.0
   0.0
   0.0
   0.0
   0.0
   0.0
   0.0
   0.0
   0.0
   0.0
   0.0
   0.0
   0.0
   0.0
   0.0
   0.0
   0.0
   0.0
   0.0
   0.0
   0.0
   0.0
   0.0
   0.0
   0.0
   0.0
   0.0
   0.0
   0.0
   0.0
   0.0
   0.0
   0.0
   0.0
   0.0
   0.0
   0.0
   0.0
   0.0
   0.0
   0.0
   0.0
   0.0
   0.0
   0.0
   0.0
   0.0
   0.0
   0.0
   0.0
   0.0
   0.0
   0.0
   0.0
   0.0
   0.0
   0.0
   0.0
   0.0
   0.0
   0.0
   0.0
   0.0
   0.0
   0.0
   0.0
   0.0
   0.0
