   0.0
   0.0
   0.0
   0.0
   0.0
   0.0
   0.0
   0.0
   0.0
   0.0
   0.0
   0.0
   0.0
   0.0
   0.0
   0.0
   0.0
   0.0
   0.0
   0.0
   0.0
   0.0
   0.0
   0.0
   0.0
   0.0
   0.0
   0.0
   0.0
   0.0
   0.0
   0.0
   0.0
   0.0
   0.0
   0.0
   0.0
   0.0006324555004108985
   0.0
   0.0006324555004108985
   0.00031622775020544923
   0.00031622775020544923
   0.0
   0.0006324555004108985
   0.00031622775020544923
   0.00031622775020544923
   0.0
   0.0
   0.0006324555004108985
   0.0
   0.00031622775020544923
   0.0
   0.0
   0.00031622775020544923
   0.0
   0.0
   0.0
   0.0
   0.00031622775020544923
   0.00031622775020544923
   0.0
   0.0
   0.0
   0.0
   0.0
   0.0
   0.0
   0.0
   0.0
   0.0
   0.00031622775020544923
   0.00031622775020544923
   0.0
   0.0
   0.0
   0.0
   0.0
   0.0
   0.0
   0.00031622775020544923
   0.00031622775020544923
   0.0
   0.0
   0.0
   0.0
   0.0
   0.0
   0.00031622775020544923
   0.0
   0.0
   0.0
   0.0
   0.00031622775020544923
   0.00031622775020544923
   0.0
   0.00031622775020544923
   0.0007745965659619206
   0.0
   0.0007071067175469343
   0.0
   0.00044721355077859614
   0.00044721355077859614
   0.0
   0.0
   0.00044721355077859614
   0.00031622775020544923
   0.0007071067175469343
   0.00031622775020544923
   0.0013038403851699026
   0.00031622775020544923
   0.00031622775020544923
   0.0005477224753467763
   0.00044721355077859614
   0.0011832158044921476
   0.00044721355077859614
   0.0007071066044098301
   0.0008366598771304861
   0.0011832158044921476
   0.0005477224753467763
   0.00044721355077859614
   0.00031622775020544923
   0.0008366598771304861
   0.000836659733703015
   0.0005477224753467763
   0.0008366598771304861
   0.0009486828711429336
   0.0011832155340427203
   0.0017606810472087214
   0.000894426833228968
   0.0007745965659619206
   0.001095444822891596
   0.0009999996799999488
   0.0007745964368624477
   0.0015165748217611948
   0.001140174894478913
   0.0009486828711429336
   0.0013784042621814545
   0.0010488082713251265
   0.0013038401704196722
   0.0018165892188384252
   0.0013784040590479993
   0.0017888532639654935
   0.0014142126572761254
   0.0015165738986280886
   0.0013784038268954421
   0.0017606799112842742
   0.0020976146071192392
   0.0018439070583952978
   0.001843906450989312
   0.0020976152554746546
   0.002236064399788164
   0.0018165884922017976
   0.0024289873918981134
   0.002569042031575194
   0.0031304877830779024
   0.0032863287175813683
   0.0026832761393490606
   0.0029154695659533133
   0.002863559121093888
   0.0028809647255737094
   0.003449628152424548
   0.00328632560772666
   0.0035355227039293637
   0.0034928382441790804
   0.003999987994981985
   0.0034928349460001686
   0.003807870374631994
   0.004062002923435679
   0.004393156394894223
   0.004277825352910051
   0.004159304959966268
   0.004449691746626951
   0.004898949989538575
   0.005138057158109474
   0.005621340676386729
   0.005991605753886015
   0.006602976831702501
   0.006066236655456165
   0.00638742284180404
   0.0061724530220974546
   0.006723023055144166
   0.0068190055865939864
   0.007286878189595322
   0.007204061514867846
   0.007476533179890262
   0.008270295702089496
   0.008105404936830733
   0.008160727906259343
   0.008797553805462061
   0.008660062484763028
   0.009964697562394957
   0.009715740710825913
   0.010178124778170093
   0.01081171710275477
   0.010521069028858236
   0.011202315920826371
   0.01206604288903367
   0.011657175400155905
   0.012344533233784094
   0.013400907617023557
   0.013370993307903494
   0.01349744869373468
   0.014271559477155957
   0.014610828682521742
   0.014959005420147423
   0.015895451135151843
   0.016460896456754717
   0.01718878258603558
   0.01779462807450608
   0.018274027278079672
   0.018762472033023794
   0.020379182436005623
   0.01997026225941963
   0.020835033511852098
   0.021519370563285536
   0.022593351344145474
   0.023386698603907307
   0.024083675632261783
   0.02475264490413095
   0.025204644213120724
   0.02704666059313053
   0.027883281299015007
   0.028627564960890407
   0.029887610649063267
   0.030919327390970197
   0.032487143133245806
   0.033468478169764455
   0.034350448777126626
   0.035561642871920304
   0.03673454797653022
   0.03770681636508179
   0.039826574338122527
   0.04103177988328072
   0.042490689048778674
   0.044017965961184534
   0.046189842263315864
   0.04702826543420457
   0.04920557546447354
   0.05097570974797703
   0.052619378274453225
   0.0544625382250038
   0.056643994999999774
   0.05841258841029047
   0.06055310412117615
   0.06256432872460153
   0.06531683777985582
   0.06719215405320773
   0.06945841368646422
   0.07204566991540852
   0.07536084357111457
   0.07803567920150371
   0.08058443272766769
   0.08344585307850834
   0.08662380764639707
   0.0898506504737723
   0.09261776295959646
   0.09667249150487434
   0.09963202074508978
   0.10335496911010132
   0.10742203227825287
   0.11162318309383584
   0.11533642397022721
   0.11917305395415526
   0.12331729927917656
   0.1280594524178516
   0.13267457595783
   0.13725209412169273
   0.14182324110680872
   0.14711267480281906
   0.15231443815672893
   0.1581900706097257
   0.16360476696450504
   0.17007199912128393
   0.17589460257779374
   0.18304860189903116
   0.1897608169754494
   0.19629030949397375
   0.2039591185819109
   0.21159946052861286
   0.22006824547889683
   0.22860923015827686
   0.23699839094601466
   0.2462879722209552
   0.2559574215003542
   0.2665261261489387
   0.27739483924685765
   0.28865494657504137
   0.30014336046462864
   0.3128571910287344
   0.32696813214316467
   0.34093458685429673
   0.35643684796939834
   0.3733193138383815
   0.3900633787296495
   0.40914891086820704
   0.42837710795003975
   0.44359538498189993
   0.4538950236941467
   0.46042088606811704
   0.4633884531372788
   0.46305542053753135
   0.46044433564998927
   0.453698980286445
   0.44303987354981944
   0.42888917423454515
   0.40961210186731545
   0.3906347093025785
   0.37321140078786447
   0.35622127361374695
   0.340922610636725
   0.3260160216940879
   0.3129246173862964
   0.300221616994846
   0.28828392747255266
   0.2765994244595603
   0.2659111152805576
   0.2557446417626575
   0.24618674192309786
   0.2375137128483322
   0.22834027147255476
   0.22012705577788477
   0.2115473758668729
   0.2041890111111761
   0.1969415157756231
   0.18954065862181127
   0.18285457821514886
   0.17648230843356508
   0.17077536680903369
   0.16411639584441282
   0.15875526535491666
   0.15310224087138632
   0.14689384346037107
   0.14231162689126986
   0.1373551643359288
   0.13239901304613264
   0.12811776310863376
   0.12425079212620739
   0.11920428913252241
   0.11493931159685966
   0.11088006944040935
   0.10689356051624438
   0.10384880800779564
   0.09951752079061255
   0.09600098312746594
   0.09338828686725119
   0.08943236517273823
   0.08700642081685696
   0.08356891451514732
   0.08056464556360936
   0.07786247160211394
   0.0752550647862986
   0.07258328186545439
   0.0699138596774631
   0.06745254432532549
   0.06485813438574994
   0.06246827571487787
   0.060478240715153085
   0.05842463088244546
   0.05618654055545687
   0.054802702587007514
   0.05276413450024552
   0.05079813524136491
   0.049093051363303955
   0.047247754096464735
   0.04572994406250679
   0.04497990647378004
   0.04268534338809986
   0.04134537457805891
   0.0396632058602176
   0.03815322174548304
   0.036833735265242924
   0.035936169766824066
   0.03491031357278247
   0.033659121005159956
   0.03197235027895197
   0.031136779203379403
   0.02947673472265882
   0.028896946046944132
   0.027593204640092097
   0.026665206313659002
   0.02547494932360023
   0.024991916228252687
   0.023784988832244593
   0.02297931657034212
   0.022968626332238503
   0.02157511264026216
   0.0206905626835038
   0.020105137074638412
   0.019491600586919483
   0.019504533569147456
   0.018375002251700544
   0.0173306268542139
   0.01618826117129323
   0.015597018468604826
   0.015641857559446064
   0.014187214235007519
   0.014726648481918755
   0.013927643878273166
   0.013478951157638341
   0.012848574348541553
   0.01320168925516731
   0.012283648063584368
   0.011348580441623525
   0.011090166438787111
   0.010990576645472247
   0.010192840318086024
   0.010266170384325403
   0.009720871108599271
   0.009343231119371928
   0.009539178662757082
   0.008769090141514113
   0.008561379719998407
   0.00813619900444919
   0.007707020705824009
   0.007987360054486088
   0.006920879908653234
   0.006870135439712961
   0.006618077533544012
   0.00637173751813428
   0.006284834246819879
   0.005974888041628897
   0.006074479216360856
   0.005366512998214017
   0.0050199234416472924
   0.00514777582942381
   0.004959806044594889
   0.004888731302700119
   0.0043703292770682625
   0.004615166275444472
   0.004722258052034006
   0.00428950118778396
   0.004195218797631418
   0.0034058648475827694
   0.00389870107086963
   0.0031464145165569016
   0.0033615360045669597
   0.0032248921594372733
   0.002569041253074773
   0.0031780393940289663
   0.0029154682488409986
   0.00279284112688137
   0.0024289862062185533
   0.0024698133350518616
   0.0023452039378271563
   0.0022583138643687242
   0.002846045324656654
   0.002529817946019041
   0.0024494870973328273
   0.0025884328830394657
   0.002366428186106648
   0.0021908869345541315
   0.001816588205950925
   0.002097615827552796
   0.0016431663305946844
   0.001612450309311887
   0.0013784040590479993
   0.0013784038268954421
   0.0013784038268954421
   0.000999999499999875
   0.0010488082713251265
   0.0014491368982949815
   0.001414213053256121
   0.0014491370915134289
   0.0013784038268954421
   0.000836659733703015
   0.001303840017026629
   0.001414213053256121
   0.0007745964368624477
   0.001224744377411058
   0.001303840017026629
   0.001095444822891596
   0.0008944269897537752
   0.001095444822891596
   0.0010488084620177318
   0.00044721355077859614
   0.0007745965659619206
   0.00031622775020544923
   0.0009999996799999488
   0.0005477224753467763
   0.0005477224753467763
   0.0006324554055425568
   0.00031622775020544923
   0.00031622775020544923
   0.00031622775020544923
   0.0005477224753467763
   0.0007071066044098301
   0.0005477224753467763
   0.0007071067175469343
   0.0007071067175469343
   0.0
   0.00044721355077859614
   0.0007071067175469343
   0.00031622775020544923
   0.00044721355077859614
   0.00031622775020544923
   0.0
   0.00044721355077859614
   0.00044721355077859614
   0.00031622775020544923
   0.0006324555004108985
   0.00031622775020544923
   0.0006324555004108985
   0.00044721355077859614
   0.0
   0.00031622775020544923
   0.0
   0.0
   0.0
   0.0
   0.00031622775020544923
   0.0
   0.00031622775020544923
   0.0
   0.0
   0.0
   0.00031622775020544923
   0.0
   0.0
   0.00031622775020544923
   0.0
   0.0
   0.0
   0.0
   0.0009486832506163476
   0.0
   0.0
   0.0
   0.00031622775020544923
   0.00031622775020544923
   0.0
   0.0
   0.0
   0.0
   0.0
   0.0
   0.0
   0.0
   0.0
   0.0
   0.0
   0.0
   0.0
   0.0
   0.0
   0.0
   0.0
   0.0
   0.0
   0.0
   0.0
   0.0
   0.0
   0.0
   0.0
   0.0
   0.0
   0.0
   0.0
   0.0
   0.0
   0.0
   0.0
   0.0
   0.0
   0.0
   0.0
   0.0
   0.0
   0.0
   0.0
   0.0
   0.0
   0.0
   0.0
   0.0
   0.0
   0.0
   0.0
   0.0
   0.0
   0.0
   0.0
   0.0
   0.0
   0.0
   0.0
   0.0
   0.0
   0.0
   0.0
   0.0
   0.0
   0.0
   0.0
   0.0
   0.0
   0.0
   0.0
   0.0
   0.0
