   0.0
   0.0
   0.0
   0.0
   0.0
   0.0
   0.0
   0.0
   0.0
   0.0
   0.0
   0.0
   0.0
   0.0
   0.0
   0.0
   0.0
   0.0
   0.0
   0.0
   0.0
   0.0
   0.0
   0.0
   0.0
   0.0
   0.0
   0.0
   0.0
   0.0
   0.0
   0.0
   0.0
   0.0
   0.0
   0.0
   0.0
   0.0
   0.0
   0.0
   0.0
   0.0
   0.0
   0.0
   0.0
   0.0
   0.0
   0.0
   0.0
   0.0
   0.0
   0.0
   0.0
   0.0
   0.0
   0.0
   0.0
   0.0
   0.0
   0.0
   0.0
   0.0
   0.0
   0.0
   0.0
   0.0
   0.0
   0.0
   0.0
   0.0
   0.0
   0.0
   0.0
   0.0
   0.0
   0.0
   0.0
   0.0
   0.0
   0.0
   0.0
   0.0
   0.0
   0.0
   0.0
   0.0
   0.0
   0.0
   0.0
   0.0
   0.0
   0.0
   0.0
   0.0
   0.0
   0.0
   0.0
   0.0
   0.0
   0.0
   0.0
   0.0
   0.0
   0.0
   0.0
   0.0
   0.0
   0.0
   0.0
   0.0
   0.0
   0.0
   0.0
   0.0
   0.0
   0.0
   0.0
   0.0
   0.0
   0.0
   0.0
   0.0
   0.0
   0.0
   0.0
   0.0
   0.0
   0.0
   0.0
   0.0
   0.0
   0.0
   0.0
   0.0
   0.0
   0.0
   0.0
   0.0
   0.0
   0.0
   0.0
   0.0
   0.0
   0.0
   0.0
   0.0
   0.0
   0.0
   0.0
   0.0
   0.0
   0.0
   0.0
   0.0
   0.0
   0.0
   0.0
   0.0
   0.0
   0.0
   0.0
   0.0
   0.0
   0.0
   0.0
   0.0
   0.0
   0.0
   0.0
   0.0
   0.0
   0.0
   0.0
   0.0
   0.0
   0.0
   0.0
   0.0
   0.0
   0.0
   0.0
   0.0
   0.0
   0.0
   0.0
   0.0
   0.0
   0.0
   0.0
   0.0
   0.0
   0.0
   0.0
   0.0
   0.0
   0.0
   0.0
   0.0
   0.0
   0.0
   0.0
   0.0
   0.0
   0.0
   0.0
   0.0
   0.0
   0.0
   0.0
   0.0
   0.0
   0.0
   0.0
   0.0
   0.0
   0.0
   0.0
   0.0
   0.0
   0.0
   0.0
   0.0
   0.0
   0.0
   0.0
   0.0
   0.0
   0.0
   0.0
   0.0
   0.0
   0.0
   0.0
   0.0
   0.0
   0.0
   0.0
   0.0
   0.0
   0.0
   0.0
   0.0
   0.0
   0.0
   0.0
   0.0
   0.0
   0.0
   0.0
   0.0
   0.0
   0.0
   0.0
   0.0
   0.0
   0.0
   0.00031622775020544923
   0.0
   0.0006324555004108985
   0.0
   0.0018973665012326953
   0.0
   0.0
   0.0
   0.0
   0.0
   0.00031622775020544923
   0.0
   0.0
   0.0
   0.00031622775020544923
   0.0
   0.00031622775020544923
   0.0
   0.0
   0.0
   0.00031622775020544923
   0.0006324555004108985
   0.00031622775020544923
   0.0
   0.0
   0.0
   0.0
   0.0
   0.0
   0.0
   0.0
   0.0
   0.0
   0.0
   0.0
   0.0
   0.0
   0.0
   0.0
   0.0
   0.0
   0.0
   0.0
   0.0
   0.0
   0.0
   0.0
   0.0
   0.0
   0.0
   0.0
   0.0006324555004108985
   0.0
   0.0
   0.0
   0.0
   0.0
   0.00031622775020544923
   0.0
   0.00031622775020544923
   0.0
   0.0
   0.0
   0.0009486832506163476
   0.0
   0.0
   0.0
   0.0006324555004108985
   0.0
   0.0
   0.0
   0.0
   0.00031622775020544923
   0.0
   0.0
   0.001264911000821797
   0.0
   0.0
   0.0
   0.0
   0.0
   0.0
   0.0
   0.00031622775020544923
   0.00031622775020544923
   0.0
   0.0
   0.0
   0.0
   0.0
   0.0
   0.0
   0.0
   0.0
   0.0
   0.0
   0.0
   0.0
   0.0
   0.0
   0.0
   0.0
   0.0
   0.0
   0.0
   0.0009486832506163476
   0.0
   0.0
   0.0
   0.0
   0.0006324555004108985
   0.0
   0.0
   0.0006324555004108985
   0.0
   0.0
   0.0
   0.0
   0.00031622775020544923
   0.0
   0.0
   0.0
   0.0
   0.0009486832506163476
   0.0
   0.00031622775020544923
   0.0
   0.0
   0.0
   0.0
   0.0
   0.0
   0.0
   0.0
   0.0
   0.0006324555004108985
   0.0
   0.00031622775020544923
   0.0
   0.0
   0.0
   0.0
   0.0
   0.0
   0.0
   0.0
   0.00031622775020544923
   0.0009486832506163476
   0.0
   0.0
   0.0
   0.0
   0.0
   0.0006324555004108985
   0.0
   0.0022135942514381448
   0.00031622775020544923
   0.0
   0.0
   0.0
   0.0006324555004108985
   0.0
   0.0009486832506163476
   0.0
   0.0
   0.0009999999199999969
   0.0
   0.0005477224753467763
   0.0006324555004108985
   0.00044721355077859614
   0.00044721355077859614
   0.0007071067175469343
   0.00044721355077859614
   0.0
   0.0007071067175469343
   0.0009486832506163476
   0.0
   0.0008944271015571923
   0.0
   0.00031622775020544923
   0.00164316752341324
   0.00031622775020544923
   0.0
   0.001264911000821797
   0.0
   0.0
   0.0
   0.0
   0.00044721355077859614
   0.00031622775020544923
   0.0
   0.00031622775020544923
   0.0017888538341630934
   0.0007071067175469343
   0.0007071067175469343
   0.0013784046974673295
   0.00031622775020544923
   0.0006324555004108985
   0.00044721355077859614
   0.00044721355077859614
   0.0
   0.00031622775020544923
   0.0009999999199999969
   0.002236067834391435
   0.0007071067175469343
   0.0
   0.0009486832506163476
   0.0007071067175469343
   0.00031622775020544923
   0.0
   0.0
   0.00044721355077859614
   0.001048808728987321
   0.0006324555004108985
   0.0011401753154668803
   0.0006324555004108985
   0.0013416406523357883
   0.0005477224753467763
   0.0011401753154668803
   0.00031622775020544923
   0.00031622775020544923
   0.0
   0.0008366598771304861
   0.0024083187081447507
   0.0006324555004108985
   0.0015811385739396785
   0.0007071067175469343
   0.00044721355077859614
   0.0006324554055425568
   0.0
   0.0007745965659619206
   0.0007071067175469343
   0.0010954449506935526
   0.00031622775020544923
   0.0007071067175469343
   0.001897366332577871
   0.00031622775020544923
   0.0010954449506935526
   0.00031622775020544923
   0.0012247446713499104
   0.0007071067175469343
   0.00031622775020544923
   0.0008944269897537752
   0.001048808614571791
   0.002236067834391435
   0.0006324554055425568
   0.0009486831662889355
   0.00044721355077859614
   0.0007071067175469343
   0.0019999998399999937
   0.00044721355077859614
   0.0009999998199999838
   0.0007745965659619206
   0.001341640547985935
   0.0007071067175469343
   0.00031622775020544923
   0.0007745965659619206
   0.0015491930157343209
   0.0010488084620177318
   0.0012649106687825824
   0.0012649108110851135
   0.0014142132088196602
   0.001048808614571791
   0.0011832156861705308
   0.000948683039797803
   0.0016124512395728438
   0.0014142133360989068
   0.0025884352628566935
   0.001612450941889396
   0.0008944269897537752
   0.0018165897473012447
   0.0008366598771304861
   0.001788853666457936
   0.0021679473217769848
   0.0020248447817055016
   0.0011832156861705308
   0.0013784045813911097
   0.0021908897827138635
   0.0007745965659619206
   0.002073643438491777
   0.001140175210219903
   0.0009486831662889355
   0.0014832394816751608
   0.001095444822891596
   0.0025690460174936534
   0.001140175210219903
   0.0016431671582647943
   0.0013784045813911097
   0.0016733196227857964
   0.002792846798519389
   0.0023021722589762913
   0.001612450941889396
   0.002121319492674312
   0.0018439083599788792
   0.0016431671582647943
   0.0023452071102570025
   0.001341640249843452
   0.0017029381403914825
   0.000894426833228968
   0.0023452071102570025
   0.0015491927058955577
   0.002345206939696367
   0.0018439083599788792
   0.0014491370915134289
   0.0015811382956591748
   0.0018708280920490797
   0.001949358212335537
   0.001224744377411058
   0.0022803495872343784
   0.0014142128694082797
   0.001341640249843452
   0.002190889317149545
   0.0022583169817366206
   0.0015491925122462992
   0.002302171529230609
   0.003376387086813359
   0.0022583171588596673
   0.0028809705986004093
   0.002756808524362909
   0.0020248443668588454
   0.0022135931672283412
   0.0014142128694082797
   0.0017320498722611887
   0.0029832847249298884
   0.00223606708307242
   0.0025884341965752193
   0.002366430011642009
   0.00333166347490259
   0.002366430011642009
   0.002846047742045098
   0.002323788768369449
   0.002810691429168275
   0.0031937402774803087
   0.00330151200361289
   0.0034351097275050766
   0.003492846541146633
   0.004335893061411917
   0.0026645804754219754
   0.0030822034180112124
   0.003507129924881598
   0.003331663727028885
   0.0030331466894959105
   0.0027748840534335844
   0.002720290859448673
   0.003361543691520311
   0.0033166203943170826
   0.0034640977122477362
   0.004393171108663991
   0.004147282695934774
   0.003701345397284614
   0.004878517807695284
   0.003633176984403595
   0.0033615427633751738
   0.0037549929307523337
   0.004753936436259955
   0.004438460813164852
   0.004277843352671998
   0.003999994219995824
   0.004959831593915261
   0.0036605950936971984
   0.004785386896584225
   0.005422168186251695
   0.005099010476553269
   0.003974913729881443
   0.004949735903055839
   0.005224927971752338
   0.004582567625251154
   0.005234491757563479
   0.004381771217213422
   0.004868255694804865
   0.004195225305034284
   0.0047644433872174406
   0.004826996365235839
   0.0038209854016994097
   0.005049741552792578
   0.00391151263707533
   0.006156284073205199
   0.005779255370720349
   0.004898968017858455
   0.0052820342208281836
   0.005558763674595278
   0.006024931633637016
   0.006099164205036621
   0.006228945564058174
   0.0059497715048563
   0.005916062741384678
   0.006640767256123346
   0.005932941314390359
   0.005630257648633853
   0.005966551563508019
   0.006899250252020143
   0.006148149640338953
   0.0058736526548647736
   0.006260967257540963
   0.005787896059018337
   0.007078109577422492
   0.005966550464045368
   0.006855628823091285
   0.007273212477990726
   0.007596016481683014
   0.0066482797504316855
   0.006618124782746242
   0.007707104628847334
   0.007190234098414321
   0.007113329209308395
   0.007429634025980014
   0.008538098026492785
   0.007778133446399592
   0.008324619976311232
   0.008473442462187371
   0.0078357740421735
   0.007713579474537097
   0.00871775356155472
   0.008774912418936158
   0.006971330076821783
   0.008408279538050576
   0.008173074535326348
   0.00848522253332227
   0.008336607990663828
   0.00920319932143165
   0.008449795935997508
   0.008677489470463217
   0.009617621243841952
   0.009268155759912541
   0.009570718142333939
   0.008555630697967276
   0.009099391417012458
   0.010478457976248223
   0.011148893178697158
   0.009428591809490959
   0.010890263864571877
   0.011072391206961574
   0.010871877260160732
   0.010193044667320947
   0.011112928524470947
   0.011202571525770321
   0.01275919435701173
   0.010554497589179694
   0.011207012404740167
   0.011840470894352133
   0.011916234136672543
   0.011317997755345244
   0.012283993942932406
   0.013434854213946648
   0.012605383116351523
   0.012255439647764578
   0.013375176077719502
   0.01118466022684641
   0.013003671431945672
   0.013371427446611675
   0.013751158496286777
   0.01343111586726881
   0.0125815386177526
   0.013751148548030452
   0.012609311211957614
   0.014148987717854588
   0.014587410155336005
   0.014788257243840466
   0.014003306280661007
   0.015342460318997081
   0.014912789022848812
   0.014989689896392119
   0.014932889926601614
   0.015993422246661282
   0.015568853008491024
   0.015472218818256158
   0.015974586415929522
   0.015693585157955464
   0.015148868860413308
   0.017603563034510942
   0.01711098312897304
   0.017145976922881938
   0.016795400553425335
   0.01762907754251481
   0.017483807912179773
   0.01702599774433205
   0.018395123474442894
   0.01918533102112132
   0.019803473431698793
   0.01862467707934825
   0.018822296080712363
   0.018516946009264054
   0.019954263775945228
   0.019536461632291554
   0.019408004954399614
   0.020289624140185543
   0.021722417091797126
   0.020860652031036805
   0.021219444944437168
   0.02242004333604197
   0.021866868087588583
   0.022159806558496847
   0.02339551818190826
   0.023565880335773583
   0.023620911653871448
   0.02339331805772751
   0.023048763041647158
   0.023059622199854014
   0.024505899080833577
   0.025114519500878372
   0.025183972124944866
   0.024745376178995544
   0.025308641129859186
   0.02619201939045556
   0.02608680463069404
   0.024637953737881725
   0.027591800636420957
   0.02645584381871045
   0.027971374508772358
   0.02694818783796046
   0.028140645501480592
   0.028933999155146183
   0.028661570451739032
   0.02857239218528963
   0.028614270002046183
   0.029805522527041863
   0.030163790026453904
   0.029890681675732993
   0.031740023636412124
   0.03147590566115612
   0.031464624430620494
   0.0322397852195079
   0.03232966290204709
   0.033482537542874495
   0.034597125235487414
   0.034283530851416104
   0.03360008547608175
   0.03495490060048805
   0.0361015637201493
   0.03553340100679922
   0.03700925330292412
   0.037152193789330934
   0.03812155970786085
   0.03718157305709375
   0.03857356194480878
   0.03754785531238768
   0.039900827921109605
   0.03940413566809961
   0.03961769498595293
   0.039862756632099594
   0.04150058035064088
   0.0411763618009168
   0.0431755872361917
   0.043888480890092334
   0.043169336339582524
   0.04321453233242262
   0.04505792824520453
   0.044898562293240525
   0.04673024219400109
   0.04667107540907966
   0.04632576827975981
   0.04788947155262835
   0.04748376679076756
   0.04876185917035978
   0.05025383915433725
   0.049711482217994665
   0.050565719941873664
   0.05086685189826475
   0.051587749831815695
   0.05139124120227104
   0.05279171165770248
   0.054081196329593156
   0.054256964352145616
   0.05485669004086922
   0.056079856603240344
   0.05761486706666952
   0.05579477638596645
   0.056597621027654504
   0.05854029829100634
   0.058212173138528334
   0.05930132154716284
   0.060816496367022
   0.06156655289286546
   0.06218915344262213
   0.0632438851782526
   0.06497441677699001
   0.06427508037171172
   0.06435026317615182
   0.0666595167722509
   0.06638160923026798
   0.06829120157414131
   0.06939243470112574
   0.06966396871582899
   0.07112910108520984
   0.0712625102535688
   0.07275773881691212
   0.07334000305256334
   0.07339554449011193
   0.07449030898573317
   0.07713503768580139
   0.07652161297803385
   0.07768610518175048
   0.07941734460431173
   0.07991832886240803
   0.08085696874456771
   0.08119066310629566
   0.08236197296689778
   0.08494100098721465
   0.08507121264158635
   0.08712867398135932
   0.08823711833712612
   0.08895396423988085
   0.0892608561545317
   0.09075797701050856
   0.09226649840711416
   0.09415350168549229
   0.09451574794662528
   0.09470657879867692
   0.09633150811603647
   0.09765644008072381
   0.09903552305465954
   0.10101860973880011
   0.10168891761662133
   0.1018995799441293
   0.10456228457484085
   0.10647885097783502
   0.10718639538672807
   0.1087214997746076
   0.10967936365748115
   0.11086806886525083
   0.11175256397913204
   0.11249842256227417
   0.11491721646259102
   0.11728018883187391
   0.11812481855558551
   0.12004207095843523
   0.12129091921755726
   0.12281210926549548
   0.12496594465693443
   0.1261425297269323
   0.12759586918231328
   0.12875813847675804
   0.13034086238643658
   0.1328447687788646
   0.13357519759113218
   0.13591231073655544
   0.1370570847200538
   0.13959798154840922
   0.1405941453039564
   0.1430006214235099
   0.14356861720083536
   0.1469383233645668
   0.1474876914099614
   0.15027253987325828
   0.15181637927852185
   0.15446819958266492
   0.15579450042976484
   0.15767765977347584
   0.1587505810924483
   0.16168987211374744
   0.16421900124845482
   0.16618278751877405
   0.16754643243184858
   0.17002430395634618
   0.17194695955436373
   0.1745450756788916
   0.17638775318255517
   0.17900767320980965
   0.1809138987287599
   0.18369177264077452
   0.18559700242234517
   0.1885748093142613
   0.19029259423422132
   0.1915615717779534
   0.19536115061250023
   0.19736594750946782
   0.20060144981507486
   0.20286886057500297
   0.20493410065833356
   0.20809338334927902
   0.21040936468206448
   0.21266292760307332
   0.2157804200569644
   0.2182326710857932
   0.22111408795560722
   0.2232288438466454
   0.22642156074711614
   0.2280416601412119
   0.23197447090151968
   0.2364362512808685
   0.2382673497749744
   0.24090773560149537
   0.24456637107155596
   0.24828129566078874
   0.2500387829792611
   0.25362804800660355
   0.25639773136623106
   0.2603067048451883
   0.262842162480147
   0.2654309132895978
   0.2688160000892804
   0.2729662049886579
   0.27585526255337234
   0.27981294835970333
   0.2839852007642476
   0.28692792174995796
   0.2911464328835062
   0.29532621034882767
   0.2973296435148033
   0.3024383009495325
   0.30397934345603156
   0.30983775808882624
   0.3131049025940667
   0.3171077463726801
   0.3217278749264819
   0.32457628194007027
   0.32831137075914685
   0.33300043972367366
   0.3378853851778144
   0.34192461463835855
   0.3451395095805608
   0.34975323865691366
   0.3542421106801957
   0.3589677733767197
   0.363260064665468
   0.36725777099312684
   0.3718164715296513
   0.37734530886793866
   0.381370240908805
   0.3860957869824404
   0.39047380564596135
   0.39461068286963547
   0.3988204716610721
   0.40536413510027003
   0.4099750863931124
   0.4149662135204624
   0.42185987991673257
   0.4255745097018735
   0.43110570907841156
   0.4358662200542616
   0.4420787105417315
   0.44597016481374624
   0.45202712547770846
   0.45795646213307223
   0.462016408229394
   0.4690601696972788
   0.4735510721252777
   0.479841416119951
   0.4855717376268825
   0.6193223772793939
   0.6222199694284892
   0.6242149861313809
   0.6277556105874323
   0.6280340313199596
   0.6273796743583904
   0.6262405548515603
   0.6245032242834619
   0.6229526134797012
   0.6181400520090491
   0.4854993519338208
   0.4795933630858542
   0.4737660159278628
   0.467748313230267
   0.4634148897854276
   0.45784646322319666
   0.4514305672641586
   0.44609776040679694
   0.4411645751443672
   0.43572120492579886
   0.43055656950770127
   0.4243682268381435
   0.4202659732447537
   0.4146837599471554
   0.41152951667995824
   0.40531340168398083
   0.4010886184129886
   0.3956786208219873
   0.3912066775526205
   0.38712210724575
   0.38065867713108814
   0.3779167545023507
   0.37138780339429567
   0.368108525768896
   0.36261842977927916
   0.35964222729590584
   0.3531801451152655
   0.3499255803163724
   0.3461382965370778
   0.3411850463587025
   0.3382152798411686
   0.333505088332622
   0.3306220006704938
   0.32434665657003464
   0.321048118611463
   0.3171893783439792
   0.31323130090204904
   0.31028804168101615
   0.30608591814898967
   0.30146326543385016
   0.2982169092707521
   0.2942580422346176
   0.2900225889903061
   0.2873480885976275
   0.2839487508757698
   0.27938875997176404
   0.2763251498210758
   0.27429619510592923
   0.27032805519573805
   0.2663794934172674
   0.2638168269059235
   0.2594757490995835
   0.2584500934648506
   0.2535673278934019
   0.2516212068770039
   0.24788761500518738
   0.24427516993292625
   0.24117762561697137
   0.23787094911913897
   0.23611218315631238
   0.23246104504961687
   0.2293000555561206
   0.2277395300265415
   0.22375605708932217
   0.22162593977400297
   0.21870445793124565
   0.21567860550362894
   0.21287546092408116
   0.21072216474960578
   0.2079464201642096
   0.20616676137338436
   0.20275676906655918
   0.20069301558028868
   0.19847968793808599
   0.1944360307807172
   0.1934497900739104
   0.1907370158431761
   0.18842873157042692
   0.18517373094378156
   0.18386168825611823
   0.1811459363405925
   0.17792727609571277
   0.17666657408912984
   0.17385761389939183
   0.17115184897441219
   0.17018977840631322
   0.16830002623050894
   0.16583202959320012
   0.16326127680390107
   0.16209308806374195
   0.15978197570361308
   0.15734766597112268
   0.15669669390229649
   0.15451791168634788
   0.15165444538107017
   0.14995011629205227
   0.14790471165689753
   0.14684851101046276
   0.1437663998396009
   0.14334036963758673
   0.14033633322126526
   0.13951014980907303
   0.13744774837748341
   0.1353258122818777
   0.13475409804098723
   0.13245376155621252
   0.13103956459600286
   0.12921814642684673
   0.12739155725365006
   0.12589462915295474
   0.12449044719877105
   0.1229796963008122
   0.12105630990472988
   0.11910088305797738
   0.11800019586407473
   0.11669863406072926
   0.1158858187333981
   0.11402213377831516
   0.1130872503759376
   0.11097558199441894
   0.11027041310233675
   0.1082293304504375
   0.1075425209951394
   0.10583665387563043
   0.1041526818443001
   0.10201895975631195
   0.10202398599226556
   0.1000825089509151
   0.09904735042145246
   0.09794835370617516
   0.09654151846661621
   0.09509044710884475
   0.09385267586888506
   0.09295460542517514
   0.09190861824203429
   0.0904304848045724
   0.09037441195554193
   0.0884538789073153
   0.08649841141639539
   0.08696093578130355
   0.085719257213534
   0.08351331297218426
   0.08440536249403827
   0.08252750280185388
   0.08074943070703347
   0.07930930419005075
   0.07955561399574514
   0.07824143953117171
   0.0766210219038483
   0.07560920783052816
   0.07516794031227675
   0.07359148015225675
   0.07297538939012248
   0.07312984390630134
   0.07175346879419837
   0.07017452689110201
   0.06997555203004832
   0.07031695926524412
   0.06790506773430094
   0.06713274141393304
   0.06742196804454761
   0.06550873581317228
   0.06385382992671623
   0.06488264073417481
   0.06322585516630044
   0.06222696364117407
   0.062325414165009765
   0.06068123562486183
   0.060530137099134344
   0.05903210212748653
   0.058242220457671426
   0.05677028085107559
   0.057407068860550615
   0.056820091907616624
   0.05575899881732096
   0.05544568034247573
   0.054586365651506784
   0.05251135853317832
   0.0532654668523613
   0.05221616672219438
   0.0516940796392585
   0.05120197060231178
   0.04930340842487464
   0.04944950632301601
   0.0493058116768196
   0.0485267460289684
   0.04750155860506053
   0.047900053063749316
   0.0462632975235229
   0.045635606842026326
   0.045288668480757965
   0.04358841266942397
   0.04373847352514717
   0.04301270383863354
   0.04354622652205355
   0.04238781428181925
   0.043242544772365096
   0.041643358266955366
   0.04029666236290544
   0.041057588270135885
   0.040239983980985876
   0.03884571904135641
   0.03965206381904982
   0.03889372568924196
   0.037450454090571454
   0.03691158028315775
   0.03682900891294796
   0.03634419284067263
   0.035761716307246776
   0.03663051354690513
   0.0357606407827097
   0.03502915111375096
   0.03494920155182376
   0.0340068924659399
   0.0336091581798771
   0.03292405962757327
   0.03187174816604825
   0.03292276444513735
   0.03136287496770664
   0.03126382005513722
   0.03160118413983881
   0.03217191930301952
   0.03030103839392307
   0.029803789986510107
   0.029652343367093267
   0.029186911694113853
   0.029059895044545498
   0.029396868620824225
   0.028172535544391458
   0.02773619376843189
   0.026504911990798987
   0.027683986207011447
   0.02720680612916555
   0.026119264116548156
   0.027305870050046015
   0.026402948089938743
   0.02520565913520216
   0.02524141710681078
   0.026296909013038015
   0.025283067210882464
   0.024071527712008645
   0.024325667484367205
   0.023875565747223666
   0.023122487322734118
   0.022835317644166898
   0.022922714697653068
   0.02340623275775066
   0.022760757517929844
   0.0217453726201691
   0.0213906707702213
   0.0221959732922438
   0.020223035577281667
   0.02155384358855747
   0.01954661366042722
   0.02075014699128659
   0.020410044890690465
   0.020803129794336236
   0.020566249586154495
   0.020706748778115795
   0.01899942045010847
   0.019577465841880557
   0.018766433677180117
   0.018414121330924266
   0.017489481510610885
   0.018675657293921413
   0.018206649081860177
   0.018024491238034984
   0.01658570251481679
   0.01763756770957946
   0.017529535053446225
   0.01638255399380695
   0.01698783654147873
   0.01676862059443173
   0.01576034060545647
   0.01634281938681328
   0.014919493169675705
   0.015469000613808249
   0.014152450173379873
   0.01448073926807606
   0.015899378558924874
   0.014335006577954543
   0.014418477142541788
   0.014828759111604719
   0.014131268803260379
   0.014159556057659435
   0.013122278520135137
   0.013953256170156126
   0.013874228223220202
   0.01376205072509181
   0.01327007381705166
   0.014063926911072881
   0.013375151796895616
   0.012911053704094023
   0.013479414939454903
   0.01242158765013555
   0.012453746982735759
   0.011991514664962054
   0.013776611181273863
   0.012189993009021785
   0.011558395016610221
   0.012557711523601743
   0.011730160235904709
   0.010894831240088118
   0.01073300417217845
   0.009904442639038303
   0.010487982273059008
   0.01092233995030369
   0.009439186638159031
   0.010751636898630831
   0.010587631836723451
   0.011022594485419483
   0.00938607941528304
   0.009364742814941584
   0.009251950401942283
   0.010188140273867455
   0.009055294122224855
   0.009914553742352703
   0.009944762983098189
   0.010094476485187333
   0.009370078326246799
   0.009476208389435092
   0.0096280116696024
   0.00861388640510194
   0.009465662945615589
   0.0090663563044919
   0.008803353496821539
   0.008354590477097008
   0.008437952298988185
   0.007681092503023251
   0.008074611113855577
   0.008142433394876497
   0.0071623645809187906
   0.007899325581339206
   0.007829395781923404
   0.0072456534384415594
   0.007596014633345568
   0.006999969688505801
   0.007835780270017786
   0.007463216732080075
   0.0069999660542034055
   0.007113333055607617
   0.006920954551938627
   0.0057358317539830265
   0.006457527216357666
   0.007974924701838883
   0.0064420198501712175
   0.0062609638842593554
   0.007790989127832229
   0.005873650135137434
   0.006387466198736398
   0.006123702127798183
   0.005329148689987923
   0.005890648038204286
   0.006016620127613176
   0.005949774368831141
   0.006737931762788934
   0.005069502302001648
   0.006236967191672568
   0.005385152740637911
   0.00588215932800192
   0.006542155045548829
   0.005585680889560377
   0.004774920945942456
   0.004785383360818651
   0.005522665906063846
   0.005594626328004401
   0.00483734303517954
   0.003872974236939874
   0.005513606873907497
   0.003660593563890971
   0.004795821510440104
   0.005848063460667984
   0.004837347004298947
   0.005059635148901549
   0.003646907510480626
   0.0045387152367162235
   0.0036331744301643432
   0.004242633880032544
   0.0038470693053284082
   0.0040743026691692896
   0.0035916518191495125
   0.0040249162724210795
   0.003591651473904449
   0.003687812571159223
   0.004012474596804321
   0.004183295685222358
   0.003807881982152283
   0.003271081153074622
   0.003316621021461451
   0.002863559847462595
   0.003962318451361526
   0.0029664755114445153
   0.0024698150355846487
   0.0034351085630588154
   0.003049587380286061
   0.0035777040626636517
   0.002626782775564055
   0.0027748851778046603
   0.0027748849183344524
   0.003701347310102093
   0.003949679561685986
   0.0025099786273990463
   0.0031464236062552033
   0.0026832801121016046
   0.0034058746835431276
   0.0027748851778046603
   0.002756807399873992
   0.0027928463974948568
   0.0028106916853329893
   0.002549507621090786
   0.003492846541146633
   0.0014832388344430576
   0.002915474299320781
   0.0024289904713687125
   0.0026076787455513
   0.0027202924475136863
   0.0018439078068059694
   0.002701849868145897
   0.0019999985599994815
   0.002549507621090786
   0.002792846175499109
   0.0023237889663220283
   0.0018973650782071435
   0.0020736428598001153
   0.002049389362712708
   0.0027748862589302647
   0.0019748408518156595
   0.0021679473217769848
   0.0014491368982949815
   0.0023874661693938197
   0.0021213193041124197
   0.0019493573915524058
   0.0030495885607734036
   0.0016733192881216662
   0.00167331946740603
   0.0028809699321582652
   0.002097617353093743
   0.0011832156861705308
   0.002345206547406859
   0.0014491370915134289
   0.0021213196623800007
   0.0018439083599788792
   0.0009999996799999488
   0.0017029381403914825
   0.0014142128694082797
   0.001923537821307395
   0.0014142132088196602
   0.0006324554055425568
   0.0016733196227857964
   0.00187082837000084
   0.0018165895931662717
   0.002949575344011405
   0.0013416404138218258
   0.0019748414594594676
   0.0009999996799999488
   0.0015491928737248954
   0.0009999996799999488
   0.0009999996799999488
   0.0016733196227857964
   0.0008944269897537752
   0.002645751038930156
   0.0014832394816751608
   0.0017606813425489576
   0.0018165897473012447
   0.0007071067175469343
   0.0014491373951423653
   0.0007071067175469343
   0.0007071066044098301
   0.0010954449506935526
   0.0006324554055425568
   0.00031622775020544923
   0.0012247446713499104
   0.0032557635049247666
   0.0007745965659619206
   0.0007071067175469343
   0.0012247445407104292
   0.0011401753154668803
   0.00031622775020544923
   0.00031622775020544923
   0.0017606813425489576
   0.00031622775020544923
   0.00044721355077859614
   0.00031622775020544923
   0.0007071067175469343
   0.0006324554055425568
   0.0007745965659619206
   0.0007071067175469343
   0.00031622775020544923
   0.00044721355077859614
   0.0005477224753467763
   0.0011832158044921476
   0.001048808728987321
   0.0017029384927236804
   0.0008944271015571923
   0.0009999999199999969
   0.00031622775020544923
   0.0008366598771304861
   0.0
   0.0018973665012326953
   0.00044721355077859614
   0.0
   0.00031622775020544923
   0.0009486831662889355
   0.0007071067175469343
   0.001048808728987321
   0.00031622775020544923
   0.00031622775020544923
   0.0
   0.0
   0.00044721355077859614
   0.0
   0.0
   0.0
   0.0
   0.0
   0.0
   0.0
   0.0
   0.00031622775020544923
   0.0
   0.0
   0.0
   0.0
   0.0
   0.0
   0.0018973665012326953
   0.0
   0.00044721355077859614
   0.00031622775020544923
   0.00031622775020544923
   0.0
   0.0
   0.00044721355077859614
   0.0
   0.0
   0.0
   0.0006324555004108985
   0.0
   0.0
   0.0006324555004108985
   0.0
   0.0
   0.0
   0.0009486832506163476
   0.0
   0.0
   0.0006324555004108985
   0.0
   0.0
   0.00031622775020544923
   0.00031622775020544923
   0.0
   0.0
   0.0
   0.0
   0.0015811387510272462
   0.0
   0.0
   0.0
   0.0009486832506163476
   0.0
   0.0
   0.00031622775020544923
   0.0
   0.0
   0.0
   0.0
   0.0
   0.0
   0.00031622775020544923
   0.0
   0.00031622775020544923
   0.0
   0.0
   0.0
   0.0
   0.00031622775020544923
   0.0
   0.0
   0.0
   0.0
   0.0
   0.0
   0.0
   0.0006324555004108985
   0.0
   0.0
   0.0
   0.0
   0.00031622775020544923
   0.0
   0.0
   0.0
   0.0018973665012326953
   0.0
   0.0
   0.0
   0.0
   0.001264911000821797
   0.0
   0.0
   0.0
   0.0
   0.0009486832506163476
   0.0
   0.0
   0.0006324555004108985
   0.0
   0.0
   0.0
   0.0
   0.0
   0.0
   0.0
   0.0
   0.0
   0.0
   0.0
   0.0
   0.0
   0.0
   0.0
   0.0
   0.0
   0.0
   0.0
   0.0
   0.0
   0.0
   0.0
   0.0
   0.0
   0.0
   0.0
   0.0
   0.0
   0.0
   0.0
   0.0
   0.0
   0.0
   0.0
   0.0
   0.0
   0.0
   0.0
   0.0
   0.0
   0.0
   0.0
   0.0
   0.0
   0.0
   0.0
   0.0
   0.0
   0.0
   0.0
   0.0
   0.0
   0.0
   0.0
   0.0
   0.0
   0.0
   0.0
   0.0
   0.0
   0.0
   0.0
   0.0
   0.0
   0.0
   0.0
   0.0
   0.0
   0.0
   0.0
   0.0
   0.0
   0.0
   0.0
   0.0
   0.0
   0.0
   0.0
   0.0
   0.0
   0.0
   0.0
   0.0
   0.0
   0.0
   0.0
   0.0
   0.0
   0.0
   0.0
   0.0
   0.0
   0.0
   0.0
   0.0
   0.0
   0.0
   0.0
   0.0
   0.0
   0.0
   0.0
   0.0
   0.0
   0.0
   0.0
   0.0
   0.0
   0.0
   0.0
   0.0
   0.0
   0.0
   0.0
   0.0
   0.0
   0.0
   0.0
   0.0
   0.0
   0.0
   0.0
   0.0
   0.0
   0.0
   0.0
   0.0
   0.0
   0.0
   0.0
   0.0
   0.0
   0.0
   0.0
   0.0
   0.0
   0.0
   0.0
   0.0
   0.0
   0.0
   0.0
   0.0
   0.0
   0.0
   0.0
   0.0
   0.0
   0.0
   0.0
   0.0
   0.0
   0.0
   0.0
   0.0
   0.0
   0.0
   0.0
   0.0
   0.0
   0.0
   0.0
   0.0
   0.0
   0.0
   0.0
   0.0
   0.0
   0.0
   0.0
   0.0
   0.0
   0.0
   0.0
   0.0
   0.0
   0.0
   0.0
   0.0
   0.0
   0.0
   0.0
   0.0
   0.0
   0.0
   0.0
   0.0
   0.0
   0.0
   0.0
   0.0
   0.0
   0.0
   0.0
   0.0
   0.0
   0.0
   0.0
   0.0
   0.0
   0.0
   0.0
   0.0
   0.0
   0.0
   0.0
   0.0
   0.0
   0.0
   0.0
   0.0
   0.0
   0.0
   0.0
   0.0
   0.0
   0.0
   0.0
   0.0
   0.0
   0.0
   0.0
   0.0
   0.0
   0.0
   0.0
   0.0
   0.0
   0.0
   0.0
   0.0
   0.0
   0.0
   0.0
   0.0
   0.0
   0.0
   0.0
   0.0
   0.0
   0.0
   0.0
   0.0
   0.0
   0.0
   0.0
   0.0
   0.0
   0.0
   0.0
   0.0
   0.0
   0.0
   0.0
   0.0
   0.0
   0.0
   0.0
   0.0
   0.0
   0.0
   0.0
   0.0
   0.0
   0.0
   0.0
   0.0
   0.0
   0.0
   0.0
   0.0
   0.0
   0.0
   0.0
   0.0
   0.0
   0.0
   0.0
   0.0
   0.0
   0.0
   0.0
   0.0
   0.0
   0.0
   0.0
   0.0
   0.0
   0.0
   0.0
   0.0
   0.0
   0.0
   0.0
   0.0
   0.0
   0.0
   0.0
   0.0
   0.0
   0.0
   0.0
   0.0
   0.0
   0.0
   0.0
   0.0
   0.0
   0.0
   0.0
   0.0
   0.0
   0.0
   0.0
   0.0
   0.0
   0.0
   0.0
   0.0
   0.0
   0.0
   0.0
   0.0
   0.0
   0.0
   0.0
   0.0
   0.0
   0.0
   0.0
   0.0
   0.0
   0.0
   0.0
   0.0
   0.0
   0.0
   0.0
   0.0
   0.0
   0.0
   0.0
   0.0
   0.0
   0.0
   0.0
   0.0
   0.0
   0.0
   0.0
   0.0
   0.0
   0.0
   0.0
   0.0
   0.0
   0.0
   0.0
   0.0
   0.0
   0.0
   0.0
   0.0
   0.0
   0.0
   0.0
   0.0
   0.0
   0.0
   0.0
   0.0
   0.0
   0.0
   0.0
   0.0
   0.0
   0.0
   0.0
   0.0
   0.0
   0.0
   0.0
   0.0
   0.0
   0.0
   0.0
   0.0
