   0.0957181058416327
   0.10811259529139054
   0.11036852710764061
   0.111050395399161
   0.11057341004848319
   0.11055785143787844
   0.11039185363494898
   0.11058751627552722
   0.11064424572254085
   0.11030937392075979
   0.11092755336705123
   0.11047293481930315
   0.11075102742638553
   0.11074078786066134
   0.11101230366243194
   0.1106563002666816
   0.110656179754002
   0.11062984884722568
   0.11097501882996011
   0.11079146813342623
   0.1106450930479522
   0.11078049568114416
   0.11095172848220977
   0.11061789643253934
   0.11075231055246658
   0.11072229066922343
   0.11059477076082756
   0.11058154898083135
   0.11108059702756373
   0.11048560793714265
   0.11053742981904364
   0.11078828176296444
   0.11074067340733484
   0.11064888476794514
   0.11047019912351928
   0.11080855583139779
   0.11081106083776114
   0.1105657324671166
   0.11066447312299463
   0.1108539655061559
   0.1106405744012566
   0.1108232376072365
   0.11051025951969345
   0.11062852295335052
   0.11008909108081509
   0.11108137877137644
   0.11047997149728091
   0.1109134688358001
   0.11104239830245022
   0.11030706860899712
   0.11060859432390414
   0.11082451950340232
   0.11056410333010439
   0.1106112652794009
   0.11075249210938777
   0.11048717628716014
   0.11064318566631205
   0.11083251861971738
   0.11061494328520897
   0.11060138176641375
   0.11100911291439096
   0.1106640514044195
   0.110626393814451
   0.11047774157716114
   0.11076116001446536
   0.1104765766855581
   0.11079927230695154
   0.1109437756298207
   0.11073970977097601
   0.11050561856774524
   0.11009631018049605
   0.11074073013954712
   0.11063517177896007
   0.11062830185079224
   0.11111866811278832
   0.1108498411220783
   0.11078998457820996
   0.11060959752349703
   0.11094542366244765
   0.11051744393063025
   0.11078603548168876
   0.11056693817045853
   0.11060993992580413
   0.1106924420595643
   0.11054750079811845
   0.11072497972359263
   0.11042219947746014
   0.11084585074773887
   0.11035541427184259
   0.11077405932004117
   0.11059525238833717
   0.11072841100273227
   0.11051233511961459
   0.11040151089505071
   0.11086198653659422
   0.11052731472554646
   0.11036922957849257
   0.10968303168562583
   0.10777816447309725
   0.09612858282030376
