   0.0
   0.0
   0.0
   0.0
   0.0
   0.0
   0.0
   0.0
   0.0
   0.0
   0.0
   0.0
   0.0
   0.0
   0.0
   0.0
   0.0
   0.0
   0.0
   0.0
   0.0
   0.0
   0.0
   0.0
   0.0
   0.0
   0.0
   0.0
   0.0
   0.0
   0.0
   0.0
   0.0
   0.0
   0.0
   0.0
   0.0
   0.0
   0.0
   0.0
   0.0
   0.0
   0.0
   0.0
   0.0
   0.0
   0.0
   0.0
   0.0
   0.0
   0.0
   0.0
   0.0
   0.0
   0.0
   0.0
   0.0
   0.0
   0.0
   0.0
   0.0
   0.0
   0.0
   0.0
   0.0
   0.0
   0.0
   0.0
   0.0
   0.0
   0.0
   0.0
   0.0
   0.0
   0.0
   0.0
   0.0
   0.0
   0.0
   0.0
   0.0
   0.00031622775020544923
   0.0
   0.0
   0.0
   0.0
   0.0
   0.0
   0.0
   0.0
   0.0
   0.0
   0.0
   0.0
   0.0
   0.0
   0.00031622775020544923
   0.0
   0.0
   0.0018973665012326953
   0.0
   0.0
   0.0
   0.00031622775020544923
   0.0
   0.00031622775020544923
   0.00031622775020544923
   0.0
   0.0
   0.0009486832506163476
   0.0
   0.0
   0.00031622775020544923
   0.0006324555004108985
   0.00031622775020544923
   0.0
   0.0009486832506163476
   0.0
   0.0
   0.00031622775020544923
   0.0
   0.00031622775020544923
   0.0
   0.0013038403851699026
   0.0009486832506163476
   0.001264911000821797
   0.00031622775020544923
   0.00031622775020544923
   0.0007071067175469343
   0.0
   0.0
   0.0
   0.0006324555004108985
   0.00031622775020544923
   0.0
   0.00031622775020544923
   0.0008944271015571923
   0.00044721355077859614
   0.0011832158044921476
   0.0008944271015571923
   0.0011832158044921476
   0.0
   0.0
   0.00044721355077859614
   0.0005477224753467763
   0.0007071067175469343
   0.0007071067175469343
   0.0010954449506935526
   0.0008366598771304861
   0.001264911000821797
   0.00044721355077859614
   0.001643167426040329
   0.001449137505552872
   0.0018973662166276704
   0.0021679479490984096
   0.0015811384474485465
   0.0017888541024913128
   0.0014142133360989068
   0.0017320502417655212
   0.0006324554055425568
   0.0013784045813911097
   0.002121319945222785
   0.001303840293134094
   0.0007071066044098301
   0.0015165748217611948
   0.003130493731027104
   0.0013416406523357883
   0.0015491930157343209
   0.0012649106687825824
   0.0011832156861705308
   0.0011401750698905849
   0.000948683039797803
   0.0015165748217611948
   0.003193741855566915
   0.0017888541024913128
   0.0016431671582647943
   0.002302172102602236
   0.0030166195898720803
   0.002846049119393409
   0.004647577738994798
   0.0028635630323078274
   0.002489978345287364
   0.002190888915486132
   0.001974840649267682
   0.002097616542650253
   0.0028106921549682384
   0.004277847120924262
   0.002664580715609869
   0.003209359996946432
   0.0031937408536072552
   0.005029906837109411
   0.0031622740172224167
   0.003449633892168849
   0.0038600466719976327
   0.0038858673664961853
   0.0030659387860816787
   0.003449634182054671
   0.0025690445227749556
   0.004207131458606921
   0.004999994815997313
   0.004989984343662814
   0.0039999945549962935
   0.004604340452225486
   0.004560696630998383
   0.004582569392818836
   0.0051768638189544835
   0.004636799515829858
   0.004615184476269611
   0.004868255694804865
   0.0052249296406746
   0.0055136081253567525
   0.0060332301000376246
   0.0057183785805068905
   0.005385152740637911
   0.006789680840068994
   0.005848060793117664
   0.008173106875601223
   0.006648287331335792
   0.006811731289474064
   0.008148592455142177
   0.006819066293122541
   0.007071037219531517
   0.007321174220027823
   0.007655028527706478
   0.008437972209008512
   0.00856150394206532
   0.007861258484492161
   0.00814243542866629
   0.008966552494688246
   0.008514643456422588
   0.009762107341655285
   0.010554553578432392
   0.0100647239281562
   0.010691047764835773
   0.010069675657140105
   0.010958922574322716
   0.01117129484169136
   0.011247109402419806
   0.012235073753353512
   0.012621280311838415
   0.01311093881878792
   0.013685618129627904
   0.014411636975375144
   0.014331608968988793
   0.0134348521685205
   0.013996242409661245
   0.015877432404201884
   0.014584020293115339
   0.016628042871907684
   0.015633025911831654
   0.01613354910458328
   0.0162815914083974
   0.01692304804578655
   0.01823968989840562
   0.01824240684120382
   0.018359858386981093
   0.019745412457327905
   0.018115823137798626
   0.020432253598416404
   0.01915409636996744
   0.02172034751471532
   0.02144230809964263
   0.022015197439723317
   0.022236618510690875
   0.02204007103346085
   0.023777305138303624
   0.024340377765145717
   0.026331377404154158
   0.025587921487295523
   0.026247636022316372
   0.026870655737253606
   0.027964640086902602
   0.029048468207291067
   0.029281454706861818
   0.030084707795822115
   0.029762170077969784
   0.03194315634983493
   0.033300960940939824
   0.03310188204785341
   0.035018613732556575
   0.035814609850031875
   0.03747611524037677
   0.03748772599131614
   0.03833681821695692
   0.04085286961169313
   0.04013412506969599
   0.04106137346704321
   0.042057899429120325
   0.04302135106560462
   0.044205192219466706
   0.04641208266981778
   0.04699949936584431
   0.04870789134216344
   0.04994578035229803
   0.05124344119553253
   0.05264202433455613
   0.05380402800943439
   0.05618810897369656
   0.05637063797971423
   0.058322286197987815
   0.06004596830562398
   0.06225769096898792
   0.06383148945277714
   0.06519398305488015
   0.06707258270739244
   0.0680542599845153
   0.07048684912804656
   0.07266694611933269
   0.07401148829735826
   0.07696571202808429
   0.07837220855373415
   0.07997355753191177
   0.08244430034629441
   0.08411785257119918
   0.0871638511654344
   0.08912733604854349
   0.08995156061742342
   0.09489390369665482
   0.09603014688685008
   0.09865649837446087
   0.10199723927852165
   0.10360053103333978
   0.10799171282829993
   0.11003532057934853
   0.11321079627274953
   0.11524204763674585
   0.11995689484994183
   0.12257385151426058
   0.1262310280690132
   0.12749191207288404
   0.13285500243494786
   0.13419857818289282
   0.1391568477573418
   0.14267720381949597
   0.14759209518043304
   0.1507673350956367
   0.1537035516017766
   0.15826179132434334
   0.16363888504799218
   0.16792143685140382
   0.17321284948960916
   0.1756124033145438
   0.1819897402840061
   0.18418238087287286
   0.19072892871756503
   0.1957678531168741
   0.20129842063938305
   0.2074792303388221
   0.21227114545729006
   0.21684624813334907
   0.22333110369312645
   0.2285172003105018
   0.2360732108289926
   0.24213520262677626
   0.24697087194849518
   0.2550285948608705
   0.26065196657543177
   0.26792472268857537
   0.2755305031969419
   0.28260442279900716
   0.28989027949208646
   0.29786051435460525
   0.30612880775510165
   0.3144507591130764
   0.3221806131209636
   0.3300258171835046
   0.3380879781462807
   0.3482208933687926
   0.3567077139996274
   0.3672465444798494
   0.37648401538184856
   0.38644835822608953
   0.39605686606465995
   0.4060026963281894
   0.4168441252688588
   0.4282477216865841
   0.43971683612866136
   0.4521479788704579
   0.4630723735490058
   0.4738308417173369
   0.4868221564134073
   0.4987304786615612
   0.5124200618280963
   0.5253068851827853
   0.5384213636361767
   0.552231170163284
   0.5671618967282975
   0.5808702993466872
   0.5942566575969006
   0.6091121053965681
   0.6253739491126169
   0.6415042409392474
   0.6573642692122534
   0.6735255488718969
   0.6899663853329667
   0.8184069295550656
   0.8293869643082413
   0.836468128266726
   0.8441228418474648
   0.8458678961723278
   0.8454259516196319
   0.842222377079213
   0.8369822655453997
   0.828961095939725
   0.818878456212978
   0.690833290415792
   0.6734676435333474
   0.657968660785603
   0.640662335742472
   0.6243230566390768
   0.6112342957309905
   0.5956346561926614
   0.5800687613645472
   0.5660289069446542
   0.5504242971241731
   0.5380590630801697
   0.5237881609009505
   0.5118721965334707
   0.4994588115496212
   0.4860790496171996
   0.47483246858335204
   0.46293890940286064
   0.44953368090762674
   0.44002761975926014
   0.4281929726900127
   0.416851493101692
   0.40617519455402495
   0.3967655821342875
   0.3854066643118668
   0.37762390836353305
   0.3662731200862957
   0.3577685620100095
   0.347085451419085
   0.33943736039273875
   0.33110297997799715
   0.3214046980791662
   0.31546316742054054
   0.30618072612044017
   0.2981499057541189
   0.2911078626033828
   0.2823669413403595
   0.2758227577829647
   0.2699751277929876
   0.2602840759809174
   0.2529399955751561
   0.24760319303431852
   0.2410234423614226
   0.2350281678760867
   0.22852599997409484
   0.22411753364482664
   0.21709080303391481
   0.21239045108194013
   0.20651763125968203
   0.20193691981089046
   0.1950307945325558
   0.19219547454568225
   0.18604066051871565
   0.17998717216512958
   0.17549003151105194
   0.17193406697580327
   0.1672560036052219
   0.16333679188278433
   0.15826881658697017
   0.15535458324616627
   0.15073913720212145
   0.14665378796059106
   0.14181038246189873
   0.13902243511548773
   0.1365603119381323
   0.13221482736576862
   0.1308607551216177
   0.12612785636293833
   0.12197700725481012
   0.12083985865098486
   0.11671155465398446
   0.11290875930480328
   0.1098984127499574
   0.10681523067428166
   0.10419162486092631
   0.1028455517384685
   0.09912953933031263
   0.09591335047322662
   0.09399833151689448
   0.09241505628278326
   0.08863896488565286
   0.08612468472511234
   0.08586612880152453
   0.08250583125452407
   0.08045960917727601
   0.07897798549463009
   0.07652243917799537
   0.07494567814297233
   0.07314825613779183
   0.07147706254393783
   0.06822565880224242
   0.06604760788128515
   0.06606398289469081
   0.06279360212434065
   0.061616338566893115
   0.05944934640103287
   0.058277689276085745
   0.05700533371501302
   0.05543699633917768
   0.054167236458582596
   0.0534881550068798
   0.0512415120116493
   0.04994478831419751
   0.048537291158036414
   0.04765330252133634
   0.046826990300893774
   0.044804582606693254
   0.04267356122647839
   0.04292955313580611
   0.04041308675961291
   0.040632964902404055
   0.04058759034175347
   0.039580065253988654
   0.03843744448724447
   0.03668745311192915
   0.03455289564580659
   0.03422741907170332
   0.03347439200807089
   0.03287927385816177
   0.03219564333865686
   0.03176747967828106
   0.03014116854801751
   0.029964933099207815
   0.029578840867079292
   0.02876467534164083
   0.027534086277921047
   0.025542845354227864
   0.026104432336099555
   0.02587944752424209
   0.025102769057615937
   0.02395528521537575
   0.022420181602966556
   0.02206056582932541
   0.021355812435728122
   0.022096845651585657
   0.020079260774241665
   0.01994439998696376
   0.019534104305035334
   0.018223212662700286
   0.019263516656882772
   0.018530632071248946
   0.01810214631445675
   0.01753817394827637
   0.017149041267371188
   0.015776277061144685
   0.017400870036868847
   0.01537504959471676
   0.01579217770416734
   0.015112676055550188
   0.015456208784498222
   0.013494269441136856
   0.013740261538995538
   0.013405065758510847
   0.013011381309837937
   0.01271206563702375
   0.01154544164205077
   0.013107123339619567
   0.011941413569590494
   0.011340076606443187
   0.011678948884210429
   0.011269343327807525
   0.009767215291985735
   0.012417642571760552
   0.009838628774377047
   0.008637073520585545
   0.010188164898547727
   0.009060853698741636
   0.011264934076593612
   0.00871200929694178
   0.008105514166911312
   0.007949804704519477
   0.008130150029980996
   0.007106308447428947
   0.007197191630073497
   0.007443086284599957
   0.006526847937557608
   0.006942597067380477
   0.007042704250499235
   0.006752756802965733
   0.0066482888023911835
   0.005856604626402572
   0.006196757987851389
   0.006670817964088062
   0.006228947956115864
   0.006074524566581322
   0.004527682602612511
   0.006123708581407185
   0.0056035542684978075
   0.006115545764688545
   0.005647997591182206
   0.005224931187106678
   0.004593466837803447
   0.004669039455819581
   0.003898712484910884
   0.0037148311993952026
   0.0041952311020967605
   0.004324344776957545
   0.0034205240519546124
   0.0030659390665830266
   0.003605546926611828
   0.004324346414199492
   0.003286333373229198
   0.002428989318626165
   0.0033763851912955666
   0.003209359809993264
   0.003130493322145888
   0.0029999980733327147
   0.0021213193041124197
   0.0022803493679697416
   0.0032557623439065696
   0.002144759930621607
   0.0030822058188901013
   0.003098385747449791
   0.002915474875556296
   0.0029325736887587327
   0.0026645811509503703
   0.0028460484166647625
   0.0016733196227857964
   0.0026457502225266842
   0.002121319492674312
   0.0015491928737248954
   0.0025298209897144895
   0.001378404436295821
   0.0018708282417154174
   0.00238746652123124
   0.002366431228664801
   0.001974841337930721
   0.0015165746898850713
   0.002236067253013648
   0.0016124513512041224
   0.0024698174649151706
   0.0022360675392304233
   0.0017320505188937187
   0.0006324554055425568
   0.001843908500983712
   0.0009999998199999838
   0.0014491373951423653
   0.001095444822891596
   0.0017888541024913128
   0.00044721355077859614
   0.0007071067175469343
   0.0014832394816751608
   0.0
   0.0011832158044921476
   0.0008366598771304861
   0.0009486832506163476
   0.00164316752341324
   0.0007071067175469343
   0.0007071067175469343
   0.0009486832506163476
   0.0009999999199999969
   0.0005477224753467763
   0.00031622775020544923
   0.00044721355077859614
   0.0009486832506163476
   0.0
   0.0007071067175469343
   0.00031622775020544923
   0.0020493899092168867
   0.0006324555004108985
   0.0
   0.0
   0.00031622775020544923
   0.0007071067175469343
   0.0007071067175469343
   0.0009486832506163476
   0.0006324555004108985
   0.00044721355077859614
   0.0016124514380284449
   0.0018973665012326953
   0.0
   0.0006324555004108985
   0.0
   0.0
   0.0
   0.0
   0.0
   0.0
   0.0
   0.0
   0.0
   0.0
   0.0
   0.0
   0.0006324555004108985
   0.0
   0.0
   0.00031622775020544923
   0.00031622775020544923
   0.0
   0.0
   0.0
   0.0009486832506163476
   0.0
   0.0
   0.0
   0.0009486832506163476
   0.0
   0.0
   0.0
   0.0
   0.0
   0.0
   0.0
   0.0
   0.0
   0.0
   0.0
   0.0
   0.0
   0.0
   0.0
   0.0
   0.0
   0.0
   0.0
   0.0
   0.0
   0.0
   0.0
   0.0
   0.0
   0.0
   0.0
   0.0
   0.0
   0.0
   0.0
   0.0
   0.0
   0.0
   0.0
   0.0
   0.0
   0.0
   0.0
   0.0
   0.0
   0.0
   0.0
   0.0
   0.0
   0.0
   0.0
   0.0
   0.0
   0.0
   0.0
   0.0
   0.0
   0.0
   0.0
   0.0
   0.0
   0.0
   0.0
   0.0
   0.0
   0.0
   0.0
   0.0
   0.0
   0.0
   0.0
   0.0
   0.0
   0.0
   0.0
   0.0
   0.0
   0.0
   0.0
   0.0
   0.0
   0.0
   0.0
   0.0
   0.0
   0.0
   0.0
   0.0
   0.0
   0.0
   0.0
   0.0
   0.0
   0.0
   0.0
   0.0
   0.0
   0.0
   0.0
   0.0
   0.0
   0.0
   0.0
