   0.0
   0.0
   0.0
   0.0
   0.0
   0.0
   0.0
   0.0
   0.0
   0.0
   0.0
   0.0
   0.0
   0.0
   0.0
   0.0
   0.0
   0.0
   0.0
   0.0
   0.0
   0.0
   0.0
   0.0
   0.0
   0.0
   0.0
   0.0
   0.0
   0.0
   0.0
   0.0
   0.0
   0.0
   0.0
   0.0
   0.0
   0.0
   0.0
   0.0
   0.0
   0.0
   0.0
   0.0
   0.0
   0.0
   0.0
   0.0
   0.0
   0.0
   0.0
   0.0
   0.0
   0.0
   0.00031622775020544923
   0.0
   0.0
   0.00031622775020544923
   0.0
   0.0
   0.0
   0.0
   0.0
   0.0
   0.0
   0.0
   0.0
   0.0
   0.0
   0.0
   0.0
   0.0
   0.0
   0.0
   0.0
   0.0
   0.00031622775020544923
   0.0
   0.0
   0.00031622775020544923
   0.0
   0.0
   0.00031622775020544923
   0.00031622775020544923
   0.0
   0.00031622775020544923
   0.0
   0.00031622775020544923
   0.0005477224753467763
   0.0
   0.00031622775020544923
   0.0
   0.0005477224753467763
   0.0007071066044098301
   0.0006324554055425568
   0.00031622775020544923
   0.00044721355077859614
   0.0
   0.0007071066044098301
   0.000894426833228968
   0.0005477224753467763
   0.0005477224753467763
   0.0007071066044098301
   0.0008366598771304861
   0.0007071066044098301
   0.0013416398324438642
   0.000999999499999875
   0.000999999499999875
   0.001095444457743066
   0.0011832151283684637
   0.001095444457743066
   0.0014491361530235866
   0.0014142121481588255
   0.0017320488561238681
   0.00130383937277565
   0.001612449453471333
   0.0018439061147466267
   0.0015165733447479552
   0.002073640834378027
   0.002097613882486479
   0.0019493555447890978
   0.0024899731645140273
   0.002258312642217636
   0.0026832729566706403
   0.0027748767017653237
   0.0027202845733488986
   0.0031304810556845733
   0.0033316509405998704
   0.003286318249956933
   0.0034640828569767208
   0.0037416341029021
   0.0038209697146143412
   0.004098747496492069
   0.004669004176481319
   0.004571608468580834
   0.005281982535942352
   0.005329095623086528
   0.005504467711777407
   0.006115449154395775
   0.006139921692497389
   0.006252886833295482
   0.006884616099681957
   0.0073141895183266884
   0.007848350958003854
   0.008288289082193019
   0.00846730330093354
   0.00892154398969147
   0.009838276401890729
   0.010270817774159953
   0.010685884100063972
   0.0115318477894915
   0.012135914798234207
   0.012852056294616826
   0.013648042320787255
   0.014309487308775251
   0.015363931941726375
   0.015688959530829317
   0.01679665558972976
   0.017860802098170172
   0.01882780287872167
   0.0200287794413439
   0.020964800098975424
   0.02256022615134875
   0.023786756868266007
   0.024780137129564072
   0.026394242635658254
   0.028259794733154025
   0.029795706314668897
   0.03176746847185026
   0.033499871089901226
   0.035243315229841816
   0.037460486045832346
   0.03965395919388126
   0.04222338710134468
   0.04497279501198474
   0.04765287756589313
   0.05059835550054962
   0.05412988890354385
   0.057666476827963054
   0.06147138988993172
   0.06608522412574538
   0.07072378654992958
   0.07568744637461354
   0.08124493027654095
   0.08763832805342649
   0.09479437768116841
   0.10269784799259427
   0.11195331544460843
   0.12160482162134854
   0.13260774523982374
   0.1455530658548627
   0.15957611465877342
   0.17609890779343296
   0.19432987661126633
   0.2155653334832621
   0.23687069625734627
   0.2525209054509151
   0.2629488757061152
   0.26943448780555174
   0.272066406392557
   0.2722935870821052
   0.26914098606446024
   0.2627994445028376
   0.25269710028757747
   0.23684460794841836
   0.21517033068132327
   0.19460761773116694
   0.17602429465613548
   0.1596758316645008
   0.14540606886357943
   0.13264020342260485
   0.12153981788858333
   0.11165929107978431
   0.10231468620369219
   0.09484590848718778
   0.08781708714771858
   0.08181530129010099
   0.07596619424447956
   0.07059497605346998
   0.06561295940277348
   0.061333218969087215
   0.05755680070017791
   0.05412425315651016
   0.050871879382523306
   0.047817497776337065
   0.04524904440703693
   0.04229770327523706
   0.039679328370198004
   0.037394105280779216
   0.03534648336624168
   0.03321734853581784
   0.03146919722141002
   0.02970339558771017
   0.028041621549225716
   0.026710173612127644
   0.025054680076784058
   0.023740494808449128
   0.02266409434127029
   0.02124885426911296
   0.020031289124766784
   0.01910181075814542
   0.018072170350846076
   0.016997743114896165
   0.016289146516622655
   0.014841002402465947
   0.014087712146051253
   0.013534028684763454
   0.012817000731450397
   0.011898811745716461
   0.011570820903894417
   0.010931001691976815
   0.00991922441322909
   0.009575602735598423
   0.008982995535454752
   0.008887862609199132
   0.00811763935574869
   0.007463052934958991
   0.007635243408693661
   0.007197052149317802
   0.006564931621121426
   0.0060414175083336194
   0.005744476829094187
   0.00528197757568129
   0.005291433737655608
   0.004732816345475493
   0.004919294843775884
   0.004324313437992209
   0.004024893658222537
   0.004110929431405993
   0.0036468929775906505
   0.003449618493398944
   0.0034784864165323397
   0.0030659281400580805
   0.0032248882089151555
   0.003130481649842401
   0.002387460472971228
   0.0025690390343472793
   0.002258312642217636
   0.0024289853334262847
   0.0018165872150821716
   0.0018708257829097824
   0.001999995999996
   0.0015491914794498452
   0.00204938624958791
   0.0017320482094907174
   0.0013416395790226225
   0.0013416395790226225
   0.0014142121481588255
   0.0012247439528325912
   0.00130383937277565
   0.0011832151283684637
   0.0012649102893090877
   0.0010488082713251265
   0.000999999499999875
   0.000894426833228968
   0.0009486828711429336
   0.0007745964368624477
   0.0009486828711429336
   0.0006324554055425568
   0.0005477224753467763
   0.0007071066044098301
   0.0005477224753467763
   0.0007071066044098301
   0.00044721355077859614
   0.0006324554055425568
   0.00031622775020544923
   0.00031622775020544923
   0.0
   0.0005477224753467763
   0.0007071066044098301
   0.00031622775020544923
   0.00031622775020544923
   0.00031622775020544923
   0.00031622775020544923
   0.0
   0.0
   0.00031622775020544923
   0.0
   0.00031622775020544923
   0.0
   0.0006324555004108985
   0.0
   0.00031622775020544923
   0.0
   0.0
   0.00031622775020544923
   0.00031622775020544923
   0.00031622775020544923
   0.0
   0.0
   0.0
   0.0
   0.0
   0.0
   0.0
   0.0
   0.0
   0.0
   0.0
   0.0
   0.0
   0.0
   0.0
   0.0
   0.0
   0.0
   0.0
   0.0
   0.0
   0.0
   0.0
   0.0
   0.0
   0.0
   0.00031622775020544923
   0.0
   0.0
   0.0
   0.0
   0.0
   0.0
   0.0
   0.0
   0.0
   0.0
   0.0
   0.0
   0.0
   0.0
   0.0
   0.0
   0.0
   0.0
   0.0
   0.0
   0.0
   0.0
   0.0
   0.0
   0.0
   0.0
   0.0
   0.0
   0.0
   0.0
   0.0
   0.0
   0.0
   0.0
   0.0
   0.0
   0.0
   0.0
   0.0
   0.0
   0.0
   0.0
   0.0
   0.0
   0.0
