   0.15373657664300322
   0.18137602600054395
   0.18881274827203803
   0.19055836022636216
   0.1910630262269495
   0.19149593720491828
   0.19096812159727078
   0.19036101937108868
   0.19074160410814942
   0.1909848357925571
   0.19145774470039073
   0.191659582042511
   0.19139483628050158
   0.19149059006008626
   0.19134962665171312
   0.19099123754518163
   0.19039921780172836
   0.1903675547981851
   0.1908778985854308
   0.1898650871207237
   0.191503668457787
   0.19118617071995558
   0.1908948817459232
   0.19195744687088853
   0.19123751571464737
   0.19146918491611123
   0.1913610144145092
   0.1913067865266677
   0.19142395184887392
   0.19111664809845844
   0.19124924750440195
   0.19197460921444792
   0.19108037298977099
   0.19093481550516134
   0.19087412835476159
   0.19108222300776698
   0.19124637401958763
   0.191289641181926
   0.19004459788165512
   0.1916937311733485
   0.1912718893654789
   0.19138674740407186
   0.19100018583435985
   0.19052705855956523
   0.19143435414825627
   0.19108703742022898
   0.19197802735563255
   0.19106338199034895
   0.1917976918467738
   0.19119035540152124
   0.19107629856829444
   0.1914161946100695
   0.1913360980264571
   0.1910688578390262
   0.19129473150024284
   0.19159348600928477
   0.19088717688663637
   0.1907770865643723
   0.19122491283070311
   0.19129311507942465
   0.19107053802800159
   0.19079083824712337
   0.19103721097953666
   0.19103492806497455
   0.1907608156618911
   0.19083753713397164
   0.19154040729702443
   0.1905583708611091
   0.1914784511211379
   0.19136948014181884
   0.19083705825347444
   0.1911794525461353
   0.19114593224643833
   0.19146451921032262
   0.1915875553499235
   0.191206665670839
   0.19093524759394218
   0.19166232714479914
   0.19113636004475967
   0.19120079427408246
   0.19138562051729488
   0.1909234152600461
   0.19059321279203517
   0.19159945988376376
   0.19174725138470694
   0.19160902945422484
   0.19050473660368655
   0.19120228018556681
   0.19116988995003895
   0.19188998877388055
   0.1908941416240687
   0.19141205674248946
   0.1905786717476801
   0.19137153358177386
   0.19082605608142197
   0.19137738359126974
   0.18975740422507892
   0.18793015790231754
   0.18091162042489145
   0.1529339843984979
