   1.8022920602388504
   3.271797868512051
   4.664709559704655
   5.943671023164051
   7.203337429546113
   8.299131497638776
   9.330036063376175
   10.266298061321812
   11.059278428898514
   11.779969572282434
   12.46297994763291
   13.050858121533619
   13.670428404640434
   14.24506743204819
   14.640806584252795
   15.13955572655618
   15.645406661889616
   16.080595370955642
   16.416068279280516
   16.746600845995584
   16.959165333046318
   17.209661982921105
   17.421256253206884
   17.578550624641952
   17.700687878113666
   17.901231370246574
   18.04537622080515
   18.217198332825497
   18.31783992897634
   18.46900666223281
   18.617480296012133
   18.654609540282532
   18.812771974709097
   18.980162943323222
   19.233001539102002
   19.369993264714882
   19.451797717370493
   19.61918921818891
   19.6842894721425
   19.682732490292093
   19.724418088143945
   19.874761190794217
   19.934353286364722
   19.999622349194496
   20.04653307382351
   20.094499305608487
   20.07905918351505
   20.090219454998493
   20.06261526600159
   20.00967313320235
   19.9955486730197
   19.9740105693774
   20.001383828602957
   19.975308232915957
   19.944776274581272
   19.96820651486758
   19.900541760253663
   19.904534056340026
   19.849676465370916
   19.835480702055094
   19.78359991977193
   19.771255250790222
   19.62938617729806
   19.566793232349035
   19.34877680329948
   19.326080462121645
   19.423318065951037
   19.332369425166174
   19.28377997236019
   19.159188226015736
   19.03159658271213
   18.737971531358458
   18.532512008424547
   18.525894471984344
   18.286574372681176
   18.00123409190603
   17.701694187842588
   17.445547507484537
   17.22684655116832
   16.907646702235056
   16.612930934558175
   16.211270372796204
   15.74385272847469
   15.415784001548543
   15.004075400023822
   14.539735457070737
   14.029306962893783
   13.460736147343502
   12.898577716554643
   12.257277267909052
   11.533062837212846
   10.761584677801872
   10.000602230645912
   9.142261077960965
   8.154143388879055
   7.100768496437551
   5.915918693660352
   4.663939609118025
   3.292171861841359
   1.798132270968963
