   0.21542199735010814
   0.269527299515281
   0.2866095477108186
   0.2925611620273443
   0.29462494000812284
   0.2951020652072093
   0.2952380273418551
   0.2949609075939386
   0.29470199481508436
   0.29487927383280094
   0.2957487220593692
   0.2953751094474787
   0.29725941607018946
   0.295256935179108
   0.2954732994387818
   0.29591312127717484
   0.2950956591835264
   0.29409986584408704
   0.2956934287501838
   0.2956252637686942
   0.29517724142824764
   0.29503427220089196
   0.2945591636190597
   0.29503567919272067
   0.29560300278310775
   0.2964597096105304
   0.29606805985110923
   0.29632589138311893
   0.29452189832633835
   0.29409035785288845
   0.29605955323615213
   0.29623373354694094
   0.29445676822134687
   0.2941272887109253
   0.2948986561184028
   0.2948038718903807
   0.2954546176621885
   0.29542207659548736
   0.2957819056047716
   0.29454942125897987
   0.29581566141095367
   0.295734207394258
   0.29525272516904905
   0.2938889196302576
   0.2944890959175908
   0.2963718553545697
   0.2955306713676264
   0.2964408822234882
   0.2942470990489286
   0.29561610991620535
   0.29599911542509716
   0.2942156709895651
   0.295617047409313
   0.2959914366876008
   0.2957611440008812
   0.29536188634918686
   0.2958826130875385
   0.29702317185160826
   0.29559052069888847
   0.29700841028952363
   0.2957935516808979
   0.29487668223905056
   0.29648584562801644
   0.29454641751613614
   0.2967297233208025
   0.2950824798296063
   0.29496320050772434
   0.295153067275253
   0.29520524652382113
   0.29520624962082015
   0.2956090275944901
   0.2962255466341652
   0.2959154200413355
   0.2960998741462752
   0.2950843535969842
   0.29538247072768214
   0.2963782895056755
   0.2947247342195595
   0.2949971729394029
   0.29575109732638355
   0.29598281335503246
   0.29587877937182316
   0.2940848603944787
   0.2939285916005961
   0.2956978712847118
   0.29605639685870666
   0.29549849906879394
   0.29436569227917847
   0.2952509507463778
   0.29487586265240495
   0.2951495421351014
   0.29519324517459744
   0.294259086683827
   0.294428164097102
   0.2942016891857523
   0.2925927969742078
   0.291548129806641
   0.28493995919133563
   0.2682854706643466
   0.21607958369024594
