   0.007008947817797474
   0.006065472232156879
   0.005776354927611515
   0.0056734069026517665
   0.005638703907063985
   0.005607096444017702
   0.005613643019329938
   0.005601149888951418
   0.005603888951691659
   0.0056068048395693714
   0.005600153152148563
   0.005595960315340616
   0.005604829671160134
   0.005602532253211303
   0.0056097009179199575
   0.0056228785768868295
   0.005615646314397724
   0.005610894705796703
   0.0056061388906926335
   0.005614928915525988
   0.005604668972495058
   0.005614157169423662
   0.0056147286162691445
   0.00561070644498348
   0.005617137658329379
   0.005612994275219195
   0.00559689987778908
   0.0056051246946424126
   0.005616946970269205
   0.005598772891624757
   0.005598897896894215
   0.005607372862509882
   0.005595743251554912
   0.005605888211192669
   0.0055986565901823436
   0.005600151969496373
   0.0056064683272080374
   0.005610833800129498
   0.00560437227112775
   0.005610112959482004
   0.005600163180123276
   0.005601924490857362
   0.005615137928498552
   0.005610102531225681
   0.00559746764269843
   0.005598844024949655
   0.005606010857265275
   0.005609715749191794
   0.005599009726255302
   0.005608657715330757
   0.005601054292132974
   0.005608079731659363
   0.00559623565498762
   0.005601797276555778
   0.005601763630656347
   0.005600205626293079
   0.005603728644702641
   0.005596904655887391
   0.005571618545632265
   0.005581858577413905
   0.00558903764640514
   0.005596072439779509
   0.005619781136852243
   0.005607337019597831
   0.005614005822351626
   0.005592962942884074
   0.005611707293746348
   0.005611622697510046
   0.0056035184398544905
   0.005616179281845558
   0.005612850648506443
   0.005598822725828094
   0.00560715403202182
   0.005597099784756203
   0.005591255803855595
   0.005600998908005249
   0.005609017968159827
   0.005612961844093458
   0.005609923565134596
   0.005592445842624747
   0.00560362949671861
   0.005601223953721205
   0.005610286880782783
   0.0056109106428260894
   0.005609569494449328
   0.00561197747288299
   0.005613195506903703
   0.005607120155494657
   0.005621849285809951
   0.005604684315483574
   0.00561261863628728
   0.005613702884168209
   0.005614389623034975
   0.005627955341197356
   0.005629002310029528
   0.00563995297536928
   0.0056775068139568105
   0.005792767985908301
   0.006080124057531039
   0.007009500580331325
