   0
   0
   0
   0
   0
   0
   0
   0
   0
   0
   0
   0
   0
   0
   0
   0
   0
   0
   0
   0
   0
   0
   0
   0
   0
   0
   0
   0
   0
   0
   0
   0
   0
   0
   0
   0
   0
   0
   0
   0
   0
   0
   0
   0
   0
   0
   0
   0
   0
   0
   0
   0
   0
   0
   0
   0
   0
   0
   0
   0
   0
   0
   0
   0
   0
   0
   0
   0
   0
   0
   0
   0
   0
   0
   0
   0
   0
   0
   0
   0
   0
   0
   0
   0
   0
   0
   0
   0
   0
   0
   0
   0
   0
   0
   0
   0
   0
   0
   0
   0
   0
   0
   0
   0
   0
   0
   0
   0
   0
   0
   0
   0
   0
   0
   0
   0
   0
   0
   0
   0
   0
   0
   0
   0
   0
   0
   0
   0
   0
   0
   0
   0
   0
   0
   0
   0
   0
   0
   0
   0
   0
   0
   0
   0
   0
   0
   0
   0
   0
   0
   0
   0
   0
   0
   0
   0
   0
   0
   0
   0
   0
   0
   0
   0
   0
   0
   0
   0
   0
   0
   0
   0
   0
   0
   0
   0
   0
   0
   0
   0
   0
   0
   0
   0
   0
   0
   0
   0
   0
   0
   0
   0
   0
   0
   0
   0
   0
   0
   0
   0
   0
   0
   0
   0
   0
   0
   0
   0
   0
   0
   0
   0
   0
   0
   1.9999998999999975
   1.9999998999999975
   1.9999998999999975
   1.1547003651741576
   1.1547003651741576
   0.5773499227793603
   0.4472131482861388
   0.3713901378372326
   0.28571358571342825
   0.24999919999872
   0.21081756199245935
   0.1627564629290203
   0.15522881672604696
   0.13187457809534817
   0.104826575776427
   0.04609770614923308
   0.025850934651065326
   0.01761269061946387
   0.01318304543035982
   0.010541483533000539
   0.008674922814188815
   0.007402374791016957
   0.006383380473590048
   0.005607904109734249
   0.004987417256381863
   0.004491073006234377
   0.004096487378702088
   0.003756737642385147
   0.003484620792816659
   0.0032415476309510236
   0.0030375185740275095
   0.0028585862683958925
   0.002728848095076287
   0.002644097376324464
   0.0025906642258454924
   0.0025665857260128667
   0.0025658820382104416
   0.0025941699009932387
   0.002642139692722016
   0.002732898028500686
   0.0028574525888924993
   0.003038040617878352
   0.003244335186281341
   0.0034866539639610014
   0.003762946717128417
   0.004090968241126605
   0.004485196079631235
   0.004990254384124917
   0.005600884622446587
   0.0063631190358203835
   0.007368749789290419
   0.008724829560938386
   0.010507719247973694
   0.01313754781330304
   0.017651823322144666
   0.025924757700246943
   0.04685060455081974
   0.10555406804731424
   0.13576737356044827
   0.1547633542166337
   0.1848989837398632
   0.2020295189585231
   0.2324944172535204
   0.29814172617882406
   0.39223176037408525
   0.7071064983437785
   0.49999959999983995
   0.6666663666665992
   1.4142134209517316
   0
   1.9999998999999975
   0
   0
   0
   0
   0
   0
   0
   0
   0
   0
   0
   0
   0
   0
   0
   0
   0
   0
   0
   0
   0
   0
   0
   0
   0
   0
   0
   0
   0
   0
   0
   0
   0
   0
   0
   0
   0
   0
   0
   0
   0
   0
   0
   0
   0
   0
   0
   0
   0
   0
   0
   0
   0
   0
   0
   0
   0
   0
   0
   0
   0
   0
   0
   0
   0
   0
   0
   0
   0
   0
   0
   0
   0
   0
   0
   0
   0
   0
   0
   0
   0
   0
   0
   0
   0
   0
   0
   0
   0
   0
   0
   0
   0
   0
   0
   0
   0
   0
   0
   0
   0
   0
   0
   0
   0
   0
   0
   0
   0
   0
   0
   0
   0
   0
   0
   0
   0
   0
   0
   0
   0
   0
   0
   0
   0
   0
   0
   0
   0
   0
   0
   0
   0
   0
   0
   0
   0
   0
   0
   0
   0
   0
   0
   0
   0
   0
   0
   0
   0
   0
   0
   0
   0
   0
   0
   0
   0
   0
   0
   0
   0
   0
   0
   0
   0
   0
   0
   0
   0
   0
   0
   0
   0
   0
   0
   0
   0
   0
   0
   0
   0
   0
   0
   0
   0
   0
   0
   0
   0
   0
   0
   0
   0
   0
   0
   0
   0
   0
   0
   0
   0
   0
   0
   0
   0
   0
   0
   0
   0
   0
   0
   0
   0
   0
   0
