   0
   0
   0
   0
   0
   0
   0
   0
   0
   0
   0
   0
   0
   0
   0
   0
   0
   0
   0
   0
   0
   0
   0
   0
   0
   0
   0
   0
   0
   0
   0
   0
   0
   0
   0
   0
   0
   1.9999998999999975
   0
   1.9999998999999975
   1.9999998999999975
   1.9999998999999975
   0
   1.9999998999999975
   1.9999998999999975
   1.9999998999999975
   0
   0
   1.9999998999999975
   0
   1.9999998999999975
   0
   0
   1.9999998999999975
   0
   0
   0
   0
   1.9999998999999975
   1.9999998999999975
   0
   0
   0
   0
   0
   0
   0
   0
   0
   0
   1.9999998999999975
   1.9999998999999975
   0
   0
   0
   0
   0
   0
   0
   1.9999998999999975
   1.9999998999999975
   0
   0
   0
   0
   0
   0
   1.9999998999999975
   0
   0
   0
   0
   1.9999998999999975
   1.9999998999999975
   0
   1.9999998999999975
   1.224744708092262
   0
   1.490711850835775
   0
   1.4142134209517316
   1.4142134209517316
   0
   0
   1.4142134209517316
   1.9999998999999975
   1.490711850835775
   1.9999998999999975
   1.6492421289792472
   1.9999998999999975
   1.9999998999999975
   1.1547003651741576
   1.4142134209517316
   1.2472189685678916
   1.4142134209517316
   0.8944269673930901
   1.058300335443583
   1.2472189685678916
   1.1547003651741576
   1.4142134209517316
   1.9999998999999975
   1.058300335443583
   0.7559286814432771
   1.1547003651741576
   1.058300335443583
   0.6666663666665992
   0.7483312100934986
   0.7423683123026675
   0.7071064983437785
   1.224744708092262
   0.8660251728443001
   0.7905691620598415
   0.816496335978715
   1.0657401508509485
   0.65555447227191
   0.6666663666665992
   0.6705995392272756
   0.603022357492957
   0.9162454762996138
   0.604690474151103
   0.5811861816817204
   0.5656850713957369
   0.5590166366039565
   0.5048239746974809
   0.5128112504096539
   0.4454207000129203
   0.36851332287422456
   0.44853431524540316
   0.38872961182692406
   0.414577616375993
   0.3535528249073963
   0.4595645765286963
   0.34138366961022487
   0.33850100935349264
   0.2911609288781555
   0.31491769356295024
   0.314269044130607
   0.30227948450212994
   0.33538403841505926
   0.28032031973584204
   0.2693501738839523
   0.25980685133383224
   0.2512427969360434
   0.24545165222553894
   0.2581443403565967
   0.2165747827527796
   0.21696474627956305
   0.22339445391859641
   0.20890797481503542
   0.18658857307047402
   0.19485743935894614
   0.18039949749992334
   0.18225694247294058
   0.16924961841414396
   0.1545760003576831
   0.14744841263852188
   0.15818519792047123
   0.1380080910564286
   0.1402694761019871
   0.13602097770186466
   0.1371617136521249
   0.12647266293870696
   0.12289670459373596
   0.11773252088343855
   0.12410957401718967
   0.11128923975193267
   0.10440546215217239
   0.10281469142899041
   0.10079821689544198
   0.09508861851120969
   0.0909412424008539
   0.09282135891792517
   0.08470014896950927
   0.0830854227511587
   0.0789336691602558
   0.07863448030760888
   0.0740896657759703
   0.07278030670992577
   0.06983334824758777
   0.06769551243337678
   0.06575862120037965
   0.06212908365861142
   0.060054070140219025
   0.06004353104520584
   0.05638203654168044
   0.054020236456731624
   0.05279302751677512
   0.05082347188154425
   0.0497318204427889
   0.04721204920161677
   0.04496562801028051
   0.043222423440560966
   0.04242627760206006
   0.04138577953730491
   0.039842051986629316
   0.03812510684307708
   0.03671145919097896
   0.036249057318725846
   0.0344443282774099
   0.03353843186519835
   0.03243422471589424
   0.031047421670445736
   0.030070855054257693
   0.02880174416313982
   0.027788972083529147
   0.026851376626491317
   0.02603606908636635
   0.025141918015198644
   0.024119204034908238
   0.023553292867511164
   0.02277952488821656
   0.021727367602946624
   0.021238052358105396
   0.020364861585952413
   0.01959417657729532
   0.01886293101517208
   0.01829793087407615
   0.017642915363346445
   0.01704640703719719
   0.016433468412350282
   0.01583465893853684
   0.015334649428232911
   0.014754329118772471
   0.014251161270884912
   0.013730708518928327
   0.013256528909831209
   0.012863168429400431
   0.012410825512003582
   0.011916335189359351
   0.011477996969362043
   0.011082340909641237
   0.01073286237510193
   0.010352254100582962
   0.009983182031375935
   0.009597132498304654
   0.009267572152703931
   0.008934570383407808
   0.008610073469689962
   0.008311707289319507
   0.008017519510105278
   0.007745962217566859
   0.0074797136484303
   0.007200058963590036
   0.006966309219125883
   0.006708071121840143
   0.006478545527347049
   0.006249026082201649
   0.006020491415901292
   0.005818994146829404
   0.005609509638433844
   0.005400507687694328
   0.005197206327383764
   0.005016157806320971
   0.0048308804262285265
   0.004643043097688398
   0.004474158628224352
   0.004312473239127745
   0.0041473914758475
   0.003989127500496681
   0.0038350135365161487
   0.0036812413697751324
   0.0035379173280356596
   0.0034015804077213723
   0.003261002084799158
   0.003124472623167322
   0.002993400330654002
   0.0028662982994873813
   0.002740674367685951
   0.002612574071590461
   0.002492503594520911
   0.002369758288678027
   0.002251697097949497
   0.0021303951995259363
   0.0020178965564677876
   0.0019037509645287633
   0.0017963691413479975
   0.001720320593468652
   0.0016688442821867428
   0.0016376193236152293
   0.0016220066207259904
   0.0016220627095739715
   0.001636959813169664
   0.0016697882622005427
   0.0017197079286033294
   0.0017975951346837374
   0.001903642956971157
   0.0020171332279785613
   0.0021342007497954065
   0.0022514776907519704
   0.0023717577129731523
   0.002490604082892285
   0.0026128852819817827
   0.0027372788574464195
   0.0028659168601583005
   0.0029939147873515293
   0.003129135572065255
   0.0032647362524551734
   0.003402411304558777
   0.0035514779210058787
   0.0036899693355398086
   0.0038312246597816293
   0.003992334515594372
   0.004145921180197921
   0.004303667719556019
   0.004479856723956179
   0.0046542679997205105
   0.004823853313289554
   0.005004579111726248
   0.005196259484221808
   0.005389547110967499
   0.0055970011795022446
   0.005813319645470958
   0.006021822735611847
   0.006236031265040939
   0.006479697918952047
   0.006718916402414253
   0.006966525193906629
   0.007219947338562703
   0.007467897050356097
   0.007767432773596914
   0.008047881492223616
   0.008339650708470902
   0.008632261264561772
   0.008970562150528546
   0.00926638510454046
   0.00962249606103233
   0.009934230966217351
   0.01035817471311768
   0.010662193344292008
   0.0111415531805181
   0.011552021076587274
   0.01190562221820795
   0.012334004830917063
   0.012773439968949888
   0.013223689841924928
   0.01378472717367832
   0.014272312652224948
   0.014765626776674595
   0.015330897968045721
   0.015716093416862763
   0.016388846261491605
   0.017052845886622113
   0.01771404148741156
   0.018357355605403546
   0.018778182120453814
   0.01959349175542361
   0.02034100479397291
   0.020936037530742885
   0.021750814154586955
   0.022683038313440766
   0.023581030098154446
   0.024068653361356784
   0.025161505349443412
   0.02613294535122062
   0.026811309740177154
   0.027822306099022906
   0.028694357305886885
   0.030188360400179182
   0.031091172138185533
   0.03265161131828255
   0.03381984178838899
   0.034985116588491835
   0.03603101261392165
   0.037399371814889316
   0.038521969734920704
   0.04032298860397013
   0.041254290132634035
   0.04401386350000145
   0.04428006687998588
   0.04560351258981088
   0.04772637299884706
   0.04932876160017534
   0.0510641163680317
   0.0542896016164036
   0.05505163797860008
   0.059226284667177685
   0.05795862041508929
   0.0611709404097835
   0.06376093661675458
   0.06834442325888215
   0.06728026915084691
   0.07094850384811582
   0.07279383855004032
   0.07741762820513376
   0.08177707058434167
   0.08318088059754063
   0.08565826190457637
   0.09001491520966236
   0.09305792454355857
   0.09456279492661941
   0.10029040815375352
   0.10274557809779725
   0.10810470735484823
   0.11388663273122615
   0.11078179940360809
   0.11610474230155063
   0.12343906717804182
   0.1291864119604227
   0.12999485941969513
   0.13566137158074856
   0.1415299998206012
   0.14497501828720796
   0.14629658764875358
   0.16535824745079997
   0.16197707965116082
   0.17426982059545013
   0.17668029468679367
   0.18550596832822536
   0.18831531884903946
   0.17883941489218425
   0.20245662357305885
   0.22485502852997086
   0.234136746110082
   0.21629430351027315
   0.22873186977787083
   0.24437034968031648
   0.2428096293390632
   0.31246237548651284
   0.24814427108328033
   0.2752095555892572
   0.2848948098044012
   0.30122073791302256
   0.3323504482647005
   0.3449388847037083
   0.3321588596717088
   0.35294060980346664
   0.34782551195604644
   0.4303310181536827
   0.41976120414774015
   0.3563477613008492
   0.3646417267944901
   0.4255226889928863
   0.47380311936327246
   0.49487125516004005
   0.5099015591268573
   0.5811861816817204
   0.5128112504096539
   0.5128112504096539
   0.6324552158058308
   0.603022357492957
   0.6110097653338555
   0.7453557241717242
   0.7050113616945071
   0.5128112504096539
   0.7559286814432771
   0.749655301504885
   0.7453557241717242
   0.816496335978715
   0.7041785062006943
   0.749655301504885
   0.8660251728443001
   0.942808829450005
   0.8660251728443001
   0.7370274598298289
   1.4142134209517316
   1.224744708092262
   1.9999998999999975
   0.7905691620598415
   1.1547003651741576
   1.1547003651741576
   0.9999997999999799
   1.9999998999999975
   1.9999998999999975
   1.9999998999999975
   1.1547003651741576
   0.8944269673930901
   1.1547003651741576
   1.490711850835775
   1.490711850835775
   0
   1.4142134209517316
   1.490711850835775
   1.9999998999999975
   1.4142134209517316
   1.9999998999999975
   0
   1.4142134209517316
   1.4142134209517316
   1.9999998999999975
   1.9999998999999975
   1.9999998999999975
   1.9999998999999975
   1.4142134209517316
   0
   1.9999998999999975
   0
   0
   0
   0
   1.9999998999999975
   0
   1.9999998999999975
   0
   0
   0
   1.9999998999999975
   0
   0
   1.9999998999999975
   0
   0
   0
   0
   1.9999998999999973
   0
   0
   0
   1.9999998999999975
   1.9999998999999975
   0
   0
   0
   0
   0
   0
   0
   0
   0
   0
   0
   0
   0
   0
   0
   0
   0
   0
   0
   0
   0
   0
   0
   0
   0
   0
   0
   0
   0
   0
   0
   0
   0
   0
   0
   0
   0
   0
   0
   0
   0
   0
   0
   0
   0
   0
   0
   0
   0
   0
   0
   0
   0
   0
   0
   0
   0
   0
   0
   0
   0
   0
   0
   0
   0
   0
   0
   0
   0
   0
   0
