   0
   0
   0
   0
   0
   0
   0
   0
   0
   0
   0
   0
   0
   0
   0
   0
   0
   0
   0
   1.9999989999997498
   0
   0
   0
   0
   0
   0
   0
   0
   0
   0
   1.4142121481588255
   0
   0
   0
   0
   0
   0
   0
   0
   0
   0
   0
   0
   1.9999989999997498
   1.9999989999997498
   0
   0
   0
   1.4142121481588255
   0
   0
   1.9999989999997498
   0
   0
   0
   1.9999989999997498
   1.4142121481588255
   0
   0
   1.9999989999997498
   0
   1.9999989999997498
   0
   0
   1.9999989999997498
   1.9999989999997498
   0
   0
   1.9999989999997498
   0
   0
   1.1546988063271448
   0
   0
   1.4142121481588255
   1.1546988063271448
   1.9999989999997498
   0
   0.9999979999980001
   0
   1.4142121481588255
   1.1546988063271448
   1.1546988063271448
   1.4142121481588255
   0
   1.4142121481588255
   0
   1.9999989999997498
   0.9999979999980001
   0
   0
   1.1546988063271448
   1.4142121481588255
   1.9999989999997498
   0.9999979999980001
   1.1546988063271448
   1.9999989999997498
   1.1546988063271448
   0.7559263002625133
   1.4142121481588255
   0.9999979999980001
   0.8164941314343089
   1.4142121481588255
   1.1546988063271448
   0.7071039527537659
   0.6666636666599165
   0.8164941314343089
   0.7071039527537659
   0.8944249549291433
   0.9999979999980001
   0.8944249549291433
   1.1546988063271448
   1.1546988063271448
   0.6666636666599165
   0.8164941314343089
   0.7559263002625133
   0.7071039527537659
   0.8164941314343089
   0.45882710882147504
   0.4850671269495169
   0.6666636666599165
   0.5546965906622355
   0.6666636666599165
   0.6666636666599165
   0.63245236974811
   0.5773468050776183
   0.5546965906622355
   0.5345187421543661
   0.41702403225504986
   0.47140027813125246
   0.37795918146956403
   0.43643119787223106
   0.3848949832722533
   0.3922271712237104
   0.4472091233416421
   0.3535477336937687
   0.41702403225504986
   0.4082433914549832
   0.41568738253644405
   0.37138529115025354
   0.3123411205873413
   0.3848949832722533
   0.37795918146956403
   0.34299133928355885
   0.26260524983590733
   0.2886682063084422
   0.27734288691631687
   0.3086002191154362
   0.27734288691631687
   0.2603701407025996
   0.2518490672262296
   0.27734288691631687
   0.24806140678965272
   0.23569377496140104
   0.2560659494970061
   0.2324866750032226
   0.23569377496140104
   0.20627455366419217
   0.20518592339118863
   0.20850482217340974
   0.20964742773533845
   0.18332879036897412
   0.19068202947219845
   0.17148692284218744
   0.19705570647994614
   0.16962599570014672
   0.16901901837198258
   0.17023955840631408
   0.15383315329685746
   0.152044030738589
   0.14176213356380757
   0.14624080939173853
   0.14176213356380757
   0.14176213356380757
   0.13606806575577723
   0.13391497201934408
   0.12881580017002567
   0.12908395201056816
   0.11623043281995259
   0.11545019949597093
   0.1112650031626862
   0.11007820911157722
   0.10703886234249657
   0.10673336589844523
   0.09997999799959989
   0.09576174563261419
   0.09576174563261419
   0.08968996453578618
   0.08726424020781719
   0.08709840886792639
   0.08636368778117443
   0.08245435760731737
   0.08029702923038813
   0.0775308815504181
   0.07684022057350137
   0.0752978011979648
   0.0720002271852677
   0.06873232418379911
   0.06901869640119367
   0.06616011644236301
   0.06428455999357649
   0.06201450642415294
   0.060881648623756626
   0.06007793034963849
   0.05767624002115765
   0.0559096633314324
   0.05235801785828331
   0.05163552042240293
   0.05022795792606559
   0.049944353794523465
   0.047603948503935865
   0.04705870756109616
   0.04524690101302023
   0.04314707430800558
   0.04183754992870612
   0.040895549080781496
   0.04043938998421071
   0.03871943036592489
   0.03634469454068061
   0.03564683355168239
   0.03451748594264382
   0.033698681570665925
   0.032297370359160325
   0.030559196703100033
   0.03001969633276279
   0.02919496990596307
   0.027947835079187966
   0.02689618721256446
   0.02540159239766633
   0.024493979508054656
   0.023887855820452567
   0.022736949247778394
   0.021583997876889728
   0.02065133533540933
   0.020003040598763188
   0.018844058965099653
   0.01801130211706873
   0.017132719470589006
   0.0162926644669344
   0.01536072037481237
   0.014703445186544463
   0.01380030115642959
   0.013124704813868458
   0.012380961555728185
   0.011714643771260795
   0.010999807493538034
   0.010550523331504538
   0.01028720577175055
   0.010091284819137744
   0.01003785777826855
   0.0100223142309073
   0.010131191251097422
   0.01029175456372837
   0.010638520310805031
   0.011090727882248628
   0.011657363909255467
   0.012389207665480096
   0.013062413646398452
   0.013884957893306517
   0.014628585297210409
   0.015487334756973054
   0.01628709399381889
   0.017223202025087325
   0.017962100430016878
   0.018880938696245606
   0.01965211429581624
   0.020524607979895637
   0.02187084934303909
   0.022742910702617816
   0.023796782125415486
   0.02502633236339105
   0.025325252251537627
   0.026558342182641005
   0.027802889414899605
   0.0289500374264143
   0.0297969825575301
   0.03116683911662881
   0.032004299651267686
   0.03366979297052012
   0.03502523905684979
   0.036557926258977295
   0.03670003418652271
   0.03844516070486406
   0.03920243788551161
   0.04043937638842476
   0.04193907106804768
   0.04421384239083731
   0.04515409647087741
   0.04744250659263863
   0.04791826790476579
   0.04921086255523085
   0.05056500234577185
   0.053055451706352126
   0.05285075966533307
   0.056285679280626326
   0.057627981606017
   0.05755617550926037
   0.059727954689814816
   0.06234621547181182
   0.06516730701511152
   0.0680512264962611
   0.06828923247638144
   0.07020101488406102
   0.07394563019104107
   0.07369384376388337
   0.07724085223333145
   0.08108561306460528
   0.08464258589468293
   0.08464312601364629
   0.08556872866887368
   0.08685142377255974
   0.0925273499701864
   0.09815576507198887
   0.10190981498172975
   0.09756951124100974
   0.10010401229982935
   0.1070371240919729
   0.10452254182057515
   0.11160905621812078
   0.11642468450204521
   0.11722501638879797
   0.12147488465306736
   0.1298985647757576
   0.12647529403009902
   0.13272959494569905
   0.13302298690169226
   0.1400137248174439
   0.14823637198077258
   0.14394925703537434
   0.15568694306981637
   0.14947363886345913
   0.1747293654341999
   0.1606314153984308
   0.1660789176763617
   0.1740661664512386
   0.19607102337830332
   0.18813354323058817
   0.18032283605592508
   0.19899738791260452
   0.19243969714442244
   0.19143475332836946
   0.20518592339118863
   0.20964742773533845
   0.2389451096634931
   0.21441317938562657
   0.23734790533942798
   0.24433070322272932
   0.25196837796053595
   0.2828356413184166
   0.2539923798704561
   0.2886682063084422
   0.2672537584928815
   0.30150471125521555
   0.2800488752861179
   0.30150471125521555
   0.3287918917919177
   0.3202500625512859
   0.29813568872057045
   0.32443667778895907
   0.29487712990181253
   0.37795918146956403
   0.37795918146956403
   0.3848949832722533
   0.3848949832722533
   0.41702403225504986
   0.43643119787223106
   0.4082433914549832
   0.4850671269495169
   0.41702403225504986
   0.49999599998399985
   0.47140027813125246
   0.43643119787223106
   0.45882710882147504
   0.4472091233416421
   0.5773468050776183
   0.4850671269495169
   0.5546965906622355
   0.7559263002625133
   0.4472091233416421
   0.4850671269495169
   0.6666636666599165
   0.63245236974811
   0.6030193725216162
   0.6666636666599165
   0.7559263002625133
   0.5773468050776183
   0.5345187421543661
   0.8164941314343089
   0.7559263002625133
   0.8164941314343089
   0.7071039527537659
   0.7071039527537659
   0.7559263002625133
   0.8944249549291433
   0.7071039527537659
   0.8944249549291433
   1.4142121481588255
   0
   1.4142121481588255
   1.4142121481588255
   0.9999979999980001
   1.9999989999997498
   1.9999989999997498
   0
   1.1546988063271448
   0.9999979999980001
   1.1546988063271448
   1.4142121481588255
   1.9999989999997498
   1.4142121481588255
   1.1546988063271448
   1.4142121481588255
   1.9999989999997498
   1.1546988063271448
   0
   0
   1.9999989999997498
   1.4142121481588255
   1.4142121481588255
   1.9999989999997498
   0
   1.4142121481588255
   1.9999989999997498
   0
   1.9999989999997498
   1.4142121481588255
   0
   0
   1.9999989999997498
   1.9999989999997498
   1.1546988063271448
   0
   0
   1.4142121481588255
   1.9999989999997498
   0
   0
   1.9999989999997498
   0
   0
   1.9999989999997498
   0
   1.9999989999997498
   1.9999989999997498
   0
   1.9999989999997498
   0
   0
   0
   1.4142121481588255
   1.9999989999997498
   1.9999989999997498
   0
   1.9999989999997498
   1.9999989999997498
   0
   0
   0
   0
   0
   0
   1.9999989999997498
   0
   0
   0
   0
   0
   1.9999989999997498
   0
   0
   0
   0
   0
   0
   0
   1.4142121481588255
   0
   0
   0
   1.9999989999997498
   0
   0
   0
   0
   0
   0
   0
   0
   0
   1.9999989999997498
   0
   0
   0
   0
   0
   0
   0
   0
   0
   0
