   0
   0
   0
   0
   0
   0
   0
   0
   0
   0
   0
   0
   0
   0
   0
   0
   0
   0
   0
   0
   0
   0
   0
   0
   0
   0
   0
   0
   0
   0
   0
   0
   0
   0
   0
   0
   0
   0
   0
   0
   0
   0
   0
   0
   0
   0
   0
   0
   0
   0
   0
   0
   0
   0
   0
   0
   0
   0
   0
   0
   0
   0
   0
   0
   0
   0
   0
   0
   0
   0
   0
   0
   0
   0
   0
   0
   0
   0
   0
   0
   0
   0
   0
   0
   0
   0
   0
   0
   0
   0
   0
   0
   0
   0
   0
   0
   0
   0
   0
   0
   0
   0
   0
   0
   0
   0
   0
   0
   0
   0
   0
   0
   0
   0
   0
   0
   0
   0
   0
   0
   0
   0
   0
   0
   0
   0
   0
   0
   0
   0
   0
   0
   0
   0
   0
   0
   0
   0
   0
   0
   0
   0
   0
   0
   0
   0
   0
   0
   0
   0
   0
   0
   0
   0
   0
   0
   0
   0
   0
   0
   0
   0
   0
   0
   0
   0
   0
   0
   0
   0
   0
   0
   0
   0
   0
   0
   0
   0
   0
   0
   0
   0
   0
   0
   0
   0
   0
   0
   0
   0
   0
   0
   0
   0
   0
   0
   0
   0
   0
   0
   0
   0
   0
   0
   0
   0
   0
   0
   0
   0
   0
   0
   0
   0
   0
   0
   0
   0
   0
   0
   0
   0
   0
   0
   0
   0
   0
   0
   0
   0
   0
   0
   0
   0
   0
   0
   0
   0
   0
   0
   0
   0
   0
   0
   0
   0
   0
   0
   0
   0
   0
   0
   0
   0
   0
   0
   0
   0
   0
   0
   0
   0
   0
   0
   0
   0
   0
   0
   0
   0
   0
   0
   0
   0
   0
   0
   0
   0
   0
   0
   0
   0
   0
   0
   0
   0
   0
   0
   0
   0
   0
   0
   0
   0
   0
   0
   0
   0
   0
   0
   0
   0
   0
   0
   0
   0
   0
   0
   0
   0
   0
   0
   0
   0
   0
   0
   0
   0
   0
   0
   0
   0
   0
   0
   0
   0
   0
   0
   0
   0
   0
   0
   0
   0
   0
   0
   0
   0
   0
   0
   0
   0
   0
   0
   0
   0
   0
   0
   0
   0
   0
   0
   0
   0
   0
   0
   0
   0
   0
   0
   0
   0
   0
   0
   0
   0
   0
   0
   0
   0
   0
   0
   0
   0
   0
   0
   0
   0
   0
   0
   0
   0
   0
   0
   0
   0
   0
   0
   0
   0
   0
   0
   0
   0
   0
   0
   0
   0
   0
   0
   0
   0
   0
   0
   0
   0
   0
   0
   0
   0
   0
   0
   0
   0
   0
   0
   0
   0
   0
   0
   0
   0
   0
   0
   0
   1.9999989999997498
   0
   0
   0
   0
   0
   0
   0
   0
   0
   0
   0
   0
   0
   0
   0
   0
   0
   0
   0
   0
   0
   0
   0
   0
   0
   0
   0
   0
   0
   0
   0
   0
   0
   0
   0
   0
   0
   1.9999989999997498
   1.9999989999997498
   0
   0
   0
   0
   0
   0
   0
   0
   0
   1.9999989999997498
   0
   0
   0
   0
   0
   0
   0
   0
   1.9999989999997498
   0
   0
   0
   0
   0
   0
   1.9999989999997498
   1.9999989999997498
   0
   0
   1.9999989999997498
   1.9999989999997498
   0
   0
   0
   0
   0
   0
   0
   0
   1.9999989999997498
   0
   1.9999989999997498
   1.9999989999997498
   1.9999989999997498
   1.9999989999997498
   0
   0
   0
   0
   0
   0
   0
   1.9999989999997498
   0
   0
   1.9999989999997498
   0
   0
   1.9999989999997498
   0
   0
   1.9999989999997498
   0
   0
   0
   0
   0
   0
   0
   0
   0
   0
   0
   0
   1.4142121481588255
   0
   1.4142121481588255
   0
   1.4907106433584696
   1.4142121481588255
   1.1546988063271448
   1.9999989999997498
   1.9999989999997498
   1.4142121481588255
   0
   1.4142121481588255
   1.9999989999997498
   1.4142121481588255
   1.1546988063271448
   1.9999989999997498
   1.4142121481588255
   1.4142121481588255
   1.5811375651726196
   1.9999989999997498
   1.4142121481588255
   1.1546988063271448
   0.9428069202593333
   0.9999979999980001
   0.9428069202593333
   1.99999899999975
   1.9999989999997498
   1.9999989999997498
   1.9999989999997498
   1.4142121481588255
   1.9999989999997498
   1.9999989999997498
   1.9999989999997498
   1.1546988063271448
   1.4142121481588255
   1.4142121481588255
   1.4142121481588255
   1.4142121481588255
   0
   0.9999979999980001
   1.4142121481588255
   1.1546988063271448
   1.1065648629512719
   0.8164941314343089
   0.9999979999980001
   1.4142121481588255
   1.2247432383973387
   0.8164941314343089
   0.790566885215919
   0.8944249549291433
   0.9999979999980001
   0.8944249549291433
   0.8606606420307256
   0.7559263002625133
   1.1546988063271448
   1.1546988063271448
   1.1546988063271448
   0.8606606420307256
   0.7483288047375967
   0.9999979999980001
   0.8944249549291433
   0.9999979999980001
   0.7071039527537659
   0.8164941314343089
   0.7071039527537659
   0.790566885215919
   0.7071039527537659
   0.7994055631767081
   0.8944249549291433
   0.7483288047375967
   0.9476049723769231
   1.0582986346017837
   1.1546988063271448
   0.790566885215919
   0.8164941314343089
   0.7559263002625133
   1.1546988063271448
   0.8571405238063479
   0.5958402351291968
   0.8944249549291433
   1.1546988063271448
   0.7496529003974974
   0.6928174362701909
   1.1546988063271448
   0.7453533092135269
   0.9428069202593333
   0.7071039527537659
   0.6555517264989107
   0.6666636666599165
   0.6555517264989107
   0.7071039527537659
   0.6030193725216162
   0.5303263146403354
   0.7559263002625133
   0.6928174362701909
   0.606088226890698
   0.5958402351291968
   0.6550280482121636
   0.6700564094438128
   0.6245147522172407
   0.5469597563525603
   0.5958402351291968
   0.6123691697007614
   0.5211534690200238
   0.5546965906622355
   0.7496529003974974
   0.6550280482121636
   0.6030193725216162
   0.5263119894599662
   0.5590134166547347
   0.5862985587565434
   0.547097548789205
   0.5811830845592271
   0.4109560668598152
   0.5590134166547347
   0.5163939064964522
   0.5642119285747339
   0.5497437787026082
   0.4615341281847854
   0.4109560668598152
   0.44221211602075705
   0.41649176192945525
   0.42132029727917014
   0.4454166588712191
   0.3833207214725081
   0.4028981326675167
   0.5862985587565434
   0.40703374967290007
   0.4194960965607743
   0.4625881208454505
   0.3999949999687496
   0.4109560668598152
   0.44095401624709624
   0.4522327171268709
   0.4194960965607743
   0.3658873474450957
   0.34400464425102195
   0.37470543532928124
   0.39018602607999286
   0.3362729511853166
   0.33234503225074297
   0.3299083773034053
   0.33409004514859253
   0.3155765768021538
   0.3212633250746594
   0.29764247230916835
   0.30768580762365
   0.3134511237459073
   0.2857072856285336
   0.30768580762365
   0.29791508261533883
   0.30088366426888036
   0.28849652501632017
   0.2628848151481994
   0.31351981874928136
   0.3161606446867644
   0.25351323774893025
   0.27453214898522593
   0.29450075361117667
   0.3134511237459073
   0.2618678166650172
   0.2774254050836659
   0.2737114471400959
   0.26573842129035624
   0.2743983216690703
   0.23010299626230182
   0.27364603561577633
   0.24413486518450014
   0.25110496559759465
   0.2482960906274526
   0.2606345874112447
   0.22232304721015916
   0.24690637618471445
   0.21697033611576358
   0.21123884666447137
   0.21197382777754767
   0.22891992606113767
   0.22378360639929545
   0.22742061896634277
   0.21046025910170552
   0.22629908921110967
   0.1916525342320081
   0.22456768781209926
   0.19799734928279167
   0.19187254490220618
   0.1991883530731654
   0.19383739457627677
   0.19459277926947396
   0.19947026731634113
   0.1775432751805359
   0.1847412605059664
   0.18059334457198553
   0.1857766425588865
   0.18158956151053332
   0.1910410801547279
   0.1689184874731772
   0.1714592467547783
   0.1606936410720466
   0.18479380159694422
   0.18064611800310584
   0.16819436793531675
   0.16455573808818827
   0.16600230085420167
   0.16463816616173524
   0.16259860913398888
   0.16016330768503767
   0.1542648789989542
   0.1579303863739702
   0.1462436230796895
   0.14725885297257751
   0.14064959251611975
   0.15486987925210638
   0.14224164787618482
   0.1417522040936834
   0.13839776600475906
   0.14171533437256148
   0.1359871276150735
   0.1411761193802936
   0.13110674417815707
   0.1333183324894884
   0.13208966458275714
   0.1263337330088868
   0.1275033710248856
   0.1305421296183282
   0.13100310860094797
   0.12204274575068084
   0.12300060844810574
   0.11739823199074409
   0.12404283534327969
   0.11700418443841136
   0.12352424415004926
   0.11658049209884423
   0.12009799003817699
   0.10875338565047238
   0.1114894830149689
   0.11172731409964583
   0.10821681427917551
   0.10668821255535288
   0.10345205432982077
   0.10487082701670776
   0.10145514970179904
   0.10073719345284055
   0.10069748761448805
   0.10215351036710106
   0.09950690920684505
   0.10065898851870193
   0.09410657348859686
   0.09189582863313371
   0.09229415296921423
   0.0952208124665653
   0.09356666192965056
   0.09178627393704691
   0.0900418175243918
   0.08636282926483158
   0.08373214641303266
   0.08317073449258056
   0.0803701283166828
   0.08258233497601333
   0.079688943111674
   0.07988729902203486
   0.08133971523845043
   0.07705635542903327
   0.07731600565899814
   0.07538552611645125
   0.07811084398441208
   0.07396487244942984
   0.07419937285999069
   0.07300449343230038
   0.07080531669858726
   0.07125560291475727
   0.07155763432832572
   0.06961286539564492
   0.07019524017509957
   0.06704829280446246
   0.0687345736073059
   0.06724129525331722
   0.06387561956436909
   0.06522473420452826
   0.0635270021329513
   0.06276277629910611
   0.0635092796227529
   0.06294077164214729
   0.06225750089253597
   0.060737377071444366
   0.05967954292414996
   0.058282130382050976
   0.05813068523111866
   0.057633832318159675
   0.05677188518628345
   0.05680436451359477
   0.05489137211589801
   0.05447111412180722
   0.0537417150376748
   0.054313276600189656
   0.05287223939785981
   0.05174325575965977
   0.05198983449269464
   0.05121596724869561
   0.04984753477887614
   0.04849708319259314
   0.04896041685047021
   0.04799313956406299
   0.04838642480359604
   0.04703381948049667
   0.04711546891181801
   0.04674725309680105
   0.04536495147146868
   0.04548166227288158
   0.04456569143607552
   0.04363692692170561
   0.04377906170802253
   0.04306798157203233
   0.042724947424280485
   0.041945122313495745
   0.04067285385792636
   0.04021299886032799
   0.04001099344318313
   0.03945386074943595
   0.03822652500646282
   0.038354107002219265
   0.03828495254302905
   0.03780280759193876
   0.03770771677807123
   0.037114165502517504
   0.03612649888172839
   0.035773547311323116
   0.035753650213289676
   0.034631392038532736
   0.03480197979317077
   0.034115249643583034
   0.0336611768090959
   0.03333077223819222
   0.03280669215869939
   0.03239891793409158
   0.03223075036954451
   0.03181849437417363
   0.03137978835949541
   0.0306319307445878
   0.030563039240150656
   0.029816506449293668
   0.029861369992383653
   0.029340663296921313
   0.028423811420587523
   0.028629101023196043
   0.028302179500520514
   0.02813646673673003
   0.027264441511588473
   0.027234998251339525
   0.027192615188507754
   0.026704014494243037
   0.026125523054770443
   0.025756981161849355
   0.02552598949744907
   0.02530169267321846
   0.024868634453701646
   0.024624279737353656
   0.02408353601364735
   0.024009875969686133
   0.023710191670064946
   0.02348821245482382
   0.02310285109700655
   0.022646480412321892
   0.022433549303305843
   0.02222679693995581
   0.022087995008070148
   0.021634458031752977
   0.021462831734531784
   0.020858530512860594
   0.020906488830327728
   0.02063159952513768
   0.020352696881720846
   0.019955106217323965
   0.019889966733865456
   0.019543488557704963
   0.019186186490965727
   0.01927021833944342
   0.018823120819097046
   0.018728260416291276
   0.018427555873666228
   0.018154633513301533
   0.017908505687149547
   0.017636135070787113
   0.01741059222923074
   0.017279726359904102
   0.017080957414542467
   0.016734177623021085
   0.016685094093629584
   0.01643301717607355
   0.016228174980204246
   0.016033082418924836
   0.0157958585042753
   0.015622900332197653
   0.015454529764585492
   0.015223949404699498
   0.01514986431711055
   0.014794801259092924
   0.014714479570859473
   0.014438389507361187
   0.014274351934614583
   0.0141736509029912
   0.013879982592908036
   0.013751715259792026
   0.01355585587876551
   0.01343798567610588
   0.01326258514530618
   0.01313615739465361
   0.012959475169777685
   0.012789089690875291
   0.012560504412223016
   0.012450711425773834
   0.01230342696853775
   0.012089076009762917
   0.011987947220571537
   0.011855969289859495
   0.011654180215898311
   0.011524270798864825
   0.011311035421252657
   0.01119878832442548
   0.01108378181674411
   0.01101068833191559
   0.010808301545549421
   0.010656971672479814
   0.010551135692062206
   0.01035860094910746
   0.01023436725048514
   0.010119050420788717
   0.009953524615461902
   0.009787999511528074
   0.009698401350812623
   0.009556394841371559
   0.009423255515451087
   0.009312696364837884
   0.00913476989318143
   0.00902660107658191
   0.008932907351361869
   0.008812693642854922
   0.008635292715156388
   0.008546127129204623
   0.008403207455883549
   0.008262457342263049
   0.008150389766866705
   0.008003593262027844
   0.007886851569522752
   0.007759027118002019
   0.007629764579392528
   0.007478509748197196
   0.007362141084369468
   0.007234258778254146
   0.007077112708944405
   0.006950323080196315
   0.006800275447680557
   0.006672398239475016
   0.006518850854681455
   0.006378523393704213
   0.0062453812803581876
   0.006086020273914745
   0.005948225856055575
   0.005850426929766704
   0.005753470475993392
   0.00570316733515081
   0.005681805100324504
   0.005664701217411586
   0.0057134940663512365
   0.005748019404332037
   0.005848600602958268
   0.005939660720250894
   0.00608240171142418
   0.006241922830455262
   0.006379073920434579
   0.006525214738543571
   0.006660453988599594
   0.006783180135471516
   0.00694881710826729
   0.007072783915002464
   0.007225698936617707
   0.007339905171332115
   0.007472235786485127
   0.007614169942598367
   0.007772973400867875
   0.007854251727748816
   0.007996986605879762
   0.008155335087058716
   0.008244305208459694
   0.008417516698421158
   0.008523620418403752
   0.008619160211053377
   0.008774928722991798
   0.008906972543762154
   0.00901443781063775
   0.009151460247739433
   0.00928145228176554
   0.009453510495655192
   0.009513110446797778
   0.009660914242631925
   0.009845930459032438
   0.009957971659544172
   0.010055697255758068
   0.010216544082887913
   0.010374474993086927
   0.010567536153091773
   0.010691727229070051
   0.010833233533292843
   0.010966540378098993
   0.01112323269641384
   0.011233264000348422
   0.011404526390480507
   0.011514793665609814
   0.011714097702840764
   0.011765860351905784
   0.011998146283435786
   0.012123151846863965
   0.012333353750413355
   0.012458106598632645
   0.01268752982519
   0.012841069940713249
   0.012956857711225315
   0.013139883923389477
   0.013297266968406744
   0.01346243817123398
   0.013603050989321177
   0.013755479086696203
   0.01400426337582672
   0.014147563496275904
   0.01432002934769755
   0.014425481011911991
   0.014650074103684928
   0.014916760257744275
   0.015092162381571017
   0.015217562735989332
   0.015457142756249384
   0.015598508191017404
   0.01588127302041372
   0.01596095132899009
   0.01620305507142466
   0.016424149087632296
   0.016628750578834225
   0.016837270475141684
   0.017240450713572924
   0.01729115912208075
   0.01754122168090085
   0.017741133142712296
   0.017920015411547266
   0.018260726185196797
   0.01851187293788196
   0.01869762213686974
   0.018889309166678275
   0.01910816633244105
   0.019214801201588746
   0.01973219089500799
   0.01986546177981985
   0.02008297548296077
   0.02038527407880669
   0.02069475815628323
   0.02086902213458385
   0.02128936126213755
   0.021289137236752718
   0.02164551553274973
   0.022148756896590932
   0.02215229669087063
   0.022364981858969648
   0.0228240462028571
   0.023185353063394077
   0.023437061387003612
   0.02361564847506374
   0.023822238740638345
   0.024317775166081163
   0.024571102799051767
   0.02497852226351064
   0.025162326291544516
   0.025565216552952626
   0.026078160772127455
   0.02638340580299362
   0.02658450761396451
   0.027042409735767502
   0.027297824194478935
   0.027713831881652135
   0.028182650207796714
   0.028331610508396828
   0.02885427857357528
   0.028724720107410243
   0.029139770022637044
   0.02940537123918383
   0.030374698985996415
   0.03028181513470858
   0.03095909636625285
   0.03147786681405266
   0.03167802793505002
   0.03163555469615156
   0.03263104822230004
   0.032793601766013224
   0.03357102605956298
   0.03349924559413335
   0.03446892140105971
   0.03496357208522149
   0.035362929364223666
   0.035709610163279795
   0.03568734240685412
   0.035950719665577585
   0.03702460226253937
   0.03710955425180159
   0.03787406438481607
   0.0383633154974441
   0.03883295234169307
   0.03949593606218967
   0.039559691733950596
   0.04000847847509206
   0.040150104095410734
   0.040512001957240876
   0.041465961895424154
   0.04211273016069965
   0.04235186756509927
   0.04303859189499281
   0.04392873736103123
   0.04453894929596991
   0.04424187430906828
   0.04450200317823476
   0.04578605166664863
   0.046678192256444165
   0.0471441184161351
   0.048107658662465906
   0.04746298219154759
   0.05009365607847033
   0.0501399931351373
   0.049660775340615096
   0.05104741097215825
   0.05241492286437697
   0.052335654442120114
   0.05320707713202397
   0.052479027427370276
   0.0547968418574558
   0.05478101957824055
   0.05623418652854239
   0.05552763973743228
   0.05689862563051325
   0.05610516924814708
   0.05860771256830527
   0.058704394664487236
   0.059470965133138834
   0.05977057396294466
   0.06086698844628268
   0.062237342677900764
   0.06379040394070361
   0.06523558532666501
   0.06512001649371572
   0.06480370359786546
   0.06713904743991288
   0.06569394099535938
   0.06837250704544741
   0.06937165135681865
   0.0686687195396411
   0.06898439654763724
   0.07138196415034535
   0.07253594837680383
   0.0717261964226038
   0.0736252107950108
   0.07624115784828746
   0.07526469091182049
   0.07715806583483789
   0.0769082546976555
   0.07981807623492446
   0.07991599608747858
   0.07974284992297344
   0.07998117038540078
   0.08264152441519847
   0.08175826041795071
   0.0864800084149163
   0.08582045939518275
   0.08369848049928846
   0.08629830054146781
   0.09139021149888342
   0.0902124590919573
   0.09141162231176332
   0.09197107800457047
   0.0967067942512577
   0.0972988301633708
   0.09525369841017735
   0.09416664252092807
   0.10075128772457115
   0.096687113084504
   0.09957911427603681
   0.10389500451424089
   0.10469437559249185
   0.10081850472382657
   0.10558532052696491
   0.10415911274703792
   0.1029477815120077
   0.11224256970929719
   0.11202556387903848
   0.11052451691997081
   0.11956891297051078
   0.11136945681381322
   0.11353085356588558
   0.11455012301777874
   0.11956801917679885
   0.12789371886101258
   0.12051297039347199
   0.12233053338083723
   0.1249501880199016
   0.1250854276243009
   0.12687437894721298
   0.13684799981444423
   0.13594031065710424
   0.13238907505977468
   0.13580710748486888
   0.14468589699193748
   0.1361688413726436
   0.1414072133945083
   0.1437631198371926
   0.14590904025503582
   0.14590904025503582
   0.15164214514066862
   0.14615333016516371
   0.14259574602146885
   0.15820876589317726
   0.16837870270206234
   0.16953477204291537
   0.16499408727413495
   0.16097118650683997
   0.1651411370221988
   0.16849251122397513
   0.1614695809475831
   0.1669693326377278
   0.16616348911670353
   0.1792461843079786
   0.1689458107555245
   0.19508532424819713
   0.17374999684096526
   0.19573800796838592
   0.19870456115927196
   0.18665595207344565
   0.20185079160358402
   0.1849460081210616
   0.18736068075067944
   0.18140892638767045
   0.19884200662942483
   0.19870456115927196
   0.19283693278163314
   0.18600558089629318
   0.20453394444621417
   0.21688954028744295
   0.2129863058378001
   0.2132706313733753
   0.2266146447660981
   0.21101771795231464
   0.22878303917105758
   0.24278255378229432
   0.2330600516054199
   0.24566776945550983
   0.25922642124715556
   0.22378360639929545
   0.2639829402971257
   0.24610827465893464
   0.24215741866785828
   0.24045608591112994
   0.23329927954887372
   0.2330600516054199
   0.26477776252340635
   0.24566776945550983
   0.2843450784914463
   0.23778654172170086
   0.30587258874170287
   0.2610923408551572
   0.28849652501632017
   0.2695558566634969
   0.2492469261456626
   0.2675464419724651
   0.2642020400344047
   0.2914093472867778
   0.29645678437168543
   0.29978293367923875
   0.2935129403516073
   0.3280775653544279
   0.2966251633204156
   0.3605495805017668
   0.28747283019300024
   0.37837309262717306
   0.38031261233782604
   0.31949240223370906
   0.32685114693065836
   0.335542236674599
   0.3277712869195922
   0.33671157510138594
   0.3316564487538272
   0.335542236674599
   0.369269056872677
   0.3852706840651129
   0.3658873474450957
   0.36850843835087743
   0.4454166588712191
   0.44853030215656864
   0.44535728066128727
   0.4898938660567204
   0.4159403570499469
   0.4263967422696635
   0.47618627617195414
   0.4690373119486338
   0.38872498133141775
   0.44853030215656864
   0.4382235682247127
   0.44095401624709624
   0.5211534690200238
   0.5098980290214897
   0.4850671269495169
   0.43080854216229275
   0.5443273797048025
   0.4985145033589009
   0.4351380383579853
   0.4382235682247127
   0.4810415352936646
   0.47618627617195414
   0.47140027813125246
   0.6046874974142312
   0.4850671269495169
   0.4564310827861457
   0.49959583665198803
   0.6555517264989107
   0.6388734344971018
   0.5163939064964522
   0.6394410753845023
   0.6928174362701909
   0.5048204090856103
   0.45882710882147504
   0.7483288047375967
   0.6666636666599165
   0.5128077403342434
   0.7071039527537659
   0.606088226890698
   0.6555517264989107
   0.6666636666599165
   0.5714250714178526
   0.6555517264989107
   0.8164941314343089
   0.7041759500260154
   0.6928174362701909
   0.8164941314343089
   0.790566885215919
   0.8571405238063479
   1.0582986346017837
   0.8944249549291433
   0.6666636666599165
   0.8164941314343089
   0.7659390750357803
   0.5773468050776183
   0.6666636666599165
   0.9999979999980001
   0.8606606420307256
   0.8944249549291433
   0.9999979999980001
   0.6928174362701909
   0.7559263002625133
   0.737025017582992
   0.8164941314343089
   0.7559263002625133
   0.8164941314343089
   1.9999989999997498
   1.1546988063271448
   0.7050088085395411
   0.9999979999980001
   1.0582986346017837
   0.7559263002625133
   0.8944249549291433
   1.4142121481588255
   1.1546988063271448
   1.1546988063271448
   1.1546988063271448
   1.4142121481588255
   1.4142121481588255
   0.9428069202593333
   0.9999979999980001
   0.8944249549291433
   1.1546988063271448
   0.9428069202593333
   0.8164941314343089
   1.1546988063271448
   1.1546988063271448
   1.4142121481588255
   1.1546988063271448
   0.8944249549291433
   1.4907106433584696
   1.1546988063271448
   1.4907106433584696
   0.9999979999980001
   1.9999989999997498
   1.1546988063271448
   1.9999989999997498
   1.1546988063271448
   1.4142121481588255
   1.0582986346017837
   1.1546988063271448
   1.1546988063271448
   1.9999989999997498
   1.2247432383973387
   1.9999989999997498
   1.2247432383973387
   1.9999989999997498
   1.9999989999997498
   1.1546988063271448
   1.9999989999997498
   1.9999989999997498
   1.4142121481588255
   1.4907106433584696
   1.1546988063271448
   1.1546988063271448
   1.9999989999997498
   1.9999989999997498
   0
   1.4907106433584696
   1.1546988063271448
   0
   1.9999989999997498
   1.9999989999997498
   1.1546988063271448
   0
   1.9999989999997498
   1.4142121481588255
   1.1546988063271448
   1.9999989999997498
   1.4142121481588255
   1.9999989999997498
   0.9999979999980001
   1.9999989999997498
   1.9999989999997498
   1.1546988063271448
   1.9999989999997498
   1.9999989999997498
   1.9999989999997498
   1.9999989999997498
   0
   1.9999989999997498
   0
   1.9999989999997498
   1.4907106433584696
   1.9999989999997498
   1.4142121481588255
   1.2247432383973387
   1.9999989999997498
   1.4142121481588255
   1.9999989999997498
   0
   0
   1.99999899999975
   1.4142121481588255
   1.9999989999997498
   1.4142121481588255
   0
   0
   1.4142121481588255
   0
   0
   1.4142121481588255
   0
   1.4142121481588255
   1.4142121481588255
   1.4142121481588255
   1.9999989999997498
   0
   1.9999989999997498
   1.1546988063271448
   1.1546988063271448
   1.9999989999997498
   1.4142121481588255
   0
   1.4142121481588255
   0.9999979999980001
   1.4142121481588255
   1.4142121481588255
   1.1546988063271448
   1.4142121481588255
   0
   0
   1.9999989999997498
   1.9999989999997498
   0
   1.9999989999997498
   0
   1.9999989999997498
   0
   0
   1.4142121481588255
   1.9999989999997498
   1.4142121481588255
   1.9999989999997498
   0
   1.4142121481588255
   1.9999989999997498
   1.2247432383973387
   0
   1.4907106433584696
   1.9999989999997498
   0
   1.9999989999997498
   0
   1.9999989999997498
   1.9999989999997498
   0
   1.9999989999997498
   1.4907106433584696
   0
   1.4907106433584696
   0
   0
   1.9999989999997498
   1.9999989999997498
   0
   0
   0
   0
   0
   1.9999989999997498
   1.9999989999997498
   0
   0
   0
   0
   0
   0
   0
   0
   0
   1.9999989999997498
   0
   0
   0
   0
   0
   0
   0
   0
   0
   0
   0
   0
   0
   0
   1.9999989999997498
   0
   0
   1.9999989999997498
   0
   1.9999989999997498
   0
   0
   0
   0
   0
   0
   0
   0
   0
   0
   0
   0
   0
   0
   0
   0
   1.9999989999997498
   0
   0
   0
   0
   0
   0
   0
   0
   0
   0
   0
   0
   0
   0
   0
   0
   0
   0
   0
   0
   0
   0
   0
   0
   0
   0
   0
   0
   0
   0
   0
   0
   0
   0
   0
   0
   0
   0
   0
   0
   0
   0
   0
   0
   0
   0
   0
   0
   0
   0
   0
   0
   0
   0
   0
   0
   0
   0
   0
   0
   0
   0
   0
   0
   0
   0
   0
   0
   0
   0
   0
   0
   0
   0
   0
   0
   0
   0
   0
   0
   0
   0
   0
   0
   0
   0
   0
   0
   0
   0
   0
   0
   0
   0
   0
   0
   0
   0
   0
   0
   0
   0
   0
   0
   0
   0
   0
   0
   0
   0
   0
   0
   0
   0
   0
   0
   0
   0
   0
   0
   0
   0
   0
   0
   0
   0
   0
   0
   0
   0
   0
   0
   0
   0
   0
   0
   0
   0
   0
   0
   0
   0
   0
   0
   0
   0
   0
   0
   0
   0
   0
   0
   0
   0
   0
   0
   0
   0
   0
   0
   0
   0
   0
   0
   0
   0
   0
   0
   0
   0
   0
   0
   0
   0
   0
   0
   0
   0
   0
   0
   0
   0
   0
   0
   0
   0
   0
   0
   0
   0
   0
   0
   0
   0
   0
   0
   0
   0
   0
   0
   0
   0
   0
   0
   0
   0
   0
   0
   0
   0
   0
   0
   0
   0
   0
   0
   0
   0
   0
   0
   0
   0
   0
   0
   0
   0
   0
   0
   0
   0
   0
   0
   0
   0
   0
   0
   0
   0
   0
   0
   0
   0
   0
   0
   0
   0
   0
   0
   0
   0
   0
   0
   0
   0
   0
   0
   0
   0
   0
   0
   0
   0
   0
   0
   0
   0
   0
   0
   0
   0
   0
   0
   0
   0
   0
   0
   0
   0
   0
   0
   0
   0
   0
   0
   0
   0
   0
   0
   0
   0
   0
   0
   0
   0
   0
   0
   0
   0
   0
   0
   0
   0
   0
   0
   0
   0
   0
   0
   0
   0
   0
   0
   0
   0
   0
   0
   0
   0
   0
   0
   0
   0
   0
   0
   0
   0
   0
   0
   0
   0
   0
   0
   0
   0
   0
   0
   0
   0
   0
   0
   0
   0
   0
   0
   0
   0
   0
   0
   0
   0
   0
   0
   0
   0
   0
   0
   0
   0
   0
   0
   0
   0
   0
   0
   0
   0
   0
   0
   0
   0
   0
   0
   0
   0
   0
   0
   0
   0
   0
   0
   0
   0
   0
   0
   0
   0
   0
   0
   0
   0
   0
   0
   0
   0
   0
   0
   0
   0
   0
   0
   0
   0
   0
   0
