   0
   0
   0
   0
   0
   0
   0
   0
   0
   0
   0
   0
   0
   0
   0
   0
   0
   0
   0
   0
   0
   0
   0
   0
   0
   0
   0
   0
   0
   0
   0
   0
   0
   0
   0
   0
   0
   0
   0
   0
   0
   0
   0
   0
   0
   0
   0
   0
   0
   0
   0
   0
   0
   0
   0
   0
   0
   0
   0
   0
   0
   0
   0
   0
   0
   0
   0
   0
   0
   0
   0
   0
   0
   0
   0
   0
   0
   0
   0
   0
   0
   0
   0
   0
   0
   0
   0
   0
   0
   0
   0
   0
   0
   0
   0
   0
   0
   0
   0
   0
   0
   0
   0
   0
   0
   0
   0
   0
   0
   0
   0
   0
   0
   0
   0
   0
   0
   0
   0
   0
   0
   0
   0
   0
   0
   0
   0
   0
   0
   0
   0
   0
   0
   0
   0
   0
   0
   0
   0
   0
   0
   0
   0
   0
   0
   0
   0
   0
   0
   0
   0
   0
   0
   0
   0
   0
   0
   0
   0
   0
   0
   0
   0
   0
   0
   0
   0
   0
   0
   0
   0
   0
   0
   0
   0
   0
   0
   0
   0
   0
   0
   0
   0
   0
   0
   0
   0
   0
   0
   0
   0
   0
   0
   0
   0
   0
   0
   0
   0
   0
   0
   0
   0
   0
   0
   0
   0
   0
   0
   0
   0
   0
   0
   0
   0
   0
   0
   0
   0
   0
   0
   0
   0
   0
   0
   0
   0
   0
   0
   0
   0
   0
   0
   0
   0
   0
   0
   0
   0
   0
   0
   0
   0
   0
   0
   0
   0
   0
   0
   0
   0
   0
   0
   0
   0
   0
   1.9999998999999975
   0
   1.9999998999999975
   0
   1.9999998999999973
   0
   0
   0
   0
   0
   1.9999998999999975
   0
   0
   0
   1.9999998999999975
   0
   1.9999998999999975
   0
   0
   0
   1.9999998999999975
   1.9999998999999975
   1.9999998999999975
   0
   0
   0
   0
   0
   0
   0
   0
   0
   0
   0
   0
   0
   0
   0
   0
   0
   0
   0
   0
   0
   0
   0
   0
   0
   0
   0
   0
   1.9999998999999975
   0
   0
   0
   0
   0
   1.9999998999999975
   0
   1.9999998999999975
   0
   0
   0
   1.9999998999999973
   0
   0
   0
   1.9999998999999975
   0
   0
   0
   0
   1.9999998999999975
   0
   0
   1.9999998999999975
   0
   0
   0
   0
   0
   0
   0
   1.9999998999999975
   1.9999998999999975
   0
   0
   0
   0
   0
   0
   0
   0
   0
   0
   0
   0
   0
   0
   0
   0
   0
   0
   0
   0
   1.9999998999999973
   0
   0
   0
   0
   1.9999998999999975
   0
   0
   1.9999998999999975
   0
   0
   0
   0
   1.9999998999999975
   0
   0
   0
   0
   1.9999998999999973
   0
   1.9999998999999975
   0
   0
   0
   0
   0
   0
   0
   0
   0
   1.9999998999999975
   0
   1.9999998999999975
   0
   0
   0
   0
   0
   0
   0
   0
   1.9999998999999975
   1.9999998999999973
   0
   0
   0
   0
   0
   1.9999998999999975
   0
   1.9999998999999977
   1.9999998999999975
   0
   0
   0
   1.9999998999999975
   0
   1.9999998999999973
   0
   0
   1.5811387035930782
   0
   1.1547003651741576
   1.9999998999999975
   1.4142134209517316
   1.4142134209517316
   1.490711850835775
   1.4142134209517316
   0
   1.490711850835775
   1.9999998999999973
   0
   1.4142134209517316
   0
   1.9999998999999975
   1.4846148432011117
   1.9999998999999975
   0
   1.9999998999999975
   0
   0
   0
   0
   1.4142134209517316
   1.9999998999999975
   0
   1.9999998999999975
   0.8081217881543573
   1.490711850835775
   1.490711850835775
   1.2453995375634543
   1.9999998999999975
   1.9999998999999975
   1.4142134209517316
   1.4142134209517316
   0
   1.9999998999999975
   1.5811387035930782
   1.7677668398292803
   1.490711850835775
   0
   1.9999998999999973
   1.490711850835775
   1.9999998999999975
   0
   0
   1.4142134209517316
   1.326649765386479
   1.9999998999999975
   1.44222037151054
   1.9999998999999975
   1.4142134209517316
   1.1547003651741576
   1.44222037151054
   1.9999998999999975
   1.9999998999999975
   0
   1.058300335443583
   1.5231544898663432
   1.9999998999999975
   1.1111109311110967
   1.490711850835775
   1.4142134209517316
   0.9999997999999799
   0
   1.224744708092262
   1.490711850835775
   1.1547003651741576
   1.9999998999999975
   1.490711850835775
   1.1999998333333217
   1.9999998999999975
   1.1547003651741576
   1.9999998999999975
   1.1065664896057388
   1.490711850835775
   1.9999998999999975
   0.942808829450005
   0.9476068719007209
   1.7677668398292803
   0.9999997999999799
   1.1999998333333217
   1.4142134209517316
   1.490711850835775
   1.5811387035930782
   1.4142134209517316
   1.054092363652783
   1.224744708092262
   1.0606599832179961
   1.490711850835775
   1.9999998999999975
   1.224744708092262
   0.9797956929891047
   0.7370274598298289
   0.7999997499999609
   0.9999997999999799
   0.8944269673930901
   0.9476068719007209
   0.9354141328844674
   0.8571426238094921
   1.019803706602403
   1.1180338098644422
   0.9629824713557398
   0.7284310845220427
   0.942808829450005
   0.8837786423971765
   1.058300335443583
   0.7071064983437785
   0.6529191794359265
   0.6740127808942974
   0.9354141328844674
   0.9686440032015229
   0.9897431165381723
   1.224744708092262
   0.7714630965526222
   1.0301573131303385
   1.1999998333333217
   1.1726037693952718
   0.8660251728443001
   1.0155046036330904
   1.0301573131303385
   0.7994078148466336
   0.9686440032015229
   0.8819168769094838
   0.6793659260946647
   0.8564832828729527
   0.7284310845220427
   0.7061264465014416
   0.8329928877369892
   0.7994078148466336
   0.7806522161298695
   0.7071064983437785
   0.8284866520013335
   0.7071064983437785
   0.7806522161298695
   0.6998539264499035
   0.7063043346546356
   0.8329928877369892
   0.7050113616945071
   0.7692305092307252
   0.7888103842002981
   0.7705514908168045
   0.7041785062006943
   0.6009248797571216
   0.6388762519503465
   0.7071064983437785
   0.6928200343523562
   0.6801357467547237
   0.6123721090970751
   0.5824084477409303
   0.6673170910444299
   0.7517290422144053
   0.6283054457624826
   0.6705995392272756
   0.5567930527509142
   0.6086953236023956
   0.6388762519503465
   0.6085802908165614
   0.5390842651181346
   0.7071064983437786
   0.5645067334238416
   0.4988872506778348
   0.4900299989713215
   0.4988872506778348
   0.5142853253966784
   0.6123721090970751
   0.4804425251938146
   0.4208122304939975
   0.4855952397117575
   0.47229438050071265
   0.46022294114434964
   0.4896892058922139
   0.5106753521907728
   0.41475672395197777
   0.3520799559606693
   0.5139339402525251
   0.4170283485307214
   0.4081373884525815
   0.40963404828546573
   0.43388304160712754
   0.38844720667436117
   0.42132456954159253
   0.40267903925290693
   0.3857311594046301
   0.3601440573046212
   0.38568069695021034
   0.4595645765286963
   0.38655023942989064
   0.44808793430219973
   0.3198567444733049
   0.34655914753096273
   0.3607394258094523
   0.37203212831457166
   0.3734372535151323
   0.3507823662945644
   0.3560640489019008
   0.3572166942720716
   0.3359268108118526
   0.3223020740795039
   0.29256895831713714
   0.2924366902842708
   0.33700816808238565
   0.3378146193322144
   0.30791949404806246
   0.3310704565090089
   0.2884014622061519
   0.3385728738547118
   0.2963942285728012
   0.2876908756100844
   0.30416542670514196
   0.29805515734191856
   0.30182759061003406
   0.25382791876718175
   0.2922999456745879
   0.31221044517326835
   0.2905513088649279
   0.2702483221147817
   0.2755321530183706
   0.2558137065405985
   0.25425445287720916
   0.26349624004556715
   0.2896544819367796
   0.26057788579981467
   0.2525452196208082
   0.23293694712992746
   0.23459510692338015
   0.2430269532377016
   0.25977791012681906
   0.2329284339949114
   0.22736564480509677
   0.23437641667965436
   0.2273239667556379
   0.2306319348262554
   0.23589658806982536
   0.20797154308482257
   0.21673924261175181
   0.2031878461425743
   0.21010348958951924
   0.1968616161107925
   0.1922591628035824
   0.20253935951365046
   0.1818170818148543
   0.1944396651016436
   0.19867743230551266
   0.19277250217911704
   0.19510939530466562
   0.18549414488412175
   0.19833062830617132
   0.1837662881611648
   0.18682441833553756
   0.18400909718773864
   0.17702418505447648
   0.16982676999166046
   0.16953485022802203
   0.17374968129098564
   0.1735103955934187
   0.16000367987633918
   0.16484329974722073
   0.16327845075505468
   0.1644851531156023
   0.15729813851646926
   0.1754561109704048
   0.15130499347626902
   0.15098884725737752
   0.14651511177395485
   0.1484398195356664
   0.15092230757939387
   0.14384893131338444
   0.15027150321942873
   0.13236220569484905
   0.14489014998929192
   0.1483386591063406
   0.1314025666951337
   0.1322376304654468
   0.131378444193276
   0.12993945173701868
   0.13231294439764926
   0.13145651310788098
   0.1240430345938175
   0.12134466187732752
   0.11961451547428319
   0.12385364717830424
   0.12175215549717797
   0.12220273304431369
   0.12046771025351115
   0.11580554278093816
   0.11863943479943352
   0.11383782117729555
   0.11309479806266201
   0.10984612439582433
   0.11414037697491924
   0.1067811140137324
   0.10837676828509829
   0.10286258448276389
   0.10279050745505146
   0.1009815408517324
   0.09885622834663704
   0.10068644822312518
   0.09897385886547347
   0.09467891550614697
   0.09574843820393004
   0.09004648440913222
   0.09302244377310703
   0.08830401764812058
   0.09224085190289948
   0.09063597938403598
   0.08717096428455326
   0.08815223230485737
   0.08919686093131304
   0.08618652404576968
   0.08677023740367194
   0.08345837592434677
   0.07988063685454555
   0.08361025584352352
   0.08051455947487768
   0.08181625623245573
   0.07771164525499633
   0.0763009946357663
   0.0756640737030401
   0.07165615936454772
   0.07270416447787172
   0.07181632440590678
   0.07241182644818202
   0.07157522848956428
   0.06947418146160947
   0.06908002842280743
   0.06760777735994916
   0.06635257802216289
   0.06713680804325955
   0.06517965203826231
   0.06446724800973005
   0.06242962609089112
   0.06286286908148377
   0.06279939805969274
   0.06435906317949011
   0.0612841188495701
   0.060754464505667995
   0.0593716249660032
   0.05926757623837897
   0.05884002818032867
   0.05838295293935212
   0.057365506085715744
   0.05629927583365528
   0.0553351596704999
   0.05524645211150961
   0.055169581284593844
   0.052031469518140194
   0.0535989615286082
   0.052516034585940695
   0.051485784801989676
   0.05211685819016303
   0.049966620925439985
   0.049281874301550975
   0.04855866844636786
   0.04866074471075112
   0.047245906420958876
   0.04602760838296909
   0.04655526901453458
   0.04518074695010927
   0.044765023010732215
   0.04430488096572398
   0.04390611557056254
   0.043785740258399534
   0.043375064000521796
   0.04266811474980284
   0.04169345740625214
   0.04189926977398275
   0.040948015161325874
   0.0408968549037795
   0.03955904433636774
   0.03965823114281836
   0.03875825426421367
   0.0387278377440483
   0.03784959268925793
   0.037146634675237204
   0.037051484507864045
   0.03656587729571744
   0.03621089908013792
   0.03579766898567599
   0.03500344305409149
   0.03516180372814722
   0.034479293382523916
   0.033486254838111525
   0.03336886100132041
   0.03278251868995256
   0.032292503498560866
   0.03195269670812232
   0.03179941866647383
   0.031135494784998552
   0.030992997151722223
   0.030415306118181707
   0.03038245231664788
   0.029826647394952
   0.029733853792309455
   0.029184407646990474
   0.028895205610939532
   0.028660928270194834
   0.028189531960788994
   0.027925319611561805
   0.02761446242944147
   0.02695778752955536
   0.02672906755331494
   0.026611760106226744
   0.025963629383624478
   0.025758490822895396
   0.025559117397717702
   0.02507087052941534
   0.02482822608259687
   0.024349578485282908
   0.023857178246623197
   0.023626418289696433
   0.02341520082541225
   0.02332837322800651
   0.022834414854195788
   0.02249915111628119
   0.022418326702373374
   0.021971278702384276
   0.021676356586513318
   0.02156670668292991
   0.02135429206693648
   0.02097836079918732
   0.020860935754423365
   0.02056686669889015
   0.020099751696286007
   0.020108190634356024
   0.01968778677410196
   0.019468640085726553
   0.019141745020739998
   0.019021823423120778
   0.018861919882699862
   0.01853370534579483
   0.018296552663197244
   0.017980856836644184
   0.017749400934247508
   0.01751868124567455
   0.017295621900150472
   0.017205243823920736
   0.016944868012065004
   0.016717260204007836
   0.016443897015514325
   0.016317176248515267
   0.016048811354778557
   0.015915424387194486
   0.015762138829362327
   0.015528575392912197
   0.015343204669859657
   0.015126137262099318
   0.01492682506919855
   0.014794644991522781
   0.014421134248083734
   0.014339921286470152
   0.014235747316481528
   0.014025519924825319
   0.01383555463930974
   0.01365433830150496
   0.013437748789389005
   0.01332651239830912
   0.01315308997551027
   0.012959867251052307
   0.012883252852429644
   0.012653334420166569
   0.01262609665623046
   0.012314223778566629
   0.012208125272488778
   0.012059852274351992
   0.01189913052817046
   0.011761091417386441
   0.011627895092157569
   0.011501021028010825
   0.011333106080920124
   0.011177230712803386
   0.011084436643002252
   0.010875637857506858
   0.010768337265399172
   0.010664394932440978
   0.010467188427986059
   0.010388217561080874
   0.010252286812967746
   0.010110497559157607
   0.009967932741733682
   0.009805018953735896
   0.009724172356824141
   0.00958019753317757
   0.009463826641796156
   0.009367022138658003
   0.00920461694890198
   0.009134882996690817
   0.009053489975054604
   0.008901428066733413
   0.008787711273971769
   0.008670096108568748
   0.008610415964935253
   0.008486899691753352
   0.008350239813815215
   0.008259822243089736
   0.008155595221977636
   0.008047420184004379
   0.00794562609698835
   0.00783084761534397
   0.0077250312890349065
   0.007679801235252958
   0.007561011023410423
   0.007480063729261884
   0.007349435554430199
   0.00726423686926209
   0.007158279677297451
   0.007094884029953676
   0.006980569015640632
   0.006926265348148555
   0.006830562004264293
   0.006736858245825557
   0.006648848474134434
   0.006585731809900221
   0.006495025694919166
   0.006412462321057037
   0.006318677317116737
   0.006240719824811254
   0.006169400333188667
   0.006071017937025112
   0.0060180158507545005
   0.005947530349368539
   0.005848773281039374
   0.00579096195126126
   0.005715994433519124
   0.005641944898511386
   0.005562562699765426
   0.005499755860992569
   0.005433069573662176
   0.005357752596077797
   0.0052882968156522615
   0.005232749936005033
   0.005159190165308573
   0.0050906406336610355
   0.00502995211735369
   0.004960214729670653
   0.004914478534980544
   0.004843782313399347
   0.004766332931033651
   0.0047205103879408685
   0.004653842839227496
   0.004587407540792773
   0.004533131232410554
   0.004475041227315077
   0.0044337232728408555
   0.004368544244921177
   0.004314733580630739
   0.004254483692713626
   0.004196163158269849
   0.004156283256576228
   0.004098081714546912
   0.004041336676496398
   0.003995076336778177
   0.003936601897593772
   0.003884391213016742
   0.003831782967873011
   0.0037893976500911553
   0.0037431152926039805
   0.0036979251430185648
   0.0036441668369844274
   0.0035926018846961782
   0.003553038519205585
   0.003510127702858011
   0.0034656189984596537
   0.0034193026159761958
   0.003372395333359333
   0.0033244607297346113
   0.0032772854835752922
   0.003244638626199995
   0.0032036525135566178
   0.003161394336578083
   0.003120874291545234
   0.003078646785832161
   0.0030385513849567067
   0.0029987582417454407
   0.0022839159166570455
   0.002267156565047305
   0.002256358177011185
   0.0022510291007914883
   0.0022472876491599304
   0.0022480827105816163
   0.0022501879276935906
   0.002258437861854155
   0.0022667311028856303
   0.002282250547813946
   0.002994004818085025
   0.0030355825104609975
   0.00308131746168489
   0.0031190299335549856
   0.003155725958343866
   0.0032015833747495843
   0.003243080259747849
   0.003286402488964587
   0.0033271243838020794
   0.003370316754699749
   0.0034139880976323126
   0.003466481103552521
   0.0035098685804704297
   0.0035470665694221546
   0.0035976595529139993
   0.003652937582685724
   0.0036904751697209156
   0.0037407621561561886
   0.003793238782013977
   0.0038443212829415313
   0.0038865636302436806
   0.003943363487376683
   0.003995439095106151
   0.004046973595433474
   0.004088210644806136
   0.004148735015379772
   0.004201114486576981
   0.004257276093281344
   0.004312116130341964
   0.004374648918457522
   0.004419675873968769
   0.004484710318978291
   0.004537919784546943
   0.004589885557502444
   0.004658126337223126
   0.004714911699742694
   0.004776937893173942
   0.0048356772513467525
   0.004900495204474953
   0.004966271350577862
   0.00503024227268361
   0.005091029438981355
   0.005148897688709091
   0.0052211116578479
   0.005295195248828168
   0.005354769471379898
   0.0054222809890096275
   0.005506065172946206
   0.005552738166644995
   0.005634064737918405
   0.0057116395136437926
   0.005785316731824737
   0.005850308029193358
   0.0059363338615280046
   0.005997920439400548
   0.006087232614488134
   0.006170644114365471
   0.006231580037430154
   0.006314599098431893
   0.006402272982934681
   0.006475624077201162
   0.006546858827527726
   0.006655136633970604
   0.0067173500100718075
   0.006806842929261445
   0.006912931395824011
   0.006989824658448018
   0.007097444457687313
   0.007183798812945365
   0.007277503710190711
   0.007358799755747396
   0.007471270195436871
   0.007531695689371689
   0.007642126910554007
   0.00772768162870665
   0.007842543870299725
   0.007940644349821061
   0.008045366355386972
   0.008138239581581734
   0.008239461342060434
   0.008345662386563502
   0.008489964998296195
   0.008564007703600657
   0.008681220714888187
   0.008744178436543492
   0.008873584459209589
   0.0089831533729058
   0.009144771514917747
   0.009244498154019775
   0.009318511303137362
   0.009497203557447534
   0.009597581378368135
   0.00971576237070429
   0.009866001841874722
   0.009960402606417377
   0.010054790137616782
   0.010188443150888278
   0.01038279652094167
   0.010469780404292766
   0.010615007463472867
   0.010778089629638554
   0.010892409853909648
   0.011029714115120675
   0.011216507254390185
   0.011295090355743989
   0.011431491687462785
   0.011590011823181817
   0.011750669534687312
   0.011893405240313498
   0.012038881529697646
   0.012173895943750903
   0.012360814514854436
   0.01257497460570411
   0.012754366372629689
   0.0128455156210698
   0.013041434903431771
   0.013168626972741867
   0.013402083199966414
   0.013474755949196315
   0.01375948260204412
   0.01377412165946666
   0.014056933724546661
   0.014273753401234735
   0.014435094614214886
   0.014506681599843857
   0.014674867055631466
   0.01495899718116022
   0.015178221337989144
   0.015318769644517557
   0.01547732121300729
   0.015694586013043053
   0.015955767621125043
   0.015992898841287843
   0.016469997038565498
   0.016503354167493555
   0.01677270898828091
   0.016954230354929215
   0.01717364391243851
   0.01727825115672545
   0.017572664357374486
   0.01767412741296119
   0.017983200023055965
   0.01816662870262455
   0.018556893978013
   0.018736626979943976
   0.019048193588553974
   0.019148800493204724
   0.019595387187964948
   0.019918364574442973
   0.01977481670875091
   0.020306855615768903
   0.02062177170263236
   0.020655965235452278
   0.02105397593558789
   0.02106818861722214
   0.02156467991843128
   0.02179797320027305
   0.022166350936096438
   0.022321692173430403
   0.02271113864018625
   0.022864019662397775
   0.02314084135476619
   0.023361316583958566
   0.023524068485027735
   0.023934603380311652
   0.02438400706104024
   0.024719712137809137
   0.024837032851140844
   0.025229089273167492
   0.02569700568387761
   0.025766378376034706
   0.02650378547233204
   0.026850627332268454
   0.026956853542595475
   0.027587489057868907
   0.02792842247528641
   0.027922556559291888
   0.028507381286620084
   0.02857340048951
   0.0292821453316586
   0.029574135360686066
   0.030090103659596478
   0.030089948283728365
   0.030574458725511493
   0.03062332648179826
   0.03140709064430442
   0.03163380385384057
   0.0322043728551875
   0.03256480628700269
   0.03244434802715088
   0.03337575031355692
   0.034186176494722165
   0.03441911104104492
   0.0349077665731681
   0.03480481721605502
   0.035409335138492454
   0.03583932205542684
   0.03615315347755145
   0.0368239373412986
   0.03769904011818873
   0.0382074770720928
   0.03836381933718264
   0.0389836267976223
   0.04000415022533968
   0.03928636070120272
   0.04031940094333035
   0.040914650318481446
   0.0419913880514836
   0.04131840576093741
   0.04191635776004098
   0.043006303654865616
   0.043568103056706775
   0.04391777441210186
   0.04472415734530677
   0.04486344030784748
   0.045845450569056194
   0.046042630066700264
   0.04757181746211727
   0.048098020790025606
   0.04746273630911405
   0.04917899539383837
   0.049700313481523435
   0.04997147160000379
   0.051473434878585994
   0.05038632079602421
   0.05238201976140945
   0.05251168966068801
   0.05277380693643899
   0.05415767767922719
   0.05451183712368774
   0.055989239193876175
   0.05624442732209563
   0.057452738047941466
   0.05698265982462768
   0.05773904570426034
   0.057502378035398524
   0.05830818785154998
   0.05997022496458279
   0.06173580393720165
   0.0620023874536714
   0.06136304258751229
   0.061836426731912184
   0.0630489922224023
   0.06502421085656616
   0.06573656335821375
   0.06539286296689369
   0.06738007005783907
   0.06576138421878394
   0.06984754296475153
   0.06832650536635107
   0.07129490146039265
   0.07532491593265979
   0.07641170187316003
   0.07150008063656572
   0.07406063913742178
   0.07444317070457235
   0.07622858935134726
   0.07588820492385477
   0.0749204680500623
   0.08097229494005966
   0.08194491445994496
   0.08196778173809145
   0.08207267726062273
   0.08236276495745751
   0.08388865603626183
   0.08599623548632049
   0.08564755218322873
   0.0871963367261906
   0.08762747265940345
   0.08933643367067125
   0.0948831218152344
   0.09278109842782425
   0.09174227387129909
   0.09229365372829554
   0.09337042936058958
   0.10102693779764498
   0.09773681331903453
   0.09912287269086441
   0.10119805146996669
   0.10177783325394381
   0.10409017464944298
   0.10517930371743553
   0.10549528383947335
   0.10502231644273712
   0.10724897676416355
   0.10891414229588117
   0.10827992705151242
   0.1153066017407802
   0.11274462581881313
   0.11705343927600502
   0.11521772509100169
   0.11603825439968164
   0.11920682247500944
   0.11630464593500175
   0.12180002830960338
   0.12173788522069443
   0.12682441115916726
   0.12341492853078824
   0.12084057231986929
   0.12348261604198657
   0.12748305173009572
   0.12835302305950486
   0.13379604443431153
   0.13258101296942937
   0.13951268460512237
   0.14053352560312066
   0.13843475599843671
   0.14247889754658793
   0.1416652548949263
   0.1478191242002564
   0.14198168756960164
   0.152603543709593
   0.14844068670131383
   0.1556235961119571
   0.1519704169184566
   0.14106085866485563
   0.15559588987583503
   0.15303212563075838
   0.1624505724183355
   0.14668707606494144
   0.15607501090109774
   0.1632517223304243
   0.17573871320052883
   0.17104602555202167
   0.16668800000477602
   0.17902667586857837
   0.18475199178726814
   0.17214934227520484
   0.16985837222375694
   0.19948564328041252
   0.18457803027976288
   0.19609857582875104
   0.19515516262707475
   0.2089343744623875
   0.20366904890405285
   0.20270639140371974
   0.21491114337687092
   0.21178558032363587
   0.23719360346584603
   0.20308106674444426
   0.20265165955932649
   0.22219269001661088
   0.23710186428895344
   0.22076209790505028
   0.2101577185512506
   0.2089380047031558
   0.21757039804741102
   0.22296172732632202
   0.2427988575946417
   0.2433607429559608
   0.23472541134862737
   0.2553370886373393
   0.22856275699543685
   0.2265026597532211
   0.2766888024940755
   0.25671338661694454
   0.2649780806246609
   0.25449060667650675
   0.29876049488269807
   0.26198621178157067
   0.28733487152634596
   0.2717457522136341
   0.26490571642848937
   0.29383904654870485
   0.2750268192018781
   0.28306818966461067
   0.2886230531079124
   0.29160523590196763
   0.2955178956662456
   0.3128598175688802
   0.3095044739718309
   0.2982774264018927
   0.35574498525993004
   0.33333273333279334
   0.2847539296072386
   0.35881694497333877
   0.3481547374546571
   0.3530627983973791
   0.32014477161472393
   0.33905463977574846
   0.37238689543605324
   0.363654366066439
   0.36056505457266264
   0.3761899131827394
   0.3677843124483312
   0.4337292620084405
   0.40818915677009665
   0.3903421454704037
   0.4195230625364951
   0.36221485336744536
   0.43964740776187794
   0.3908674683032316
   0.42217518442039487
   0.402324706267185
   0.47042156319073286
   0.39012736662258335
   0.4746637993875029
   0.5014261375602308
   0.4743219776641728
   0.4416863362739687
   0.4460708372408297
   0.5879443956240071
   0.4627844223017329
   0.6060911967480721
   0.5128724488143562
   0.5014261375602308
   0.48432169188935564
   0.5887837180719815
   0.5078964300656871
   0.4886212724002679
   0.46022294114434964
   0.5863016288566832
   0.5948089835830429
   0.6679254177714035
   0.48507083776192816
   0.5734880023931528
   0.5830948464872588
   0.6328888503086408
   0.527045897221274
   0.4886212724002679
   0.5519846918167206
   0.6680423577405382
   0.49999959999983995
   0.5702116948446586
   0.7200820220770121
   0.7019968660898707
   0.6573679061141634
   0.6529191794359265
   0.6110097653338555
   0.6565070375549436
   0.6388762519503465
   0.5137007775825231
   0.6221706953831466
   0.6614375253945001
   0.7559286814432771
   0.5205958203474796
   1.105541415878312
   0.9354141328844674
   0.5932955418676259
   0.7050113616945071
   0.7892002092259064
   0.8329928877369892
   0.7905691620598415
   0.8284866520013335
   0.6388762519503465
   0.8110347574412441
   0.8944269673930901
   0.9999997999999799
   0.8819168769094838
   1.0756506837205235
   0.765941425088542
   0.8110761928131067
   0.8485279017215639
   1.1354540053859985
   0.7905691620598415
   0.816496335978715
   0.7905691620598415
   0.7905691620598415
   0.8819168769094838
   0.942808829450005
   1.394433234129352
   1.1726037693952718
   1.0123205956759704
   0.8837786423971765
   1.490711850835775
   1.018349958038511
   1.490711850835775
   0.8944269673930901
   1.1547003651741576
   0.9999997999999799
   1.9999998999999975
   1.1065664896057388
   1.0295628198415092
   1.224744708092262
   1.490711850835775
   0.8606627334448383
   1.44222037151054
   1.9999998999999975
   1.9999998999999975
   1.0123205956759704
   1.9999998999999975
   1.4142134209517316
   1.9999998999999975
   1.490711850835775
   0.9999997999999799
   1.224744708092262
   1.490711850835775
   1.9999998999999975
   1.4142134209517316
   1.1547003651741576
   1.2472189685678916
   1.326649765386479
   1.538618386337402
   1.4142134209517316
   1.5811387035930782
   1.9999998999999975
   1.058300335443583
   0
   1.9999998999999973
   1.4142134209517316
   0
   1.9999998999999975
   1.1999998333333217
   1.490711850835775
   1.326649765386479
   1.9999998999999975
   1.9999998999999975
   0
   0
   1.4142134209517316
   0
   0
   0
   0
   0
   0
   0
   0
   1.9999998999999975
   0
   0
   0
   0
   0
   0
   1.9999998999999973
   0
   1.4142134209517316
   1.9999998999999975
   1.9999998999999975
   0
   0
   1.4142134209517316
   0
   0
   0
   1.9999998999999975
   0
   0
   1.9999998999999975
   0
   0
   0
   1.9999998999999973
   0
   0
   1.9999998999999975
   0
   0
   1.9999998999999975
   1.9999998999999975
   0
   0
   0
   0
   1.9999998999999975
   0
   0
   0
   1.9999998999999973
   0
   0
   1.9999998999999975
   0
   0
   0
   0
   0
   0
   1.9999998999999975
   0
   1.9999998999999975
   0
   0
   0
   0
   1.9999998999999975
   0
   0
   0
   0
   0
   0
   0
   1.9999998999999975
   0
   0
   0
   0
   1.9999998999999975
   0
   0
   0
   1.9999998999999973
   0
   0
   0
   0
   1.9999998999999975
   0
   0
   0
   0
   1.9999998999999973
   0
   0
   1.9999998999999975
   0
   0
   0
   0
   0
   0
   0
   0
   0
   0
   0
   0
   0
   0
   0
   0
   0
   0
   0
   0
   0
   0
   0
   0
   0
   0
   0
   0
   0
   0
   0
   0
   0
   0
   0
   0
   0
   0
   0
   0
   0
   0
   0
   0
   0
   0
   0
   0
   0
   0
   0
   0
   0
   0
   0
   0
   0
   0
   0
   0
   0
   0
   0
   0
   0
   0
   0
   0
   0
   0
   0
   0
   0
   0
   0
   0
   0
   0
   0
   0
   0
   0
   0
   0
   0
   0
   0
   0
   0
   0
   0
   0
   0
   0
   0
   0
   0
   0
   0
   0
   0
   0
   0
   0
   0
   0
   0
   0
   0
   0
   0
   0
   0
   0
   0
   0
   0
   0
   0
   0
   0
   0
   0
   0
   0
   0
   0
   0
   0
   0
   0
   0
   0
   0
   0
   0
   0
   0
   0
   0
   0
   0
   0
   0
   0
   0
   0
   0
   0
   0
   0
   0
   0
   0
   0
   0
   0
   0
   0
   0
   0
   0
   0
   0
   0
   0
   0
   0
   0
   0
   0
   0
   0
   0
   0
   0
   0
   0
   0
   0
   0
   0
   0
   0
   0
   0
   0
   0
   0
   0
   0
   0
   0
   0
   0
   0
   0
   0
   0
   0
   0
   0
   0
   0
   0
   0
   0
   0
   0
   0
   0
   0
   0
   0
   0
   0
   0
   0
   0
   0
   0
   0
   0
   0
   0
   0
   0
   0
   0
   0
   0
   0
   0
   0
   0
   0
   0
   0
   0
   0
   0
   0
   0
   0
   0
   0
   0
   0
   0
   0
   0
   0
   0
   0
   0
   0
   0
   0
   0
   0
   0
   0
   0
   0
   0
   0
   0
   0
   0
   0
   0
   0
   0
   0
   0
   0
   0
   0
   0
   0
   0
   0
   0
   0
   0
   0
   0
   0
   0
   0
   0
   0
   0
   0
   0
   0
   0
   0
   0
   0
   0
   0
   0
   0
   0
   0
   0
   0
   0
   0
   0
   0
   0
   0
   0
   0
   0
   0
   0
   0
   0
   0
   0
   0
   0
   0
   0
   0
   0
   0
   0
   0
   0
   0
   0
   0
   0
   0
   0
   0
   0
   0
   0
   0
   0
   0
   0
   0
   0
   0
   0
   0
   0
   0
   0
   0
   0
   0
   0
   0
   0
   0
   0
   0
   0
   0
   0
   0
   0
   0
   0
   0
   0
   0
   0
   0
   0
   0
   0
   0
   0
   0
   0
   0
   0
   0
   0
   0
