   0
   0
   0
   0
   0
   0
   0
   0
   0
   0
   0
   0
   0
   0
   0
   0
   0
   0
   0
   0
   0
   1.9999989999997498
   0
   0
   0
   0
   0
   0
   0
   0
   0
   0
   0
   0
   0
   0
   0
   1.9999989999997498
   0
   0
   0
   1.9999989999997498
   0
   0
   0
   0
   0
   0
   0
   1.9999989999997498
   0
   0
   1.9999989999997498
   0
   1.4142121481588255
   0
   0
   0
   0
   1.9999989999997498
   0
   0
   0
   1.9999989999997498
   1.9999989999997498
   1.9999989999997498
   1.9999989999997498
   1.9999989999997498
   0
   1.4142121481588255
   0
   1.9999989999997498
   1.9999989999997498
   0.9999979999980001
   0
   0
   1.4142121481588255
   0
   1.1546988063271448
   1.4142121481588255
   1.4142121481588255
   0
   1.9999989999997498
   0.9999979999980001
   1.9999989999997498
   0.8164941314343089
   1.4142121481588255
   0.7559263002625133
   0
   1.1546988063271448
   1.4142121481588255
   0.8164941314343089
   1.9999989999997498
   0.9999979999980001
   1.9999989999997498
   0.8944249549291433
   0.8164941314343089
   1.9999989999997498
   0.9999979999980001
   1.1546988063271448
   0.8944249549291433
   0.8944249549291433
   1.4142121481588255
   1.1546988063271448
   1.1546988063271448
   0.8944249549291433
   0.6030193725216162
   0.6666636666599165
   0.8164941314343089
   0.63245236974811
   0.6666636666599165
   0.7071039527537659
   0.63245236974811
   0.7071039527537659
   0.7071039527537659
   0.6666636666599165
   0.7071039527537659
   0.8944249549291433
   0.6030193725216162
   0.5345187421543661
   0.6030193725216162
   0.49999599998399985
   0.5163939064964522
   0.39999499996874965
   0.3922271712237104
   0.45674148053943114
   0.49999599998399985
   0.4472091233416421
   0.37138529115025354
   0.4472091233416421
   0.4082433914549832
   0.39999499996874965
   0.41702403225504986
   0.32443667778895907
   0.3988960830191379
   0.32443667778895907
   0.3287918917919177
   0.32443667778895907
   0.3287918917919177
   0.33805578575985695
   0.27471384769102475
   0.31886138357628335
   0.2828356413184166
   0.2800488752861179
   0.24987718562756653
   0.26432875338925005
   0.2479508552977885
   0.26489892147098526
   0.2324866750032226
   0.2182087248921262
   0.23903735512019278
   0.21319133531770343
   0.22637579375896177
   0.2250086918152387
   0.20627455366419217
   0.20186519344476053
   0.19801940883284602
   0.19424687656846318
   0.18096917493775508
   0.18029975041580062
   0.18171406109599775
   0.18032283605592508
   0.1747293654341999
   0.15284283904796733
   0.16900225075943104
   0.1600656115472652
   0.1606183793453309
   0.1515966265788347
   0.14989299554135127
   0.14699638415910884
   0.13544232666788844
   0.12881143603058576
   0.13574845257349066
   0.13016895041771434
   0.12330555205246571
   0.11783135533313399
   0.11844154270089464
   0.11055062172759282
   0.10380965487104003
   0.10612846931355767
   0.10596635479982303
   0.1027080256348781
   0.09721849081060938
   0.09564329035140551
   0.09174368963578142
   0.08776682471679294
   0.0859611369215965
   0.08556872866887368
   0.08048838958452731
   0.08062129647017065
   0.07946150665809339
   0.0773480530647146
   0.07560972548978229
   0.07094129042518878
   0.0698519449662377
   0.06840641285725485
   0.06750282013016842
   0.06468258394509838
   0.06302444586344627
   0.06021275214991766
   0.05959483499509635
   0.058941452841769076
   0.0570797799638788
   0.0542319894802462
   0.05467381639296325
   0.051343456225483856
   0.04955696287892025
   0.048416749970525634
   0.04705770609608749
   0.046681382603675575
   0.044819072072794314
   0.04276804953888025
   0.04245632969327987
   0.04024778862058678
   0.038871385833505134
   0.037911708029075925
   0.03656326667221624
   0.03578695904722846
   0.034671570146234364
   0.03351858679004117
   0.032228290801029784
   0.03068675533779389
   0.03028111004629473
   0.029623218855611054
   0.027930123925222067
   0.02733879829827786
   0.025954430057702087
   0.025220069797229218
   0.024051767906405112
   0.023301971550723114
   0.022416364111886168
   0.02130742753336402
   0.020362278737852076
   0.01984579491784443
   0.01901556796871958
   0.017932253167728715
   0.017160441086633588
   0.016345728569483898
   0.015485286986314751
   0.014801229140235359
   0.014081303107929561
   0.01328680812716016
   0.01261479243247152
   0.01198777656176404
   0.011297815685800343
   0.010707721713796513
   0.010238576000494506
   0.009990186304529504
   0.00981777313514982
   0.009758719940520359
   0.00975013064849479
   0.00981981621935736
   0.009968961322060934
   0.010303851764605684
   0.010730151251125307
   0.011319879363933433
   0.01198144709603445
   0.012661333709831473
   0.013281345875328797
   0.014064862674559152
   0.014806997429479649
   0.015537100784796165
   0.016341107315374987
   0.01719300073886953
   0.01813226451909478
   0.018771477800382033
   0.019683399049920728
   0.020522639711552784
   0.021575403543963447
   0.022521937141774317
   0.02315850826143114
   0.02421806974970675
   0.025240661925882684
   0.025887289476413826
   0.027410812834604493
   0.028317441307600576
   0.029291396242169778
   0.030576154099310807
   0.031011715422247694
   0.032608826580900765
   0.03359643617813413
   0.0345936120306607
   0.03609777738758931
   0.03654428698407248
   0.038285361572822085
   0.03954558042840799
   0.040749158501847675
   0.042123643513310854
   0.04312509687313151
   0.04479880319641414
   0.045727011394500576
   0.04741466865873721
   0.04836593405776589
   0.050226024808996954
   0.05146265425874494
   0.052017793588436896
   0.05584166497038569
   0.05644105787403416
   0.058657216949530334
   0.060992440770838284
   0.06107954934928598
   0.06271261578049832
   0.06565442202669632
   0.06618883877177306
   0.06691896856153336
   0.07117020231203439
   0.07300125502310581
   0.07333914787343518
   0.07712439654855129
   0.07921419118661951
   0.08301944462233314
   0.08135032784093744
   0.0859628701059322
   0.09135344904116341
   0.08914696456298009
   0.0921301620480653
   0.09815463564940809
   0.09499333133097378
   0.10099545352466645
   0.10452099761004421
   0.10583068574915114
   0.11143769671187216
   0.1137584450437427
   0.11864986356273986
   0.11884520743866063
   0.12189671823866043
   0.1267290693886468
   0.13421631055135594
   0.1298940154284672
   0.1383284351854717
   0.14662517692375393
   0.1470293223191266
   0.1490577814883283
   0.1660789176763617
   0.1580891824421997
   0.16545022749388344
   0.17084213666622206
   0.16115218265362086
   0.1747293654341999
   0.1721209738225694
   0.19068202947219845
   0.17887425751068822
   0.17816293594918037
   0.1915548164532075
   0.22494008618205358
   0.2235978532991764
   0.2168639072949305
   0.19705570647994614
   0.2539923798704561
   0.2324866750032226
   0.2539923798704561
   0.24252737868489138
   0.2539923798704561
   0.2828356413184166
   0.26489892147098526
   0.25196837796053595
   0.2602301484841046
   0.29487712990181253
   0.3202500625512859
   0.2857072856285336
   0.3202500625512859
   0.3535477336937687
   0.29487712990181253
   0.3158626958511966
   0.4263967422696635
   0.3922271712237104
   0.40703374967290007
   0.39999499996874965
   0.41702403225504986
   0.34299133928355885
   0.3592050362460361
   0.4472091233416421
   0.4472091233416421
   0.4263967422696635
   0.4472091233416421
   0.41702403225504986
   0.7071039527537659
   0.4472091233416421
   0.6666636666599165
   0.5546965906622355
   0.5773468050776183
   0.5773468050776183
   0.6030193725216162
   0.5546965906622355
   0.5345187421543661
   0.5773468050776183
   0.8164941314343089
   0.63245236974811
   0.7071039527537659
   0.7071039527537659
   0.7559263002625133
   0.6666636666599165
   0.7559263002625133
   0.6666636666599165
   0.8164941314343089
   0.8944249549291433
   0.8944249549291433
   1.4142121481588255
   0.8944249549291433
   0.8164941314343089
   0.9999979999980001
   1.1546988063271448
   0.8944249549291433
   1.1546988063271448
   1.4142121481588255
   0.8164941314343089
   1.4142121481588255
   1.1546988063271448
   1.1546988063271448
   1.9999989999997498
   1.1546988063271448
   0.8164941314343089
   1.9999989999997498
   1.1546988063271448
   1.4142121481588255
   1.9999989999997498
   1.9999989999997498
   0
   1.1546988063271448
   1.9999989999997498
   1.1546988063271448
   1.1546988063271448
   1.4142121481588255
   1.9999989999997498
   1.4142121481588255
   0
   1.9999989999997498
   1.4142121481588255
   0
   1.9999989999997498
   0
   1.4142121481588255
   0
   0
   0
   1.9999989999997498
   0
   0
   1.9999989999997498
   0
   0
   0
   0
   0
   0
   0
   0
   0
   0
   0
   0
   0
   0
   1.9999989999997498
   0
   0
   0
   1.4142121481588255
   0
   0
   0
   0
   0
   0
   0
   0
   0
   0
   0
   0
   0
   0
   0
   0
   0
   0
   0
   1.9999989999997498
   0
   0
   0
   0
   0
   0
   0
   0
   0
   0
   0
   0
   0
   1.9999989999997498
   0
   0
   0
   0
   0
   0
   0
   0
