   0.01641158210488029
   0.01486252570630514
   0.01397744363953008
   0.013405863373000284
   0.012906187891864282
   0.012658145321872583
   0.012549972950893565
   0.01238847035723683
   0.01227870224156285
   0.012175972955729046
   0.012147621894100903
   0.012100596529803756
   0.012054651996568695
   0.012078997025518737
   0.012071092419497737
   0.012043539913020837
   0.0119936971943877
   0.012007578507126342
   0.012043031477656122
   0.012112098642390665
   0.012092820940401035
   0.012099759238028788
   0.012107349420517147
   0.012117304009145206
   0.012119968103222965
   0.012106133212603712
   0.012052729732556163
   0.01206844117599534
   0.01205332044604924
   0.012080448540928141
   0.012054056550237516
   0.012077081852065073
   0.012002718530834006
   0.012042718654818109
   0.012075134929128506
   0.012110769036838213
   0.012122668364120055
   0.012116439273037481
   0.012078456390066054
   0.012136575467085456
   0.012088230656415077
   0.01205533863845579
   0.01208722177838212
   0.01212423317693039
   0.01205509691855744
   0.012069606184818739
   0.012022978678423609
   0.012088611165082535
   0.012077369935039554
   0.012047269367595244
   0.012040418146529513
   0.012047759014649969
   0.012089503369498544
   0.012064055218070916
   0.012066317980172703
   0.012051852271338514
   0.012046639052094698
   0.01201988960143198
   0.012030358641174983
   0.012094873326531058
   0.012083849148586586
   0.01211017486277476
   0.012104677954003032
   0.012152173900675448
   0.012152969624443285
   0.012124641752985664
   0.012090760062071508
   0.012015574720759904
   0.01208394509940803
   0.012053616356704752
   0.012043498008306178
   0.012067395479818397
   0.012116201093213623
   0.012081914877144365
   0.012089108394767008
   0.012079468105729912
   0.012055982553001393
   0.012129431921060191
   0.012088000594487109
   0.01209122135505692
   0.012071799494254664
   0.012088905644894996
   0.012113071284735459
   0.012077572118144789
   0.01213742502534387
   0.012126628095402874
   0.012159899435499786
   0.012165344146663466
   0.01212279992495774
   0.012149162833657213
   0.012207251543922906
   0.012260156162114278
   0.012355555993538755
   0.01249025152611298
   0.012670070533080119
   0.012956967315906714
   0.013378264885823905
   0.013952693353715106
   0.014791463566851366
   0.0162570356526293
