   0.007342727028561284
   0.00645405023245531
   0.006316648415872877
   0.006294547596428841
   0.006282056955846908
   0.006269805840295033
   0.0062748034903824055
   0.006273175654504611
   0.0062863983819707574
   0.00627811793206366
   0.006278523279340653
   0.006258321036293682
   0.006277650465921761
   0.0062823485488882926
   0.006296796244573617
   0.0062879816128876545
   0.0062709139850830806
   0.006296053992860022
   0.0062793670559036395
   0.0062761268532034835
   0.006295469550493775
   0.006280420457406939
   0.0062682900819455495
   0.006292707240623466
   0.006274032193744412
   0.006276331042750626
   0.006281283705243176
   0.00627749575750259
   0.0062842014717413505
   0.006295875187863581
   0.0062753519860515765
   0.006284082295843815
   0.006276494719487307
   0.006276693686429305
   0.006282674615856777
   0.00627975292586094
   0.006285278869995634
   0.006284816832995963
   0.006280647869092563
   0.006287960898292141
   0.006281634219133159
   0.006290168456281106
   0.006279724983446006
   0.006276354569920372
   0.006270728706513057
   0.006282221289937094
   0.00627784469600192
   0.006291561948599381
   0.006311436189529481
   0.006295243720306189
   0.00627080387562009
   0.006279176247360394
   0.006269786658330972
   0.00627794665153611
   0.006272294410883442
   0.006286110812435401
   0.0062755963962075716
   0.006282197703277195
   0.00627809763267165
   0.006302270178432707
   0.006284026954888604
   0.006301066946380393
   0.006276580233316609
   0.006268807885046873
   0.006276416170315951
   0.00629125027569605
   0.006272754771832172
   0.006273670947356542
   0.006266632058936169
   0.006305402297843919
   0.0062675752269416045
   0.006272675551996107
   0.00627252756145992
   0.006280091464964587
   0.006295478344579863
   0.00628721371085129
   0.006276947787077814
   0.0062823997980138106
   0.006276409904153571
   0.006270003917201799
   0.006269332651068274
   0.006268848013607374
   0.006277762335143661
   0.006286326083420817
   0.006290155242664867
   0.006287272936521415
   0.006293800225737459
   0.006294336251650007
   0.006281607406766122
   0.006268311906712758
   0.006275928961439453
   0.006291782785960531
   0.006283124023746581
   0.0062918690277872094
   0.006279306619812147
   0.006310271362131592
   0.0063006651381762955
   0.006329326654982354
   0.006459630960033898
   0.007338198124075144
