   0.007219465294105236
   0.006437692646147438
   0.006314317394889444
   0.006299445276585222
   0.006300195946316276
   0.0062868453336612255
   0.006312147192305591
   0.006302455870315811
   0.006274945908660763
   0.006287646340621019
   0.006278392777329615
   0.00627988858901734
   0.0062927999845409505
   0.006265191929597773
   0.006310054924809573
   0.006300864915250413
   0.006291873254960031
   0.006306660444704472
   0.006306436285148971
   0.0062960741397014375
   0.006287049275002066
   0.0062942529913963974
   0.006295653939556339
   0.0063089306412660055
   0.006283512374766913
   0.006280030422339057
   0.0063014107147464716
   0.006298788368739442
   0.006298349877222611
   0.0062853836414064465
   0.006284811058849527
   0.0062820452713457115
   0.0063022434446983215
   0.006292452818497635
   0.0062979591989326626
   0.006307199855245843
   0.006288194693367016
   0.006291235474003326
   0.006306160472939697
   0.006295185991211711
   0.006299447842602476
   0.006303496231312365
   0.006291056947399444
   0.006293209060253431
   0.006285557584037226
   0.006306231951577465
   0.006285702980263112
   0.0062972257084543985
   0.006305056005693948
   0.006309615612556477
   0.006285594647749499
   0.006285541926045268
   0.006297720665314714
   0.00630617012106121
   0.006286212426217983
   0.00630020923006904
   0.0063101057144062354
   0.006291941001883133
   0.006290052593861901
   0.006285741876848887
   0.006294877230451043
   0.006297919606502509
   0.006303027852996249
   0.006274906577934809
   0.006286310987356795
   0.006285639637599829
   0.006302058193209269
   0.006291507976102689
   0.0063022098593878435
   0.006283161465262813
   0.006286993631982501
   0.006309852787890252
   0.006285922760056053
   0.006295264261832977
   0.00628482553159661
   0.0063050095719600924
   0.006297659250523173
   0.006298671579234116
   0.006308640506248583
   0.0063072985943171105
   0.006287203678300153
   0.006299149622402075
   0.006301622011570118
   0.006283638690279153
   0.006288785490186966
   0.006284417903021135
   0.006299943514205084
   0.006301940957001316
   0.0062939402189714656
   0.006280724626337402
   0.006303446642088863
   0.006287977567384669
   0.0062902940738492116
   0.00631703326457951
   0.006279477120813552
   0.006282218708676649
   0.00630056925157087
   0.006327512487275931
   0.006425330600099224
   0.007236104829901311
