   0
   0.9999997999999799
   1.9999998999999975
   1.9999998999999975
   1.4142134209517316
   0.816496335978715
   0.8944269673930901
   0.7559286814432771
   1.4142134209517316
   0.9999997999999799
   0.8944269673930901
   0.7071064983437785
   0.7559286814432771
   0.6324552158058308
   0.5773499227793603
   0.5163973921958424
   0.3848996598441575
   0.5773499227793603
   0.4472131482861388
   0.47140409652677207
   0.47140409652677207
   0.49999959999983995
   0.4364353222141747
   0.3848996598441575
   0.3779639438585946
   0.3481547374546571
   0.28571358571342825
   0.28571358571342825
   0.26967920336442835
   0.25819811514932994
   0.2443380701759622
   0.2208621466093229
   0.2250166913640076
   0.20628327971350877
   0.19425614290571036
   0.2030268052364664
   0.16724720617106872
   0.1547633542166337
   0.15522881672604696
   0.14664575119684176
   0.13514599580693612
   0.1327431556595267
   0.11952118760167288
   0.11042768680388006
   0.10644738023646613
   0.10139680031931919
   0.09512819642806285
   0.08882018094387992
   0.08687214634922262
   0.07986939857182843
   0.07790637157133701
   0.0695858229681213
   0.06780322236603938
   0.06340098047500706
   0.06113851287862132
   0.058768526045181894
   0.0542687914929364
   0.050796113643568466
   0.04886337358161893
   0.044168061522041085
   0.04301854146486138
   0.04013974804634131
   0.037737230186048014
   0.03503872905812886
   0.0336608460045421
   0.03173569568497929
   0.029571762474665413
   0.027826924021661367
   0.0263653395180762
   0.02489289050874147
   0.023110010641760825
   0.022106819059296942
   0.02049463157069623
   0.019288276933268712
   0.018268493003038358
   0.017126190812672023
   0.015947152622007382
   0.014956608966082493
   0.014038910489797432
   0.013040369083800688
   0.012132623431520842
   0.01124915102725902
   0.010462275092777813
   0.009647209003338266
   0.008875772528855186
   0.008166064002260694
   0.007471157136464797
   0.006819064304435696
   0.006200214300540696
   0.005589201962512077
   0.005036199302307791
   0.0045138232800604515
   0.0040371313433548465
   0.0035820567059526654
   0.003169956160908644
   0.0028195624357834643
   0.002611111616862278
   0.0024864759668633742
   0.0024191763011442873
   0.0023864676353397654
   0.0023873125203479526
   0.0024161359029775875
   0.00248761239659333
   0.002610641156834385
   0.0028247108885883143
   0.003168601856242676
   0.0035826977962086374
   0.004033100065885793
   0.004511460510314259
   0.0050334829286698465
   0.005598452360846157
   0.006199796391748085
   0.0067975178332707435
   0.007486430790761506
   0.008163231164181188
   0.008898021796916717
   0.009639395022199015
   0.010455063294819435
   0.011282428142959227
   0.01220968271001972
   0.013016207087170295
   0.013957321927476474
   0.014903617587679484
   0.015948681166176534
   0.017085407169205785
   0.018283033896662294
   0.019361495374316372
   0.020791984015157465
   0.021836010245193608
   0.023242474300022353
   0.02492385339454174
   0.026226438158305488
   0.0278404646887724
   0.030011716409598856
   0.031502318936898206
   0.03344370073543176
   0.03577114114106173
   0.03743179063965815
   0.04001897311433398
   0.04149997338531024
   0.04515942323908423
   0.04805273925384609
   0.05109330994180272
   0.05395184891254112
   0.05531740480098371
   0.05871826922938871
   0.06246630311127947
   0.06699953598847648
   0.07302667737801571
   0.07607969678518936
   0.08090715606609478
   0.08711845002780706
   0.09244703229412476
   0.09274477216760989
   0.09853089801720914
   0.10878382015091773
   0.10992613987719377
   0.11566125721867579
   0.12674327212168876
   0.13130490969626699
   0.15249725883926035
   0.1596034958360068
   0.17817303877419766
   0.16666546666234663
   0.18649988926445013
   0.19334626339832237
   0.19517898989194019
   0.21199863260105972
   0.21952760893413234
   0.24806866295133195
   0.27472039988542446
   0.2624661671318589
   0.27734937700142204
   0.359210047276682
   0.3380611102829107
   0.3713901378372326
   0.4170283485307214
   0.35355282490739626
   0.4364353222141747
   0.5345221096589792
   0.5163973921958424
   0.5773499227793603
   0.5163973921958424
   0.4364353222141747
   0.5345221096589792
   0.5345221096589792
   0.7559286814432771
   0.6666663666665992
   0.9999997999999799
   0.6666663666665992
   0.9999997999999799
   0.7559286814432771
   1.1547003651741576
   0.9999997999999799
   1.4142134209517316
   1.1547003651741576
   0.9999997999999799
   0.8944269673930901
   1.9999998999999975
   0.9999997999999799
