   0
   0
   0
   0
   0
   0
   0
   0
   0
   0
   0
   0
   0
   0
   0
   0
   0
   0
   0
   0
   0
   0
   0
   0
   0
   0
   0
   0
   0
   0
   0
   0
   0
   0
   0
   0
   0
   0
   0
   0
   0
   0
   0
   0
   0
   0
   0
   0
   0
   0
   0
   0
   0
   0
   0
   0
   0
   0
   0
   0
   0
   0
   0
   0
   0
   0
   0
   0
   0
   0
   0
   0
   0
   0
   0
   0
   0
   0
   0
   0
   0
   0
   0
   0
   0
   0
   0
   0
   0
   0
   0
   0
   0
   0
   0
   0
   0
   0
   0
   0
   0
   0
   0
   0
   0
   0
   0
   0
   0
   1.9999989999997498
   1.9999989999997498
   0
   0
   0
   0
   1.9999989999997498
   0
   0
   0
   0
   0
   0
   0
   0
   0
   0
   0
   0
   0
   1.9999989999997498
   0
   1.9999989999997498
   0
   1.9999989999997498
   0
   0
   0
   1.9999989999997498
   1.9999989999997498
   0
   0
   0
   1.9999989999997498
   0
   0
   0
   1.9999989999997498
   1.9999989999997498
   1.9999989999997498
   0
   1.9999989999997498
   1.9999989999997498
   0
   0
   1.9999989999997498
   1.9999989999997498
   1.9999989999997498
   0
   1.9999989999997498
   0
   0
   0
   0
   0
   1.9999989999997498
   0
   0
   0
   0
   1.9999989999997498
   0
   0
   0
   1.9999989999997498
   0
   0
   0
   1.9999989999997498
   0
   0
   0
   1.9999989999997498
   1.9999989999997498
   1.4142121481588255
   1.4907106433584696
   1.9999989999997498
   1.9999989999997498
   1.9999989999997498
   1.4142121481588255
   1.9999989999997498
   0
   1.4907106433584696
   1.9999989999997498
   0
   1.9999989999997498
   1.9999989999997498
   0
   1.9999989999997498
   0
   1.9999989999997498
   1.9999989999997498
   1.9999989999997498
   0
   1.9999989999997498
   0
   1.9999989999997498
   0
   1.4907106433584696
   1.9999989999997498
   0
   0
   0
   0
   1.9999989999997498
   0
   1.9999989999997498
   0
   1.9999989999997498
   0
   0
   1.99999899999975
   1.9999989999997498
   0
   1.9999989999997498
   1.9999989999997498
   1.9999989999997498
   0
   1.9999989999997498
   1.9999989999997498
   1.9999989999997498
   0
   0
   1.4142121481588255
   1.9999989999997498
   0
   0
   0
   1.9999989999997498
   0
   0
   0
   1.9999989999997498
   0
   1.9999989999997498
   0
   1.4142121481588255
   1.9999989999997498
   1.9999989999997498
   0
   0
   1.9999989999997498
   0
   1.9999989999997498
   1.9999989999997498
   1.5811375651726196
   1.99999899999975
   1.9999989999997498
   1.99999899999975
   1.9999989999997498
   1.9999989999997498
   1.99999899999975
   1.9999989999997498
   1.4907106433584696
   1.9999989999997498
   1.6996719945003769
   1.4285700285707426
   1.9999989999997498
   1.4907106433584696
   0
   0
   1.9999989999997498
   0
   1.9999989999997498
   1.9999989999997498
   1.99999899999975
   1.99999899999975
   1.9999989999997498
   1.9999989999997498
   1.5811375651726196
   1.4142121481588255
   1.99999899999975
   0
   1.4142121481588255
   1.9999989999997498
   1.9999989999997498
   1.9999989999997498
   0
   1.9999989999997498
   1.9999989999997498
   1.99999899999975
   0
   1.9999989999997498
   1.5386172164562277
   1.99999899999975
   1.199998333332176
   1.4142121481588255
   1.4142121481588255
   1.4907106433584696
   1.1065648629512719
   1.4907106433584696
   1.4142121481588255
   1.4907106433584696
   1.4422191234344384
   1.4142121481588255
   1.9999989999997498
   1.9999989999997498
   0
   1.199998333332176
   1.4422191234344384
   1.4142121481588255
   1.4142121481588255
   1.9999989999997498
   1.9999989999997498
   1.9999989999997498
   1.4907106433584696
   1.4422191234344384
   1.4142121481588255
   1.9999989999997498
   1.4142121481588255
   0.9999979999980001
   1.9999989999997498
   0.9999979999980001
   1.0582986346017837
   0.9999979999980001
   1.99999899999975
   1.1546988063271448
   0
   1.1780284809973043
   1.4142121481588255
   1.5811375651726196
   1.1546988063271448
   1.9999989999997498
   0.9428069202593333
   1.9999989999997498
   1.1546988063271448
   1.2472175253561648
   1.2616225670659602
   1.4846136307649411
   1.6996719945003769
   0.8606606420307256
   1.0606582861600622
   1.2472175253561648
   0.9476049723769231
   1.2247432383973387
   1.1065648629512719
   0.9999979999980001
   0.8944249549291433
   0.9090887090882471
   0.8944249549291433
   0.8571405238063479
   1.1546988063271448
   1.2247432383973387
   0.9686421449318998
   1.054090656021156
   0.9428069202593333
   1.4907106433584696
   1.2372793530690083
   0.9686421449318998
   0.9850940062671338
   1.0307744661175886
   0.9999979999980001
   0.8498342322019172
   1.1578930095680897
   1.2472175253561648
   0.9797938558696926
   1.01980194155532
   0.9797938558696926
   1.2464810501024326
   1.0954432892669526
   0.6705968550566238
   0.782458240393175
   0.8944249549291433
   0.8164941314343089
   0.8571405238063479
   1.1180321998940819
   0.7071039527537659
   0.9162435117584767
   0.9476049723769231
   0.8806283007498865
   0.8944249549291433
   0.8606606420307256
   0.8806283007498865
   0.6617143057885383
   0.7705491548240124
   0.6144884050980945
   0.6343207894317555
   0.7288662428731351
   0.8354980202419722
   0.7063017861735361
   0.7010630383516957
   0.6098180762881669
   0.6614348040434521
   0.5972009287045206
   0.6402876690745926
   0.7438306136879622
   0.6527108877279281
   0.5891548506263264
   0.6236063573191737
   0.5773468050776183
   0.6358275067276767
   0.7143417010392306
   0.5795977053094672
   0.7041759500260153
   0.6226966372486817
   0.5546965906622355
   0.628302580907314
   0.5823197970366122
   0.556698621672356
   0.5345187421543661
   0.7143417010392306
   0.5846805699545657
   0.6009218843669375
   0.5998813146744126
   0.657339155559821
   0.5540362287541848
   0.8079441674879383
   0.5261298404353623
   0.6034844909889545
   0.6740101103165028
   0.5610800431443046
   0.609154969182048
   0.5596962750688442
   0.5580454149270534
   0.5363945316314183
   0.5248868488366161
   0.5994756041741816
   0.5120769932679452
   0.6740890148934338
   0.559243418956442
   0.4554631641935278
   0.5195114953219286
   0.475449176143756
   0.5833263637440925
   0.5385127667938803
   0.47140027813125257
   0.5448586972784778
   0.5858252864738679
   0.575109991807635
   0.591086926857667
   0.47954594300561676
   0.5276324478270835
   0.47140027813125246
   0.49834974121863534
   0.4743181827584222
   0.475449176143756
   0.4377224443315706
   0.42871628484647273
   0.4599722915074366
   0.4168636655404591
   0.4237780512658648
   0.42132029727917014
   0.47506888389416163
   0.37795918146956403
   0.461502558910109
   0.4189704159015972
   0.4282848966082296
   0.373408737615744
   0.3789892953004248
   0.37408845818636355
   0.40965359659613904
   0.36948401887530424
   0.3633444366468644
   0.3801673973396456
   0.3944002479151801
   0.38296562073724927
   0.392767071496314
   0.3806096491292896
   0.3561742609731846
   0.3665310770874881
   0.36852835562113256
   0.3694760937879315
   0.3678676100343665
   0.34205810407048687
   0.3434285198555568
   0.35510751061956397
   0.33401534086608103
   0.3608049865125847
   0.37918561558612557
   0.31986879746345964
   0.3128054342069867
   0.3544428082633142
   0.36379171911533575
   0.32247341817500913
   0.35137939412723845
   0.298622752242618
   0.3082142112232984
   0.2873286069904313
   0.3006985838101783
   0.3134383990378043
   0.309054716108339
   0.2950795867880763
   0.26418160111436023
   0.28138882968125756
   0.28499208725141545
   0.2830318798525868
   0.2934110239280512
   0.27400343903990354
   0.2857072856285336
   0.27601129146111814
   0.2649788593180951
   0.25837915496634756
   0.25429453079292175
   0.2739389107714825
   0.270787795476127
   0.2789086055080457
   0.25059476526607205
   0.2533805306186771
   0.24278255378229432
   0.2558753416728359
   0.2652284954688009
   0.2458313339366185
   0.2404099468457318
   0.24752586078005626
   0.24550383728627945
   0.24167323253732625
   0.25522399963294556
   0.2310814715697378
   0.22768893891547293
   0.23395051208591777
   0.25397800598431036
   0.23724267879675293
   0.21124416956108805
   0.21161849857943554
   0.23650797675353524
   0.22080835713014216
   0.20409799211691443
   0.2060221400579998
   0.20343665335218292
   0.19855464131610034
   0.1968947788110926
   0.20302990304380125
   0.19055728975834607
   0.19575774588944528
   0.1883721870179989
   0.19108447818419844
   0.18822712801621094
   0.1820564333745356
   0.1788560094257675
   0.18439054131914964
   0.18281455275192937
   0.1935156266801646
   0.18196146030918486
   0.18505794293874903
   0.19987123380440566
   0.17827354342941856
   0.1729908487622839
   0.173477127700853
   0.1839306023171972
   0.1749554221177037
   0.17438667366935523
   0.1699032404373475
   0.18076431772363571
   0.18409203554477965
   0.17214638989480296
   0.17084213666622206
   0.1748611654748069
   0.1639191008106607
   0.1594331027852896
   0.1639923022831719
   0.1613351791795095
   0.16034863425103205
   0.1574181779802469
   0.15656244719116874
   0.1560612128291188
   0.15334020799436496
   0.15142486399916408
   0.15573233372284592
   0.14542790420224735
   0.14887702758035462
   0.1453983191161922
   0.14743620447373104
   0.14085864545417523
   0.14008461948866457
   0.14429174867675784
   0.14028803168690396
   0.13588522115305898
   0.1360015842211327
   0.13974739115036577
   0.13631173711993474
   0.13502900470752222
   0.13471169375476053
   0.13507904039244056
   0.13202044433355922
   0.13570039463218506
   0.13433937267599438
   0.13156656900693367
   0.133018642241129
   0.13182810556661068
   0.13009709241334003
   0.13069627226623817
   0.12940105581734274
   0.12378451398611127
   0.11972851963730338
   0.12579866909404241
   0.12060679914499016
   0.11849475991411314
   0.11757897703272263
   0.121089532480691
   0.1148731595327164
   0.11279036284749146
   0.11342507480702721
   0.11901080271754605
   0.10995508012719168
   0.10855607547252995
   0.1120718326807452
   0.11025839536386939
   0.10740906851084828
   0.10410116277050674
   0.10484110015161927
   0.10560893528774226
   0.10352770594511247
   0.10168769716687481
   0.09924401269137058
   0.10140384941180242
   0.10093001861766719
   0.10017119830575967
   0.09844211803868054
   0.09577969351381736
   0.09615656156109766
   0.0988556808540567
   0.09781565723946857
   0.09591639179181023
   0.096217389801554
   0.09310681075132156
   0.09374000667693977
   0.09047531670845972
   0.09071350227688402
   0.09060587735719679
   0.08930687454664715
   0.0857343214511293
   0.08710491579191765
   0.08780692092006172
   0.08535819225143625
   0.08434232516061825
   0.0839435469640325
   0.08379901081329177
   0.08284088619194692
   0.08276763497575416
   0.08224386268256505
   0.07798386576460666
   0.08166234651024909
   0.07975804375709881
   0.07775323365903916
   0.07907611340871863
   0.07604539012694002
   0.07822691328724235
   0.07671199201145511
   0.07793363740387801
   0.0751940243334209
   0.07563729908657173
   0.07218844198161546
   0.07344348054828265
   0.07209485900754267
   0.07177542197484625
   0.07266310324448673
   0.07203187230168395
   0.07110581764441616
   0.07065024872300417
   0.07191774417409973
   0.071455489087775
   0.06870129440502773
   0.06719283935629268
   0.06715075560372533
   0.06558370680811555
   0.06605766311855654
   0.06477289239242623
   0.06467487259096115
   0.06416585030743009
   0.06343934272478
   0.0630048190523499
   0.06227498067732763
   0.06197071691207911
   0.062444646932658346
   0.06161924681264109
   0.060235042521791037
   0.06113348683328505
   0.05945155371988801
   0.058167089982623175
   0.059843225640703
   0.05873963561022643
   0.057740074096660536
   0.05838429733322932
   0.05625916127142628
   0.05507992867252152
   0.05667260530713846
   0.054745731021789486
   0.0551502201287181
   0.054293782108245675
   0.054387346608143886
   0.05305714152549552
   0.0525088598960569
   0.05296420380556948
   0.051971638635430674
   0.05180154005881776
   0.051508823920179754
   0.05036621158504832
   0.05040117638031442
   0.050579517581580545
   0.04860837341071387
   0.04868707459943091
   0.04821340111926814
   0.048440206945420734
   0.04741545768424353
   0.04638861927627009
   0.0468432335859983
   0.04677437307253124
   0.04627891044160124
   0.04645744461032239
   0.04538264422238368
   0.045331319983302615
   0.044850078711081265
   0.043856823783663956
   0.04328831107935555
   0.043035263368115764
   0.042903133254810696
   0.042199039942631494
   0.04209826892335636
   0.041780473451171786
   0.04112948109944938
   0.04070655842580862
   0.040705175621144056
   0.04013964362245728
   0.04048219013725101
   0.040428841232562955
   0.03929172994024755
   0.03953180494710114
   0.03841615224243264
   0.0379014508653716
   0.03807450096598293
   0.03739831351877235
   0.037930219218905256
   0.03762587472118915
   0.03670664124987001
   0.0373836646702617
   0.03605277216171594
   0.03613560369772343
   0.035649306693163574
   0.03549837410830987
   0.03477919070111312
   0.03441724948624443
   0.03412861826578863
   0.033907041809052976
   0.03384411140198482
   0.03320526875440861
   0.033389782068358645
   0.03302984576260955
   0.032859179735877105
   0.032290337171814204
   0.031993180261585014
   0.031599349951138694
   0.03147703035715726
   0.030799706866317243
   0.030822369967724274
   0.03050897375001818
   0.030121378189238587
   0.0295929614709294
   0.029526846670066435
   0.02949062156665383
   0.029158709630775548
   0.029030401571133055
   0.0287839242369078
   0.02861931918051245
   0.02809165180593056
   0.027796499366747343
   0.027618729865870655
   0.02743180749076973
   0.027246095473204918
   0.0269431468694171
   0.026687216998586186
   0.02635497944577458
   0.026433637665509723
   0.026017999352785436
   0.025659018430533278
   0.02555646024018887
   0.025213372556069934
   0.025122713618669967
   0.02484958787285887
   0.024533432789447463
   0.024570692936240385
   0.02419751673151261
   0.02417409444585319
   0.02375950802476033
   0.023693903612361226
   0.02334480634010895
   0.023134092602024318
   0.022897275527236922
   0.022535257481685434
   0.02284585143432986
   0.02248800043924745
   0.022274509611669113
   0.022317563869306924
   0.021974620894084366
   0.0216312750910441
   0.021542459103283982
   0.021279750643254755
   0.02093137439959119
   0.02097014204106145
   0.020718210142125517
   0.02056739676596462
   0.02023045993060804
   0.02014438327413115
   0.020009015161177594
   0.019835687495542955
   0.019540232529559918
   0.019470801224974476
   0.019314820269472698
   0.018926875139048692
   0.01893997986735981
   0.018864621825957897
   0.01855043216561722
   0.01847720771699884
   0.01831404857917036
   0.018091030672148352
   0.017923958207937688
   0.017791601163550195
   0.017669676910158503
   0.01759901252648813
   0.01747568719650119
   0.017255504234288472
   0.017109938898085358
   0.016890209123848497
   0.016734564752162836
   0.016624311261054604
   0.016483985972647965
   0.016314245636739978
   0.01622437916683612
   0.01601393297371826
   0.015948770118096405
   0.01579398766476977
   0.0156620976642555
   0.015556609672521928
   0.015414646321324364
   0.015225434127567765
   0.015150980299480234
   0.01499141054329279
   0.01483810179980174
   0.014750323280960594
   0.014608791640631993
   0.014462741177216845
   0.014272462695538838
   0.014282049310798581
   0.014095537003097656
   0.013935833305222762
   0.013879868957335367
   0.013762760322306713
   0.013648535719684097
   0.01351649824403139
   0.013418606519064395
   0.013260670665789337
   0.0131521524768755
   0.013034949271197305
   0.012934938694926026
   0.012760551011946782
   0.012723306801985499
   0.01264410714250247
   0.012446746499001732
   0.01232647536261501
   0.012300649372279863
   0.012156891512176657
   0.012019501020892732
   0.011923922610157052
   0.011821854413917934
   0.011756320579207419
   0.01164667311743571
   0.011511051424137398
   0.01139233121732265
   0.011307570138041458
   0.011188242082509578
   0.011130552774097257
   0.011004712103749502
   0.010941376883544386
   0.010837623968810904
   0.010760095052867569
   0.010658426174304564
   0.010502183760876976
   0.010410265636088505
   0.010373844638127544
   0.01026812437041352
   0.010186333294245379
   0.010112771462340143
   0.009993448905305475
   0.009887904444610627
   0.009855428681518988
   0.009734561383494454
   0.00965762915459324
   0.009565451867488804
   0.00942100062090094
   0.00933133663276932
   0.009331948001582538
   0.009184961076466887
   0.009143858560889504
   0.009068777014330608
   0.008968750381507809
   0.008896945967514794
   0.008809066450383547
   0.00870612686663247
   0.00864823166189383
   0.00855247724730274
   0.008452393978570302
   0.008407260120914582
   0.008320222188659243
   0.008264493852072048
   0.008174162541421642
   0.00810040732827748
   0.008035818010524585
   0.007964634717150719
   0.007893330470458376
   0.007803746545174806
   0.007724375179653468
   0.007669243518769275
   0.007610754670073324
   0.007552094721937736
   0.007474686413466985
   0.0074056396021179634
   0.007332192641878739
   0.007285918415235419
   0.007200462879959483
   0.007141324148241547
   0.007048927450458363
   0.00698844302408845
   0.006939030351197084
   0.0068738104907554555
   0.0068044692592824085
   0.006743344681054633
   0.006682022788530429
   0.006640276540340125
   0.006557997475817425
   0.006494352851348821
   0.00643131799203451
   0.0063789629624431505
   0.006299450217222077
   0.006247641012399685
   0.0061997191377735125
   0.006131774408236184
   0.006069392304845405
   0.006018248728273391
   0.0059628107721475835
   0.005908475747052415
   0.0058514415936267595
   0.005779455611958699
   0.005729899244155638
   0.005687162643358532
   0.0056289409445072994
   0.005573029396061603
   0.005511684694399087
   0.0054689104611805725
   0.0054071507125701135
   0.005354348193225203
   0.005315350319277178
   0.005257545928204811
   0.005182621714834655
   0.0051593912619694446
   0.005093648935428293
   0.00505418553504619
   0.00498896715075571
   0.004953920871459418
   0.004911496799857834
   0.004846826644469015
   0.0047967291241981305
   0.004757531664665216
   0.004705331640021993
   0.004664141357738023
   0.004600164647183753
   0.004565782630114648
   0.004520375270579446
   0.004475949313377682
   0.0044289099988427845
   0.004381831644809587
   0.004332265825054155
   0.004286431803243535
   0.004249420868661819
   0.00419363629961313
   0.004161181784172972
   0.004108218976600737
   0.004063521478990537
   0.0040294754707725965
   0.003978498156716315
   0.003938144490111403
   0.003893859612067069
   0.0038488096554482208
   0.0038099221569453104
   0.00377234767638688
   0.0037231305437365426
   0.0036775020610766832
   0.003638600030387737
   0.003585724474247909
   0.0035422847793530957
   0.0034982656677292247
   0.003457086130378953
   0.0034072121928053
   0.0033631857753824482
   0.0033073151618065637
   0.003264330069108375
   0.0032099981957587594
   0.00316344633236289
   0.003111370913024189
   0.0030608297507859817
   0.0030345840025458796
   0.0030133455674285913
   0.003005716901363741
   0.003005884670626794
   0.0030150619216794856
   0.003031729745752214
   0.003063653857320965
   0.0031088646965415382
   0.0031597047710935165
   0.003212145394253269
   0.003265336552846578
   0.003304653871849082
   0.003357770868856324
   0.003407669968622659
   0.0034482064995015565
   0.0034873305857816474
   0.0035435884821812006
   0.003581782170531655
   0.0036317934260490614
   0.0036738677669952372
   0.003717392600081112
   0.0037664734661146276
   0.0038073703705987323
   0.0038414827660011794
   0.0038859230827590066
   0.003931911269923585
   0.00397134623538563
   0.0040171830121821525
   0.0040568187076544075
   0.004107310735827076
   0.004152364393500454
   0.004196799305195093
   0.0042351031590944395
   0.004287153631704228
   0.004338243818028893
   0.004372629523313439
   0.004432378846844477
   0.004469828330245958
   0.004508306092611303
   0.004563930439934419
   0.004616031051820928
   0.004663722000284865
   0.004715516174676032
   0.004763012429748226
   0.004797419260567777
   0.004853019726253225
   0.00489887770865171
   0.0049372303312555064
   0.0049949599106821636
   0.0050508677829565465
   0.005104420261817442
   0.005151812098521844
   0.0051974352373486766
   0.005250209258025349
   0.00529443817390373
   0.005358298752426417
   0.005395333812736932
   0.005454749502862369
   0.0054961075045756435
   0.005557772873203844
   0.005610770371887926
   0.005665549443064568
   0.005716776494616984
   0.005783507603123397
   0.00583536369642598
   0.005881839521392406
   0.005932191073819298
   0.005996416821608062
   0.006056337553998537
   0.006102993045334736
   0.0061687642456435005
   0.006233901905996622
   0.006295081238812269
   0.0063483660274721914
   0.006409769982674984
   0.0064772979581686225
   0.006541369990329935
   0.006610925993700761
   0.00666698709797382
   0.006734687228535625
   0.006807991490772249
   0.0068678799313147
   0.00692131895919455
   0.007001825638630682
   0.007056522670143403
   0.007118809721822322
   0.007201110528502058
   0.007259501854728843
   0.007323517482711656
   0.0073909902758136315
   0.007470238893909992
   0.007525282984151429
   0.007582289015913248
   0.007669797475733943
   0.007753170936142575
   0.007814076972318855
   0.007913267717169771
   0.007963145978917001
   0.008020378172407704
   0.008106933995723646
   0.008191744577745219
   0.008222705480743218
   0.008330084079381779
   0.008419576193485191
   0.008499662840089609
   0.008583877258379537
   0.008625009663113007
   0.008697907976127739
   0.008802606557483763
   0.008886748609185455
   0.008952698244119896
   0.009048481316655886
   0.009115560634419938
   0.00922345072153073
   0.009288475434781939
   0.00937858787944637
   0.009438408278707228
   0.009535101426031672
   0.009672541572607121
   0.00975782601679674
   0.009832923648944095
   0.009904650658424254
   0.010022030936352438
   0.010085222464197149
   0.010179513798192194
   0.010265728596048245
   0.010416160392614974
   0.010449862845134685
   0.01058409830226787
   0.010632192127816359
   0.010740832578404427
   0.010796423157202603
   0.010924978175046183
   0.011086256699912833
   0.011143310040437497
   0.011224060100996837
   0.011331014667836217
   0.011456040497961228
   0.01157131565239369
   0.011700888993450962
   0.01175743159263469
   0.011875874908258881
   0.011951910260455268
   0.01206698314673705
   0.012172072668607488
   0.012313037429793311
   0.012414819448306576
   0.012515505059280277
   0.01264774070311844
   0.012741966121119188
   0.012910809615881176
   0.013011889208432955
   0.013051143609795347
   0.013168751328398225
   0.01326830595391571
   0.013494646121617392
   0.01362559613659139
   0.013696755180147163
   0.013811221002322465
   0.013901911671281025
   0.014045728283732056
   0.014137445306644398
   0.014243769454731542
   0.014331315347955089
   0.014470903157038532
   0.01465001857242322
   0.014848179965542448
   0.01486816749008304
   0.015048239649747101
   0.015169359149657216
   0.015322911833889629
   0.015440002169735222
   0.01558976458180176
   0.015653332750804494
   0.015854376684420482
   0.015920972811410083
   0.016150215879848055
   0.016292869554767414
   0.016453077985585648
   0.01659279018285216
   0.016756389086359742
   0.01690090136315272
   0.01704870713695949
   0.017205101573758267
   0.01733989130075532
   0.01745034815844291
   0.017571147484116836
   0.017751881725614472
   0.017937321307262093
   0.018173482472333625
   0.018296170510526136
   0.018472530424040012
   0.018613795353541757
   0.01871078476576323
   0.01892439374814938
   0.019119687043404106
   0.019380320187718705
   0.019528445127537073
   0.019690907733301424
   0.019778553244261924
   0.01990837780124746
   0.02009147683847188
   0.020498496271186245
   0.020544916307211815
   0.020692217213016624
   0.020968184681870207
   0.021118173802724613
   0.02123342095818568
   0.021382744457849
   0.021676450057343966
   0.021895835299253187
   0.021929885714092146
   0.02214195814499472
   0.022411737448034152
   0.022624028396632682
   0.022726088819729463
   0.023045714190383582
   0.02304268325675191
   0.02332375732753221
   0.023536542338336446
   0.02390651343851015
   0.02387575268981252
   0.02408770378897171
   0.024365154097818798
   0.024408049649320716
   0.024807131464292895
   0.024980100724690736
   0.025109477039327997
   0.02556049943975937
   0.025630840431688198
   0.025932193906896574
   0.026209842161512554
   0.026408317278243915
   0.02674653785595992
   0.026908472689174408
   0.027214879341677666
   0.02755915769596324
   0.0277290705556644
   0.02789835161261566
   0.02845444791090703
   0.028413915558174546
   0.02877410995987343
   0.028972719583413103
   0.02910248117808302
   0.029461233449048135
   0.02943314974074294
   0.029618680244194468
   0.03010072105520906
   0.03040180502640073
   0.03074483737675241
   0.03085880495687299
   0.030954438616165973
   0.031770601547546615
   0.031671155165213266
   0.03228400404795298
   0.03249427818941253
   0.03250137241749912
   0.03251243925202093
   0.03345290944328148
   0.033217161859072156
   0.03329183332217573
   0.03381311158834969
   0.03452706041565784
   0.03463362001408509
   0.034937657900579656
   0.03509988991337276
   0.035528488717191165
   0.03586957984653495
   0.03640627177237761
   0.03595615774683115
   0.03673767047841362
   0.036838211578158676
   0.037508964668987385
   0.037829209693864524
   0.0379203966570849
   0.038418684019517646
   0.03891665667526632
   0.03892512898367756
   0.0390802034592552
   0.039918167448409377
   0.040204863883218304
   0.04030708292725646
   0.04114441844625699
   0.0410525668490069
   0.04167075834931603
   0.04217740633296469
   0.041901976146130795
   0.04272284769545445
   0.04217691665282691
   0.042882645026463155
   0.043316446155830066
   0.04345513937546674
   0.044083540474817225
   0.04444838517153425
   0.04553649520243287
   0.04526020556674106
   0.04508677280932235
   0.04566863035839475
   0.04692709700615584
   0.046192567273110746
   0.047526786681976935
   0.04759967091523836
   0.04777287164005131
   0.04910761621776959
   0.04877929537137999
   0.04960940372395099
   0.050146374810096976
   0.05033997194384027
   0.05186133165535767
   0.05089531502658362
   0.05220601262103831
   0.051893341384606766
   0.05322403224096766
   0.05361957794837619
   0.05309577576657619
   0.05397180780656841
   0.054198336499428075
   0.05571107571115668
   0.05508338619480651
   0.05618647114946698
   0.056206654700979165
   0.0571666946204147
   0.05670064796692955
   0.05817339290527435
   0.05928222433266613
   0.059381527171058636
   0.06032837486475243
   0.061947305751081864
   0.06097624489571868
   0.06152283981403741
   0.06240691360372874
   0.06261588124683001
   0.06305331740414925
   0.06332894949057735
   0.06315790086812577
   0.06322929674373867
   0.06480478348492684
   0.06569471332223197
   0.06729925380175314
   0.06708234673216411
   0.06737218904048475
   0.06784536317452455
   0.06670172411564787
   0.06972538053969951
   0.06940567468363473
   0.06925572799502915
   0.0717207787864042
   0.07232205055681146
   0.07192087177573814
   0.07050234939618183
   0.07373820118533937
   0.07536197647420954
   0.07314500935287378
   0.07583506544841333
   0.07523908837553957
   0.07583762532206177
   0.0784544929388098
   0.07807694045557459
   0.08214076451552046
   0.07914998047848813
   0.08051410864613945
   0.0798769058607357
   0.07952537177357884
   0.08224032580372607
   0.0850709473158009
   0.08559253962955352
   0.08583127268663428
   0.08615844775188151
   0.08578481148173357
   0.0874989478078002
   0.08942215268177324
   0.08886480625094184
   0.08790078951493335
   0.08949733675239117
   0.09077155908277436
   0.09428203825365748
   0.09184816617294203
   0.09456973965313395
   0.09666721579353525
   0.09410233470082177
   0.09922434618889688
   0.09701381344942585
   0.09652158555496466
   0.09811886117323487
   0.09786086978610184
   0.09990905652636209
   0.10035199540465664
   0.09844969834453333
   0.10038233361137007
   0.10348577631003732
   0.10606506798749271
   0.10253241728708053
   0.10205980061186204
   0.1064416709393483
   0.10243965890098233
   0.11037345236380658
   0.11119166849860582
   0.1057291762040164
   0.10969490525325934
   0.11873567559959416
   0.11493670771724909
   0.12105108998695503
   0.11546132432504984
   0.11264938057346645
   0.11807335761499478
   0.11495141244586739
   0.12013476254901055
   0.121162066115094
   0.11951770345333798
   0.11896104091442859
   0.12137407002578138
   0.12223678530565266
   0.121372591168932
   0.12654229076544982
   0.12780397757008788
   0.12780048157672644
   0.13180294329411568
   0.13779783724550224
   0.13546967012379665
   0.13169417604005457
   0.13513479959446534
   0.12979442240977587
   0.14372582441627765
   0.136355926807419
   0.14481886789437848
   0.14412656627300924
   0.14764035410547405
   0.14714992600852
   0.1468252944318236
   0.14765534159526533
   0.14712930693207676
   0.1446061788964651
   0.1632180293523469
   0.1526827526364925
   0.1635492892329961
   0.15562611767409965
   0.15504387501470523
   0.15043933875492532
   0.1621315549989505
   0.1642079384924518
   0.1712233157616184
   0.1666427982369718
   0.16362414095766012
   0.16131415745820238
   0.17203138535990917
   0.17611805674018693
   0.1736521264347682
   0.16911947114089426
   0.1772251178085981
   0.1697171206560295
   0.17259061505585993
   0.17268394212164118
   0.16868529574112126
   0.17579617649403737
   0.1695211964760276
   0.18659297049760062
   0.1745415423330503
   0.18230298072284878
   0.1821139813562348
   0.18968979190549734
   0.1817454089605693
   0.18526619483082057
   0.18896690004178732
   0.19250288921705827
   0.18087183271345905
   0.19554365833247978
   0.20341542698994097
   0.19610449728485482
   0.20505020550309014
   0.2133149294864782
   0.20217245372949247
   0.21013329103214465
   0.21035509459287513
   0.21977649330615803
   0.21303815611512125
   0.23456896807051647
   0.22830286961479138
   0.2187621545671293
   0.2229105970510251
   0.24235823071721424
   0.24165264327128722
   0.230411066280356
   0.21871329674448123
   0.23214874737983818
   0.22997962352923912
   0.24693501731787207
   0.2383001270513863
   0.23620764712959247
   0.25144509150000294
   0.23873405100202444
   0.25875561515676243
   0.24566776945550983
   0.23667270232851212
   0.2524797021544504
   0.2530908076483612
   0.2461602500722573
   0.2399104203000894
   0.24954753107266373
   0.26264132049950367
   0.2822670522583539
   0.24401783382366596
   0.25189597909242767
   0.26262859284125517
   0.242811698554968
   0.26119093792306075
   0.2468162000687252
   0.2667657500635411
   0.27203517118904413
   0.27567931808489565
   0.27032777042426426
   0.2866816401823799
   0.26844387812442166
   0.3037583214549517
   0.2925460238097406
   0.2719458868636277
   0.2828791667141839
   0.3122046797780111
   0.29666668649065725
   0.288993466032486
   0.3140295323072041
   0.30695569254326766
   0.2949415151110672
   0.30260085908132084
   0.29086697584015475
   0.3012195878020126
   0.3268046710279262
   0.2948103747914135
   0.31011817960022847
   0.34992139058913896
   0.35477128782733625
   0.3509551677450218
   0.35001450398166684
   0.3746465611575823
   0.36916918401336624
   0.4074452417196696
   0.350957985089342
   0.3388231855725915
   0.3683522276549033
   0.3685940793407496
   0.3688501345651205
   0.3210107822405732
   0.36841562402015565
   0.388062981833626
   0.3427768953707353
   0.36656306485513557
   0.3848949832722533
   0.3628818579074378
   0.4483212305459799
   0.3749946666287402
   0.3777344001426526
   0.4867346305236192
   0.41958332964264
   0.41315805153459884
   0.46680745930499923
   0.4181075196918764
   0.4656530196335868
   0.39794892503784396
   0.40979248931321405
   0.44464223596289315
   0.41315805153459884
   0.4345066167505392
   0.4311604746245
   0.39030725076534256
   0.47659816481863526
   0.40979248931321405
   0.4676475434042941
   0.44159024593304874
   0.4046463765542446
   0.4349184017119022
   0.4970426982040654
   0.47665081558725986
   0.4556306681788705
   0.46978625458819034
   0.4714002781312525
   0.45633602085710384
   0.4679005356297464
   0.48650014443219275
   0.4346088918658808
   0.5114231949161174
   0.46680745930499923
   0.47598161729209665
   0.4833072104417715
   0.532128539797802
   0.48038029806522126
   0.5929236881758057
   0.531549128918761
   0.4895563516977421
   0.5483603584755475
   0.5499683043616869
   0.4948676178370065
   0.6573651679157633
   0.5150748707217034
   0.6880180092592699
   0.6086923664507592
   0.6285361790661391
   0.6454941259737897
   0.6623983017823051
   0.7071039527537659
   0.63245236974811
   0.7423047946519443
   0.7199972222168639
   0.6901930964570534
   0.6902537892897139
   0.6388734344971018
   0.6705968550566238
   0.7429541554676533
   0.702725522870649
   0.5773468050776183
   0.6354070331801311
   0.6335456440107394
   0.6236063573191737
   0.6923401208764423
   0.6480709837664389
   0.7284286134536171
   0.8284844793623951
   0.6388734344971018
   0.6960065127166156
   0.9999979999980001
   0.7264804042627562
   0.737025017582992
   0.8401656699372907
   0.6666636666599167
   0.9035056893081775
   0.8726946774216054
   1.1090143811091564
   0.929620100290542
   0.9101639230731491
   0.7423658876262506
   0.8164941314343089
   0.9380810199550995
   0.7483288047375967
   0.7891979284325412
   0.8065451203385142
   0.7216450812336339
   0.6802984031697943
   0.9078505369021364
   0.8131131685032462
   0.7947168976235632
   0.7663247469112112
   0.7925245570666685
   0.8235269831896963
   1.0307744661175886
   0.8748874777738175
   0.8430538545388976
   0.881914835898443
   0.9999979999980001
   0.9428069202593333
   0.9686421449318998
   0.8606606420307256
   0.7994055631767081
   0.7888081022797764
   1.2453980922433057
   0.9476049723769231
   0.7483288047375967
   0.8284844793623951
   1.2453980922433057
   1.1615112681483133
   1.2472175253561648
   1.0756490103135083
   1.1180321998940819
   1.1428553928558027
   0.9689022191140246
   0.9428069202593333
   1.12485648971279
   0.9607668411622682
   0.8164941314343089
   1.018348190471725
   1.4907106433584696
   0.9140850920759814
   0.8164941314343089
   1.0444640208782163
   1.1780284809973043
   0.8571405238063479
   1.2247432383973387
   0.9476049723769231
   0.9797938558696926
   1.0582986346017837
   1.4285700285707426
   0.8606606420307256
   1.0301555658229091
   1.054090656021156
   0.9428069202593333
   0.9380810199550995
   1.1546988063271448
   1.2247432383973387
   0.9476049723769231
   1.3266484085845804
   1.9999989999997498
   1.0582986346017837
   1.2247432383973387
   1.0582986346017837
   1.9999989999997498
   0.9354122086011065
   0.9476049723769231
   1.3266484085845804
   1.4142121481588255
   1.1546988063271448
   1.1546988063271448
   1.4229150916427482
   1.4142121481588255
   1.4142121481588255
   1.9999989999997498
   1.4142121481588255
   1.2247432383973387
   1.0582986346017837
   1.054090656021156
   1.1055397877155857
   1.1546988063271448
   1.9999989999997498
   1.1546988063271448
   1.4907106433584696
   1.1065648629512719
   1.9999989999997498
   1.9999989999997498
   1.9999989999997498
   1.4142121481588255
   1.4142121481588255
   1.3093058138898315
   0.9476049723769231
   1.199998333332176
   1.5811375651726196
   1.4142121481588255
   0
   1.4142121481588255
   1.7379310007204847
   1.4422191234344384
   1.0582986346017837
   1.3693049331686495
   1.0582986346017837
   1.6492410375684934
   1.3093058138898315
   1.1546988063271448
   1.2453980922433057
   1.018348190471725
   1.054090656021156
   1.4142121481588255
   1.2747533094681496
   1.4142121481588255
   1.9999989999997498
   1.2247432383973387
   1.5811375651726196
   1.0606582861600622
   1.9999989999997498
   1.199998333332176
   1.4907106433584696
   1.4142121481588255
   1.4142121481588255
   1.4907106433584696
   1.2247432383973387
   1.4142121481588255
   1.4142121481588255
   1.4142121481588255
   1.4907106433584696
   1.2472175253561648
   1.4907106433584696
   1.9999989999997498
   1.6996719945003769
   1.9999989999997498
   1.5811375651726196
   1.2453980922433057
   1.9999989999997498
   1.199998333332176
   1.4142121481588255
   1.4907106433584696
   1.9999989999997498
   1.9999989999997498
   1.6492410375684934
   1.99999899999975
   1.9999989999997498
   1.4142121481588255
   1.9999989999997498
   1.9999989999997498
   1.4142121481588255
   1.9999989999997498
   1.3266484085845804
   1.9999989999997498
   1.4907106433584696
   1.99999899999975
   1.9999989999997498
   1.9999989999997498
   1.5811375651726196
   1.2472175253561648
   1.4907106433584696
   1.4907106433584696
   1.6492410375684934
   1.9999989999997498
   0
   1.6492410375684934
   1.9999989999997498
   1.4907106433584696
   1.5811375651726196
   1.4907106433584696
   1.199998333332176
   1.3266484085845804
   1.4907106433584696
   1.4142121481588255
   1.9999989999997498
   1.9999989999997498
   0
   1.9999989999997498
   0
   0
   1.9999989999997498
   1.9999989999997498
   0
   1.9999989999997498
   1.9999989999997498
   1.9999989999997498
   1.99999899999975
   1.9999989999997498
   1.5386172164562277
   1.6996719945003769
   1.9999989999997498
   1.9999989999997498
   1.9999989999997498
   1.9999989999997498
   1.9999989999997498
   1.99999899999975
   1.9999989999997498
   1.9999989999997498
   1.4142121481588255
   1.6492410375684934
   1.4142121481588255
   1.9999989999997498
   1.99999899999975
   0
   1.6492410375684934
   1.9999989999997498
   1.99999899999975
   1.9999989999997498
   1.9999989999997498
   1.4422191234344384
   1.6996719945003769
   1.5811375651726196
   1.5811375651726196
   1.9999989999997498
   1.9999989999997498
   1.9999989999997498
   0
   1.9999989999997498
   0
   0
   1.9999989999997498
   0
   1.4142121481588255
   1.9999989999997498
   1.5811375651726196
   1.9999989999997498
   1.9999989999997498
   1.4907106433584696
   1.4142121481588255
   1.9999989999997498
   0
   1.9999989999997498
   1.9999989999997498
   0
   0
   1.9999989999997498
   1.9999989999997498
   1.9999989999997498
   1.9999989999997498
   1.9999989999997498
   1.9999989999997498
   1.9999989999997498
   1.4142121481588255
   1.9999989999997498
   1.9999989999997498
   0
   1.9999989999997498
   1.9999989999997498
   0
   0
   1.4142121481588255
   1.6996719945003769
   0
   1.9999989999997498
   0
   1.9999989999997498
   1.99999899999975
   0
   0
   0
   1.9999989999997498
   0
   1.9999989999997498
   0
   1.99999899999975
   0
   0
   0
   0
   0
   0
   0
   0
   1.9999989999997498
   0
   0
   0
   0
   1.9999989999997498
   0
   0
   0
   0
   0
   0
   0
   0
   0
   0
   0
   0
   0
   0
   0
   0
   0
   0
   0
   0
   0
   0
   0
   0
   0
   0
   0
   0
   0
   0
   0
   0
   0
   0
   0
   0
   0
   0
   0
   0
   0
   0
   0
   0
   0
   0
   0
   0
   0
   0
   0
   0
   0
   0
   0
   0
   0
   0
   0
   0
   0
   0
   0
   0
   0
   0
   0
   0
   0
   0
   0
   0
   0
   0
   0
   0
   0
   0
   0
   0
   0
   0
   0
   0
   0
   0
   0
   0
   0
   0
   0
   0
   0
   0
   0
   0
   0
   0
   0
   0
   0
   0
