   0.007358869681523074
   0.0064557806521669606
   0.006295907236320343
   0.006260361904275214
   0.006229957050392781
   0.006245494765652327
   0.006244547356070289
   0.006248508876273141
   0.006235018648704386
   0.006218869187888595
   0.00624491960470196
   0.006230720997229546
   0.006257459686772523
   0.006224027822425573
   0.0062342253912987915
   0.006236460511986577
   0.006253870786755743
   0.0062422923816346
   0.006220908256075087
   0.006236191941253478
   0.006229806253194051
   0.006250024435847244
   0.006241429692699203
   0.0062315802735119245
   0.006245870376724479
   0.006256454796247773
   0.006248220576019426
   0.00621248940895177
   0.006245640454854054
   0.006251842648298512
   0.006245826042321411
   0.006240404196379879
   0.006241978404351119
   0.006236124177392246
   0.006251254770572218
   0.006248105140670048
   0.0062305053643056055
   0.006245308358172854
   0.006249230269354747
   0.006247762921574407
   0.0062278765932219215
   0.006228177490990481
   0.006242829944103571
   0.006245758069660063
   0.006228998117402665
   0.006241114369653003
   0.00624602153981856
   0.006245437624180462
   0.00624263377970463
   0.006227443456660849
   0.006237706910013188
   0.006245160077760909
   0.006235205895146812
   0.006232894024594689
   0.006255278044926949
   0.006256840802494103
   0.006232374864920203
   0.006235920566871045
   0.006238681665397312
   0.0062379534736254775
   0.00624405564164171
   0.006235811668070584
   0.00625548495605106
   0.006242265786818941
   0.00626598198310284
   0.006226591027831165
   0.006240252235879433
   0.006240088233437688
   0.006251794468875467
   0.006241394152857227
   0.006237178741435809
   0.0062394534018749516
   0.0062358821482974445
   0.006241155238846058
   0.006230455452656713
   0.0062294914486782215
   0.006225072131531995
   0.006213181224635043
   0.006248250057229267
   0.006230209834682106
   0.006238719052534966
   0.006240400621982025
   0.006238927886401868
   0.006240218137111488
   0.006242254749469809
   0.006247385176598866
   0.006233969331344736
   0.006232159960629556
   0.0062453659182945
   0.006229735491900485
   0.006225018739061986
   0.00622581982734586
   0.00624123581073111
   0.006237990448983864
   0.006244463528325745
   0.006249587332689796
   0.00625022373464452
   0.006297124264257907
   0.006467770297882602
   0.007372226868100047
