   0
   0
   0
   0
   0
   0
   0
   0
   0
   0
   0
   0
   0
   0
   1.9999998999999975
   0
   0
   0
   0
   0
   0
   0
   1.9999998999999975
   0
   0
   0
   0
   0
   0
   0
   0
   0
   0
   0
   1.4142134209517316
   0
   0
   0
   0
   0
   0
   0
   0
   0
   0
   0
   0
   0
   0
   0
   0
   0
   0
   1.9999998999999975
   0
   0
   0
   0
   0
   1.9999998999999975
   0
   0
   1.9999998999999975
   1.9999998999999975
   0
   0
   0
   0
   0
   0
   0
   1.490711850835775
   0
   1.9999998999999975
   0
   1.9999998999999975
   0
   0
   0
   1.9999998999999975
   0
   1.9999998999999975
   0
   0
   0
   0
   0
   0
   1.9999998999999975
   0
   0
   0
   0
   1.4142134209517316
   0
   0
   0
   1.4142134209517316
   1.9999998999999975
   0
   1.9999998999999975
   1.9999998999999975
   0
   1.9999998999999975
   0
   1.9999998999999975
   1.9999998999999975
   1.4142134209517316
   1.490711850835775
   1.4142134209517316
   1.9999998999999975
   1.9999998999999975
   1.5811387035930782
   1.4142134209517316
   0
   0
   1.6492421289792472
   1.5411033709651016
   0
   1.9999998999999975
   1.490711850835775
   1.9999998999999975
   1.4142134209517316
   1.1547003651741576
   1.44222037151054
   1.4142134209517316
   1.9999998999999975
   1.490711850835775
   1.490711850835775
   1.9999998999999975
   0
   1.0301573131303385
   1.9999998999999973
   1.9999998999999975
   1.5811387035930782
   1.9999998999999975
   0.9999997999999799
   1.4142134209517316
   1.4142134209517316
   0.9791206697595619
   0.89442696739309
   0.9607687146639002
   0.9999997999999799
   1.9999998999999975
   1.3228755043464975
   1.9999998999999975
   1.44222037151054
   1.490711850835775
   1.9999998999999975
   1.058300335443583
   1.1180338098644422
   1.224744708092262
   1.1547003651741576
   1.054092363652783
   1.4142134209517316
   0.9999997999999799
   1.0301573131303385
   1.4142134209517316
   0.9999997999999799
   0.9706811125298678
   1.9999998999999975
   1.224744708092262
   1.054092363652783
   1.2961479853782127
   1.1065664896057388
   0.9162454762996138
   1.9999998999999975
   1.326649765386479
   0.942808829450005
   1.0301573131303385
   0.8944269673930901
   0.7378199632870148
   0.9999997999999799
   0.8571426238094921
   1.1547003651741576
   1.5811387035930782
   0.942808829450005
   0.9791206697595619
   0.7378199632870148
   0.816496335978715
   0.603022357492957
   0.9013875969858914
   0.7559286814432771
   0.5665573707233785
   0.6666663666665991
   0.8012333671546483
   0.6680423577405382
   0.6700590957794207
   0.6165751286389992
   0.7888103842002981
   0.7925268282864114
   1.1547003651741576
   0.6998539264499035
   0.6928200343523562
   0.61644107585397
   0.7061264465014416
   0.8498363502594026
   0.7378199632870148
   0.6249257110878846
   0.6740916851586287
   0.5142590883177032
   0.5400613545391548
   0.47598539893572367
   0.5493476720131139
   0.6039864236884799
   0.4642203627369054
   0.4601937669644008
   0.4969035925075543
   0.5702116948446586
   0.4097570433414186
   0.6373771254132047
   0.3962630356069435
   0.5206778528006988
   0.4097570433414186
   0.4925118993353565
   0.5020761457425181
   0.4303310181536827
   0.37094420065557027
   0.3984843411381746
   0.36362359773223535
   0.35464382380490844
   0.437444424688849
   0.3464095841630251
   0.3628868181656009
   0.3644339446319456
   0.3590346083596956
   0.38188078418969096
   0.38781387288234026
   0.3223870461405569
   0.3487113419434475
   0.40720501781119084
   0.345509424805978
   0.4096380659812824
   0.32713156036730423
   0.308475590060355
   0.3171892467952665
   0.29732265026399535
   0.3099493714171368
   0.2851699739621736
   0.3608006579718216
   0.28484654000162324
   0.2931305612281427
   0.26718821176912516
   0.28634604909758227
   0.29415013735812257
   0.30283718129949805
   0.2515251600187325
   0.23624316984500268
   0.27403721105994167
   0.2492229581182753
   0.24524809084621085
   0.2498490944310089
   0.2359260207807339
   0.2362106004201866
   0.23454631467394424
   0.22256398172131675
   0.23659577644689023
   0.23424193582557784
   0.20143090578552994
   0.20576947149605693
   0.20811010613847203
   0.19230817537897585
   0.2057100650688266
   0.19709156783361156
   0.18378532088660093
   0.1722031088682007
   0.18918824644409754
   0.17069104031924295
   0.18200496798861135
   0.1799734053852038
   0.17760505151565115
   0.17525817710063427
   0.1646797777203567
   0.15863400099730418
   0.1575744883398766
   0.14634778194374143
   0.1687275548187137
   0.15303521239464343
   0.15434479155915964
   0.15185656168356143
   0.14504616599400172
   0.14210218795147841
   0.14071132468107356
   0.13175972447950737
   0.13228605368669819
   0.13364281446376605
   0.12941632540160383
   0.12621171458614125
   0.12227998823454796
   0.12057287464811774
   0.12210823253099296
   0.12222310081946396
   0.11966263990181916
   0.11811089773135072
   0.11047245024779814
   0.11096106582121194
   0.10892026331372219
   0.10684379796909713
   0.10644385475341708
   0.09980489063914291
   0.10098754451121425
   0.09915012284781125
   0.0981030007536278
   0.09686176846362672
   0.09352075107722431
   0.09241803538812858
   0.09344610697009977
   0.0941083390061824
   0.0931592580137322
   0.08769030839359945
   0.08980934451113333
   0.08315898601535832
   0.08143431211809288
   0.0809741933840564
   0.08087575371507047
   0.08201928333261066
   0.07944137711126009
   0.07642881794710855
   0.07573941177674562
   0.0745698102502222
   0.07374850810860885
   0.07061948534606223
   0.0681886232068354
   0.06978076318211396
   0.06766772271967766
   0.06697985058051614
   0.06591820063485335
   0.06496595944638224
   0.06358723947634032
   0.06301714231871333
   0.06302201304741356
   0.06216949399370838
   0.058863560357653326
   0.05865939342392527
   0.056724342901808764
   0.05646700189161332
   0.05570841539528711
   0.05418553320260194
   0.05363604131346953
   0.05223674294329548
   0.052257000815687515
   0.051283669964743823
   0.049727464374436155
   0.04947113411234058
   0.048584519779965134
   0.04748934234397028
   0.04628515000134275
   0.04544408797959353
   0.04425357539446573
   0.04483943459605293
   0.04333528154596494
   0.04250015343987112
   0.042125301553059394
   0.04205769306691967
   0.04032675754582142
   0.03997734380907666
   0.039300491513694746
   0.03845741583512352
   0.03823343046661577
   0.03753336257940655
   0.03710685811073859
   0.035973296821318765
   0.035126788951431204
   0.034283071001133154
   0.034274973559337826
   0.03386578707624676
   0.03307651716593618
   0.032375377465038935
   0.031459104715325155
   0.03113555811574899
   0.030898861282237705
   0.030026221833772397
   0.02989602244928991
   0.029036619394800702
   0.028636082531503095
   0.028433752537268348
   0.027861329389983015
   0.02749814247028002
   0.02678930100497686
   0.026405195901968253
   0.02599449081054187
   0.02556942509507569
   0.025336729130453733
   0.024846161169350407
   0.024426543401291963
   0.02404178026009672
   0.023693242299058698
   0.023239155669712217
   0.02277606416805679
   0.022263112218322355
   0.021936489220366756
   0.021565002580272236
   0.020989420458736707
   0.020682650655564766
   0.02058488121405902
   0.020092190822626407
   0.019745609433225928
   0.019316243464496737
   0.018991296332540836
   0.018755919782983563
   0.01842397980345984
   0.01814965768202162
   0.01777655094364946
   0.017489219879692035
   0.01715559543415278
   0.016976039324422626
   0.016610765881180947
   0.01629280921072707
   0.016040928646855745
   0.015785518984887684
   0.015509645709888244
   0.015232896406173589
   0.014980306171774887
   0.01475790486626716
   0.014472074241822216
   0.014284232316630696
   0.014017404827395092
   0.01382957542567872
   0.01358923848340855
   0.013293108398639212
   0.013151763735147629
   0.01293104677765293
   0.012602525975229187
   0.012465325048272783
   0.012220687051673684
   0.01199085017929282
   0.011849455247240646
   0.011618497018235988
   0.01138085577829317
   0.011223701575961283
   0.01100912472149715
   0.010804883626343352
   0.01060813071064622
   0.010402136862294553
   0.010257957945654508
   0.010123707473239757
   0.009875379382098246
   0.009771710864282504
   0.009588326854694993
   0.009459805833542724
   0.009301716882970093
   0.00912971233842845
   0.008957750079408104
   0.008819063889807834
   0.008648446993833001
   0.008507842727681183
   0.008388157057016335
   0.008232397348700383
   0.008087844606875286
   0.007929826160549722
   0.007784120842475316
   0.0076422280099152085
   0.007528376282020893
   0.007395512470282031
   0.007284463198207665
   0.007150756269063869
   0.0070286925701635045
   0.006933064870966443
   0.006804727818639307
   0.006685532126154056
   0.006566592003666917
   0.006455880289764737
   0.006337462821149105
   0.006241112068467637
   0.006130473380036618
   0.006038325764908436
   0.005921779838431869
   0.005804106926097173
   0.005707675327374641
   0.00561746117583048
   0.00552431359624005
   0.005415946654694809
   0.0053220797810842255
   0.005243383695776912
   0.005146351157877863
   0.00506367425856334
   0.004969129924772855
   0.0048808215080920776
   0.00480049111909326
   0.004721500470539756
   0.004640326494835058
   0.004552177094069152
   0.004481770844672796
   0.004395890074526237
   0.004314695839026936
   0.004243126019509806
   0.004176339609234056
   0.004093679799566603
   0.004026103677448076
   0.003963803892387958
   0.0038928811350623315
   0.003819047281375895
   0.0037541919823882892
   0.0036901389833408345
   0.0036218715925146533
   0.0025022354795483127
   0.0024878964657298014
   0.002473627409808423
   0.002462577107471601
   0.002460391375500623
   0.0024587947276034604
   0.0024651692345587723
   0.002470297374282032
   0.002485642512221399
   0.0025033847433381957
   0.0036193476169862
   0.0036922294126606036
   0.0037522059810672693
   0.003819029060340193
   0.0038916727763511844
   0.003968248002948399
   0.004028500615883407
   0.004097990665410539
   0.004178192779037345
   0.004246110705632025
   0.004318740753468661
   0.004390900809068818
   0.00447881584033916
   0.00455286536884761
   0.004641925878122748
   0.004711341900161603
   0.004812066573940056
   0.004895908612861946
   0.0049709464095552755
   0.005060065967640202
   0.005157658266654117
   0.005233448230654764
   0.0053340381268834275
   0.005424660419099101
   0.005508791080014314
   0.005618466877704739
   0.005704089991041093
   0.005802864005511806
   0.005922484926227371
   0.006008101757480325
   0.006125851827125313
   0.00622831763878372
   0.00632666299045265
   0.006457023272406691
   0.0065740368785538374
   0.00670905944231802
   0.006818898081158405
   0.006913377921337105
   0.007019154881562014
   0.007159403890468571
   0.007311559745996563
   0.007419553933055267
   0.0075329579346367906
   0.007707851904718907
   0.007792791785094355
   0.00794506019159609
   0.00809290041504472
   0.008231242459983962
   0.008333037999755752
   0.008517567652579213
   0.008645636616659012
   0.008798701448652866
   0.008921647154032826
   0.009102973556946708
   0.00928707679009948
   0.00944538892387179
   0.009594225930213338
   0.009772187578646048
   0.009943308159379638
   0.010124528600996732
   0.010298225930957243
   0.01051694761208207
   0.010650210483610683
   0.010804283700258675
   0.011034485068322561
   0.011239330579744676
   0.011406199193037397
   0.011638914718378572
   0.011789840219814725
   0.012046534166255727
   0.012237039673391499
   0.012403934514366192
   0.012670530632699456
   0.012853921777419878
   0.013045592174116232
   0.013259174351883948
   0.01352194841734604
   0.01382171806964271
   0.014008434036362897
   0.014127825768230427
   0.01452785219361463
   0.01474491895306416
   0.015029222725371518
   0.015279636599141269
   0.015554878770058993
   0.015810303353390398
   0.01608515656091864
   0.01632527584024976
   0.016706720264207064
   0.016869857554857173
   0.01730504168181984
   0.017400144332193244
   0.017906933986860194
   0.01831514601010701
   0.018419126905540973
   0.01887000961814971
   0.019121526786713756
   0.019528189976607553
   0.01979338425188039
   0.020036994818131395
   0.02047459972032248
   0.020947322823021537
   0.02117214748090404
   0.021460119785715586
   0.022023622112402396
   0.022310574506792715
   0.022849300075418816
   0.022990726203058958
   0.02344861695178054
   0.023868692263050828
   0.024401933161853573
   0.024925647171458957
   0.024807584838025712
   0.025524839140074355
   0.02580869384556507
   0.026594568398060667
   0.026649039144750877
   0.02737241819768062
   0.0279365510778976
   0.02837491120711247
   0.02862784869105
   0.02922549641348788
   0.030192326657084753
   0.03023354764028278
   0.030930309660454937
   0.031127807643867966
   0.03171176686893313
   0.032096934833133674
   0.03280830958008058
   0.03417654627924724
   0.033944412664244486
   0.03477607777455244
   0.03476947790509467
   0.036147398764457155
   0.03634107948957974
   0.03758990325836437
   0.037536740383544646
   0.038224629449715414
   0.03925734411658176
   0.04008667114042952
   0.04093245995909591
   0.041198995988609675
   0.042723018228282617
   0.04214121809175569
   0.04281901785154019
   0.0437489523423089
   0.04569642331599891
   0.045718340752190056
   0.04664720551874507
   0.04801319876363603
   0.04870108819549591
   0.048772400858135126
   0.051178273037364753
   0.05074435698837998
   0.051314910269371954
   0.05215142694578619
   0.052472078002831046
   0.05597237607565761
   0.055864438360696066
   0.055727244866210425
   0.05681963677681328
   0.058095030859423316
   0.058645679220654466
   0.06011681626608892
   0.0621137096996764
   0.062278920335247914
   0.06258199762358929
   0.06438403874722948
   0.06469933948343169
   0.06577937552464945
   0.0688397018051034
   0.07026843746983547
   0.06964252004399041
   0.07102586241695254
   0.07482883399289998
   0.0768684315369067
   0.0759211648559097
   0.07771323175833361
   0.07916647071093101
   0.08229979407857337
   0.0810873789866794
   0.0788591770686455
   0.08514350660018505
   0.08717374435484955
   0.08962793444563436
   0.08724141838574873
   0.0883061577770887
   0.08821829060734544
   0.09575126526304513
   0.0958664852068523
   0.0999009041085377
   0.09762142501036172
   0.09741353046865382
   0.0987706395613783
   0.10540571300075763
   0.10741781338773577
   0.10485994920357347
   0.11092393073961888
   0.11211323766872815
   0.11576832690804703
   0.11632444595047091
   0.11878803485021844
   0.12087956203808203
   0.12009175375941442
   0.12672031822636187
   0.12496239434325833
   0.1248762702995229
   0.1310071029356566
   0.1321797680731742
   0.14207877390990298
   0.13359298307581774
   0.1488597809772768
   0.1425821703735925
   0.15178390020996613
   0.15250767147370953
   0.1370314148468641
   0.14436901901605617
   0.15071711708600338
   0.1585735872605814
   0.15897505901164216
   0.16282280501166774
   0.1818170818148543
   0.1709506859800131
   0.16441499040465266
   0.16875866223828537
   0.1875108615897802
   0.17608367151726476
   0.18194991849271647
   0.17556382478057814
   0.19139994550018558
   0.1945697879958209
   0.20011798781148757
   0.21092047606200356
   0.21309915607259883
   0.2162958498468832
   0.21126814890220988
   0.20225641615861373
   0.2156810759770061
   0.2170301274702213
   0.24471530848048562
   0.21319977827039469
   0.21551896732492618
   0.2247323975421668
   0.2324812909013166
   0.2514756341612858
   0.24663406828420795
   0.24362420087080247
   0.2583093057236758
   0.2775547460178569
   0.26578999001630393
   0.25968753633727903
   0.2936828221057541
   0.2666659166656119
   0.2702695302692572
   0.30338804760458643
   0.2754858565205429
   0.3321071758853589
   0.3513636152527134
   0.31406855267968636
   0.36466063370999857
   0.3467510438203936
   0.30516892997553824
   0.31886702861252636
   0.3277521548365472
   0.32337339705270013
   0.3468864057762954
   0.3879559305921649
   0.34550712571671865
   0.3585303661343815
   0.3423045471651575
   0.363654366066439
   0.4259802414137899
   0.3533688259583875
   0.4028020168665734
   0.39928500017191276
   0.5078964300656871
   0.40184070879887407
   0.40809866858601734
   0.4444109440709062
   0.46481069556976573
   0.4167801906343145
   0.4328133820614377
   0.5436221981089394
   0.4618797823387957
   0.7559286814432771
   0.4170283485307214
   0.5092828516281718
   0.4995267862767116
   0.5546998356699844
   0.5366559419218238
   0.7370274598298289
   0.48822837580252904
   0.5454541787877555
   0.5150783653474291
   0.5587257090004207
   0.5291498842483101
   0.6343236271063261
   0.5546998356699844
   0.6123721090970751
   0.6666663666665992
   0.7378199632870148
   0.6324552158058308
   0.5689734075912102
   0.5297338119602035
   0.8806303447426921
   0.9797956929891047
   0.7817357041296701
   0.8284866520013335
   0.9354141328844674
   0.6614375253945001
   0.6666663666665991
   0.9162454762996138
   0.5099015591268573
   1.044465744248748
   0.9999997999999799
   0.6614375253945001
   0.8565788992561557
   0.9162454762996138
   0.8571426238094921
   0.8743249078257146
   0.8485279017215639
   0
   0.8331953408613479
   1.058300335443583
   0.9999997999999799
   0.9476068719007209
   1.0301573131303385
   0.6343236271063261
   1.4142134209517316
   0.7888103842002981
   1.1111109311110967
   0.942808829450005
   1.4142134209517316
   1.058300335443583
   0.806547352076658
   0.9354141328844674
   1.4142134209517316
   1.0301573131303385
   1.4142134209517316
   1.058300335443583
   1.4142134209517316
   1.3144619625107352
   1.224744708092262
   1.1547003651741576
   1.4142134209517316
   1.9999998999999975
   0
   0.816496335978715
   1.1999998333333217
   1.0606599832179961
   1.9999998999999975
   1.224744708092262
   0
   1.1999998333333217
   1.490711850835775
   1.538618386337402
   1.1111109311110967
   1.9999998999999975
   1.490711850835775
   0.903507681545788
   1.9999998999999975
   0
   1.1999998333333217
   1.1547003651741576
   1.490711850835775
   0
   0
   1.9999998999999975
   0
   0
   1.4142134209517316
   1.490711850835775
   1.9999998999999975
   1.9999998999999975
   0
   0
   0
   0
   0
   0
   1.9999998999999975
   0
   1.9999998999999975
   0
   0
   1.4142134209517316
   1.9999998999999975
   0
   0
   1.9999998999999975
   0
   0
   0
   1.9999998999999975
   1.9999998999999975
   0
   0
   0
   0
   0
   0
   1.9999998999999975
   1.9999998999999975
   0
   1.9999998999999975
   0
   0
   0
   0
   0
   0
   0
   1.9999998999999975
   0
   0
   0
   0
   0
   1.9999998999999975
   0
   1.9999998999999975
   0
   0
   0
   0
   1.9999998999999975
   0
   0
   1.9999998999999975
   0
   1.9999998999999975
   0
   0
   0
   0
   0
   0
   0
   0
   0
   0
   0
   0
   0
   0
   0
   0
   0
   1.9999998999999975
   0
   0
   1.9999998999999975
   0
   0
   1.9999998999999975
   0
   0
   0
   0
   0
   0
   0
   0
   0
   0
   0
   0
   0
   0
   0
   0
   0
   0
   0
   0
   0
   0
   0
   0
   0
   0
   0
   0
   0
   0
   0
   0
   0
   0
   0
   0
   0
   0
   0
   0
