   0
   0
   0
   0
   0
   0
   0
   0
   0
   0
   0
   0
   0
   0
   0
   0
   0
   0
   0
   0
   0
   0
   0
   0
   0
   0
   0
   0
   0
   0
   0
   0
   0
   0
   0
   0
   0
   0
   0
   0
   0
   0
   0
   0
   0
   0
   0
   0
   0
   0
   0
   0
   0
   0
   0
   0
   0
   0
   0
   0
   0
   0
   0
   0
   0
   0
   0
   0
   0
   0
   0
   0
   0
   0
   0
   0
   0
   0
   0
   0
   0
   0
   0
   0
   0
   0
   0
   0
   0
   0
   0
   0
   0
   0
   0
   0
   0
   0
   0
   0
   0
   0
   0
   0
   0
   0
   0
   0
   0
   0
   0
   0
   0
   0
   0
   0
   0
   0
   0
   0
   0
   0
   0
   0
   1.9999989999997498
   0
   0
   0
   0
   0
   1.4907106433584696
   1.4142121481588255
   1.9999989999997498
   1.9999989999997498
   1.9999989999997498
   0
   0
   1.9999989999997498
   1.9999989999997498
   1.9999989999997498
   0
   1.9999989999997498
   1.9999989999997498
   1.9999989999997498
   1.9999989999997498
   0
   0
   0
   0
   0
   1.4907106433584696
   1.9999989999997498
   1.9999989999997498
   1.9999989999997498
   1.9999989999997498
   1.9999989999997498
   1.9999989999997498
   1.9999989999997498
   1.9999989999997498
   0
   1.9999989999997498
   1.4907106433584696
   1.9999989999997498
   1.4907106433584696
   1.4142121481588255
   1.9999989999997498
   1.5811375651726196
   1.4142121481588255
   1.4142121481588255
   1.9999989999997498
   1.4142121481588255
   1.9999989999997498
   1.4142121481588255
   1.0301555658229091
   1.2453980922433057
   1.2247432383973387
   1.4142121481588255
   1.199998333332176
   1.0301555658229091
   1.9999989999997498
   0.9162435117584767
   1.0582986346017837
   1.0301555658229091
   1.199998333332176
   1.1065648629512719
   1.4142121481588255
   1.054090656021156
   1.9999989999997498
   0.9999979999980001
   1.2247432383973387
   1.4142121481588255
   1.2247432383973387
   1.1546988063271448
   0.9999979999980001
   1.054090656021156
   1.2247432383973387
   0.8571405238063479
   1.4907106433584696
   1.4142121481588255
   1.0582986346017837
   1.0582986346017837
   1.1065648629512719
   1.1546988063271448
   0.8485257803979793
   1.1065648629512719
   1.1065648629512719
   1.054090656021156
   1.4142121481588255
   0.9686421449318998
   0.8571405238063479
   1.3093058138898315
   0.9999979999980001
   0.801231120615004
   1.1546988063271448
   0.9999979999980001
   0.7453533092135269
   0.9428069202593333
   1.2372793530690083
   0.6960065127166156
   0.7692281692263754
   0.7061238973783237
   0.8571405238063479
   0.7071039527537659
   0.6110068193836573
   0.588231894107821
   0.8498342322019172
   0.6373743013332118
   0.7453533092135269
   0.6343207894317555
   0.6343207894317555
   0.4784602384648942
   0.5999966666574074
   0.5634326201599598
   0.7156163264233136
   0.5048204090856103
   0.7483288047375967
   0.5714250714178526
   0.656504295765967
   0.8498342322019172
   0.606088226890698
   0.5603977041145507
   0.5668559251601739
   0.5879413341020334
   0.4898938660567204
   0.6388734344971018
   0.7041759500260154
   0.5713107735724926
   0.5469597563525603
   0.4814901189992144
   0.547097548789205
   0.5078223283263315
   0.4285667618793543
   0.5668559251601739
   0.5142555881245778
   0.5163939064964522
   0.4859085419202991
   0.44853030215656864
   0.4327827292520044
   0.5376416092528553
   0.440190443214727
   0.4648252166077695
   0.6169431394952392
   0.47773866712789514
   0.4046669556099437
   0.43382697375620155
   0.4698893486768986
   0.43068487338942896
   0.440693630579179
   0.37400879461572223
   0.3850552603450145
   0.4746600072146163
   0.44997259788011007
   0.36487271023544116
   0.3558969888418089
   0.3473485053947153
   0.3642101882491616
   0.3275094441175081
   0.34045133442404235
   0.3085084109376505
   0.30206952842019663
   0.2907350232800015
   0.3143890017867108
   0.26451246753423463
   0.2671204610662044
   0.2605709779846966
   0.2622899159327327
   0.2518439105501801
   0.24090366506254887
   0.2559166830031928
   0.24459845994968576
   0.23569377496140104
   0.23848733055891203
   0.24036176438397552
   0.22496276335864832
   0.23251181463451848
   0.22496276335864832
   0.2131853086030369
   0.21451949692417946
   0.22772499529980256
   0.21098318970024163
   0.23609142911445974
   0.19718006820047382
   0.19013948772779535
   0.18188317887633096
   0.20694841828019225
   0.18427033254582273
   0.18176856344378303
   0.1913455407951681
   0.1752725196696225
   0.17288411678180604
   0.16552401453280446
   0.1604731040173332
   0.15837457242345254
   0.14855272367867628
   0.1457452391691901
   0.14444243379314903
   0.1470062871482603
   0.14469512460945078
   0.1303587700600359
   0.1331382839940023
   0.1323195103196277
   0.1301564878463625
   0.1343550285940795
   0.13124550263554274
   0.12147154942566017
   0.12283170494562502
   0.12206125734170328
   0.11458341152639422
   0.11227095177743025
   0.11262490606181756
   0.11077161336423698
   0.11471114174876422
   0.10854186726575389
   0.10855186965465834
   0.10886255916270147
   0.1050222195811689
   0.09807807631203683
   0.09576434568746657
   0.09597770233543558
   0.0936498176075357
   0.08816881079907017
   0.08967104468786345
   0.08675537523498551
   0.08708938892695209
   0.08712856524746052
   0.08094617517220856
   0.08206672956135719
   0.07934129333376119
   0.07970058839922202
   0.07665132212348967
   0.07515840050680103
   0.07409907249488859
   0.07226729067218383
   0.06993074448635969
   0.07079900208959576
   0.06840799909079956
   0.06848341647489245
   0.06720751528133037
   0.06542831194259567
   0.06462106937898193
   0.06183067221714405
   0.061088561822205005
   0.06084637607228698
   0.05889149767591168
   0.05727693067428147
   0.05730165321271753
   0.05621983299759271
   0.055519365734080006
   0.05458512992348201
   0.05338383903831867
   0.05206999171443999
   0.0508686048730351
   0.05110097821585545
   0.049254722492475304
   0.04794245506547664
   0.04639311222237633
   0.04660632279841012
   0.046228081521810904
   0.045278853814718655
   0.04398130954336444
   0.044065129026836715
   0.04255729491433264
   0.04180431158754521
   0.04128235234087348
   0.040094327173441746
   0.03902339512064231
   0.03856818473000061
   0.03749468088665635
   0.03715420869661963
   0.036272629496884826
   0.03522135750386194
   0.034839418449009105
   0.03467756089506982
   0.033421383001222424
   0.033211096608679436
   0.03328908461751669
   0.03208905692289229
   0.03141711103165519
   0.030736810753909202
   0.0301314714596648
   0.02958916719876551
   0.029044562318384513
   0.028420508111473182
   0.027957279412013175
   0.027533678867833075
   0.026720762002557644
   0.02631360254910564
   0.025830397613739918
   0.02545465456600768
   0.02501649916518608
   0.02446194342965876
   0.024016084233111558
   0.023588094248739387
   0.02308055856117911
   0.022800541976518672
   0.0221191391560598
   0.02185647291787111
   0.021460726633544137
   0.021004818763775097
   0.02053975372538551
   0.020329481173642514
   0.019874866101347186
   0.019569673717921756
   0.019150939456173452
   0.018729850152940295
   0.01838750177185921
   0.017938903025256345
   0.017659384355702062
   0.0173136861029478
   0.017009728550141743
   0.01668609692370442
   0.016393498160985197
   0.016080612937873016
   0.015694530451459493
   0.015415154424443297
   0.015139811661757336
   0.014927963373212302
   0.014485170795164124
   0.014248951334370211
   0.013946248073671556
   0.013721366205752423
   0.013420417472912748
   0.013217791624367398
   0.012919725126157326
   0.012658625423934205
   0.012432181618344704
   0.012179655495037802
   0.01195377910847993
   0.011701815931411513
   0.011444102021140974
   0.011268511859750125
   0.011076907621179934
   0.010840274523598467
   0.010623386651816726
   0.010440428303832785
   0.010222690048281531
   0.009987005160328112
   0.009777491104499048
   0.009589596061902973
   0.009421872146307525
   0.00925060865469071
   0.00906143666013044
   0.008895416130549838
   0.008671345001792544
   0.008543856577668967
   0.008373256465962759
   0.008188839436096326
   0.008055213739211834
   0.00788119538412862
   0.007723390007076165
   0.007574512287303149
   0.007414498544404292
   0.0072635883711952495
   0.007099995983231461
   0.006979088900388686
   0.006814552976429564
   0.006683173190108808
   0.006536450023371853
   0.006392428145101082
   0.006255766861980032
   0.0061152131290369855
   0.005983376679420251
   0.005845994744275732
   0.005701335940819413
   0.00559205687919986
   0.0054584439007722965
   0.0053381836101009765
   0.0051938536716165384
   0.005065641927027055
   0.0049422554656397034
   0.0048063667421986336
   0.004682097240811024
   0.0045443114876248395
   0.004408132039966131
   0.004271194573888482
   0.004141399654334322
   0.004029091126745357
   0.003955092253282913
   0.003909416474528712
   0.0038953748088558188
   0.003884007648184824
   0.003908697486507843
   0.0039631656047600175
   0.004028789234854585
   0.004140707261992624
   0.004269891361264448
   0.004412809479959175
   0.004537732669549155
   0.004673407469222775
   0.004806992896037318
   0.004944631020719181
   0.005077501150587723
   0.005206702797986456
   0.0053254076701444416
   0.005458875101054443
   0.005610642049523766
   0.005732492516911572
   0.00586059199504992
   0.005971702768991202
   0.006128414946104291
   0.0062670539433902816
   0.0063874879264764015
   0.006520661015323385
   0.006671100295432968
   0.006801694757096278
   0.006964016250442841
   0.007090826584604668
   0.007240879237465902
   0.007424117401809106
   0.0075341270033269635
   0.0077225518065563705
   0.007877487071403403
   0.008028950315687351
   0.008216087695206022
   0.008348817947630986
   0.008545422435478808
   0.008689355672512286
   0.008907196444070965
   0.009079800207660804
   0.009252656846307588
   0.00943260868523793
   0.00963004643957534
   0.00981650299744903
   0.009987999597095705
   0.010224303766969015
   0.010392705416792436
   0.010630501855492872
   0.010851908361539294
   0.011065206983858765
   0.011269201894755979
   0.01153518377246203
   0.011699569432303809
   0.011908766921631585
   0.012207775222681088
   0.012492091358360794
   0.012563072928138927
   0.012944836302367048
   0.013223546325745066
   0.01339485821414555
   0.013637658000772249
   0.014074770148969434
   0.014156087501868567
   0.014527471188332834
   0.014844524864927603
   0.015094550689387464
   0.015311632827934381
   0.01565351981190654
   0.015984236792935532
   0.016299473518054188
   0.016632613464200013
   0.016881188256887652
   0.017221005110741556
   0.017566827084052754
   0.017804357456367225
   0.0182067148624832
   0.018473950373071018
   0.018991068864551486
   0.019282318666509965
   0.01960976730192998
   0.02005509499991222
   0.020295829634127214
   0.020906971594270185
   0.0213433101836953
   0.021654216017971566
   0.02222980839840538
   0.022518355609140294
   0.022902092570480852
   0.02355558460119536
   0.023948414092601112
   0.024104308867480335
   0.024750067345649912
   0.02527356841566957
   0.02590139170083161
   0.026163240394229775
   0.02684730954161203
   0.027654650395619502
   0.028221064887219486
   0.028347232736636665
   0.029083907441499045
   0.02912248756444936
   0.03015978031247212
   0.030626889241650683
   0.030881072308929097
   0.031799951046055576
   0.03277410583801039
   0.03320058112558567
   0.0337919315645005
   0.03456282335685803
   0.03510603218313792
   0.035452013354339604
   0.036548120391922456
   0.03753053850734503
   0.037966193161093065
   0.03909912634486951
   0.03990967282386656
   0.039991296082558934
   0.04095042416661272
   0.04092377108613151
   0.041992936102080165
   0.04297730775753698
   0.042993007828173
   0.04501227411275934
   0.04608673028179465
   0.0461034648957332
   0.0473216958890741
   0.04838302827411909
   0.04854411361286177
   0.04908587762967224
   0.05020671311404749
   0.05144261385233445
   0.05323154943458148
   0.05395330598235268
   0.05551877689501503
   0.05665017031258761
   0.057928297784885716
   0.05718060859014908
   0.060615897413190664
   0.060643937971637765
   0.061738801227625234
   0.06340599340756362
   0.06481250185115119
   0.06590285823205205
   0.06742973965028538
   0.06880369804936796
   0.0688613749215458
   0.06843180635053953
   0.07229412051128326
   0.07403050124313856
   0.07318869110965827
   0.07667422822841466
   0.07646739613590116
   0.08008428834217647
   0.08032377698374199
   0.08113987264187236
   0.08324674437478531
   0.08422198880165503
   0.09137181591416264
   0.08837705334236311
   0.09210675502365531
   0.09439823721076124
   0.09557387501763112
   0.10307969514685733
   0.1029290234804345
   0.0990365836343277
   0.10495658811019
   0.10416869433757531
   0.10616138657722966
   0.10927251427374125
   0.11359966852104252
   0.1146896253619468
   0.11674257524997322
   0.12178693719596514
   0.11795674615985381
   0.12079414206565274
   0.12841274468551697
   0.12647529403009902
   0.1264756163419568
   0.12999729084601322
   0.14023167019013466
   0.13505224640990202
   0.1328879438968428
   0.1452828658552381
   0.15136638520529216
   0.14043050841125587
   0.1518700815671862
   0.150248363626321
   0.1576076864416351
   0.16329650907090656
   0.17043689264651593
   0.1701781580945639
   0.1777717786742476
   0.17943554759415373
   0.1820165005430934
   0.17905438246322453
   0.17978116497197227
   0.19085563260078617
   0.18121054168136408
   0.20203637276701295
   0.1940181919911878
   0.21375131021048627
   0.19842126902124174
   0.2089724129825636
   0.22997907699905837
   0.2224521804026556
   0.23934100061675426
   0.22569891448564836
   0.22420394045324796
   0.23053580844376642
   0.24658466430022563
   0.2576636525067695
   0.25196837796053595
   0.26876295649322907
   0.26147114126285675
   0.26171918799697935
   0.29064957490123106
   0.298548066644026
   0.2861034331689103
   0.284002037008176
   0.2676430794780674
   0.3006070671142792
   0.33373549646309025
   0.2963419378650596
   0.29758762002592554
   0.3491126702222297
   0.327075294879803
   0.3214586046920518
   0.3559936699690428
   0.33445921875443374
   0.3559936699690428
   0.3352501964427106
   0.3939687540129083
   0.37138529115025354
   0.34640438796297024
   0.4988836426351227
   0.36995463836569087
   0.3763026221986138
   0.3850552603450145
   0.36356912648478673
   0.36891985594898735
   0.5122460346357012
   0.4853176177336288
   0.5122460346357012
   0.46187588520438394
   0.5078223283263315
   0.5824053571182188
   0.5714250714178526
   0.5443273797048025
   0.4615341281847854
   0.4921488929907008
   0.8837766056857336
   0.48708198653049917
   0.5302595009257218
   0.7705491548240124
   0.559243418956442
   0.6680396632951798
   0.5656818894042834
   0.6998513544798974
   0.8164941314343089
   0.5469597563525603
   0.7496529003974974
   0.6705968550566238
   0.5590134166547347
   0.6123691697007614
   0.5391228426308485
   0.7071039527537659
   0.7496529003974974
   0.9101639230731491
   0.8498342322019172
   0.5862985587565434
   0.9428069202593333
   0.737025017582992
   0.7071039527537659
   0.8944249549291433
   0.9354122086011065
   0.6236063573191737
   0.9428069202593333
   0.6666636666599166
   0.9162435117584767
   1.3266484085845804
   0.9999979999980001
   0.9428069202593333
   1.5811375651726196
   1.1546988063271448
   1.0301555658229091
   1.6492410375684934
   1.4907106433584696
   1.2247432383973387
   1.4142121481588255
   0.8944249549291433
   1.4142121481588255
   1.2747533094681496
   1.9999989999997498
   1.4142121481588255
   1.0301555658229091
   1.4422191234344384
   1.3266484085845804
   1.3266484085845804
   1.054090656021156
   1.4907106433584696
   1.4907106433584696
   1.2472175253561648
   1.4846136307649411
   1.1546988063271448
   0.9999979999980001
   0
   1.0582986346017837
   1.4142121481588255
   1.4142121481588255
   1.99999899999975
   1.1546988063271448
   0
   0
   1.9999989999997498
   0
   1.4142121481588255
   1.4142121481588255
   1.4907106433584696
   1.1546988063271448
   1.9999989999997498
   1.9999989999997498
   1.3093058138898315
   1.4907106433584696
   1.4142121481588255
   1.4142121481588255
   1.9999989999997498
   1.4907106433584696
   1.199998333332176
   1.4142121481588255
   1.4907106433584696
   1.99999899999975
   1.9999989999997498
   1.4142121481588255
   1.4422191234344384
   0
   1.4142121481588255
   1.6492410375684934
   0
   1.4907106433584696
   1.1546988063271448
   1.4907106433584696
   1.4142121481588255
   1.9999989999997498
   1.199998333332176
   1.9999989999997498
   1.9999989999997498
   0
   1.1546988063271448
   1.9999989999997498
   1.4907106433584696
   1.4142121481588255
   1.9999989999997498
   0
   0
   1.4142121481588255
   1.9999989999997498
   0
   0
   1.4142121481588255
   1.9999989999997498
   1.9999989999997498
   1.5811375651726196
   1.2247432383973387
   1.9999989999997498
   1.9999989999997498
   1.1546988063271448
   1.9999989999997498
   1.9999989999997498
   1.4142121481588255
   1.0582986346017837
   1.9999989999997498
   1.4142121481588255
   1.9999989999997498
   1.4142121481588255
   1.99999899999975
   1.4142121481588255
   1.9999989999997498
   1.4907106433584696
   1.9999989999997498
   1.9999989999997498
   0
   0
   0
   1.9999989999997498
   0
   0
   0
   0
   0
   0
   0
   0
   0
   0
   0
   0
   0
   0
   0
   0
   0
   1.9999989999997498
   1.9999989999997498
   0
   0
   0
   0
   0
   0
   0
   0
   0
   0
   0
   0
   0
   0
   0
   0
   0
   0
   0
   0
   0
   0
   0
   0
   0
   0
   0
   0
   0
   0
   0
   0
   0
   0
   0
   0
   0
   0
   0
   0
   0
   0
   0
   0
   0
   0
   0
   0
   0
   0
   0
   0
   0
   0
   0
   0
   0
   0
   0
   0
   0
   0
   0
   0
   0
   0
   0
   0
   0
   0
   0
   0
   0
   0
   0
   0
   0
   0
   0
   0
   0
   0
   0
   0
   0
   0
   0
   0
   0
   0
   0
   0
   0
   0
   0
   0
   0
   0
