   0
   0
   0
   0
   0
   0
   0
   0
   0
   0
   0
   0
   0
   0
   0
   0
   0
   0
   0
   0
   0
   0
   0
   0
   0
   0
   0
   0
   0
   0
   0
   0
   0
   0
   0
   0
   0
   0
   0
   0
   0
   0
   0
   0
   0
   0
   0
   0
   0
   0
   0
   0
   0
   0
   0
   0
   0
   0
   0
   0
   0
   1.9999998999999975
   0
   0
   0
   0
   0
   0
   0
   0
   0
   0
   0
   0
   0
   0
   0
   1.9999998999999975
   0
   0
   0
   0
   0
   1.9999998999999975
   0
   0
   0
   0
   0
   0
   0
   1.9999998999999975
   0
   1.9999998999999975
   1.9999998999999975
   1.9999998999999975
   0
   0.9354141328844674
   1.4142134209517316
   1.058300335443583
   1.058300335443583
   1.1547003651741576
   0.9999997999999799
   0.9476068719007209
   0.8571426238094921
   0.6666663666665992
   0.7559286814432771
   1.1547003651741576
   0.8944269673930901
   0.816496335978715
   0.7905691620598415
   0.5958432560655667
   0.5958432560655667
   0.6060911967480721
   0.4564350264093821
   0.4969035925075543
   0.4635467970527368
   0.3848996598441576
   0.3961762294184781
   0.40800501209296997
   0.3569641756740884
   0.33860917164117693
   0.36851332287422456
   0.38872961182692406
   0.3199993749993896
   0.31352555996055925
   0.27902378264276473
   0.24933737007260906
   0.2666659166656119
   0.21312462935024698
   0.19860524777670008
   0.1901509384700024
   0.17984923065639138
   0.1747465786269417
   0.17158598066372022
   0.14952546462993332
   0.13533686807881576
   0.13338347679701923
   0.1351535222712021
   0.1222042708126697
   0.10967682167505702
   0.104503470530228
   0.09800793510547777
   0.09420077544987682
   0.08934042659403506
   0.08753463589462002
   0.08186214939342563
   0.07522665934077229
   0.07255775700665817
   0.0677104118169235
   0.06321974801176736
   0.05795100776267186
   0.05620250703911663
   0.052528815076813805
   0.049776843117931575
   0.04627799549247196
   0.04310425722715968
   0.040988607276207456
   0.03849172456668425
   0.03673558865075051
   0.03398739843817346
   0.03228107117415908
   0.030686021857332872
   0.028702576645502173
   0.02661585078332913
   0.025589555809379293
   0.02402770910796392
   0.022294066437214776
   0.02107210595503874
   0.019823615345206734
   0.018937307577944505
   0.017673283375487507
   0.016574024366609093
   0.015556708856455558
   0.014557271907462886
   0.013949838065707406
   0.01298189665841574
   0.012258070569894234
   0.011570054160422248
   0.010853224822410485
   0.010192647357853192
   0.009642415205321503
   0.009027911932563294
   0.008487776224966
   0.008015921870365653
   0.007560076623784608
   0.007074458686360572
   0.006657326364282402
   0.006269157713600652
   0.005891806227278074
   0.005557634211064074
   0.005222002737719103
   0.004916819536024395
   0.004616599624413516
   0.004339541622691537
   0.0024290116224889844
   0.0023881068472230878
   0.002356194466460627
   0.002340201523283853
   0.0023277130052573704
   0.002328886479468746
   0.0023383921438652686
   0.002356993724403725
   0.0023885893031802964
   0.0024297234850441138
   0.004337543566662241
   0.004618404469876639
   0.004910930136432827
   0.005229111762475613
   0.00555372973350512
   0.005913979266226011
   0.006285220547204179
   0.006668636306105575
   0.0070974103275254575
   0.007540703835728851
   0.008027233144678384
   0.00850049763233757
   0.009029943227451568
   0.00962594236418509
   0.010203938057979985
   0.01086748453833426
   0.011553047135560239
   0.012257446277412095
   0.013015116027130024
   0.013823501690755673
   0.014644360228429795
   0.015663359531120302
   0.016625888469913037
   0.017745756699528492
   0.0187270791921122
   0.020039154786049063
   0.021135572219668167
   0.022475365331733756
   0.023757421945047884
   0.02543764329455629
   0.026691471544819417
   0.028655557380099003
   0.030187084251718135
   0.032435647684992366
   0.03426204345992084
   0.036971304956004945
   0.038894429768897475
   0.041739672955953294
   0.04334461600958591
   0.04644411323317939
   0.04901436181669762
   0.052742958960427
   0.05693215791549564
   0.05928287281006328
   0.06344335669472892
   0.066853879990927
   0.07049944681927509
   0.073418344456554
   0.08093612455959999
   0.08429402560641279
   0.09032523868479024
   0.10235049677501433
   0.10084456925784992
   0.1143008933934765
   0.11803121931353178
   0.1275924609920282
   0.12443259608214374
   0.14217583375776344
   0.15308595030100755
   0.15415502695533773
   0.16656634808837414
   0.18347170531059884
   0.19226706357176612
   0.1976561905098903
   0.21825481622447596
   0.22908019144130984
   0.23061860147349142
   0.2675531696917935
   0.26086879854959805
   0.30227948450212994
   0.288502764192117
   0.30463026770168455
   0.31622713356067345
   0.3111104682533041
   0.4124265049046603
   0.4382276756979178
   0.4382276756979178
   0.6123721090970751
   0.45883103185102203
   0.48573577523901895
   0.7905691620598415
   0.603022357492957
   0.7559286814432771
   0.6705995392272756
   0.603022357492957
   0.6666663666665992
   0.65555447227191
   0.6324552158058308
   0.942808829450005
   0.6666663666665992
   0.942808829450005
   1.1547003651741576
   0.7071064983437785
   1.1547003651741576
   1.224744708092262
   0.942808829450005
   0
   1.1547003651741576
   1.9999998999999975
   1.4142134209517316
   1.1547003651741576
   1.9999998999999975
   0
   1.4142134209517316
   1.9999998999999975
   0
   1.9999998999999975
   0
   0
   0
   0
   0
   0
   0
   1.9999998999999975
   0
   0
   0
   0
   0
   0
   0
   0
   0
   0
   0
   0
   0
   1.9999998999999975
   0
   0
   0
   0
   0
   0
   0
   0
   0
   0
   0
   0
   0
   0
   0
   0
   0
   0
   0
   0
   0
   0
   0
   0
   0
   0
   0
   0
   0
   0
   0
   0
   0
   0
   0
   0
   0
   0
   0
   0
   0
   0
   0
   0
   0
   0
   0
   0
   0
   0
   0
   0
   0
   0
   0
   0
   0
   0
   0
   0
   0
   0
   0
   0
   0
   0
