   0
   0
   0
   0
   0
   0
   0
   0
   0
   0
   0
   0
   0
   0
   0
   0
   0
   0
   0
   0
   0
   0
   0
   0
   0
   0
   0
   0
   0
   0
   0
   0
   0
   0
   0
   0
   0
   0
   0
   0
   0
   0
   0
   0
   0
   0
   0
   0
   0
   0
   0
   0
   0
   0
   0
   0
   0
   0
   0
   0
   0
   0
   0
   0
   0
   0
   0
   0
   0
   0
   0
   0
   0
   0
   0
   0
   0
   0
   0
   0
   0
   0
   0
   0
   0
   0
   0
   0
   0
   0
   1.9999998999999975
   0
   0
   0
   0
   0
   0
   0
   0
   1.9999998999999975
   1.4142134209517316
   0
   1.9999998999999975
   0
   0
   1.9999998999999975
   1.490711850835775
   1.490711850835775
   1.490711850835775
   1.9999998999999975
   1.4142134209517316
   1.4142134209517316
   1.4142134209517316
   1.4142134209517316
   1.224744708092262
   1.4142134209517316
   1.9999998999999975
   0.8606627334448383
   1.44222037151054
   0.9447547742515378
   1.4142134209517316
   0.9358094063271719
   1.490711850835775
   0.9999997999999799
   0.9999997999999799
   1.224744708092262
   1.058300335443583
   1.4142134209517316
   1.1065664896057388
   1.058300335443583
   0.8571426238094921
   0.9354141328844674
   0.9447547742515378
   0.8024902053640377
   0.6902563970212872
   0.8571426238094921
   1.0301573131303385
   1.1615128178524345
   0.9476068719007209
   0.7368418338345364
   0.6928200343523561
   0.7678338107935418
   0.6700590957794207
   0.8571426238094921
   0.9185584358112444
   0.6039864236884799
   0.5077520063968236
   0.5830948464872588
   0.7071064983437785
   0.5300861585980057
   0.44670581511859797
   0.5587257090004207
   0.4256249814019243
   0.5484520033694835
   0.43121921713107875
   0.46013022813449256
   0.47058781029392577
   0.5128724488143562
   0.4001947650832029
   0.4076819669173319
   0.3978788301322314
   0.34683375286644547
   0.3372832840124626
   0.3058415229787524
   0.33159811304292053
   0.3523887516455943
   0.3204928226695819
   0.2664686044541895
   0.24548434913120445
   0.23965399418519806
   0.2485981625371174
   0.24337522555470292
   0.237705199169575
   0.24557095703987444
   0.22405034989900904
   0.20491877777346068
   0.22046740278354926
   0.20397212943389795
   0.204802452242263
   0.1858171011014013
   0.17759360541062794
   0.1777766527742182
   0.16929597480390104
   0.15174084685062225
   0.1542217495372347
   0.15150927107438336
   0.14291358003361573
   0.13750211640642557
   0.1343218702311412
   0.1363122295964728
   0.12605854379051437
   0.12318771117362118
   0.1127444053488413
   0.11340717007049032
   0.1068881898428848
   0.10854180093840952
   0.1026308134440724
   0.09563461603206305
   0.09092985869207594
   0.09117941097137505
   0.0878761540985287
   0.08465684993263052
   0.08042218438567571
   0.08069728198868953
   0.0770047831023575
   0.07288055886511585
   0.06772189665001226
   0.06697400020540119
   0.06570459548069953
   0.06322751370561552
   0.061114150113578514
   0.05880878486892115
   0.05703037791586915
   0.05459077153614665
   0.05267803779011059
   0.05099628704469446
   0.049268987171498045
   0.04731806301021045
   0.04640608619826844
   0.04354956780761471
   0.042385255951633234
   0.0404676550956165
   0.03990459088214836
   0.037153836023338084
   0.0373183660344415
   0.035681864340980626
   0.0343846850484832
   0.03220320488188093
   0.031817695144434735
   0.030554218892304294
   0.029541497634779694
   0.0286250222129474
   0.027614155487963428
   0.026366059752372595
   0.02552693239646604
   0.024623029615693345
   0.023824889447122514
   0.022857320988608154
   0.022217734467283576
   0.021333305549731816
   0.020642961264220015
   0.019766718145581435
   0.019284850052143664
   0.018526377334275788
   0.018036622740108064
   0.01725405928420254
   0.016563056127821194
   0.01605760064687333
   0.0154019886876131
   0.014895846888365176
   0.014319186444950883
   0.013923962160560457
   0.013436062266217533
   0.012948600573034461
   0.012530741257755572
   0.012089447513883685
   0.011561674382131733
   0.011189636508969168
   0.010776656854677723
   0.010390846179812353
   0.010080543793283495
   0.00967929907545927
   0.009343105981770381
   0.009001791015387235
   0.00868424444168504
   0.00841722478918422
   0.008097121029860523
   0.007773754628734978
   0.007550270534261077
   0.007230445288796118
   0.00700376108663544
   0.006760736987447201
   0.006518612921516585
   0.0062964911165422355
   0.0060372774795094545
   0.005854973604982325
   0.005632646380279316
   0.005430050405628941
   0.005225874203260666
   0.00505713487652678
   0.004869012638481226
   0.004693066889261514
   0.0045200337988419055
   0.004366959036484107
   0.004206467675674203
   0.004051303663366118
   0.003908160492493229
   0.0037639187958821226
   0.003629527229440192
   0.003495985758203601
   0.0033657978532609005
   0.0032383308611407774
   0.0031223479290918106
   0.0030106935911917796
   0.002898635175897369
   0.002174362536797895
   0.002133275005054366
   0.002105456727992061
   0.002085284783189558
   0.00207667425236467
   0.002079608654038329
   0.002084655998906582
   0.0021058598431821403
   0.0021329190690044238
   0.002173021719863291
   0.0028965530882195194
   0.003010610559343506
   0.003122621399129695
   0.00324123004503546
   0.0033628862679724826
   0.0034916546802313876
   0.0036261398942879696
   0.00376634430000228
   0.0039027032886736574
   0.004052969512555638
   0.004198362091392535
   0.004359946153089835
   0.004521002745842595
   0.004685609919969007
   0.004862533509901971
   0.005043251743010933
   0.005234990827643189
   0.0054372742604566985
   0.005628878009026006
   0.005822638097088428
   0.006046463624407056
   0.006276174940264285
   0.006515333505292305
   0.006760602625854493
   0.007012828721112086
   0.0072758281661692015
   0.007504506228079119
   0.007829102728611287
   0.00809465684170658
   0.008389337236086555
   0.008716806478942705
   0.009065878467257276
   0.009363610057257872
   0.009647453673174962
   0.010066412163178747
   0.01041015699884922
   0.010819547832046507
   0.01121533251114839
   0.011665243953434736
   0.01205322250025483
   0.012552464626123043
   0.012925352285743366
   0.013466327453168262
   0.013842370624192631
   0.01446725524827341
   0.015034512218388642
   0.015441048502272564
   0.016073324513630666
   0.016647226856729345
   0.01719882147938508
   0.017980542442005257
   0.018443296361186683
   0.01921992704609554
   0.01990915544651569
   0.02062046052829636
   0.021321074839173296
   0.022230177494827134
   0.022864420860110958
   0.02398710220917219
   0.024953595780878097
   0.025809138882361086
   0.026557676236553064
   0.027665058391787914
   0.028903316728948393
   0.029617452836706568
   0.030758787689260506
   0.03189646570198697
   0.033294217898156175
   0.03444293636272912
   0.034957205402706
   0.03682969907480538
   0.038365079296284785
   0.03961746911059211
   0.040952854095743896
   0.04277956232936604
   0.04431933966970162
   0.045314464930945784
   0.04761914678100902
   0.04909054207142449
   0.04988087523417527
   0.05346125756791699
   0.05494016344070268
   0.05796767968500165
   0.06026699805155471
   0.06147978311500382
   0.06380810555210117
   0.06569563707574523
   0.06745080237045137
   0.0705161532264909
   0.07212709787462053
   0.07900239428506725
   0.0817862199058948
   0.08453746890599396
   0.08359718230232936
   0.08910733465003909
   0.0930407504542547
   0.09247925211273386
   0.09765203514843163
   0.10280577770589211
   0.10511913677150939
   0.10905226982240179
   0.1087374704670255
   0.1210842913152876
   0.1159813024710531
   0.12973331617125036
   0.1307053844363772
   0.13781757086901758
   0.14250216291686998
   0.1460481047165371
   0.1455296628255571
   0.15393502423364044
   0.15288078324072493
   0.18219158506138647
   0.1692541232204016
   0.17779587523225857
   0.18073173451718902
   0.19436249159760616
   0.19671662887007307
   0.20141547865375764
   0.22754403123057473
   0.2122251818922433
   0.21016399007141698
   0.23505735847873582
   0.27627184187362436
   0.269873602875039
   0.28132118980681053
   0.2801385414007171
   0.306130531511154
   0.31843829846941457
   0.29166035481513164
   0.330526613592811
   0.34512776388926203
   0.33014563421676124
   0.3368518215662805
   0.35963734063968444
   0.3999994999996875
   0.3726774595932639
   0.3777046196410851
   0.39544683691116467
   0.4308127203321647
   0.49376234454701173
   0.489897540308175
   0.5484520033694835
   0.48573577523901895
   0.5891579058423377
   0.5661263813925622
   0.5826712390701176
   0.7817357041296701
   0.6705995392272756
   0.9258198837478362
   0.91885268538512
   0.5830948464872588
   0.6928200343523562
   0.8485279017215639
   0.9101659007367312
   0.6700590957794207
   0.6758306036606293
   0.6758306036606293
   1.2472189685678916
   0.8660251728443001
   1.054092363652783
   0.8571426238094921
   1.224744708092262
   1.1547003651741576
   1.1547003651741576
   1.1999998333333217
   1.4142134209517316
   1.9999998999999975
   1.9999998999999973
   0
   1.490711850835775
   1.1547003651741576
   1.1780300089729534
   1.9999998999999975
   0
   0
   1.490711850835775
   1.4142134209517316
   1.9999998999999973
   1.9999998999999975
   1.9999998999999975
   0
   0
   0
   0
   1.9999998999999975
   0
   0
   0
   0
   0
   0
   1.9999998999999975
   0
   0
   0
   0
   0
   0
   0
   0
   0
   1.9999998999999975
   0
   0
   0
   0
   0
   0
   0
   0
   0
   0
   0
   0
   0
   0
   1.9999998999999975
   0
   0
   0
   0
   0
   0
   0
   0
   0
   0
   0
   0
   0
   0
   0
   0
   0
   0
   0
   0
   0
   0
   0
   0
   0
   0
   0
   0
   0
   0
   0
   0
   0
   0
   0
   0
   0
   0
   0
   0
   0
   0
   0
   0
   0
   0
   0
   0
   0
   0
   0
   0
   0
   0
   0
   0
   0
   0
   0
   0
   0
   0
   0
   0
   0
   0
   0
   0
   0
   0
   0
   0
   0
   0
   0
   0
   0
