   0
   0
   0
   0
   0
   0
   0
   0
   0
   0
   0
   0
   0
   0
   0
   0
   0
   0
   0
   0
   0
   0
   0
   0
   0
   0
   0
   0
   0
   0
   0
   0
   0
   0
   0
   0
   0
   0
   0
   0
   0
   0
   0
   0
   0
   0
   0
   0
   0
   0
   0
   0
   0
   0
   0
   0
   0
   0
   0
   0
   0
   0
   0
   0
   0
   0
   0
   0
   0
   0
   0
   0
   0
   0
   0
   0
   0
   0
   0
   0
   0
   0
   0
   0
   0
   0
   0
   0
   0
   0
   0
   0
   0
   0
   0
   0
   0
   0
   0
   0
   0
   0
   0
   0
   0
   0
   0
   0
   0
   0
   0
   0
   0
   0
   0
   0
   0
   0
   0
   0
   0
   0
   0
   0
   0
   0
   0
   0
   0
   0
   0
   0
   0
   0
   0
   0
   0
   0
   0
   0
   0
   0
   0
   0
   0
   0
   0
   0
   0
   0
   0
   0
   0
   0
   0
   0
   0
   0
   0
   0
   0
   0
   0
   0
   0
   0
   0
   0
   0
   0
   0
   0
   0
   0
   0
   0
   0
   0
   0
   0
   0
   0
   0
   0
   0
   0
   0
   0
   0
   0
   0
   0
   0
   0
   0
   0
   0
   0
   0
   0
   0
   1.9999998999999975
   0
   1.9999998999999975
   1.9999998999999975
   1.9999998999999975
   1.9999998999999975
   1.4142134209517316
   1.4142134209517316
   0.7559286814432771
   0.8944269673930901
   0.7071064983437785
   0.603022357492957
   0.5163973921958424
   0.35355282490739626
   0.31586839447843706
   0.26433556300338207
   0.21081756199245935
   0.15762081238495887
   0.14319264196815548
   0.11566125721867579
   0.09355302801027124
   0.084063370075525
   0.06639591934550017
   0.057704695764492206
   0.05026978314866283
   0.044002215123679835
   0.038340110777436
   0.03321436337662583
   0.026244329141992248
   0.01929834768268508
   0.014586194050421553
   0.011578630656316136
   0.00944291395066524
   0.007940147228832689
   0.006838884364479414
   0.005977951014972882
   0.005294572900331329
   0.004722446339927699
   0.004271358562036866
   0.003910532393172399
   0.0036091279064979992
   0.0033429491901320273
   0.003123831632718649
   0.002928768766764396
   0.002761142642581874
   0.0026414903706668946
   0.002560821249520833
   0.0025089442661513786
   0.002487783163105829
   0.0024851835008210714
   0.0025090627327816373
   0.002562176129593392
   0.0026395979560202925
   0.00276616234395236
   0.002928592792901836
   0.003122594190369455
   0.0033477644165727663
   0.0036044083980256774
   0.003901548077770715
   0.004277114503882824
   0.004728076887354669
   0.005290789114841014
   0.005960543186872714
   0.006839220955520866
   0.007938434900294802
   0.009459072455335537
   0.011542526893839876
   0.014584208521658778
   0.01918518428845732
   0.02627539780594386
   0.03325242091085229
   0.038340110777436
   0.04351831913894459
   0.050225511163402695
   0.05936828951773968
   0.06924200907380372
   0.0803838821826773
   0.09480698310221573
   0.1197321647858457
   0.14284845470687324
   0.1708526723837824
   0.21929545613212217
   0.2800553026618486
   0.32444222581953913
   0.4364353222141747
   0.6324552158058308
   0.8944269673930901
   0.5546998356699844
   0.816496335978715
   1.4142134209517316
   1.9999998999999975
   1.9999998999999975
   1.4142134209517316
   1.4142134209517316
   1.9999998999999975
   1.9999998999999975
   0
   0
   0
   0
   0
   0
   0
   0
   0
   0
   0
   0
   0
   0
   0
   0
   0
   0
   0
   0
   0
   0
   0
   0
   0
   0
   0
   0
   0
   0
   0
   0
   0
   0
   0
   0
   0
   0
   0
   0
   0
   0
   0
   0
   0
   0
   0
   0
   0
   0
   0
   0
   0
   0
   0
   0
   0
   0
   0
   0
   0
   0
   0
   0
   0
   0
   0
   0
   0
   0
   0
   0
   0
   0
   0
   0
   0
   0
   0
   0
   0
   0
   0
   0
   0
   0
   0
   0
   0
   0
   0
   0
   0
   0
   0
   0
   0
   0
   0
   0
   0
   0
   0
   0
   0
   0
   0
   0
   0
   0
   0
   0
   0
   0
   0
   0
   0
   0
   0
   0
   0
   0
   0
   0
   0
   0
   0
   0
   0
   0
   0
   0
   0
   0
   0
   0
   0
   0
   0
   0
   0
   0
   0
   0
   0
   0
   0
   0
   0
   0
   0
   0
   0
   0
   0
   0
   0
   0
   0
   0
   0
   0
   0
   0
   0
   0
   0
   0
   0
   0
   0
   0
   0
   0
   0
   0
   0
   0
   0
   0
   0
   0
   0
   0
   0
   0
   0
   0
   0
   0
   0
   0
   0
   0
   0
   0
   0
   0
   0
   0
   0
   0
   0
