   0
   0
   0
   0
   0
   0
   0
   0
   0
   0
   0
   0
   0
   0
   0
   0
   0
   0
   0
   0
   0
   0
   0
   0
   0
   0
   0
   0
   0
   0
   0
   0
   0
   0
   0
   0
   0
   0
   0
   0
   0
   0
   0
   0
   0
   0
   0
   0
   0
   0
   0
   0
   0
   0
   0
   0
   0
   0
   0
   1.9999998999999975
   0
   0
   0
   0
   0
   0
   0
   0
   0
   0
   0
   0
   0
   1.9999998999999975
   0
   1.9999998999999975
   1.9999998999999975
   1.9999998999999975
   1.490711850835775
   0
   0
   0
   0
   1.490711850835775
   1.224744708092262
   1.9999998999999975
   1.1999998333333217
   1.9999998999999975
   1.224744708092262
   1.4142134209517316
   1.058300335443583
   1.1547003651741576
   0.9999997999999799
   0.7559286814432771
   0.8485279017215639
   1.4142134209517316
   1.326649765386479
   0.7559286814432771
   0.8571426238094921
   0.6666663666665991
   0.7041785062006943
   0.7905691620598415
   0.7999997499999609
   0.6928200343523562
   0.5391261813772048
   0.942808829450005
   0.521156922885617
   0.5656850713957369
   0.521156922885617
   0.5430429359136777
   0.4677067457285601
   0.4995994395513269
   0.4389221585024955
   0.36261203685668847
   0.3321588596717088
   0.32713156036730423
   0.3061493273729138
   0.32998255846163876
   0.24139429350809352
   0.24207588524159304
   0.24338930610291715
   0.2370610619807437
   0.24073316051109556
   0.21994020320477228
   0.1864858496653548
   0.17992577586064265
   0.17262920536080037
   0.1641464116100149
   0.14873502818433554
   0.15378282274303037
   0.13987395942331596
   0.12486418911771599
   0.12126579722070213
   0.11593883962189706
   0.11349255168212202
   0.09880752517969521
   0.10158916110375024
   0.09308327790263643
   0.09078750966144483
   0.08422881132713787
   0.0796153711837572
   0.07586763738325741
   0.07194406148827584
   0.06676786629845
   0.0652760407031922
   0.06305630770984717
   0.057644098536315205
   0.05536486466611234
   0.05131959933435736
   0.047376680887407874
   0.04633529586664521
   0.04356862791890042
   0.04096215206397489
   0.039191158481420706
   0.036961264406473265
   0.03512542167189046
   0.03321283199532705
   0.0313893065344483
   0.02984670870809666
   0.027936327063177755
   0.02649442255125469
   0.02509041193196094
   0.023896185748446108
   0.022478909090147957
   0.021079143379746434
   0.02023005936232729
   0.018934599849018217
   0.01797857986517112
   0.01699579079538519
   0.016142262545597558
   0.015348527058305141
   0.01440563082086317
   0.013542381096523969
   0.012998736270794857
   0.012236519075222939
   0.011542847816835507
   0.010988089620834989
   0.010371918020885032
   0.009854083791437934
   0.00931375319705591
   0.008804856723834253
   0.008279928651407297
   0.007867489129720675
   0.0074520750350500695
   0.0070705982061858115
   0.0066626910192614346
   0.006325879086968552
   0.0059580121893845605
   0.005636069574180844
   0.005332804582519273
   0.005039167440102486
   0.0047600056528432225
   0.004513589188566457
   0.004264784417539523
   0.004030896055700305
   0.0024316275454968127
   0.0023911387094008034
   0.002358873060965273
   0.002339826205400233
   0.0023318886486565034
   0.0023307299880577347
   0.002338672985970772
   0.002357682893049516
   0.0023922700734916144
   0.0024333405781381103
   0.004029290931331986
   0.004269826206703427
   0.0045008129836365905
   0.004766693669039798
   0.005037038484689037
   0.00533039144734305
   0.005631228403919707
   0.005944558348955438
   0.006308218826265911
   0.006665120385797284
   0.007048869545359724
   0.007485066115755769
   0.007871246618360243
   0.008319195243433391
   0.008802482298893246
   0.009280054765802959
   0.009867670155744173
   0.010428368618292671
   0.010972811349132998
   0.01162151605212383
   0.012314742890006194
   0.012922075191704208
   0.013672507652401968
   0.0144885214627593
   0.01531117545936528
   0.016162178895393172
   0.01708895736555047
   0.018130945427527242
   0.0190823657041147
   0.020128748614461636
   0.021182379634457803
   0.022517831557838694
   0.023732109401832104
   0.024862908116655934
   0.026469224184035578
   0.027960150337304805
   0.02979982526850579
   0.031228261234468223
   0.033207252719907376
   0.03511017007341611
   0.036978440319676134
   0.03921037941794484
   0.04184797820939677
   0.0431008996331937
   0.04583949116883044
   0.04867186197158592
   0.05084890143485352
   0.053060934393393974
   0.05753834149702591
   0.060941383498328165
   0.06418813813007668
   0.06835558370308349
   0.07141044182842002
   0.07949407187281798
   0.07992328461647388
   0.08098865398944298
   0.08936492053558064
   0.09147961189006511
   0.09858373091630288
   0.10597595353476226
   0.11433935362817205
   0.12145805139929736
   0.12010442864852733
   0.13601226524699367
   0.13709773703371272
   0.14800004802582792
   0.15263075317187144
   0.17669438007072175
   0.17475965384615563
   0.19691479681724283
   0.1818170818148543
   0.20043679913025134
   0.23397521559406098
   0.20765507516791595
   0.2812185754903691
   0.2428672699989908
   0.27848029447548356
   0.2651622497361212
   0.27856958005989146
   0.3055043916760172
   0.30618556464993574
   0.40754087573877035
   0.3527662745281136
   0.34400987669872524
   0.4618797823387957
   0.40703817188659475
   0.5122495485600743
   0.4841530097624136
   0.5122495485600743
   0.6285390428565768
   0.6666663666665991
   0.7041785062006943
   0.6394438903366649
   0.749655301504885
   0.65555447227191
   0.8012333671546483
   0.7559286814432771
   1.1547003651741576
   0.8485279017215639
   0.7071064983437785
   0.7559286814432771
   0.8944269673930901
   1.9999998999999975
   1.4142134209517316
   1.1065664896057388
   1.1547003651741576
   0
   0
   0
   1.9999998999999975
   1.490711850835775
   1.9999998999999975
   0
   1.9999998999999975
   0
   1.4142134209517316
   0
   0
   0
   1.9999998999999975
   1.4142134209517316
   0
   0
   0
   1.4142134209517316
   0
   1.9999998999999975
   0
   1.9999998999999975
   0
   0
   1.9999998999999975
   0
   0
   0
   0
   0
   0
   0
   0
   0
   0
   0
   0
   0
   0
   0
   0
   0
   0
   0
   0
   0
   0
   0
   0
   0
   0
   0
   0
   0
   0
   0
   0
   0
   0
   0
   0
   0
   0
   0
   0
   0
   0
   0
   0
   0
   0
   0
   0
   0
   0
   0
   0
   0
   0
   0
   0
   0
   0
   0
   0
   0
   0
   0
