   0
   0
   0
   0
   0
   0
   0
   0
   0
   0
   0
   0
   0
   0
   0
   0
   0
   0
   0
   0
   0
   0
   0
   0
   0
   0
   0
   0
   0
   0
   0
   0
   0
   0
   0
   0
   0
   0
   0
   0
   0
   0
   0
   0
   0
   0
   0
   0
   0
   0
   0
   0
   0
   0
   0
   0
   0
   0
   0
   0
   0
   0
   0
   0
   0
   0
   0
   0
   0
   0
   0
   0
   0
   0
   0
   0
   0
   0
   0
   0
   0
   0
   0
   0
   0
   0
   0
   0
   0
   0
   0
   0
   0
   0
   0
   0
   0
   0
   0
   0
   0
   0
   0
   0
   0
   0
   0
   0
   0
   0
   0
   1.9999998999999975
   0
   1.9999998999999975
   0
   0
   0
   0
   1.9999998999999975
   0
   1.9999998999999975
   1.490711850835775
   0
   1.9999998999999975
   0
   0
   1.9999998999999975
   1.9999998999999975
   1.4142134209517316
   1.9999998999999975
   1.1547003651741576
   1.224744708092262
   0
   1.2472189685678916
   1.058300335443583
   1.9999998999999975
   1.058300335443583
   0.7378199632870148
   0.9999997999999799
   1.224744708092262
   0.8944269673930901
   0.7071064983437785
   0.5477221923566727
   0.7041785062006943
   0.6666663666665991
   0.49999959999983995
   0.603022357492957
   0.5773499227793603
   0.5430429359136777
   0.5300861585980057
   0.4462995333510755
   0.398960085939697
   0.4327868883628682
   0.4866205914262157
   0.3807088237701614
   0.3535528249073963
   0.3474376287889541
   0.3257898679905926
   0.32291275118893725
   0.2970105018796079
   0.3055043916760172
   0.3155811095973488
   0.2921341468444874
   0.2687696537613228
   0.23569386924568064
   0.2631968401793306
   0.21996272411479179
   0.20224216266599324
   0.2089754881852007
   0.1889783566073841
   0.1631114684568994
   0.16673402095075396
   0.16618123960696404
   0.1541050301923286
   0.13469476052317955
   0.13601047190577267
   0.12789550201075295
   0.12323224961230946
   0.11818750847218326
   0.10697968173391163
   0.10346923984984042
   0.10067810171104
   0.09736341444738177
   0.08945652205417691
   0.08392516990823846
   0.08181756916923948
   0.07836875486670057
   0.07294798544470256
   0.07153444886930872
   0.06660861585349062
   0.06386666586176518
   0.059743146769110606
   0.05681429964384897
   0.052928969302082275
   0.05135504269963255
   0.05005336362608076
   0.046149325287931746
   0.044914409068937275
   0.04249510804537797
   0.04003945329903934
   0.03855131778857999
   0.035463818268332906
   0.033665569258264395
   0.03227025098105242
   0.031026775288115812
   0.029415504517933094
   0.027834977147302917
   0.026379930918047457
   0.025154599719510867
   0.023815923896440615
   0.022622168346121234
   0.021434806791645594
   0.020267898708198517
   0.019360928382375187
   0.018303584308203658
   0.017361074232014915
   0.016601206782088363
   0.0156187773952029
   0.014844265939281695
   0.014162254911628392
   0.013439574045863812
   0.012735762375893954
   0.012046311788025017
   0.011455103782604111
   0.010901613517982021
   0.010376638237622705
   0.009796691286977514
   0.009333349622260168
   0.008881389876240492
   0.008415559097359462
   0.007996290458906267
   0.007588314384767882
   0.0071904309746017425
   0.006812601407538017
   0.006488858318823832
   0.006155370436483816
   0.005831778781658321
   0.005531965514119317
   0.005237731620439853
   0.0049706589808273145
   0.0047262996563241675
   0.004486164475044016
   0.0042528672614244025
   0.004028637507243014
   0.003828669770984129
   0.002414995938407678
   0.0023705249733725468
   0.002336958639232397
   0.0023171816160352434
   0.0023086925131416565
   0.002308995974273701
   0.002315409781306469
   0.0023407736608880374
   0.002368459143123911
   0.0024133079072577324
   0.0038252804704635036
   0.004034732641414119
   0.004247976994061251
   0.004480094081911473
   0.0047258002502707005
   0.004984112443806902
   0.005248893468565519
   0.00553653144945149
   0.005838585190122844
   0.006130689585383731
   0.006471940560411632
   0.006834674356387347
   0.007173329266474511
   0.00755626415243102
   0.007983292883925758
   0.008371883177387306
   0.00889587317127765
   0.00929875487687413
   0.00982484773449055
   0.010357134539024218
   0.010926137899340008
   0.011511468856494464
   0.01210612273947045
   0.012762543652138459
   0.0134253283092335
   0.014175148061542976
   0.014848282652754025
   0.015730654828065006
   0.016525630756976623
   0.01738169228341479
   0.018468195891711794
   0.019398363598843147
   0.020121821444122057
   0.021456436572588958
   0.022567267786833236
   0.02375856824847388
   0.025032697863275426
   0.02615857862239877
   0.027858734881935857
   0.02890592448460924
   0.030847975960810296
   0.031821132292410834
   0.033897486606960264
   0.0353886758013418
   0.0377689712405685
   0.0408719272649171
   0.04188696811172755
   0.044897637217659686
   0.046650970287230455
   0.048517621210249315
   0.05224816901641659
   0.053753850652947084
   0.059099684999370204
   0.05886546983154432
   0.06329929236363989
   0.06485441912655021
   0.06977935311967395
   0.07300281388459749
   0.0761668659213143
   0.0831469826730624
   0.08522902896693012
   0.09246564057913696
   0.09816995801040855
   0.10664888600092567
   0.10876211542185223
   0.11189953650231524
   0.11440104894624
   0.1280482588197874
   0.13345616340794095
   0.1348182135197197
   0.14112713903898286
   0.15687449431735048
   0.17541239685004892
   0.16864159995493758
   0.17879445588384318
   0.1838206604292872
   0.19512092621681995
   0.21309565047180107
   0.22339445391859641
   0.228070298165609
   0.29413319029536344
   0.26478456059011707
   0.24484423583353315
   0.3126615127692332
   0.2749799387767744
   0.3239411545403552
   0.31972147601032713
   0.3627828943112276
   0.36221485336744536
   0.39351894524020775
   0.4327868883628682
   0.4382276756979178
   0.4522366973609643
   0.4607368838834759
   0.414577616375993
   0.4285709619045079
   0.5793103719332828
   0.7211099777426464
   0.7071064983437785
   0.8571426238094921
   0.7368418338345364
   0.7423683123026675
   0.8012333671546483
   0.9090906890908824
   1.1547003651741576
   0.9999997999999799
   0.8944269673930901
   1.4142134209517316
   0.9999997999999799
   1.490711850835775
   1.1547003651741576
   1.490711850835775
   1.5811387035930782
   0.9476068719007209
   0
   1.9999998999999975
   1.4142134209517316
   1.4142134209517316
   1.326649765386479
   1.9999998999999975
   0
   1.224744708092262
   0
   1.9999998999999975
   0
   0
   1.4142134209517316
   1.9999998999999975
   1.9999998999999975
   0
   0
   0
   0
   1.9999998999999975
   0
   0
   0
   0
   0
   1.9999998999999975
   1.9999998999999975
   0
   0
   0
   0
   0
   0
   0
   0
   0
   0
   1.9999998999999975
   0
   0
   0
   0
   0
   0
   0
   0
   0
   1.9999998999999975
   0
   0
   0
   0
   0
   0
   0
   0
   0
   0
   0
   0
   0
   0
   0
   0
   0
   0
   0
   0
   0
   0
   0
   0
   0
   0
   0
   0
   0
   0
   0
   0
   0
   0
   0
   0
   0
   0
   0
   0
   0
   0
   0
   0
   0
   0
   0
   0
   0
   0
   0
   0
   0
   0
   0
   0
   0
   0
   0
   0
   0
   0
   0
   0
   0
   0
   0
   0
   0
   0
   0
   0
   0
   0
   0
   0
   0
   0
   0
   0
   0
   0
   0
