   0
   0
   0
   0
   0
   0
   0
   0
   0
   0
   0
   0
   0
   0
   0
   0
   0
   0
   0
   0
   0
   0
   0
   0
   0
   0
   0
   0
   0
   0
   0
   0
   0
   0
   0
   0
   0
   0
   0
   0
   0
   0
   0
   0
   0
   0
   0
   0
   0
   0
   0
   0
   0
   0
   0
   0
   0
   0
   0
   0
   0
   0
   0
   0
   0
   0
   0
   0
   0
   0
   0
   0
   0
   0
   0
   0
   0
   0
   0
   0
   0
   0
   0
   0
   0
   0
   0
   0
   0
   0
   0
   0
   0
   0
   0
   0
   0
   0
   0
   0
   0
   0
   0
   0
   0
   0
   0
   0
   0
   0
   0
   0
   0
   0
   0
   0
   0
   0
   0
   0
   0
   1.9999989999997498
   0
   1.9999989999997498
   0
   0
   0
   1.4907106433584696
   1.9999989999997498
   0
   0
   0
   0
   0
   0
   1.9999989999997498
   0
   0
   1.4907106433584696
   1.9999989999997498
   1.9999989999997498
   0
   1.9999989999997498
   1.9999989999997498
   0
   1.9999989999997498
   1.9999989999997498
   1.9999989999997498
   0
   0
   1.9999989999997498
   0
   0
   1.9999989999997498
   0
   1.9999989999997498
   1.9999989999997498
   1.9999989999997498
   1.4142121481588255
   0
   1.9999989999997498
   1.9999989999997498
   1.9999989999997498
   1.4142121481588255
   1.1546988063271448
   1.4142121481588255
   1.1546988063271448
   1.0582986346017837
   1.4142121481588255
   1.9999989999997498
   0.9999979999980001
   1.1546988063271448
   1.4142121481588255
   1.1546988063271448
   1.9999989999997498
   0.9999979999980001
   1.9999989999997498
   1.4142121481588255
   0
   0.9999979999980001
   1.4142121481588255
   0.8944249549291433
   1.4142121481588255
   0.9999979999980001
   1.4907106433584696
   1.1546988063271448
   0.7071039527537659
   0.7071039527537659
   1.1546988063271448
   1.1546988063271448
   1.1546988063271448
   1.1546988063271448
   1.1546988063271448
   1.1546988063271448
   0.9999979999980001
   0.7559263002625133
   1.4142121481588255
   0.8164941314343089
   1.1546988063271448
   0.8164941314343089
   0.63245236974811
   0.6666636666599165
   0.7071039527537659
   0.7496529003974974
   0.6030193725216162
   0.8944249549291433
   0.7559263002625133
   0.63245236974811
   0.63245236974811
   0.4968999700612926
   0.6343207894317555
   0.7559263002625133
   0.6666636666599165
   0.8571405238063479
   0.5546965906622355
   0.5128077403342434
   0.5303263146403354
   0.606088226890698
   0.5546965906622355
   0.5048204090856103
   0.48237224278498686
   0.47140027813125246
   0.5163939064964522
   0.5163939064964522
   0.4690373119486338
   0.49999599998399985
   0.44535728066128727
   0.4082433914549832
   0.44535728066128727
   0.33911060142673216
   0.49999599998399985
   0.4082433914549832
   0.3922271712237104
   0.33756153457920135
   0.43477800867131794
   0.3461090451675924
   0.37795918146956403
   0.3461090451675924
   0.3529355097584301
   0.3784794429096964
   0.39617168595981533
   0.36442900543178497
   0.3162214413982708
   0.32443667778895907
   0.32140595066670274
   0.30150471125521555
   0.3513584923172582
   0.29791508261533883
   0.3513584923172582
   0.3012195878020126
   0.27453214898522593
   0.26066885078664764
   0.27453214898522593
   0.25352545274241417
   0.28562519360328414
   0.2394603352341405
   0.2325495393758638
   0.22168747906521719
   0.211793950657178
   0.2230435951934979
   0.22583104559359132
   0.2244245315699029
   0.22405531162223807
   0.1978783549573489
   0.1903098148622148
   0.188859257815926
   0.18106556482170688
   0.18957127079411978
   0.17248768301966766
   0.1801276573942932
   0.17428931566522532
   0.16696151476395293
   0.16867191099039897
   0.18082680100469403
   0.15554269788131336
   0.1597368109462141
   0.15165576883924403
   0.15022677456098169
   0.15646778161578806
   0.1400248884582848
   0.14163113038349853
   0.15801045976322523
   0.13890240320038869
   0.1446718399901468
   0.14483627164455154
   0.12957446100906647
   0.12581091554412943
   0.12035318395825219
   0.12013711643259097
   0.11970842358829446
   0.11943503550094905
   0.11343837288668354
   0.10499701013297916
   0.10272689951827958
   0.10324937588813535
   0.09695320215845679
   0.10217020771880336
   0.0991621993252893
   0.09541997523276229
   0.09137211505514613
   0.08919691137151149
   0.09070439115746683
   0.0880079543122493
   0.08458120956941878
   0.08353502382651055
   0.07778651786363446
   0.07944145876499677
   0.07651924941955981
   0.07562687322779256
   0.0711601160926354
   0.07020496972575174
   0.07194017317327714
   0.0699833649083902
   0.0675500506509409
   0.06714913254936407
   0.06401303201669954
   0.06475330561099968
   0.06260466353381577
   0.06068394574350559
   0.05974342319165274
   0.05809995345153255
   0.05775316242594986
   0.05733801524815661
   0.054375972023702944
   0.053414534934867135
   0.052806232394769476
   0.05258795061603094
   0.04957276918979221
   0.04981287068293161
   0.0485954726854997
   0.046536460767370474
   0.045760088985592993
   0.04497856950296808
   0.04377239817262329
   0.043431437926364405
   0.04179717412810982
   0.04146076069396631
   0.040302776741916964
   0.03937587591169968
   0.038519589490858534
   0.03747335570723985
   0.037058002571524404
   0.03623946358881759
   0.03487481622898041
   0.034582038209145
   0.03350562966032591
   0.03305715615748113
   0.031936592023722406
   0.03168131836641844
   0.03090667388068041
   0.030534179303725803
   0.02946143803509214
   0.029040212677586916
   0.028307585865937856
   0.027540624112655333
   0.026831691610934558
   0.026291408446231793
   0.025733692484787532
   0.025429167242989513
   0.02469287185141256
   0.023853700374560406
   0.02349868604167301
   0.023247542065416977
   0.0224768654355414
   0.021808805473088347
   0.021326203099693724
   0.020717754840619034
   0.02036487859150495
   0.019726570284010935
   0.01937823179753393
   0.018854911051544437
   0.018327597549280924
   0.018081781588095744
   0.017317824625796497
   0.017040820436307325
   0.01652575347913423
   0.016120629552262282
   0.01562086164856103
   0.015234889755524594
   0.014676707027838503
   0.014360351674614446
   0.01396072708588509
   0.013466382704866735
   0.013061319177992234
   0.012751202501436652
   0.012278731690300684
   0.011904223478497705
   0.01152383486221039
   0.011015952265630522
   0.010730181374153627
   0.010263773246904164
   0.009913437429868176
   0.009520606618198193
   0.009121212754835737
   0.008781390385704375
   0.008424288128537114
   0.008167048934209439
   0.00795252336273055
   0.007873169701956628
   0.007815929697759117
   0.007793680090764574
   0.007853404128801079
   0.007958341004475648
   0.008136606284052236
   0.008440029845159564
   0.0087865173503853
   0.009139761805985835
   0.009526164836443371
   0.00993140066933964
   0.010277413129413741
   0.010686885210407159
   0.011089250976082772
   0.011501955716062646
   0.011904984767038478
   0.012339336018542977
   0.012712611817245114
   0.013106385920212417
   0.01357787415863684
   0.01396248488217538
   0.014428358906108286
   0.014759561102857099
   0.01523090970394625
   0.015626422724700363
   0.016195918920097432
   0.016640354515269143
   0.017090144675523868
   0.01760272751277977
   0.017955401943081966
   0.018544567328667088
   0.01904351666761648
   0.019427710373844602
   0.01987767228741185
   0.020509024483940718
   0.021009770672310316
   0.021470200545812893
   0.021736678412831795
   0.022554388415039123
   0.022905959944147368
   0.02357533536684119
   0.02411998972641142
   0.024744181609720414
   0.02505921980268877
   0.025686532109627846
   0.02632683183845659
   0.02673155990536871
   0.027767673510029223
   0.028363696234767942
   0.029114992110328905
   0.029882448091403516
   0.03002439549731607
   0.031065814699922575
   0.031855353717726555
   0.03314605661118563
   0.033577883060424696
   0.034079634317957616
   0.03491281150762888
   0.035286989376337306
   0.03608855908020155
   0.03713704294577873
   0.03749831302957637
   0.03811955936779789
   0.0397285628661472
   0.04140825325085417
   0.04090093410950317
   0.041634703951887744
   0.04329561546413033
   0.044191178616970805
   0.04454495412312472
   0.045532755615161645
   0.04780218332306015
   0.047809887788766686
   0.04970682958461033
   0.04948475906639675
   0.05109321813094955
   0.05279885175859289
   0.05420875215864022
   0.05542471114528971
   0.05614241358082231
   0.05615578941975031
   0.05818263828559792
   0.05957843578347645
   0.062321844453679914
   0.06452922478201566
   0.06574228818051363
   0.06509592284703888
   0.06745346366342045
   0.07006397557656983
   0.06675332206728862
   0.07177257707391718
   0.0714224093840601
   0.0737001283743369
   0.07457696725558784
   0.0778140964545162
   0.07572091872569123
   0.07909927984782919
   0.08304965442213909
   0.08204378759212863
   0.08555416846083047
   0.08724979435014027
   0.0905956326272359
   0.09030411232142664
   0.0946757041001906
   0.09708594648710578
   0.0983157347323292
   0.1066088589884496
   0.10557461816175326
   0.10327135842885789
   0.10794453812975727
   0.11009046018458594
   0.12107209966797496
   0.11423345009325794
   0.11623951565625176
   0.12477302225212061
   0.126832021850726
   0.12357486424833027
   0.1307625582814178
   0.13824284448082289
   0.12399516407587002
   0.14093857825662287
   0.1419797516013878
   0.14835772241116454
   0.14750787198259502
   0.15216076961872954
   0.16090711117846096
   0.1508609249397683
   0.1572276579197891
   0.1636213131440224
   0.17326394553048796
   0.16696151476395293
   0.17698659281400464
   0.17784510219358912
   0.16437220635564342
   0.1959798415620258
   0.19560497468737592
   0.20002077762186488
   0.193959517798115
   0.20205879845734623
   0.2115668758012182
   0.19966932792153622
   0.21954534563540654
   0.2515189073379898
   0.22640169049525566
   0.22637579375896177
   0.23393445189001702
   0.24403439655835632
   0.22985616688249205
   0.2313775265358366
   0.25196837796053595
   0.2510138886092405
   0.24584638383438645
   0.2801321159348233
   0.24394261945586032
   0.2788795040474968
   0.2598447721593485
   0.30045594981257695
   0.31886138357628335
   0.27849295658922163
   0.32443667778895907
   0.30828123899136256
   0.30269537183436723
   0.3158626958511966
   0.35695913311565713
   0.33332733327933234
   0.31491197773188667
   0.3513584923172582
   0.3651428944034559
   0.43643119787223106
   0.47140027813125246
   0.3988960830191379
   0.37138529115025354
   0.4518349147311796
   0.43080854216229275
   0.3848949832722533
   0.5345187421543661
   0.36442900543178497
   0.5128077403342434
   0.4690373119486338
   0.5714250714178526
   0.45674148053943114
   0.4850671269495169
   0.40703374967290007
   0.4850671269495169
   0.5497437787026082
   0.5303263146403354
   0.8944249549291433
   0.5546965906622355
   0.5345187421543661
   0.6928174362701909
   0.6666636666599165
   0.49999599998399985
   0.6030193725216162
   0.7559263002625133
   0.6666636666599165
   0.7559263002625133
   0.8164941314343089
   0.6666636666599166
   0.8164941314343089
   0.7559263002625133
   0.7559263002625133
   0.5958402351291968
   0.6666636666599165
   0.8571405238063479
   0.7483288047375967
   0.8164941314343089
   0.63245236974811
   0.7071039527537659
   0.9999979999980001
   0.8944249549291433
   0.8164941314343089
   0.9999979999980001
   0.8944249549291433
   1.2247432383973387
   1.4907106433584696
   0.8164941314343089
   0.9999979999980001
   0.8944249549291433
   1.1546988063271448
   0.9999979999980001
   0.9999979999980001
   1.1546988063271448
   1.4907106433584696
   1.4142121481588255
   1.4142121481588255
   1.1546988063271448
   1.4142121481588255
   1.1546988063271448
   0
   1.9999989999997498
   1.9999989999997498
   1.1546988063271448
   1.4142121481588255
   1.9999989999997498
   1.9999989999997498
   1.4142121481588255
   0
   0.9999979999980001
   1.4142121481588255
   1.9999989999997498
   1.4142121481588255
   1.4142121481588255
   1.9999989999997498
   0
   0
   1.9999989999997498
   1.4142121481588255
   1.4142121481588255
   1.9999989999997498
   0
   1.4142121481588255
   1.9999989999997498
   1.9999989999997498
   1.9999989999997498
   1.1546988063271448
   0
   0
   0
   1.9999989999997498
   0
   1.9999989999997498
   1.9999989999997498
   1.9999989999997498
   1.9999989999997498
   0
   1.4142121481588255
   1.9999989999997498
   1.9999989999997498
   0
   0
   1.9999989999997498
   0
   0
   1.9999989999997498
   0
   0
   1.9999989999997498
   1.9999989999997498
   0
   0
   1.4142121481588255
   0
   0
   0
   0
   0
   0
   0
   0
   0
   1.9999989999997498
   0
   0
   0
   0
   0
   0
   0
   0
   0
   0
   0
   0
   0
   0
   0
   0
   0
   0
   0
   0
   0
   0
   0
   0
   0
   0
   0
   0
   0
   0
   0
   0
   0
   0
   0
   0
   0
   0
   0
   0
   0
   0
   0
   0
   0
   0
   0
   0
   0
   0
   0
   0
   0
   0
   0
   0
   0
   0
   0
   0
   0
   0
   0
   0
   0
   0
   0
   0
   0
   0
   0
   0
   0
   0
   0
   0
   0
   0
   0
   0
   0
   0
   0
   0
   0
   0
   0
   0
   0
   0
   0
   0
   0
   0
   0
   0
   0
   0
   0
   0
   0
   0
   0
   0
   0
   0
   0
   0
   0
   0
   0
