   0.005921001337747714
   0.005252893787749966
   0.004929913874861444
   0.0047533941233572395
   0.004639263974079484
   0.0045866114331456894
   0.004547938303399835
   0.004528613761037391
   0.0045149910190437235
   0.004503162857322981
   0.0044948098587309455
   0.004493921010354228
   0.004492914565103764
   0.004504556957782009
   0.004494688322108488
   0.004495291208981997
   0.00449989094164631
   0.004485245639375419
   0.00449199296188379
   0.004495947468698793
   0.004484166869581345
   0.004493616732111763
   0.004483902062229942
   0.004487874291187467
   0.0045058624071537155
   0.004490887401021206
   0.004484614150358042
   0.004484947278975665
   0.004488482743167495
   0.004489189916358812
   0.004491763956977677
   0.0044881645739034215
   0.004488202329256174
   0.004489231688516931
   0.004489269624577958
   0.004483714146827429
   0.004490716775123365
   0.004491702980307038
   0.004493765806936419
   0.004492393950805415
   0.004491176944888601
   0.004482612305426886
   0.004484734105198041
   0.004487797030337306
   0.004480644160519544
   0.004490798158265957
   0.004488440535552458
   0.004486139896838556
   0.004493643854015728
   0.004482774720835575
   0.004478943585719963
   0.004487429640324863
   0.0044842852726509315
   0.004494113379330626
   0.0044832186890718774
   0.004489213217776447
   0.0044892563435682525
   0.0044925397013237875
   0.004490865388117401
   0.004492474771556217
   0.004483424141056402
   0.00448424471118844
   0.004488315435140864
   0.004482715866006248
   0.004488743486113607
   0.004492193821604418
   0.004499279015196381
   0.004490899359240628
   0.004488047801080395
   0.004481431879024498
   0.004491725873097959
   0.004491088974522424
   0.004491669209204154
   0.0044913429985356116
   0.004493159213439345
   0.00448950010261324
   0.004497699917034382
   0.004496557798722508
   0.004493081648228125
   0.00449213973661637
   0.004487725743896207
   0.004480429070195227
   0.004478669071800383
   0.004481723246984828
   0.004485362598445475
   0.004484075095572611
   0.004491511527806477
   0.004500535732143939
   0.004497970278356168
   0.004501723965950012
   0.004514173164500261
   0.004510946402456045
   0.004522830188879742
   0.004542760909874466
   0.004576010218726645
   0.004651178753768446
   0.0047496760088550204
   0.004929950705665233
   0.0052693200290073695
   0.005925861633771575
