   0
   0
   0
   0
   0
   0
   0
   0
   0
   0
   0
   0
   0
   0
   0
   0
   0
   0
   0
   0
   0
   0
   0
   0
   0
   0
   0
   0
   0
   0
   0
   0
   0
   0
   0
   0
   0
   0
   0
   0
   0
   0
   1.9999998999999975
   1.9999998999999975
   0
   0
   0
   0
   0
   0
   0
   0
   0
   1.9999998999999975
   0
   0
   0
   0
   0
   0
   0
   0
   0
   0
   1.9999998999999975
   0
   0
   0
   0
   1.9999998999999975
   1.9999998999999975
   0
   0
   0
   0
   1.9999998999999975
   1.4142134209517316
   0
   0
   1.9999998999999975
   1.9999998999999975
   0.9999997999999799
   0.9999997999999799
   0.9999997999999799
   1.4142134209517316
   0.816496335978715
   1.1547003651741576
   1.4142134209517316
   0.6666663666665992
   0.9999997999999799
   0.8571426238094921
   0.7041785062006943
   0.6666663666665992
   0.65555447227191
   0.6236092437487508
   0.65555447227191
   0.6236092437487508
   0.7071064983437785
   0.7370274598298289
   0.7041785062006943
   0.5714282214284643
   0.4841530097624136
   0.5590166366039565
   0.4690411495807164
   0.37499946666628736
   0.3961762294184781
   0.4969035925075543
   0.3651478239471424
   0.3771230863023665
   0.31491769356295024
   0.3061855646499358
   0.30743708041174583
   0.3430742148361904
   0.280130556386372
   0.24243578573321561
   0.23237626609941409
   0.23394214622654613
   0.2317727513416165
   0.20116160746584866
   0.2204783688054479
   0.18856074765325773
   0.1779746586488186
   0.16600989713798625
   0.1657437298211489
   0.16191082708531288
   0.15151001396391495
   0.14270719799760886
   0.12519015295352207
   0.12551471152407467
   0.11524257025943146
   0.11485398005595575
   0.10549968412562707
   0.10054478962262463
   0.09604732686179915
   0.09201616848544639
   0.08565819008592943
   0.08160007382633304
   0.07818994023222267
   0.07284205693673498
   0.06917904152995172
   0.06481488267579522
   0.0644809063441289
   0.06107005830187985
   0.05937147370170519
   0.05415187424978514
   0.052106017815866726
   0.05014400919436759
   0.0465118032443294
   0.04561048023577048
   0.04262750828991894
   0.04052226649007676
   0.03850536728882839
   0.03648040953228344
   0.034725458445157426
   0.032646801163799644
   0.031053531067762836
   0.029738234539177552
   0.027725959971389186
   0.02661433257665294
   0.025263055028081412
   0.024075560159543943
   0.022571858489899097
   0.021424766715685474
   0.02033512357318302
   0.019510332869895935
   0.018461674056998657
   0.01738723423840743
   0.01633422252729186
   0.015493666002608228
   0.014815752060666283
   0.01399986176581589
   0.013210842598168798
   0.012463358422600474
   0.011832014039781997
   0.011188997351941213
   0.010604763725688362
   0.009984925833165929
   0.009474077003600128
   0.008848467197816574
   0.008397085714546013
   0.007906912983034952
   0.007384668389460267
   0.0069217413798149064
   0.006489009748543419
   0.006072295817181354
   0.005658573485445224
   0.0052467403567727465
   0.004881706679627657
   0.004517876602884658
   0.004163899342802918
   0.0038436708179968157
   0.003521082906397046
   0.003219361779320558
   0.002942781951320035
   0.0026670826247958417
   0.0024299273184201146
   0.0022770383643117456
   0.002178865336390459
   0.0021252420521518703
   0.0020992762810278036
   0.0020968304908009715
   0.002123955344259956
   0.002179195699107454
   0.002273193158313205
   0.0024297818125474666
   0.0026637360207525706
   0.0029346157837405714
   0.0032183062634002376
   0.0035289052450319675
   0.0038421347528528322
   0.004172057169192866
   0.004527443829129852
   0.004885364945272367
   0.00524583185139537
   0.00565159383624359
   0.006058842545314214
   0.006495672463497577
   0.006923012440153992
   0.007389779064790875
   0.00785404371997365
   0.008381226009766473
   0.008863923515553348
   0.009432990309026456
   0.010008772580235997
   0.010564535882839968
   0.0111865779915346
   0.011773088089912705
   0.012539054482379861
   0.013201415719007584
   0.013957319897879758
   0.014639529288873505
   0.015531044986732023
   0.016473881177749006
   0.017330740077613736
   0.018218128084355224
   0.01917555083546384
   0.020156518867201167
   0.02139162246430276
   0.022537960572385968
   0.02382284443802987
   0.024910243112214046
   0.02620867554802472
   0.027938217546548176
   0.029149545060439968
   0.030912466730262565
   0.03220031671776016
   0.03403851952431591
   0.036336276609943055
   0.03848273592854676
   0.039754609155369436
   0.04192191994946452
   0.04348315795032696
   0.04683902698022605
   0.04901308607702634
   0.05205932577515554
   0.054407723739340066
   0.05838577436661068
   0.060589826182847605
   0.06323634627523861
   0.06817609940674119
   0.07162798114869234
   0.07281456708949216
   0.07756610775328221
   0.0814195239042834
   0.08782466440415153
   0.09515806013272136
   0.10083347493954671
   0.10355893042613909
   0.11149190033111198
   0.11238045922455825
   0.12152113202552199
   0.12844058474798065
   0.12777374774281647
   0.13976486142630593
   0.14164995316623902
   0.15029116106487397
   0.16486509608820366
   0.18073802606323733
   0.18963035600911535
   0.1917567281838945
   0.19917083493223425
   0.21359129664401993
   0.2086258483354047
   0.24593926491104173
   0.2476514748877395
   0.27746886468654375
   0.2939380887193763
   0.2929136674312882
   0.28571358571342825
   0.3380611102829107
   0.30499648492065196
   0.3617652270140154
   0.383983228304962
   0.3989005954470499
   0.3481547374546571
   0.45674542148263675
   0.5714282214284643
   0.4969035925075543
   0.4308127203321647
   0.5773499227793603
   0.48507083776192816
   0.5773499227793603
   0.49999959999983995
   0.816496335978715
   0.6928200343523562
   0.7370274598298289
   0.8944269673930901
   0.7559286814432771
   0.7071064983437785
   0.9999997999999799
   1.1547003651741576
   1.1547003651741576
   0
   1.9999998999999975
   0.816496335978715
   1.1547003651741576
   0.8944269673930901
   1.9999998999999975
   0
   1.9999998999999975
   0.9999997999999799
   1.4142134209517316
   0
   0
   1.9999998999999975
   1.9999998999999975
   1.4142134209517316
   1.4142134209517316
   1.4142134209517316
   1.4142134209517316
   1.9999998999999975
   1.9999998999999975
   0
   0
   1.9999998999999975
   0
   0
   0
   0
   0
   0
   0
   0
   0
   0
   0
   1.9999998999999975
   0
   0
   0
   0
   0
   0
   0
   0
   0
   1.9999998999999975
   0
   0
   0
   0
   0
   0
   0
   0
   0
   0
   0
   0
   0
   0
   0
   0
   0
   0
   0
   0
   0
   0
   0
   0
   0
   0
   0
   0
   0
   0
   0
   0
   0
   0
   0
   0
   0
   0
   0
   0
   0
   0
   0
