   0.011368566987841854
   0.010733018576179042
   0.01031785219907094
   0.009962526097243534
   0.009664825048064249
   0.009454371291334297
   0.00923188450838006
   0.009063634233441056
   0.008896915070146042
   0.00876151371284101
   0.008678627769989383
   0.008563898811002802
   0.008472357691270995
   0.008400534117321772
   0.008342409357369844
   0.00831126979611953
   0.008262062185261125
   0.008224910865084424
   0.008206977351878217
   0.008177015204350022
   0.008159182276301753
   0.008151574142663187
   0.008131363191636378
   0.00812564304938075
   0.008101788108132784
   0.008109666334725384
   0.008096875578434085
   0.008072173292108582
   0.008065768221245991
   0.008059776297165542
   0.008053809924746332
   0.008072113396087753
   0.00806614167416337
   0.008068605919773895
   0.008051554140491182
   0.008037904253685313
   0.00804894971143823
   0.0080536921447881
   0.008056195702292362
   0.008055587958779444
   0.008091939316997915
   0.008077181176871513
   0.008042944138287586
   0.008052377272699075
   0.008067330530174992
   0.008041367021685512
   0.008026108992578275
   0.008054007533999307
   0.008039886642937033
   0.008042308398114694
   0.00804135213730822
   0.008052848700213415
   0.00805186556511358
   0.008066088547859328
   0.008048570816598532
   0.008049338028254449
   0.008076867900769658
   0.00805779602261421
   0.008065755338054708
   0.008066787195537793
   0.008042135588627475
   0.008056951153243756
   0.008052665855894734
   0.008058941583401629
   0.008065414878711269
   0.008064298340794378
   0.008072132421721835
   0.008072398680076484
   0.008051347667543734
   0.008074864539449595
   0.008069831089076801
   0.008089250056906578
   0.008090272024673856
   0.008116745728783615
   0.008108763555498747
   0.008110813122564287
   0.008099422318931342
   0.008110616652619434
   0.008139355355239462
   0.008177830272433706
   0.008194653393132004
   0.008193954875207752
   0.008229955050885194
   0.008274054748492644
   0.008323688986573999
   0.00838477271271988
   0.008434804683379423
   0.008488771692095404
   0.008568036150657906
   0.008689176726935552
   0.008784103705543346
   0.008885554582735846
   0.009052332287927838
   0.009234556529053937
   0.009475240931501887
   0.009728969805837503
   0.009987753984325554
   0.010317135236495906
   0.010743421472036066
   0.011405054840636903
