   0
   0
   0
   0
   0
   0
   0
   0
   0
   0
   0
   0
   0
   0
   0
   0
   0
   0
   0
   0
   0
   0
   0
   0
   0
   0
   0
   0
   0
   0
   0
   0
   0
   0
   0
   0
   0
   0
   0
   0
   0
   0
   0
   0
   0
   0
   0
   0
   0
   0
   0
   0
   0
   0
   0
   0
   0
   0
   0
   0
   0
   0
   0
   0
   0
   0
   0
   0
   0
   0
   0
   0
   0
   0
   0
   0
   0
   0
   0
   0
   0
   0
   0
   0
   0
   0
   0
   0
   0
   0
   0
   0
   0
   0
   0
   0
   0
   0
   0
   0
   0
   0
   0
   0
   0
   0
   0
   0
   0
   0
   0
   0
   0
   0
   0
   0
   0
   0
   0
   0
   0
   0
   0
   0
   0
   0
   0
   0
   0
   0
   0
   0
   0
   0
   0
   0
   0
   0
   0
   0
   0
   0
   0
   0
   0
   1.9999998999999975
   0
   0
   0
   1.9999998999999975
   0
   1.9999998999999975
   1.9999998999999975
   0
   0
   1.490711850835775
   1.490711850835775
   0
   0
   1.9999998999999973
   1.9999998999999975
   0
   0
   1.9999998999999975
   1.490711850835775
   1.9999998999999975
   1.1547003651741576
   1.054092363652783
   1.9999998999999975
   1.1065664896057388
   1.4142134209517316
   0.942808829450005
   1.224744708092262
   1.1999998333333217
   1.224744708092262
   1.1547003651741576
   0.816496335978715
   1.1180338098644422
   0.7453557241717242
   0.7925268282864114
   0.8660251728443001
   0.8944269673930901
   0.6849345972201549
   0.7663270957812544
   0.5882349541175488
   0.6998539264499035
   0.65555447227191
   0.5144413314984276
   0.4607000086381415
   0.4592788913067963
   0.5128724488143562
   0.4823759743285503
   0.4494661300033651
   0.40824780056562054
   0.4261344902122312
   0.3984843411381746
   0.39397332287666814
   0.3608006579718216
   0.32025568310976554
   0.39223176037408525
   0.3354029666204518
   0.3046938175869331
   0.29772849927371475
   0.324067205670707
   0.2655292338014872
   0.2562587251985048
   0.2376551714131327
   0.2534397925824927
   0.20142645264084894
   0.20869953977604858
   0.19798108548794913
   0.19702364475744605
   0.18287134974855546
   0.16282653242536543
   0.16288865249625728
   0.15617573148571723
   0.1497292458016816
   0.1440211870249039
   0.1367600223153817
   0.12924612758129647
   0.11963420974213439
   0.11553931188457121
   0.11186292137181926
   0.1093632011667584
   0.09785313059298147
   0.09290650325063303
   0.09545140331115239
   0.08748415599993183
   0.0869004219399039
   0.07937596749031037
   0.07765770970917005
   0.0722114190439553
   0.07041107565102006
   0.06635591148521533
   0.06412725270741368
   0.05902120902003661
   0.057606969202942046
   0.05599902969060074
   0.0520292111482899
   0.048950898065079074
   0.04721390938757348
   0.0454353802373159
   0.04372393105280219
   0.04131374011035978
   0.03928331816087397
   0.03716797478368713
   0.036164184805241965
   0.03395737202555159
   0.03298011758256587
   0.03125844740327804
   0.029859648851525977
   0.02833409040331203
   0.027172687435904754
   0.025501906455779974
   0.02459919440307857
   0.02359210578819246
   0.022304605398304127
   0.021279784870553535
   0.020363436921671852
   0.01939248637489592
   0.01852775550351441
   0.017474139892553826
   0.016621701690513982
   0.015902588714641192
   0.015197175730334644
   0.014466513820284679
   0.013839190290118222
   0.013145925862845138
   0.012577058744939779
   0.0119379864945105
   0.011390967835196296
   0.010913467508915352
   0.010347467693660057
   0.009870386423381438
   0.009376752767391423
   0.00896090034623348
   0.008539858917807995
   0.008138509849888443
   0.007768188538884483
   0.007390089796666008
   0.007058976228011942
   0.006716115307479927
   0.006403527388852151
   0.006111527140109653
   0.0058224431223124744
   0.005545735898568443
   0.005281358803300887
   0.005014629646609484
   0.0047915628295610935
   0.004566166625391243
   0.004353570771314732
   0.0041453331225176195
   0.003943679632155328
   0.003762482461748622
   0.003577367409635852
   0.002372576033097113
   0.0023282693642698946
   0.0022979218418646883
   0.0022775627991900964
   0.002266890720563695
   0.002268199885373879
   0.0022777340398245378
   0.0022989579942865675
   0.002329009466997386
   0.002377932939647042
   0.003579685491901252
   0.003758639676771471
   0.003955032692525919
   0.004143330729009745
   0.004352858578660387
   0.004567286260052113
   0.0047872010723733266
   0.005033062540005945
   0.005285386714627145
   0.005554971515338883
   0.005812138713735456
   0.006096728595298253
   0.0064174369735767855
   0.006721575909737159
   0.007049971327101329
   0.007382334281681973
   0.007752833356679409
   0.008167241401165431
   0.008537987617358174
   0.00898023999791905
   0.009382138377842365
   0.009850620067443337
   0.010332552516631848
   0.010852622582491134
   0.01141265356832041
   0.011925254707762597
   0.012556490543965397
   0.013185961014009928
   0.013823742043787739
   0.014436933217927952
   0.015253191410128956
   0.015864857660513862
   0.016694985979842012
   0.017384366197302704
   0.018247663895625325
   0.019301589612449165
   0.020435287845267762
   0.021277387465271497
   0.02228365277358788
   0.02332311154815698
   0.024558279380811454
   0.025801064881443278
   0.027155288455464152
   0.028288411695501142
   0.029810474703296282
   0.0312149861777389
   0.032459425154189515
   0.03444616262222713
   0.035468182662565476
   0.03783376944959081
   0.03946964326195148
   0.0416977070239052
   0.04252206677533478
   0.045642162410762896
   0.04817136695221435
   0.04975528211733687
   0.05219118637845078
   0.05491932014526431
   0.058161232614155525
   0.060850193968025774
   0.061599882805856564
   0.06764686569016577
   0.07058831910465654
   0.07323349642392855
   0.07676167986042579
   0.07894677229526988
   0.08332228153065338
   0.09088758256276895
   0.09338594996727388
   0.09530833084048054
   0.10155279083148207
   0.10929993935031133
   0.11215551096906118
   0.11368581787219925
   0.11963420974213439
   0.13084352898142793
   0.14039785837825855
   0.1464939069234897
   0.1515772627978698
   0.16236969968898673
   0.17250988238393486
   0.17292740451858973
   0.1818170818148543
   0.18646637361231966
   0.1937096375189706
   0.2351674097493554
   0.21939182936452847
   0.23344778837289026
   0.28333093126059594
   0.23036779080996522
   0.27498524315064127
   0.2790392204601394
   0.3128598175688802
   0.33126872626106474
   0.3068915532965424
   0.34939345476556083
   0.3048498396056309
   0.3856940893746135
   0.36835711424965
   0.34359155338214525
   0.4642203627369054
   0.4320489169835594
   0.5185181328040893
   0.45564466061548975
   0.5137007775825231
   0.5122495485600743
   0.8485279017215639
   0.5567930527509142
   0.9358094063271719
   0.6849345972201549
   0.7041785062006943
   0.7423683123026675
   0.7483312100934986
   0.7692305092307252
   0.8571426238094921
   1.224744708092262
   0.7559286814432771
   1.058300335443583
   0.9128707100862276
   1.058300335443583
   1.058300335443583
   1.019803706602403
   1.4142134209517316
   1.9999998999999975
   1.224744708092262
   1.054092363652783
   1.9999998999999975
   1.490711850835775
   0
   1.9999998999999975
   1.9999998999999975
   0
   1.9999998999999977
   1.9999998999999975
   1.9999998999999975
   1.4142134209517316
   1.9999998999999975
   1.490711850835775
   0
   1.9999998999999975
   0
   1.5811387035930782
   0
   0
   1.9999998999999975
   1.9999998999999975
   1.9999998999999975
   0
   1.9999998999999975
   0
   1.9999998999999975
   0
   0
   0
   0
   1.9999998999999975
   0
   0
   0
   0
   0
   0
   1.9999998999999975
   0
   0
   0
   0
   0
   0
   0
   0
   0
   0
   0
   0
   0
   0
   0
   0
   0
   0
   0
   0
   0
   0
   0
   0
   0
   0
   0
   0
   0
   0
   0
   0
   0
   0
   0
   0
   0
   0
   0
   0
   0
   0
   0
   0
   0
   0
   0
   0
   0
   0
   0
   0
   0
   0
   0
   0
   0
   0
   0
   0
   0
   0
   0
   0
   0
   0
   0
   0
   0
   0
   0
   0
   0
   0
   0
   0
   0
   0
   0
   0
   0
   0
   0
   0
   0
   0
   0
   0
   0
   0
   0
   0
   0
   0
   0
   0
   0
   0
   0
   0
   0
   0
   0
   0
   0
   0
   0
   0
   0
   0
   0
   0
   0
   0
   0
   0
   0
   0
   0
   0
   0
   0
   0
   0
   0
   0
   0
   0
   0
   0
   0
   0
