   0.007388879089804327
   0.006435641041251177
   0.006222451219600916
   0.00617170424435284
   0.006181903349627893
   0.006165961762027335
   0.006167546370951586
   0.0061589545726231576
   0.00617267489303858
   0.0061585218508502645
   0.006148555645095497
   0.006146674185601869
   0.006163876488815725
   0.006176265350591825
   0.0061574560849856205
   0.006166521897014957
   0.006151747544253497
   0.0061639143328469466
   0.006148636607914088
   0.006158344237383239
   0.006151640368975941
   0.006163591268312135
   0.006181305363695468
   0.006170784750013754
   0.006171861067415662
   0.006154720025772179
   0.006157906484180201
   0.006155600082339153
   0.006164108905976841
   0.006159985803454751
   0.006167870236075048
   0.006174272564457194
   0.006173668860864319
   0.006172256794065826
   0.006163069540841727
   0.006167999543476305
   0.006158209844440923
   0.006161772076416278
   0.00617417651560645
   0.006164070406664447
   0.006173080613298321
   0.00616301885314206
   0.006163083886138106
   0.006169337715413745
   0.006143731863965633
   0.00616663547787602
   0.006151801383072066
   0.00614988144533409
   0.006155139934413314
   0.0061719249919861595
   0.006168973819007497
   0.006171601843486348
   0.006162342467716217
   0.006164367075392479
   0.006149971456226985
   0.006172065960104983
   0.006157711944106409
   0.0061750467008330825
   0.006157375138658567
   0.006163398559060937
   0.006162285529580378
   0.006147916636917247
   0.006152565743205202
   0.006150445730365308
   0.006145039898089027
   0.006168381572883743
   0.006158163288570176
   0.006159009312023305
   0.006164614355313721
   0.006172799821722899
   0.00616120600936551
   0.006161397032265193
   0.006168602210651931
   0.006158258422701525
   0.006161292867581337
   0.0061769897268106385
   0.006172875700223973
   0.006147620133828968
   0.006174793592930808
   0.006160701811424607
   0.006172008759979425
   0.006153500278835404
   0.006164213881084195
   0.006170869643377158
   0.006168654531982729
   0.006167219854286777
   0.006154498181278825
   0.006138254910661103
   0.006179633481836678
   0.006156710965875392
   0.006167050370418924
   0.006163194569031057
   0.006147512545877099
   0.006160669984263021
   0.006159048041930595
   0.006177678708438248
   0.006171661346649307
   0.006203155390717185
   0.006436356267454236
   0.0073803868578900655
