   1.9999998999999975
   0
   1.9999998999999975
   1.224744708092262
   1.1547003651741576
   1.4142134209517316
   1.4142134209517316
   1.4142134209517316
   1.4142134209517316
   0.9999997999999799
   1.1547003651741576
   0.9999997999999799
   0.49999959999983995
   0.7071064983437785
   1.1547003651741576
   0.603022357492957
   0.49999959999983995
   0.49999959999983995
   0.6236092437487508
   0.47140409652677207
   0.4347821486954088
   0.41096044686671346
   0.4040605228458343
   0.38872961182692406
   0.33756686689819737
   0.3644339446319456
   0.3054145766803445
   0.3513636152527134
   0.28549380492224546
   0.2723475890196692
   0.2745387055160825
   0.23173696758464912
   0.22690854825977008
   0.20257464354846313
   0.18646464367512655
   0.18619228971684085
   0.16464222339138906
   0.16416955022405624
   0.15108503381365096
   0.14296176496389917
   0.1262568963321815
   0.12086920813349188
   0.12199478009166151
   0.11094393979810101
   0.09971385357690127
   0.09763618721932853
   0.09362403155648888
   0.08589166302836253
   0.07758124642527663
   0.07649811437707642
   0.0700305931232515
   0.06869931634790803
   0.062450435467884015
   0.05659492958561415
   0.05437451529535759
   0.05106779483558606
   0.04878605474002528
   0.04607979392521022
   0.043425826669702024
   0.040454840365481796
   0.03791734677344213
   0.035365568788171986
   0.033023848719950184
   0.031278692102633725
   0.02915503241699982
   0.028003438034482905
   0.026142085683270047
   0.024510773515953044
   0.022900718952996238
   0.02166759369368928
   0.020305114179662898
   0.01898202549924109
   0.017952504385452702
   0.01672690537994757
   0.015804423036027755
   0.014854659632022059
   0.013867310225727255
   0.013016845086714789
   0.012368101845489081
   0.011500191854465075
   0.010775614655392706
   0.01018419729429297
   0.009540831144489762
   0.008957421062490412
   0.008406378946834396
   0.00787037809747983
   0.007431629336288811
   0.006963999066484638
   0.006544570268993951
   0.006124161051711598
   0.005747785002756347
   0.005393316597600031
   0.005067171993411027
   0.004761276233775712
   0.004464817198947036
   0.0024088874802100026
   0.002369516434626464
   0.00234223394799738
   0.002322271874653736
   0.0023117534234990264
   0.002312702998723936
   0.0023248378765340183
   0.0023417984303671572
   0.002369099825914272
   0.0024089284116890325
   0.004462622367910258
   0.004763981717838412
   0.005055980127851485
   0.005407021401481321
   0.0057761467024070425
   0.00613697020267805
   0.006539737706150332
   0.006960304169725929
   0.007433491034625916
   0.007898683813292553
   0.008383167772366076
   0.008979856197523983
   0.009523657463581586
   0.010154610827324214
   0.010833287207217166
   0.011483030391511816
   0.012244578844711937
   0.013085455142726429
   0.0140123076200298
   0.014771743134926348
   0.0159130553942868
   0.016666731740590576
   0.01787346064757276
   0.01894510362258027
   0.020234479892573848
   0.021691197345235988
   0.022936658061342048
   0.024503529898649068
   0.02622969522865916
   0.028273925942530684
   0.029342688405796912
   0.03134735618609086
   0.033612214363415584
   0.03568939466932259
   0.03823392393613858
   0.04006067396801259
   0.043463538293168416
   0.04630128101760774
   0.047653098826613324
   0.0518101190580874
   0.05362876508408938
   0.06078850116516955
   0.06249275738695583
   0.06526484534913686
   0.07001498397797076
   0.07680049873338912
   0.08110187481861124
   0.08597024920177701
   0.09343154212060653
   0.09873332817133637
   0.10492302940085256
   0.11020723608067688
   0.11881747372018894
   0.12758406184801904
   0.12851826602733515
   0.13769411369301615
   0.14684582792324716
   0.17218426892119681
   0.17738742273590496
   0.18856074765325773
   0.18834525440324065
   0.23394214622654613
   0.21998786722997943
   0.20351834891035073
   0.24216022652087602
   0.26037705384593995
   0.2749279721518059
   0.3046951036246554
   0.27985583203008846
   0.32403641770640534
   0.35685646803093
   0.3912298870099215
   0.3771230863023665
   0.5099015591268573
   0.4249178221204137
   0.521156922885617
   0.48507083776192816
   0.5714282214284643
   0.5546998356699844
   0.5773499227793603
   0.6324552158058308
   0.5773499227793603
   0.6666663666665992
   0.5773499227793603
   0.6666663666665992
   0.7559286814432771
   1.4142134209517316
   0.7559286814432771
   0.6666663666665992
   1.1547003651741576
   1.1547003651741576
   1.9999998999999975
   0
   0.9999997999999799
   1.4142134209517316
