   0
   0
   0
   0
   0
   0
   0
   0
   0
   0
   0
   0
   0
   0
   0
   0
   0
   0
   0
   0
   0
   0
   0
   0
   0
   0
   0
   0
   0
   0
   0
   0
   0
   0
   0
   0
   0
   0
   0
   0
   0
   0
   0
   0
   0
   0
   0
   0
   0
   0
   0
   0
   0
   0
   0
   0
   0
   0
   0
   0
   0
   0
   0
   0
   0
   0
   0
   0
   0
   0
   0
   0
   0
   0
   0
   0
   0
   0
   0
   0
   0
   0
   0
   0
   0
   0
   0
   0
   0
   0
   0
   0
   0
   0
   0
   0
   0
   0
   0
   0
   0
   0
   0
   0
   1.9999989999997498
   0
   0
   0
   0
   0
   0
   0
   0
   0
   0
   1.9999989999997498
   0
   0
   0
   0
   0
   0
   0
   0
   0
   0
   0
   0
   0
   0
   0
   0
   0
   0
   1.9999989999997498
   0
   0
   0
   0
   0
   0
   0
   0
   0
   0
   0
   0
   0
   0
   0
   0
   0
   0
   0
   0
   0
   0
   0
   0
   0
   0
   0
   0
   0
   0
   0
   0
   0
   1.9999989999997498
   0
   0
   0
   0
   0
   0
   0
   0
   0
   1.9999989999997498
   0
   0
   0
   0
   0
   1.9999989999997498
   0
   0
   1.9999989999997498
   0
   1.9999989999997498
   0
   1.9999989999997498
   0
   0
   0
   0
   0
   1.9999989999997498
   1.9999989999997498
   1.9999989999997498
   0
   0
   1.9999989999997498
   1.9999989999997498
   0
   1.9999989999997498
   1.4142121481588255
   0
   1.9999989999997498
   0
   1.9999989999997498
   1.9999989999997498
   1.4142121481588255
   0
   0
   1.9999989999997498
   1.9999989999997498
   1.1546988063271448
   1.9999989999997498
   1.9999989999997498
   0.8944249549291433
   0.9999979999980001
   1.9999989999997498
   1.9999989999997498
   1.4142121481588255
   0.9999979999980001
   0.9999979999980001
   0.790566885215919
   1.4142121481588255
   0
   0.9999979999980001
   0.9999979999980001
   1.1546988063271448
   1.1546988063271448
   1.1546988063271448
   0
   1.1546988063271448
   0.7071039527537659
   1.1546988063271448
   0.6928174362701909
   0.6666636666599165
   0.8944249549291433
   0.7071039527537659
   0.8164941314343089
   0.7559263002625133
   0.6030193725216162
   0.5958402351291968
   0.63245236974811
   0.8944249549291433
   0.63245236974811
   0.7071039527537659
   0.5714250714178526
   0.5163939064964522
   0.6030193725216162
   0.63245236974811
   0.47140027813125246
   0.5163939064964522
   0.5345187421543661
   0.48237224278498686
   0.47140027813125246
   0.45674148053943114
   0.45882710882147504
   0.4472091233416421
   0.45882710882147504
   0.39999499996874965
   0.45882710882147504
   0.41702403225504986
   0.39999499996874965
   0.37138529115025354
   0.3848949832722533
   0.39999499996874965
   0.37061154849131467
   0.35685142395051506
   0.3592050362460361
   0.3287918917919177
   0.3651428944034559
   0.34246160458843256
   0.3481495673013557
   0.2886682063084422
   0.2828356413184166
   0.30743122549945756
   0.25805676601265765
   0.2690520219585156
   0.2461748577862098
   0.25805676601265765
   0.24066785177501454
   0.24473196679921333
   0.25805676601265765
   0.21772323580042482
   0.23292921958872106
   0.22791237778596393
   0.23240615417543262
   0.22474722305097497
   0.2370100794856155
   0.20627455366419217
   0.1932113659421374
   0.20350950430678974
   0.18171406109599775
   0.21365151422137374
   0.1721209738225694
   0.18400506810962997
   0.16316623098825087
   0.1595555722419722
   0.18160414634069327
   0.16156287395443827
   0.14933676894736453
   0.14795246311681265
   0.1490487796094124
   0.14856020926466038
   0.14309773896346042
   0.13416981838776182
   0.13331315672732036
   0.12433343383083285
   0.12245815611873308
   0.12851167565803912
   0.11457919494775996
   0.11116920196920839
   0.11648873324866117
   0.10969909753939436
   0.11176656808737657
   0.10426580651309394
   0.1004403912925415
   0.10106411123685054
   0.09731183876761709
   0.09293072802022023
   0.08997101784062031
   0.09139573305582518
   0.08895957304710682
   0.08814459988158001
   0.08318087296995935
   0.08200837654923304
   0.08100738211693051
   0.07836289192681295
   0.07426421834001992
   0.07365706266805938
   0.0703158070745661
   0.07051436194886801
   0.06485306958433013
   0.0646786504473575
   0.06342530822802044
   0.062073685984841795
   0.06182590329074439
   0.05936852982251672
   0.05791994475135487
   0.056723208030840314
   0.05528978656952731
   0.05286368305848587
   0.050968375774082274
   0.04942264487730848
   0.04954872295352403
   0.04764237368475333
   0.04601216956421305
   0.04513875540851926
   0.04435155050434626
   0.043612050660190305
   0.04185252951112642
   0.040407049939017205
   0.03938508249247887
   0.038166780917214496
   0.03704454656108038
   0.03630122862934532
   0.035502353394871664
   0.03454840867632944
   0.03315033907144308
   0.032382245156489776
   0.03162063635076702
   0.03084071860703781
   0.029835212192616464
   0.029094331230316486
   0.02762081060202489
   0.02714955911088511
   0.026333144554881914
   0.025481531200190737
   0.024599891417225666
   0.024023515768397743
   0.022994714049307516
   0.022539547076519707
   0.021646214899410016
   0.020917702747946566
   0.019909712373591352
   0.019384319149355442
   0.018805067905290285
   0.01800968426500032
   0.017233028681978176
   0.01663993221955307
   0.015988300477903155
   0.015220896251997683
   0.014591443037680034
   0.013891516066339274
   0.013372315743147133
   0.01273921863913715
   0.01212245971243335
   0.011538476826602926
   0.010920069516479794
   0.01039258550454519
   0.009913049937740444
   0.009491533874466135
   0.009256097370698966
   0.009117928092513126
   0.009065751735873656
   0.009035086160675535
   0.009075656959863987
   0.009307471430440101
   0.00956259541252142
   0.009886803038161144
   0.01041513589688517
   0.010938867867851509
   0.011535938897512359
   0.012047890991847684
   0.012691960928718202
   0.013320716758389724
   0.01388841097852938
   0.014610446342576975
   0.01519069670279003
   0.015926021319099794
   0.01652837124683489
   0.01719367005411772
   0.01785304144467644
   0.018765845448340545
   0.019430198693224824
   0.020035986708252834
   0.020970067121060088
   0.021577951765234617
   0.02236727885429802
   0.023103263104289166
   0.024071092575757402
   0.02462777286308604
   0.025351003008920677
   0.02614799025454142
   0.027151569880344315
   0.028009744483728394
   0.02880549814384517
   0.029389021577427312
   0.030421573354546927
   0.03136152154294256
   0.03264099963730072
   0.033275528183066734
   0.034630538447317324
   0.03576261818112436
   0.03687191922585359
   0.03803574482058502
   0.03835471845605546
   0.03972119262490372
   0.0402327565369114
   0.041501673326371905
   0.04314216134038383
   0.043958508185642474
   0.04512135228400948
   0.047199693727719115
   0.04755748576256028
   0.04935620630236473
   0.0510288782385895
   0.0509536533793046
   0.05411582907317568
   0.055834173207331424
   0.05617503178572963
   0.058167580830022915
   0.05950260654110192
   0.060024231220520315
   0.06311668830767896
   0.0655240495908648
   0.0657756912596982
   0.06985883197197035
   0.069089008532672
   0.0720058628888049
   0.0731133620328892
   0.0743814444062614
   0.07683618670116875
   0.07635912888157605
   0.07902372863972222
   0.08226116994770596
   0.087359721261656
   0.08982697674019957
   0.0868380224293295
   0.09047842939055248
   0.09349332623785786
   0.10218261108315878
   0.10147887440950713
   0.10093536724456384
   0.0990754693243819
   0.11175224360177177
   0.109223637973879
   0.11183282801240407
   0.11933136093849414
   0.11223862790648848
   0.12132819385784838
   0.12283929617474172
   0.1269472942663132
   0.1267132255470401
   0.13995655302519375
   0.13761850491696495
   0.1410480976378851
   0.1442936464061031
   0.1458196184027071
   0.15920192359753124
   0.16043780245463293
   0.17522939981793473
   0.16723644331313664
   0.16642364923571032
   0.17470960601992655
   0.18813354323058817
   0.1774600320977261
   0.18096917493775508
   0.19995154737960943
   0.20964742773533845
   0.19966932792153622
   0.19995154737960943
   0.24242836097305454
   0.23375767805411113
   0.21039684725141045
   0.24531853820122354
   0.2353670793672333
   0.24955908523678605
   0.25768634034422544
   0.24907190995078232
   0.2672537584928815
   0.2624593090154908
   0.2800488752861179
   0.27734288691631687
   0.2828356413184166
   0.3086002191154362
   0.29813568872057045
   0.30150471125521555
   0.34299133928355885
   0.34246160458843256
   0.3481495673013557
   0.3585447118233543
   0.3481495673013557
   0.38872498133141775
   0.3848949832722533
   0.3922271712237104
   0.39122528610737306
   0.39122528610737306
   0.43643119787223106
   0.45882710882147504
   0.5345187421543661
   0.5128077403342434
   0.41702403225504986
   0.47140027813125246
   0.5345187421543661
   0.48237224278498686
   0.5497437787026082
   0.63245236974811
   0.5345187421543661
   0.5345187421543661
   0.63245236974811
   0.6928174362701909
   0.5163939064964522
   0.6030193725216162
   0.6236063573191737
   0.5546965906622355
   0.6666636666599165
   0.7559263002625133
   0.63245236974811
   0.6030193725216162
   0.8944249549291433
   0.7071039527537659
   0.8944249549291433
   0.8944249549291433
   0.9999979999980001
   1.1546988063271448
   0.8944249549291433
   0.9428069202593333
   0.7559263002625133
   0.9999979999980001
   1.1546988063271448
   1.4142121481588255
   1.4142121481588255
   1.1546988063271448
   1.4142121481588255
   1.4142121481588255
   1.0582986346017837
   1.9999989999997498
   0.9999979999980001
   1.4142121481588255
   1.9999989999997498
   1.4142121481588255
   1.1546988063271448
   1.4142121481588255
   0
   1.9999989999997498
   1.4142121481588255
   0
   1.9999989999997498
   0
   1.4142121481588255
   1.9999989999997498
   1.9999989999997498
   1.4142121481588255
   1.9999989999997498
   1.9999989999997498
   0
   0
   1.9999989999997498
   0
   1.4142121481588255
   0
   1.9999989999997498
   1.9999989999997498
   1.9999989999997498
   1.9999989999997498
   1.9999989999997498
   0
   0
   1.4142121481588255
   1.9999989999997498
   0
   0
   0
   1.9999989999997498
   1.9999989999997498
   0
   1.9999989999997498
   0
   0
   0
   0
   1.9999989999997498
   0
   0
   0
   0
   1.9999989999997498
   1.9999989999997498
   0
   0
   1.9999989999997498
   0
   0
   1.9999989999997498
   0
   0
   0
   0
   0
   0
   0
   0
   0
   0
   0
   0
   0
   0
   0
   0
   0
   0
   0
   0
   0
   0
   0
   0
   0
   0
   0
   0
   1.9999989999997498
   0
   0
   0
   0
   0
   0
   0
   0
   0
   0
   0
   0
   0
   0
   0
   0
   0
   0
   0
   0
   0
   0
   0
   0
   0
   0
   0
   0
   0
   0
   0
   0
   0
   0
   0
   0
   0
   0
   0
   0
   0
   0
   0
   0
   0
   0
   0
   0
   0
   0
   0
   0
   0
   0
   0
   0
   0
   0
   0
   0
   0
   0
   0
   0
   0
   0
   0
   0
   0
   0
   0
   0
   0
   0
   0
   0
   0
   0
   0
   0
   0
   0
   0
   0
   0
   0
   0
   0
   0
   0
   0
   0
   0
   0
   0
   0
   0
   0
   0
   0
   0
   0
   0
   0
   0
   0
   0
   0
   0
   0
   0
   0
   0
   0
   0
   0
   0
   0
   0
   0
   0
   0
   0
   0
   0
   0
   0
   0
   0
   0
   0
   0
   0
   0
   0
   0
   0
   0
   0
   0
   0
