   0.020341737166079517
   0.019571975310107594
   0.01926914272703605
   0.018920603283646715
   0.018734155244125476
   0.018549926761863355
   0.018320959393307773
   0.01811752576835709
   0.017859564095142628
   0.0176623312918062
   0.017465451706942737
   0.017284092305269276
   0.01714933090112017
   0.017006579799817324
   0.016796805800454846
   0.016693129772387436
   0.01656683726404011
   0.016417788063842108
   0.016290002663330208
   0.016225762952844232
   0.016056955672461466
   0.015885938276141626
   0.0157751960305147
   0.015676040325951202
   0.015565851269076045
   0.01548764640265168
   0.015399195314324448
   0.015282519500136147
   0.015194885903437169
   0.015104229188794638
   0.015012543771009542
   0.014927150786678754
   0.014878865272964819
   0.014840829778817944
   0.014828508412054013
   0.014776618972789528
   0.014739146463415096
   0.014718354676618296
   0.014674659044310947
   0.014637214243748961
   0.014590924529594264
   0.014573242604011683
   0.014568716013481878
   0.014552917278364495
   0.014549638845851013
   0.01452172595194146
   0.014500725724882216
   0.01447419312420616
   0.01451170090286579
   0.014505091839791765
   0.014500021640943012
   0.014477248691824603
   0.0145209691646919
   0.014473014315483477
   0.014493448043726664
   0.014519666533053975
   0.014524971930014027
   0.014573665983427818
   0.014600247821544078
   0.014622508532839541
   0.014642975925701407
   0.014715277812429331
   0.014767203181008007
   0.014792078249542182
   0.014790548023108935
   0.014854403498099003
   0.01494390731425669
   0.014989100374596874
   0.015064840511625105
   0.015097582214348251
   0.015166619258378918
   0.015148254258557368
   0.01523148042453339
   0.01536382255017039
   0.015499496267596181
   0.01559206123008249
   0.0156449833153336
   0.015708981479111324
   0.015861311827373006
   0.015993189968710828
   0.016097803982960932
   0.01619090633661627
   0.01626664764068897
   0.01639381943963185
   0.016565204432899692
   0.01665508020627567
   0.016841536156190964
   0.017031879902276035
   0.01718041579555058
   0.01740405280308133
   0.01757300306373821
   0.01774371720198818
   0.01801144829007787
   0.01819795800880166
   0.018454186330915716
   0.018732461488539145
   0.018993631681135725
   0.019391476230862667
   0.019622398303919233
   0.020134889646121656
