   0
   0
   0
   0
   0
   0
   0
   0
   0
   0
   0
   0
   0
   0
   0
   0
   0
   0
   0
   0
   0
   0
   0
   0
   0
   0
   0
   0
   0
   0
   0
   0
   0
   0
   0
   0
   0
   0
   0
   0
   0
   0
   0
   0
   0
   0
   0
   0
   0
   0
   0
   0
   0
   0
   0
   0
   0
   0
   0
   0
   0
   0
   0
   0
   0
   0
   0
   0
   0
   0
   0
   0
   0
   0
   0
   0
   0
   0
   0
   0
   0
   0
   0
   0
   0
   0
   0
   0
   0
   0
   0
   0
   0
   0
   0
   0
   0
   0
   0
   0
   0
   0
   0
   0
   0
   0
   0
   0
   0
   0
   0
   0
   0
   0
   0
   0
   0
   0
   0
   0
   0
   0
   0
   0
   0
   0
   0
   0
   0
   0
   0
   0
   0
   0
   0
   1.9999998999999975
   0
   0
   1.9999998999999975
   0
   0
   0
   1.9999998999999975
   0
   0
   0
   1.9999998999999973
   0
   0
   1.4142134209517316
   1.9999998999999975
   1.1547003651741576
   1.4142134209517316
   1.9999998999999975
   1.44222037151054
   1.490711850835775
   1.058300335443583
   1.4142134209517316
   1.9999998999999975
   1.1547003651741576
   1.5811387035930782
   1.4142134209517316
   1.9999998999999975
   1.1547003651741576
   1.1547003651741576
   1.224744708092262
   0.9999997999999799
   0.8571426238094921
   1.1547003651741576
   0.8944269673930901
   0.8944269673930901
   1.4142134209517316
   0.7071064983437785
   0.8571426238094921
   0.6324552158058308
   0.6666663666665992
   0.7041785062006943
   0.8571426238094921
   0.5302628954792099
   0.5590166366039565
   0.5958432560655667
   0.6388762519503465
   0.5345221096589792
   0.4351421749566864
   0.749655301504885
   0.5546998356699844
   0.45883103185102203
   0.4347821486954088
   0.44536132234177733
   0.4595645765286963
   0.33287073181600535
   0.37471023907188084
   0.33442157758231933
   0.3287973663338989
   0.3340954328741843
   0.31495967995919727
   0.3027013183485428
   0.29951834860895477
   0.27902378264276473
   0.2355396944474914
   0.253535198173605
   0.2386954017440065
   0.23486166276917006
   0.20889222971753554
   0.20786889267807696
   0.19061982012745096
   0.1888434733958388
   0.17448048351705361
   0.17292376571664814
   0.1666398155861094
   0.15016909014314397
   0.15204677717393286
   0.14409444487244522
   0.1267361832763337
   0.13075586578819925
   0.11773818256708166
   0.11774829403083814
   0.10847048333400997
   0.10478124325682713
   0.09835678938691277
   0.09825568533414811
   0.0911654056697291
   0.08823488648715802
   0.08461990913338259
   0.08146252884915162
   0.07531286228011087
   0.07177493084877637
   0.06911017805442182
   0.06651089038694416
   0.06455769440245568
   0.06082646402719763
   0.05910699357475914
   0.05507894362333931
   0.05400760074882988
   0.050766585459189426
   0.04947871084870143
   0.0472617343319846
   0.04444450939681684
   0.04288663114788241
   0.04092429200072519
   0.03897226772233143
   0.036736543333592865
   0.03501384081371627
   0.03361739091924322
   0.032152264931401366
   0.03046250514024078
   0.02916541826708319
   0.027901909345556232
   0.026572113849121223
   0.025481016467061326
   0.024216311753157194
   0.023030521320338563
   0.02193800329459338
   0.02107404884914624
   0.02023948046089939
   0.019202500410514786
   0.018316239475016118
   0.01764869429005523
   0.016747969982906407
   0.015977102431746833
   0.015391514917176694
   0.014604749955339162
   0.013920879400350286
   0.013276455595995558
   0.01261067935452391
   0.012037814397254848
   0.011560098932057446
   0.010993131838373587
   0.01047408483771043
   0.009988985712080884
   0.009508840473056751
   0.009061083645773639
   0.008614199596317618
   0.00826128946572097
   0.00786104493931011
   0.0074671123605591205
   0.007104982986122505
   0.006746073677559572
   0.006404476269056871
   0.006078056198610987
   0.005771378625675695
   0.005461756743305656
   0.005178684565207791
   0.004896913753103889
   0.004617682364203773
   0.004349690237392938
   0.004097508886606337
   0.0038501180424040386
   0.003612674397477712
   0.0033853720604407884
   0.003162281493396519
   0.0029461855042378264
   0.002735070945507641
   0.0025325364356592285
   0.002335795504886101
   0.0021611205576967524
   0.0020449333551276626
   0.001967555153591378
   0.0019236654950224995
   0.0019015006410463562
   0.001901499438392562
   0.0019217436840809465
   0.0019672212747557914
   0.0020436505936936174
   0.0021613380807834677
   0.002336104703635156
   0.0025345096942501807
   0.002734042146027847
   0.0029435287276273693
   0.0031631958521606955
   0.003382315900769677
   0.003617330887410251
   0.0038572001457174722
   0.004105460794646208
   0.004353014787062991
   0.00461826095744464
   0.0048917873735122375
   0.005158363628511505
   0.00545658202785872
   0.005751585017365278
   0.006067871333991835
   0.006391539800006918
   0.006732089887524948
   0.007066537656437082
   0.007435762061929662
   0.007813472670836763
   0.008189820438942235
   0.008683030364117954
   0.00906317927103624
   0.00952973296500083
   0.009954349007492586
   0.01047882511606894
   0.010943775852874529
   0.011521018000135918
   0.012130444800573062
   0.012620538115991278
   0.01326684419755341
   0.01388029742152494
   0.014554747903906092
   0.015252227714379616
   0.0159627626879784
   0.016813608643507488
   0.017608152491527276
   0.01827633090445589
   0.019375429517211495
   0.020345667535580203
   0.021119820859333855
   0.02221398261672068
   0.02331809513410667
   0.02418040801054842
   0.02530304932473022
   0.026516550509192226
   0.02771491635889403
   0.029191298054195215
   0.03081594782956845
   0.03192564667384735
   0.03374469194663521
   0.035309490245086915
   0.03637651058238803
   0.03889013891092689
   0.04056880125671256
   0.042112211776227766
   0.043960009260143755
   0.046992822636209595
   0.04899616258572174
   0.05134618851092637
   0.0538170240274008
   0.05643475542489485
   0.0586484222986115
   0.06157476871336509
   0.06393163308795087
   0.06558683708776998
   0.0709963259932692
   0.075498202515145
   0.07595376351281037
   0.07970275937616557
   0.08269710847722683
   0.08855736301463162
   0.0910037740290056
   0.09525247133217374
   0.10770302848833765
   0.10785627200816701
   0.10999196285690785
   0.12316131769205106
   0.12678173537816825
   0.13336549523731792
   0.1408195264517899
   0.1392136964448383
   0.15227356676999312
   0.15813827017278134
   0.1627713664547724
   0.1727953526615808
   0.1686481382037692
   0.1881615111713157
   0.1948868120497796
   0.19219856082863723
   0.20712075773331767
   0.2356871798754399
   0.21476420472464092
   0.23975517475851635
   0.267628369857564
   0.2856314954988569
   0.27440488139754826
   0.34617092706320907
   0.3214115510120427
   0.2960712631257959
   0.3569641756740884
   0.3626050664090849
   0.4322624331036232
   0.36261203685668847
   0.37471023907188084
   0.4690411495807164
   0.4969035925075543
   0.3848996598441575
   0.45674542148263675
   0.46827477352091906
   0.6236092437487508
   0.5302628954792099
   0.5811861816817204
   0.5811861816817204
   0.521156922885617
   0.6666663666665992
   0.6928200343523562
   0.5958432560655667
   0.7905691620598415
   0.6928200343523562
   1.224744708092262
   1.9999998999999975
   0.8944269673930901
   0.6666663666665992
   1.1547003651741576
   0.8944269673930901
   1.4142134209517316
   1.058300335443583
   0.9999997999999799
   0.8944269673930901
   0.9999997999999799
   1.490711850835775
   0
   1.9999998999999975
   1.1547003651741576
   0
   1.9999998999999975
   0
   0
   1.9999998999999973
   1.9999998999999975
   0
   0
   1.9999998999999975
   1.9999998999999975
   0
   0
   0
   1.9999998999999975
   0
   0
   0
   0
   0
   0
   0
   0
   0
   0
   0
   0
   0
   0
   0
   0
   0
   0
   0
   0
   0
   0
   0
   0
   0
   0
   0
   0
   0
   0
   0
   0
   0
   0
   0
   0
   0
   0
   0
   0
   0
   0
   0
   0
   0
   0
   0
   0
   0
   0
   0
   0
   0
   0
   0
   0
   0
   0
   0
   0
   0
   0
   0
   0
   0
   0
   0
   0
   0
   0
   0
   0
   0
   0
   0
   0
   0
   0
   0
   0
   0
   0
   0
   0
   0
   0
   0
   0
   0
   0
   0
   0
   0
   0
   0
   0
   0
   0
   0
   0
   0
   0
   0
   0
   0
   0
   0
   0
   0
   0
   0
   0
   0
   0
   0
   0
   0
   0
   0
   0
   0
   0
   0
   0
   0
   0
   0
   0
   0
   0
   0
   0
   0
   0
   0
   0
   0
   0
   0
   0
   0
   0
   0
   0
   0
