   0
   0
   0
   0
   0
   0
   0
   0
   0
   0
   0
   0
   0
   0
   0
   0
   0
   0
   0
   0
   0
   0
   0
   0
   0
   0
   0
   0
   0
   0
   0
   0
   0
   0
   0
   0
   0
   0
   0
   0
   0
   0
   0
   0
   0
   0
   0
   0
   0
   0
   0
   0
   0
   0
   0
   0
   0
   0
   0
   0
   0
   0
   0
   0
   0
   0
   0
   0
   0
   0
   0
   0
   0
   0
   0
   0
   0
   0
   0
   0
   0
   0
   0
   0
   0
   0
   0
   0
   0
   0
   0
   0
   0
   0
   0
   0
   0
   0
   0
   0
   0
   0
   0
   0
   0
   0
   0
   0
   0
   0
   0
   0
   0
   0
   0
   0
   0
   0
   0
   0
   0
   0
   0
   0
   0
   0
   0
   0
   0
   0
   0
   0
   0
   0
   0
   0
   0
   0
   0
   0
   0
   0
   0
   0
   0
   0
   0
   0
   0
   0
   0
   0
   0
   0
   0
   0
   0
   0
   0
   0
   0
   0
   0
   0
   0
   0
   0
   0
   0
   0
   0
   0
   0
   0
   0
   0
   0
   0
   0
   0
   0
   0
   0
   0
   0
   0
   0
   0
   0
   0
   0
   0
   0
   0
   0
   0
   0
   0
   0
   0
   0
   0
   0
   0
   0
   0
   0
   0
   0
   0
   0
   0
   0
   0
   0
   0
   0
   0
   0
   0
   0
   0
   0
   0
   0
   0
   0
   0
   0
   0
   0
   0
   0
   0
   0
   0
   0
   0
   0
   0
   0
   0
   0
   0
   0
   0
   0
   0
   0
   0
   0
   0
   0
   0
   0
   0
   0
   0
   0
   0
   0
   0
   0
   0
   0
   0
   0
   0
   0
   0
   0
   0
   0
   0
   0
   0
   0
   0
   0
   0
   0
   0
   0
   0
   0
   0
   0
   0
   0
   0
   0
   0
   0
   0
   0
   0
   0
   0
   0
   0
   0
   0
   0
   0
   0
   0
   0
   0
   0
   0
   0
   0
   0
   0
   0
   0
   0
   0
   0
   0
   0
   0
   0
   0
   0
   1.9999899999749997
   1.9999899999749997
   0
   0
   0
   1.9999899999749997
   0
   0
   0
   0
   0
   0
   0
   0
   1.9999899999749997
   0
   1.9999899999749997
   1.9999899999749997
   1.4906985685316203
   1.9999899999749997
   1.9999899999749997
   1.4422066426140183
   1.9999899999749997
   1.4906985685316203
   1.9999899999749997
   0
   1.9999899999749997
   0
   1.9999899999749997
   1.9999899999749997
   1.9999899999749997
   1.9999899999749997
   1.9999899999749997
   1.4141994201667598
   1.4141994201667598
   1.9999899999749997
   1.9999899999749997
   1.9999899999749997
   1.9999899999749997
   1.9999899999749997
   0
   0
   1.9999899999749997
   0
   0
   0
   0
   0
   0
   1.9999899999749997
   1.9999899999749997
   0
   0
   1.9999899999749997
   0
   1.4906985685316203
   0
   0
   1.9999899999749997
   1.9999899999749997
   0
   1.9999899999749997
   1.9999899999749997
   1.9999899999749997
   1.9999899999749997
   1.9999899999749997
   0
   1.9999899999749997
   1.9999899999749997
   0
   1.9999899999749997
   1.9999899999749997
   1.9999899999749997
   1.9999899999749997
   1.9999899999749997
   0
   0
   1.9999899999749997
   1.9999899999749997
   0
   1.9999899999749997
   1.9999899999749997
   0
   0
   0
   1.4141994201667598
   0
   0
   0
   0
   1.9999899999749997
   0
   1.9999899999749997
   1.9999899999749997
   1.9999899999749997
   1.9999899999749997
   0
   1.9999899999749997
   1.9999899999749997
   1.9999899999749997
   0
   1.9999899999749997
   1.9999899999749997
   1.9999899999749997
   1.9999899999749997
   0
   0
   0
   0
   0
   1.9999899999749997
   1.4906985685316203
   0
   1.9999899999749997
   0
   1.9999899999749997
   0
   0
   0
   1.9999899999749997
   1.4906985685316203
   0
   1.9999899999749997
   1.4906985685316203
   1.2247285413511027
   0
   1.9999899999749997
   1.4141994201667598
   1.9999899999749997
   1.4141994201667598
   1.9999899999749997
   0
   1.9999899999749997
   0
   1.1546832177412698
   0
   1.9999899999749997
   0
   1.9999899999749997
   1.4141994201667598
   1.9999899999749997
   1.4906985685316203
   1.4141994201667598
   1.9999899999749997
   0
   1.9999899999749997
   1.9999899999749997
   1.1546832177412698
   0
   1.9999899999749997
   1.4141994201667598
   1.4141994201667598
   1.4141994201667598
   1.9999899999749997
   1.1546832177412698
   1.9999899999749997
   0
   1.4141994201667598
   1.9999899999749997
   1.4141994201667598
   1.4141994201667598
   1.4141994201667598
   1.4141994201667598
   0
   1.9999899999749997
   1.9999899999749997
   1.9999899999749997
   1.9999899999749997
   1.4141994201667598
   0
   1.4141994201667598
   1.1546832177412698
   1.1546832177412698
   1.9999899999749997
   1.4141994201667598
   1.581126180922952
   1.9999899999749997
   1.9999899999749997
   1.9999899999749997
   1.9999899999749997
   1.9999899999749997
   1.4141994201667598
   0
   1.9999899999749997
   1.4906985685316203
   1.1546832177412698
   1.1546832177412698
   1.4141994201667598
   1.9999899999749997
   0.9999799997999959
   1.1546832177412698
   1.4141994201667598
   1.9999899999749997
   1.0582816260334484
   0.9999799997999959
   0.9999799997999959
   0.9999799997999959
   0
   1.1546832177412698
   1.1546832177412698
   1.0582816260334484
   1.9999899999749997
   1.4906985685316203
   1.0582816260334484
   0.9475859769295182
   1.4141994201667598
   1.4141994201667598
   1.4906985685316203
   1.1546832177412698
   0
   1.4906985685316203
   1.4906985685316203
   1.9999899999749997
   0
   1.0582816260334484
   1.1546832177412698
   1.1546832177412698
   1.9999899999749997
   1.4906985685316203
   1.2247285413511027
   0.9999799997999959
   1.0582816260334484
   0.9999799997999959
   1.9999899999749997
   1.2247285413511027
   1.0582816260334484
   0.9999799997999959
   0.8571195234919226
   0
   0
   1.1546832177412698
   0
   0.8944048300406253
   1.4906985685316203
   0.9999799997999959
   1.1546832177412698
   1.1546832177412698
   1.4141994201667598
   0.9427878281399739
   0.9353929655497735
   1.309292066074531
   0.8944048300406253
   1.4906985685316203
   0.8944048300406253
   1.1546832177412698
   1.4906985685316203
   0.7905441164160288
   1.2247285413511027
   0.9999799997999959
   1.0301380925856098
   0.8944048300406253
   0.7905441164160288
   0.9475859769295182
   1.2247285413511027
   1.9999899999749997
   1.9999899999749997
   0.8944048300406253
   0.9999799997999959
   0.9999799997999959
   0.7559024880423211
   1.0582816260334484
   1.1546832177412698
   0.9427878281399739
   0.8571195234919226
   0.737000594669509
   0.8571195234919226
   0.707078496349592
   0.9427878281399739
   0.7496288889006214
   0.8571195234919226
   0.6235774922885597
   0.8164720856628637
   0.7905441164160288
   0.8660023094657426
   0.7049832764813242
   0.8164720856628637
   0.8164720856628637
   0.7453291592011918
   0.8571195234919226
   0.6029895219955016
   0.7483047507533277
   0.5958100249230592
   0.737000594669509
   0.6927914549126598
   0.6235774922885597
   0.8164720856628637
   0.6029895219955016
   0.6927914549126598
   0.7559024880423211
   0.549711035201425
   0.6029895219955016
   0.6324239084664652
   0.5713935703566307
   0.5773156271341815
   0.7905441164160288
   0.539089454030003
   0.6927914549126598
   0.6324239084664652
   0.7041503877688639
   0.7559024880423211
   0.7284039023082998
   0.5773156271341815
   0.5469268461771208
   0.5860463332443444
   0.549711035201425
   0.5098627266235491
   0.6555242681363539
   0.7049832764813242
   0.45878787668101434
   0.6085477552093757
   0.5830608887586269
   0.5713935703566307
   0.5262777881017852
   0.6324239084664652
   0.539089454030003
   0.49995999839987193
   0.5270083279966055
   0.4381824913749971
   0.48985712202641285
   0.5211189291050603
   0.49948714718993464
   0.5098627266235491
   0.42305123292458596
   0.42301327275654105
   0.3999499968746093
   0.445316861838867
   0.4169808670409961
   0.4713620924748003
   0.43274113594482055
   0.5302255541955663
   0.43887704567964103
   0.3973701889095055
   0.5329011809323125
   0.3852239608331755
   0.42413535085836784
   0.4350966702079384
   0.3749353937496549
   0.4194531857427316
   0.3832737605292124
   0.36049965325919514
   0.4422550763410496
   0.3927861856714426
   0.35998559641967565
   0.3705219503685228
   0.36912910518719094
   0.40650861761879914
   0.37262432675402296
   0.35690870361295673
   0.3927861856714426
   0.37947901302923176
   0.4109830353241017
   0.3422897433914751
   0.34009186896902277
   0.3599214937539481
   0.33079820982179114
   0.3349992741015966
   0.31259817908482024
   0.3267408343040532
   0.318722956811503
   0.3395637475141383
   0.3017799050816855
   0.31960176435817067
   0.25933936752230163
   0.2940928633015394
   0.3110468187536888
   0.31120059953153834
   0.26904328829950347
   0.28066712740286975
   0.2798702323198655
   0.2604362417388953
   0.2994246771964276
   0.28508749339936595
   0.2838723098676484
   0.29404963919620547
   0.2734097646542347
   0.2506952256860791
   0.24851850316793522
   0.26525459468216567
   0.2711030297832025
   0.2693315327335521
   0.2524083992263331
   0.2610226238214818
   0.25897442049860786
   0.25189693029503846
   0.24257843581130858
   0.24335007552753962
   0.2940928633015394
   0.2427280702757166
   0.23085348889140345
   0.23143033509028155
   0.24131225608798157
   0.22538294432653996
   0.2476903965525888
   0.205065445004013
   0.21203773249117716
   0.2141916666038581
   0.21778204497531836
   0.23518017868460928
   0.2175006070057433
   0.2374523343981084
   0.22550927219698258
   0.20932351206496988
   0.19875227481975555
   0.2162608406561658
   0.19770788932820493
   0.18332608590550808
   0.2039799118452514
   0.19818508024221385
   0.19262101947310198
   0.19591948218951608
   0.18336375500512422
   0.20771779538789775
   0.18718566962877764
   0.1850371527381317
   0.1932773185959918
   0.17956352037994708
   0.1911411234068945
   0.18130640607739956
   0.1930737395455665
   0.1609277511223444
   0.1798156968094115
   0.1739156158250282
   0.17904448741231566
   0.16298789820242016
   0.17333144117090898
   0.17707957040358188
   0.1892710328476281
   0.1549730398017327
   0.15792090910867826
   0.16201662881990977
   0.1581320233653693
   0.15552205818673992
   0.1652525181899906
   0.14588780421189898
   0.1520624352098349
   0.15019079267318342
   0.14480341618907827
   0.1586377921931557
   0.1465035698348365
   0.1464318173122729
   0.14979518705138486
   0.15077515839077937
   0.14056078875333494
   0.14442977345854116
   0.1351566025503503
   0.12916123244589353
   0.1347169587047022
   0.1378577215900867
   0.14208271150878268
   0.12996258693608223
   0.13030837652507338
   0.12840921158481858
   0.13321265435477048
   0.12986150993360127
   0.13192773314158457
   0.12855379031021116
   0.13053463119352046
   0.12839255425675822
   0.12712657943293446
   0.11973624901440592
   0.12219121965189211
   0.12170981303716773
   0.12190019623336787
   0.12095784043230207
   0.11868420853488466
   0.11089830869140122
   0.11236734453720615
   0.11941524190822542
   0.11731178612975778
   0.1152892824840745
   0.11757025045437275
   0.11266571800614784
   0.10792528964360643
   0.11576411424882835
   0.10647900158142813
   0.1048505412378002
   0.10862780491200216
   0.10299233524330932
   0.10652897384997419
   0.10348717310687956
   0.10418560388291366
   0.1017448540521367
   0.10235129309017951
   0.09964065568742646
   0.10252385009128558
   0.09699082206679001
   0.09873757955081082
   0.1018953113370885
   0.09680310983799248
   0.09734328974116979
   0.09508959590828008
   0.09556231951452686
   0.09178854504544325
   0.09166266604357787
   0.09087369685725834
   0.08892641727496557
   0.09081220039986874
   0.08997910832471101
   0.08693352361147831
   0.08683954914787967
   0.08406876111106733
   0.08462004882026813
   0.08296073604416541
   0.08419218846070074
   0.08275693243287222
   0.08093443553695724
   0.08116428242644752
   0.08183603703911363
   0.07767756428033738
   0.07825283907212237
   0.07990508455759751
   0.07728874551281689
   0.07618879017411893
   0.07623468612551411
   0.07633849011744526
   0.07525557187874193
   0.07428706621600778
   0.07255696765643915
   0.07184120906887287
   0.07286833495204297
   0.07196859549829533
   0.07013387973005922
   0.06761864354212097
   0.06956889046733576
   0.06859633691262576
   0.06919461616686874
   0.06935929785317302
   0.06622466260343986
   0.06504282082702963
   0.06531314675048366
   0.06492032854794441
   0.066096455550673
   0.06235815536940739
   0.06279472751305912
   0.0629063363784705
   0.06322856762392523
   0.06181069658437066
   0.05947718525794617
   0.061672393890961984
   0.05928059176455286
   0.06011949875556881
   0.05921387109749568
   0.059560949444635615
   0.058348923385395206
   0.058502886780762396
   0.057543245077616434
   0.057676101528317356
   0.05603349582535983
   0.05502510219264151
   0.0554165430754503
   0.05521567538807469
   0.05517441651551324
   0.053347244743610224
   0.053727652632721314
   0.052756070691435265
   0.05100273241992229
   0.05250644706262027
   0.05076147903573732
   0.050654808028080554
   0.050579249471724534
   0.05038731505121195
   0.05070141198320706
   0.05047049478314722
   0.04800517440875025
   0.04821383556548177
   0.04703093489153191
   0.0474350133677417
   0.04672242966876384
   0.04726784969813493
   0.045134800253184094
   0.04457208374298798
   0.04530940341347902
   0.044730141538921096
   0.04398286047578386
   0.043785409617981906
   0.04335166990959653
   0.04365716422764863
   0.042481353703990116
   0.042586311661080914
   0.042590918344022316
   0.041945570060326565
   0.04074621727118729
   0.04122417951716742
   0.04007863504789653
   0.039496262024117934
   0.039879642326836655
   0.039350262956599075
   0.038796112154120425
   0.038407687753495304
   0.038329112442971845
   0.03731408102123195
   0.03837332724012034
   0.03713355005781372
   0.03680672027457111
   0.03639128863595651
   0.03632652997981654
   0.03537938156394811
   0.03536664694073944
   0.03485934728321703
   0.034605237323502465
   0.03432292790280601
   0.03403506738328839
   0.033805260599485354
   0.03343807917359634
   0.03292520308563445
   0.03287761075245017
   0.032200087521661744
   0.032257674697204836
   0.03190678030426153
   0.03174842511564115
   0.031246130073744265
   0.031037475789230794
   0.030683867824279256
   0.030417012717423572
   0.02999693776539935
   0.030009831808308927
   0.030064944722919266
   0.029784723854149757
   0.029067758447165068
   0.028691135554326907
   0.028528098039481475
   0.028003776792215846
   0.02818167109445468
   0.027390122316045963
   0.027728831340641476
   0.027395827983496556
   0.02715766159136008
   0.026884906787039642
   0.026693852625137193
   0.026387567078222686
   0.025868697304789495
   0.02582788093108007
   0.02598569377328801
   0.025484050683672876
   0.024888853627722796
   0.024951291569812278
   0.024625490455967205
   0.02435554589915627
   0.023948973522693547
   0.023762283751534052
   0.023507461283752057
   0.023629293052179416
   0.02328953949377998
   0.02287618438907365
   0.02272737412987432
   0.02241316500216397
   0.02221862794964793
   0.021894203194565552
   0.02166998224075388
   0.021582497526454983
   0.02135645424430509
   0.021019760343566493
   0.02055343086306561
   0.02068976206351337
   0.020384913212591442
   0.020082779008785193
   0.01985687508528038
   0.019412213145450198
   0.019280032267040517
   0.019225466292309326
   0.01889109326456121
   0.018690270655819984
   0.018526359623392007
   0.01808018419792943
   0.017876651997308896
   0.017635042581586952
   0.017276107881557225
   0.017131412079648755
   0.016821001018576268
   0.016497750281989104
   0.01617491372444385
   0.015926508369693
   0.01580884501277857
   0.015600285244891661
   0.015620656844291425
   0.01564866852163487
   0.015732337815759116
   0.015767468715251462
   0.015892817190671687
   0.016210901111910633
   0.016482979610120588
   0.016921407657538974
   0.017114395500702748
   0.017352936740032496
   0.017726916662094607
   0.01793277309466828
   0.018105422851903814
   0.01851627282607653
   0.018764311400507654
   0.01896545038241746
   0.01927806072522643
   0.019300386511558902
   0.01969683659408211
   0.0199386265355716
   0.020353296517748833
   0.02051029671542054
   0.02073466478387991
   0.020854153699166326
   0.020999404668960785
   0.02150609053782338
   0.021666300234341074
   0.021840636521666994
   0.02194285161452249
   0.022272263407843638
   0.022576012254038883
   0.02282949787058376
   0.02307519719621336
   0.023208853646269657
   0.023600652686722436
   0.02382364534034819
   0.024225486807902374
   0.024322163601476838
   0.02428719557161945
   0.0249163005303458
   0.024614918805611338
   0.02528665557369522
   0.025407204446766366
   0.025629581220660877
   0.025893247819993474
   0.026175345884114312
   0.026477549180006284
   0.02676382228915308
   0.026703207143528227
   0.027288588977632734
   0.02759445278470651
   0.02793840986623654
   0.028037251335381447
   0.02805234851964718
   0.02849929849711698
   0.028536149427305327
   0.02926408097368556
   0.029512794576613533
   0.029826002135620634
   0.02980554778163925
   0.030421204303721246
   0.030570242107693702
   0.030858171735591855
   0.03074639513271164
   0.030934888244804188
   0.031523879631104486
   0.0316285339996078
   0.03226349072023758
   0.03216598197290197
   0.03368672944455199
   0.03346167879203163
   0.03380106991728713
   0.034015907874574654
   0.03418051753502603
   0.03439958117675323
   0.035378122576422595
   0.03527739073214102
   0.035600668653399545
   0.03582431258034867
   0.03624779272560546
   0.03725929032645837
   0.036877664413068036
   0.036569378227373474
   0.037822684737107495
   0.03720423548656091
   0.038125565028601094
   0.03810764330039957
   0.03837288950827309
   0.039037399294782144
   0.0395367619696408
   0.039554072807957294
   0.0400794018588198
   0.040875428829580666
   0.040810938401205796
   0.040838032103211706
   0.04158249188723393
   0.04207011051121524
   0.04234984565687286
   0.04320357706394558
   0.04302023115779499
   0.04456811404245244
   0.04321358002741593
   0.04461845030875171
   0.04493532699924956
   0.04521435786674465
   0.04605478471923073
   0.04688482420997337
   0.047065212579004936
   0.04680207784353886
   0.04807916555053335
   0.048258311510600393
   0.048672434598548926
   0.04831021802161946
   0.050499662900186405
   0.048482326108798504
   0.05015060153979326
   0.05057896145775234
   0.051571487125614504
   0.05096312873704211
   0.05190915536133806
   0.051686419061765396
   0.05206944086002772
   0.05415579307926991
   0.053434823053551614
   0.0543185151224024
   0.05398381322334829
   0.05488034121479067
   0.055173760192463873
   0.05643140708919993
   0.057048041419890366
   0.05745113694185642
   0.05742578998869784
   0.059079372886966
   0.06015132139208505
   0.058378804146942555
   0.05982282956257367
   0.06159608761846961
   0.062396354502811856
   0.060520313548396105
   0.063345692615566
   0.06348886923930411
   0.06303573661871066
   0.06425967984396827
   0.06390864870788754
   0.06602968190288822
   0.06596710461151992
   0.06614604552586432
   0.0662337719139896
   0.06569190926973371
   0.06655300751711647
   0.06785542316360764
   0.06925670415387454
   0.07155548701891623
   0.07128697528391814
   0.06948089031629844
   0.07222557698448409
   0.07258371089925468
   0.0748363125296558
   0.07402830171274809
   0.07448020936666053
   0.07378098760024214
   0.07865074034188316
   0.07811516150996906
   0.07583295625812123
   0.07904384941018673
   0.07743591253468597
   0.07950575367078294
   0.07804060106213145
   0.08038804146407616
   0.08119071494006921
   0.08561900305250308
   0.0803235077519498
   0.08452969605871229
   0.08550446784353596
   0.08626812376933203
   0.08770109167782053
   0.08642413292810056
   0.08651005165249717
   0.08780501797515906
   0.08788579195222085
   0.0920646638351673
   0.08940163902985496
   0.09090928593876531
   0.0923563044591904
   0.09338352745624325
   0.09678575374494347
   0.09565718363519067
   0.09266827556964763
   0.09500382369804944
   0.09806507824163758
   0.09951614742589446
   0.09722518181635077
   0.10047221561875949
   0.10390238451729476
   0.09944377835566412
   0.1032811421747576
   0.10118717068177974
   0.09660805573183343
   0.10305659226656738
   0.10344932203567819
   0.10280232624395161
   0.10674691118290688
   0.10992493287879204
   0.11681991359716211
   0.11691792782578808
   0.11606454096474232
   0.1118013790779174
   0.11237732938518256
   0.11210579713184726
   0.11283352524740184
   0.11167788013393792
   0.11432000860266366
   0.11927329109998464
   0.11353553585156297
   0.12483989746871789
   0.12615287720343224
   0.12370313558444931
   0.12377062754129499
   0.12075578345298352
   0.12593013885807003
   0.12243626660542688
   0.12745910127236676
   0.1280582110193215
   0.13040013435364853
   0.13351302051249822
   0.13202671712989258
   0.14121214317607564
   0.13882800654271582
   0.1358627692468267
   0.14123945839551347
   0.1377431751972857
   0.15176929991887717
   0.14365374096907751
   0.14282051708656135
   0.14553891602722277
   0.15786719398303406
   0.1460684770920817
   0.15099094299466337
   0.17339007904459525
   0.1561064859252819
   0.1503489143681343
   0.1495773146661074
   0.15558158720163437
   0.15886997662734653
   0.15494458586207846
   0.15283576339676386
   0.16392902694356354
   0.15842481355284324
   0.16780941570722424
   0.16631010312591685
   0.16058979305252577
   0.17818979750658126
   0.1708201713780745
   0.17214651088190183
   0.18336375500512422
   0.18553732750026802
   0.17840167914604085
   0.17910606532214526
   0.17844455994333383
   0.19469759025158878
   0.18336375500512422
   0.1902439064935144
   0.20166819077781611
   0.21799638915291664
   0.19930708369114092
   0.20662778790628022
   0.19699679343967605
   0.20494100694231648
   0.20552091722978671
   0.2077274259109911
   0.2208561513960172
   0.2107806477394228
   0.20932351206496988
   0.20703643594346285
   0.2385637498068252
   0.21595263908801446
   0.22899374251447824
   0.22594832128260617
   0.2413898048818024
   0.21405136805374655
   0.22583112615964404
   0.237913987376575
   0.23191690699327455
   0.22110092680653948
   0.20932351206496988
   0.2406341027156565
   0.24680035093804162
   0.25116397634263943
   0.24257843581130858
   0.2202872506726094
   0.25117934943343906
   0.2488844532597007
   0.24335007552753962
   0.25379238242675595
   0.2567727053684293
   0.2739745258529094
   0.26391474526429143
   0.290587638054798
   0.25685611086527005
   0.2749132298573811
   0.28339999215870765
   0.29390432641664144
   0.2891509538709229
   0.2963960610399537
   0.28741020875948986
   0.2607435730451543
   0.2648703677635812
   0.2523329375197394
   0.2897315567900742
   0.31239900143034155
   0.28302443146097606
   0.2774222805547149
   0.2784610190295953
   0.29261560995221136
   0.2987402120333222
   0.29020743448365655
   0.2758343116329954
   0.29404963919620547
   0.30716079681828024
   0.3262956875897151
   0.3599214937539481
   0.3027717925722689
   0.312630417230598
   0.32341511483565777
   0.32771636597662557
   0.28277199295545524
   0.2836077798316983
   0.3627283121081553
   0.3486774918690766
   0.31733380018639795
   0.35203258677111177
   0.3477685822030015
   0.3532138162643132
   0.3422897433914751
   0.3515151388399397
   0.40499691356848627
   0.3098095348335808
   0.37674302733026827
   0.374899412057418
   0.3999499968746093
   0.3749353937496549
   0.3848482144276469
   0.39380788938213535
   0.4194531857427316
   0.3637384761230872
   0.39523410783989776
   0.4154460799703351
   0.4040115173141095
   0.43076675823466226
   0.43064307746261105
   0.41237849355643386
   0.4069895248931857
   0.44154948228166957
   0.4484901692932218
   0.45952149024827993
   0.45670206923699325
   0.46823248874471324
   0.445316861838867
   0.4169808670409961
   0.45053061233112923
   0.45053061233112923
   0.47414351309062236
   0.47614847433811275
   0.49483124313615584
   0.4978894297909131
   0.49483124313615584
   0.49948714718993464
   0.5442943103655377
   0.5882012931349901
   0.670029545495372
   0.49995999839987193
   0.4563916446795813
   0.4254761554396869
   0.4713620924748003
   0.530292372187268
   0.5291124644156476
   0.6235774922885597
   0.5641800247669362
   0.5603655831480547
   0.5641800247669362
   0.6846239843885108
   0.5860463332443444
   0.5958100249230592
   0.610977359100428
   0.6085477552093757
   0.6555242681363539
   0.6029895219955016
   0.638845259281246
   0.5773156271341815
   0.5302255541955663
   0.6060585275165348
   0.7041503877688639
   0.707078496349592
   0.6705700127591707
   1.0183305146351243
   0.7559024880423211
   0.49995999839987193
   1.118016100062964
   0.6666366659916362
   0.737000594669509
   0.638845259281246
   0.6555242681363539
   0.6666366659916362
   0.6927914549126598
   0.6614075899171401
   0.6927914549126598
   0.7070784963495919
   0.737000594669509
   0.7559024880423211
   0.6235774922885597
   0.707078496349592
   0.6342924119878193
   0.7496288889006214
   0.7905441164160288
   0.6029895219955016
   0.549711035201425
   0.8944048300406253
   0.7905441164160288
   0.6666366659916362
   0.9475859769295182
   1.1546832177412698
   1.0582816260334484
   0.7559024880423211
   0.8606397276100728
   1.0582816260334484
   0.8164720856628637
   0.7905441164160288
   0.7999749996093627
   0.6555242681363539
   0.8485045668704441
   0.9380618316507713
   0.707078496349592
   0.7483047507533277
   0.7993830461286189
   0.7483047507533277
   0.6666366659916364
   0.8571195234919226
   0.8571195234919226
   0.7041503877688639
   0.8660023094657426
   0.7559024880423211
   0.5958100249230592
   1.0582816260334484
   0.7905441164160288
   0.8660023094657426
   0.8944048300406253
   1.3266348404892734
   0.7905441164160288
   0.9999799997999959
   0.8164720856628637
   0.9999799997999959
   0.7453291592011918
   0.9427878281399739
   0.8571195234919226
   1.0540735795527325
   1.0582816260334484
   1.2247285413511027
   0.9999799997999959
   0.9427878281399739
   1.1546832177412698
   1.2247285413511027
   1.1546832177412698
   0.9999799997999959
   1.1546832177412698
   0.8944048300406253
   0.8485045668704441
   1.0540735795527325
   1.2247285413511027
   1.1546832177412698
   1.4141994201667598
   0.9999799997999959
   0.9475859769295182
   0.9427878281399739
   0.9427878281399739
   1.0301380925856098
   0.9475859769295182
   0.9162238661154303
   0.8485045668704441
   1.1546832177412698
   0.9999799997999959
   1.4141994201667598
   1.4141994201667598
   1.4141994201667598
   0
   1.4141994201667596
   1.2247285413511027
   1.1546832177412698
   1.0582816260334484
   1.4141994201667598
   0.9999799997999959
   1.0540735795527325
   1.4141994201667598
   0
   1.9999899999749997
   1.9999899999749997
   0
   1.9999899999749997
   1.1546832177412698
   0
   0
   0
   1.9999899999749997
   1.4141994201667598
   1.9999899999749997
   1.2247285413511027
   1.9999899999749997
   0
   1.9999899999749997
   0
   1.9999899999749997
   1.4906985685316203
   0
   1.9999899999749997
   1.9999899999749997
   1.9999899999749997
   1.9999899999749997
   0
   1.4141994201667598
   0
   1.9999899999749997
   1.9999899999749997
   1.9999899999749997
   0
   0
   0
   0
   0
   1.9999899999749997
   0
   0
   0
   0
   0
   0
   0
   0
   0
   0
   0
   0
   0
   0
   0
   0
   0
   1.9999899999749997
   1.9999899999749997
   1.9999899999749997
   0
   0
   0
   1.9999899999749997
   0
   1.9999899999749997
   0
   0
   0
   1.9999899999749997
   0
   0
   1.9999899999749997
   0
   0
   0
   0
   0
   0
   0
   1.9999899999749997
   0
   0
   1.9999899999749997
   0
   0
   1.9999899999749997
   1.9999899999749997
   0
   0
   0
   0
   0
   0
   0
   1.9999899999749997
   1.9999899999749997
   1.9999899999749997
   0
   0
   1.9999899999749997
   1.9999899999749997
   1.9999899999749997
   1.9999899999749997
   1.9999899999749997
   0
   1.9999899999749997
   0
   0
   1.9999899999749997
   1.9999899999749997
   0
   1.9999899999749997
   0
   0
   0
   1.9999899999749997
   0
   0
   0
   1.4141994201667598
   0
   0
   1.9999899999749997
   0
   0
   0
   0
   0
   1.9999899999749997
   0
   1.9999899999749997
   0
   0
   0
   0
   0
   1.9999899999749997
   0
   0
   1.9999899999749997
   0
   0
   0
   1.9999899999749997
   0
   0
   0
   0
   1.9999899999749997
   0
   0
   1.9999899999749997
   0
   0
   0
   1.9999899999749997
   0
   0
   0
   0
   0
   0
   0
   0
   0
   0
   0
   0
   0
   0
   0
   0
   0
   0
   0
   0
   0
   0
   0
   0
   0
   0
   0
   0
   0
   0
   0
   0
   0
   0
   0
   0
   0
   0
   0
   0
   0
   0
   0
   0
   0
   0
   0
   0
   0
   0
   0
   0
   0
   0
   0
   0
   0
   0
   0
   0
   0
   0
   0
   0
   0
   0
   0
   0
   0
   0
   0
   0
   0
   0
   0
   0
   0
   0
   0
   0
   0
   0
   0
   0
   0
   0
   0
   0
   0
   0
   0
   0
   0
   0
   0
   0
   0
   0
   0
   0
   0
   0
   0
   0
   0
   0
   0
   0
   0
   0
   0
   0
   0
   0
   0
   0
   0
   0
   0
   0
   0
   0
   0
   0
   0
   0
   0
   0
   0
   0
   0
   0
   0
   0
   0
   0
   0
   0
   0
   0
   0
   0
   0
   0
   0
   0
   0
   0
   0
   0
   0
   0
   0
   0
   0
   0
   0
   0
   0
   0
   0
   0
   0
   0
   0
   0
   0
   0
   0
   0
   0
   0
   0
   0
   0
   0
   0
   0
   0
   0
   0
   0
   0
   0
   0
   0
   0
   0
   0
   0
   0
   0
   0
   0
   0
   0
   0
   0
   0
   0
   0
   0
   0
   0
   0
   0
   0
   0
   0
   0
   0
   0
   0
   0
   0
   0
   0
   0
   0
   0
   0
   0
   0
   0
   0
   0
   0
   0
   0
   0
   0
   0
   0
   0
   0
   0
   0
   0
   0
   0
   0
   0
   0
   0
   0
   0
   0
   0
   0
   0
   0
   0
   0
   0
   0
   0
   0
   0
   0
   0
   0
   0
   0
   0
   0
   0
   0
   0
   0
   0
   0
   0
   0
   0
   0
   0
   0
   0
   0
   0
   0
   0
   0
   0
   0
   0
   0
   0
   0
   0
   0
   0
   0
   0
   0
   0
   0
   0
   0
   0
   0
   0
   0
   0
   0
   0
   0
   0
   0
   0
   0
   0
   0
   0
   0
   0
   0
   0
   0
   0
   0
   0
   0
   0
   0
   0
   0
   0
   0
   0
   0
   0
   0
   0
   0
   0
   0
   0
   0
   0
   0
   0
   0
   0
   0
   0
   0
   0
   0
   0
   0
   0
   0
   0
   0
   0
