   0
   0
   0
   0
   0
   0
   0
   0
   0
   0
   0
   0
   0
   0
   0
   0
   0
   0
   0
   0
   0
   0
   0
   0
   0
   0
   0
   0
   0
   0
   0
   0
   0
   0
   0
   0
   0
   0
   0
   0
   0
   0
   0
   0
   0
   0
   0
   0
   0
   0
   0
   0
   0
   0
   0
   0
   0
   0
   0
   0
   0
   0
   0
   0
   0
   0
   0
   0
   0
   0
   0
   0
   0
   0
   0
   0
   0
   0
   0
   0
   0
   0
   0
   0
   0
   0
   0
   0
   0
   0
   0
   0
   0
   0
   0
   0
   0
   0
   0
   0
   0
   0
   1.9999998999999975
   0
   1.9999998999999975
   0
   0
   0
   0
   0
   0
   1.9999998999999975
   0
   1.9999998999999975
   0
   1.9999998999999975
   1.9999998999999975
   1.9999998999999975
   0
   0
   0
   1.9999998999999975
   1.9999998999999975
   0
   0
   0
   0
   0
   1.9999998999999975
   1.9999998999999975
   1.9999998999999975
   1.9999998999999975
   1.9999998999999975
   1.9999998999999975
   0
   1.9999998999999975
   1.9999998999999973
   0
   1.4142134209517316
   0
   1.490711850835775
   1.9999998999999975
   1.9999998999999975
   1.9999998999999975
   1.490711850835775
   1.1180338098644422
   1.9999998999999975
   1.9999998999999975
   1.4142134209517316
   1.4142134209517316
   1.1967031233485184
   1.490711850835775
   1.1726037693952718
   1.9999998999999975
   1.4142134209517316
   1.9999998999999973
   0.942808829450005
   0.810092340415585
   1.3093071886634224
   1.2453995375634543
   1.224744708092262
   0.8660251728443001
   0.8485279017215639
   0.7378199632870148
   0.6705995392272756
   0.7559286814432771
   0.6480737612340125
   0.5891579058423377
   0.5289943203348237
   0.6343236271063261
   0.6248196539802504
   0.45175350873353626
   0.5713139242132997
   0.5386375373761377
   0.5947613778639628
   0.6110097653338555
   0.5297338119602035
   0.4364353222141747
   0.4081373884525815
   0.38805918610757967
   0.3879559305921649
   0.4462995333510755
   0.33523504357881234
   0.3730565609034856
   0.36923279794425845
   0.37696271030226297
   0.3247589105782934
   0.3266494651026997
   0.32762297154554193
   0.28425270447262235
   0.2921341468444874
   0.28231209549177805
   0.26904289513184354
   0.25146881303052376
   0.22754023457259778
   0.25279423538480256
   0.23681017260828457
   0.2014477530830816
   0.20185267469674584
   0.19282776129442672
   0.17258813039747467
   0.16619189540303927
   0.16354990429045088
   0.1720582295803927
   0.15339480546440357
   0.15178807660508045
   0.13696070731831742
   0.1402837369063879
   0.12591112618036396
   0.1242092047092302
   0.11882585286638758
   0.11229537340235335
   0.11214702685294951
   0.10518753717486755
   0.09755577354128822
   0.09753140235571012
   0.09493582236335753
   0.09183302610041139
   0.08348194561656183
   0.08415344598875228
   0.07691563692249302
   0.07517088639989504
   0.07112386844628674
   0.06868901644507495
   0.0658264532006485
   0.06185259434994769
   0.06061158318606259
   0.05716356504419934
   0.05475118119893773
   0.05276739282733266
   0.050629865604871246
   0.04783843510785739
   0.04621933869014812
   0.044023212882938985
   0.043550223508971114
   0.040932143623158994
   0.039154872018937865
   0.03761947436856903
   0.036233581655101633
   0.034613956109263516
   0.033228847776610476
   0.031907892402486523
   0.030261930618887524
   0.02926652036914488
   0.028098870852238552
   0.026963282625951282
   0.025863745895597794
   0.024672136614426382
   0.02370984754444641
   0.022836573592655816
   0.02160293625815406
   0.020810435815105735
   0.019876596176053227
   0.01921699891497685
   0.01840772913374777
   0.017658581735571208
   0.01667203763893916
   0.01617076345458046
   0.015438642696433087
   0.014768195006130363
   0.014250599604479445
   0.013584324948171722
   0.013005759394831944
   0.012504846454095497
   0.011963633087605298
   0.01142012080506822
   0.011004047015983062
   0.010504292458636632
   0.010080988134319778
   0.009650543040620194
   0.0093041868768683
   0.008849108373373979
   0.008495248904394183
   0.008142384933686275
   0.007813997086984326
   0.007459625668184625
   0.007185515696085089
   0.006870447829443414
   0.006590806660451231
   0.006292303354411601
   0.006030036178756968
   0.005781610001676106
   0.0055265641445810185
   0.005307395596997594
   0.005073776445945122
   0.0048620612750725324
   0.004650437251396204
   0.004457259548016772
   0.004265141925923504
   0.0040745794789986715
   0.0039056579401995414
   0.003746730455990012
   0.003574942192689016
   0.0034257066648151857
   0.0032793851193234115
   0.002301701826256116
   0.002258292023733609
   0.002226609266754349
   0.002205278921319275
   0.002198161181061959
   0.00219884212569024
   0.002207120068951637
   0.0022266028203286707
   0.002257293999166174
   0.0023013722000720708
   0.0032783978236900035
   0.00342048716824058
   0.0035763604897456266
   0.0037381574967035014
   0.0039055667788049407
   0.004084081829824513
   0.00426663086947
   0.004459885840090613
   0.004644312221600507
   0.0048612599442318365
   0.0050746100658649465
   0.005307883101933
   0.005528771694940114
   0.005779042488944977
   0.00603258680666982
   0.00629992654155466
   0.0065567153760307416
   0.006849874270284155
   0.007157011634403588
   0.007481032097533808
   0.007800257162948629
   0.008148970772438561
   0.008527426497927725
   0.008895228832587544
   0.009251761759864242
   0.009674592254536209
   0.01007250270996703
   0.010495153577274033
   0.011004302659833152
   0.011428218209282835
   0.012020452667373173
   0.012510418754807419
   0.012993012614620167
   0.013663920263584048
   0.014160857636593431
   0.01488442206677833
   0.015492387272135555
   0.016094850148565626
   0.01688753054369467
   0.017589809146317636
   0.018505094889502645
   0.019031739116849574
   0.019887022956458448
   0.020727312400713484
   0.021605796170540485
   0.022626256721358887
   0.0236841009188734
   0.024432372418269368
   0.025582635056111747
   0.02688719578897688
   0.027927459574307697
   0.02931912482207492
   0.03032014693902263
   0.03176459450019782
   0.03283523175027334
   0.034599476187181996
   0.035994591125987054
   0.03767526354526408
   0.03860969993891862
   0.04020900362901278
   0.04217061733480674
   0.04484595353913834
   0.046145221612074544
   0.04843192424503217
   0.05125731061648237
   0.05255040329519579
   0.053756389456848006
   0.05753103486940843
   0.06154326429118931
   0.06277111035596955
   0.06535858327174413
   0.06800358650177377
   0.07189331341175831
   0.07477334274519402
   0.07977903794011189
   0.07854936642561257
   0.08327653474052438
   0.08433868119972913
   0.08927208113864006
   0.09308475956025807
   0.09945498276956324
   0.10447516387095813
   0.10663732979108004
   0.10737796738398496
   0.11381560801082573
   0.12577899811247953
   0.1300348772553332
   0.12902515381808635
   0.13546724292664064
   0.15120174781192472
   0.15629672339478082
   0.15363221203299623
   0.17293362072843527
   0.16357559201607305
   0.19842437818004735
   0.18630712225154702
   0.19564894600733698
   0.20103110898416277
   0.2263760972278696
   0.2265145911649212
   0.22174298577047988
   0.25327441578765547
   0.2637879594193526
   0.30143622464936787
   0.27856704758459855
   0.31051625572487135
   0.3412466910345239
   0.33791485793180603
   0.39223176037408525
   0.33078373984897813
   0.4335699980949635
   0.42153690445172737
   0.38094865658940125
   0.4422998446183625
   0.48919918163897136
   0.4746637993875029
   0.4340106576681373
   0.4510614039390389
   0.4681214126440862
   0.6700590957794207
   0.6335484851571999
   0.5879443956240071
   0.5604009161099395
   0.6998539264499035
   0.684652904762698
   0.6902563970212872
   0.7071064983437785
   0.7385486750746666
   1.131370673121767
   0.7423683123026675
   0.9162454762996138
   0.942808829450005
   0.8571426238094921
   0.816496335978715
   0.7559286814432771
   1.1547003651741576
   1.4142134209517316
   1.4142134209517316
   1.9999998999999975
   1.9999998999999975
   1.058300335443583
   1.1065664896057388
   1.5811387035930782
   1.9999998999999975
   1.1547003651741576
   1.1999998333333217
   1.9999998999999975
   1.4142134209517316
   1.9999998999999975
   1.9999998999999975
   1.6492421289792472
   1.9999998999999975
   1.9999998999999975
   1.9999998999999973
   0
   1.9999998999999975
   1.490711850835775
   1.4142134209517316
   0
   0
   0
   1.9999998999999975
   1.9999998999999975
   0
   0
   0
   0
   0
   1.9999998999999975
   0
   0
   0
   0
   0
   0
   0
   0
   0
   0
   0
   0
   1.9999998999999975
   0
   1.9999998999999975
   0
   0
   0
   0
   0
   0
   0
   0
   0
   0
   0
   0
   0
   0
   0
   0
   0
   0
   0
   0
   0
   0
   0
   0
   0
   0
   0
   0
   0
   0
   0
   0
   0
   0
   0
   0
   0
   0
   0
   0
   0
   0
   0
   0
   0
   0
   0
   0
   0
   0
   0
   0
   0
   0
   0
   0
   0
   0
   0
   0
   0
   0
   0
   0
   0
   0
   0
   0
   0
   0
   0
   0
   0
   0
   0
   0
   0
   0
   0
   0
   0
   0
   0
   0
   0
   0
   0
   0
   0
   0
   0
   0
   0
   0
   0
   0
   0
   0
   0
   0
   0
   0
   0
   0
   0
   0
   0
   0
   0
   0
   0
