   0
   0
   0
   0
   0
   0
   0
   0
   0
   0
   0
   0
   0
   0
   0
   0
   0
   0
   0
   0
   0
   0
   0
   0
   0
   0
   0
   0
   0
   0
   0
   0
   0
   0
   0
   0
   0
   0
   0
   0
   0
   0
   0
   0
   0
   0
   0
   0
   0
   0
   0
   0
   0
   0
   0
   0
   0
   0
   0
   0
   0
   0
   0
   0
   0
   0
   0
   0
   0
   0
   0
   0
   0
   0
   0
   0
   0
   0
   0
   0
   0
   1.9999998999999975
   0
   0
   0
   0
   0
   0
   0
   0
   0
   0
   0
   0
   0
   0
   1.9999998999999975
   0
   0
   1.9999998999999973
   0
   0
   0
   1.9999998999999975
   0
   1.9999998999999975
   1.9999998999999975
   0
   0
   1.9999998999999973
   0
   0
   1.9999998999999975
   1.9999998999999975
   1.9999998999999975
   0
   1.9999998999999973
   0
   0
   1.9999998999999975
   0
   1.9999998999999975
   0
   1.6492421289792472
   1.9999998999999973
   1.9999998999999975
   1.9999998999999975
   1.9999998999999975
   1.490711850835775
   0
   0
   0
   1.9999998999999975
   1.9999998999999975
   0
   1.9999998999999975
   1.4142134209517316
   1.4142134209517316
   1.2472189685678916
   1.4142134209517316
   1.2472189685678916
   0
   0
   1.4142134209517316
   1.1547003651741576
   1.490711850835775
   1.490711850835775
   1.1547003651741576
   1.058300335443583
   1.9999998999999975
   1.4142134209517316
   1.1547003651741579
   1.3093071886634224
   0.99999979999998
   1.0547159027448854
   0.9090906890908824
   1.131370673121767
   1.1180338098644422
   0.7824605408320497
   0.9999997999999799
   0.9686440032015229
   1.0320311804380957
   1.1780300089729534
   0.8944269673930901
   1.0657401508509485
   0.6599660260616113
   1.4142134209517316
   0.9797956929891047
   0.7999997499999609
   0.9354141328844674
   0.8012333671546483
   0.8571426238094921
   1.0657401508509485
   0.5610832512335535
   1.131370673121767
   0.7994078148466336
   0.7663270957812544
   0.7631510990623022
   0.857142623809492
   0.6389970112138745
   0.696567800427005
   0.5624287782575186
   0.5773499227793603
   0.5947613778639628
   0.603022357492957
   0.5734315491139729
   0.5521526687393639
   0.5436221981089394
   0.6999232704677075
   0.4590679706240597
   0.5215069515973535
   0.4166661866663902
   0.42779216443000967
   0.3875091859703306
   0.4165488665575667
   0.4406977150304478
   0.4452531065169268
   0.5077520063968236
   0.3971378455207246
   0.4392047752107225
   0.42079242705479697
   0.38330586127454347
   0.41600579862520654
   0.4241820315003346
   0.3813514951863784
   0.3637929067647494
   0.3086915268123856
   0.34339987686737156
   0.3310704565090089
   0.3147176814982264
   0.31134928217390206
   0.3289439442069727
   0.29889422871937704
   0.29876049488269807
   0.2806647848395223
   0.2719587059026847
   0.2871737031875814
   0.2532979579067907
   0.2420290526266717
   0.2454105893591687
   0.23566973772621433
   0.21500560609176583
   0.22922362061578852
   0.2086838422510158
   0.21346568810935398
   0.21234394237989548
   0.20047969424450557
   0.18863473740245384
   0.18532502380836402
   0.18505612911714106
   0.17391827584609706
   0.1784835775087004
   0.1743969952535369
   0.17471866413712273
   0.15763916027581928
   0.1543659511639005
   0.15161689318899074
   0.14141742665901344
   0.14198422165410016
   0.13930887529790442
   0.14471353902438897
   0.13938075515915516
   0.1326742289772501
   0.12838676169094063
   0.12332288209049952
   0.12277393813695699
   0.1188375143021092
   0.11573079439990196
   0.11620439448874192
   0.10723637440741571
   0.11007284123549786
   0.10411913606221339
   0.10472676473022888
   0.09851232091225781
   0.09550919804907558
   0.09296872701522076
   0.09135402590287997
   0.0879988675948111
   0.08518452089804505
   0.08441891435743594
   0.08438055247773714
   0.08189194672215869
   0.07897693369011133
   0.07765694307459349
   0.07422451997618472
   0.07541669093065634
   0.07176786279419994
   0.06881580704679267
   0.0670390327169984
   0.06688341097953414
   0.06523798414740298
   0.06296330126127535
   0.062468087095564735
   0.05964321422012325
   0.05727645958785175
   0.055938333168318366
   0.05503303171906767
   0.05512006534712052
   0.051476440673447525
   0.04993848022391399
   0.048996643147913556
   0.04830237701835712
   0.045594845551097135
   0.04515145765713929
   0.04411409148944129
   0.04278282390638913
   0.043067152242342074
   0.0404190110312462
   0.03997222194359412
   0.03949960209637429
   0.03732177805178709
   0.03695312453597896
   0.03577883313942677
   0.034904403409447254
   0.033979029004567944
   0.03300985475693179
   0.03206016125896139
   0.031210680093909548
   0.030670958219664392
   0.030008340828806292
   0.0292847045274604
   0.028717979042359735
   0.02759060868121797
   0.02692809250154694
   0.025967449792529757
   0.025641185038523008
   0.024904914897573256
   0.024172204317658975
   0.02340565788674928
   0.02274750705597118
   0.022399085750601535
   0.021908311550860243
   0.021221095534841805
   0.02057341784347735
   0.02004554738480017
   0.019663402776476713
   0.019159519795087048
   0.01874860964956428
   0.018220621498393427
   0.017722568855056985
   0.017141074090945303
   0.01668051449139845
   0.01633149761891164
   0.015870569491335907
   0.015472220409412428
   0.01507673718030497
   0.014670573104657865
   0.014188906668289855
   0.01395530555456328
   0.013588298800142652
   0.013211667046389134
   0.012818424352139961
   0.012425248218954545
   0.012176909365189465
   0.011905546467866296
   0.01161376243924905
   0.011283884097941633
   0.010914255463764752
   0.010696534350103397
   0.010414493771447585
   0.010118824056142891
   0.009833031081070203
   0.009587227461850435
   0.009336900103092493
   0.009103623718824241
   0.008888267973533795
   0.008657579221302503
   0.00840629260981027
   0.008227489519570289
   0.007984862872120716
   0.007788167908530738
   0.007575384202176506
   0.00736705078546328
   0.0071868590362159195
   0.006989667258021495
   0.0067934247430381815
   0.006633673963449115
   0.006445066771883612
   0.0062842426195258635
   0.0061113830369899655
   0.0059495947218184886
   0.005800360555268851
   0.00565560521997522
   0.0055031039171987515
   0.005365482030764803
   0.005206529750798017
   0.005073401573863859
   0.004943396146025284
   0.004819047199765685
   0.004683456139594665
   0.00456136038976927
   0.00444217987454557
   0.004322133040619841
   0.004208575378989333
   0.0040897669180082015
   0.0039847822314312544
   0.0038708517717018186
   0.0037718291556680505
   0.003674287554345179
   0.0035722094461910522
   0.003476860323417344
   0.00338638157265715
   0.0032963829704837394
   0.003210398694606177
   0.0031198242595191863
   0.003033752429146323
   0.0029483367976279153
   0.0028698520074014297
   0.0027948216695196947
   0.002718759938111973
   0.0026427507569088426
   0.002571551298855392
   0.0025022067892384947
   0.0024340855977091343
   0.0023627119875571693
   0.001929116198655657
   0.0018983672127312078
   0.0018769301170592104
   0.001861508317604586
   0.0018537825261322513
   0.0018529089976257803
   0.001860490838400074
   0.0018768472330703617
   0.0018992448425206344
   0.0019301341456369003
   0.002363240484548789
   0.0024331575234773665
   0.002504851078772565
   0.0025713153134320926
   0.00264582144032918
   0.0027207897323805546
   0.002792665572322056
   0.002872504812083983
   0.00295381428875171
   0.003038365391238627
   0.0031197800375870584
   0.0032084524937099398
   0.003296838999468639
   0.003392561672360823
   0.0034854547632369123
   0.003580016755574853
   0.003676937398456025
   0.0037749059735870793
   0.003881042330098245
   0.003987428929199199
   0.00409114025310727
   0.004206240871916356
   0.004326060279168495
   0.0044441470413996145
   0.0045459885959798305
   0.004679969312884483
   0.004819162821966867
   0.0049372623223088484
   0.005087554686702012
   0.005216457659854964
   0.0053452131341648525
   0.005504053225964482
   0.0056473923147375045
   0.005804566204707631
   0.0059536603293205885
   0.006109568978564667
   0.00628248024707821
   0.006459038375972128
   0.006630501129977558
   0.006809170907817424
   0.006988205988859644
   0.0071605143373784695
   0.007374757016901776
   0.007560340054879581
   0.007768347398906857
   0.007968536783017854
   0.008223848299420277
   0.008417589974200487
   0.008642489836458885
   0.008856139066559313
   0.009118637933464433
   0.009329108252851225
   0.0096338763313248
   0.00987408400390809
   0.010101689965618351
   0.010406388992333279
   0.010695247609527078
   0.010975175277274294
   0.01129638942742778
   0.011602828568685952
   0.01185950459529843
   0.012169603507217087
   0.012540006298930768
   0.01292087917262824
   0.01314945260164137
   0.01348600431852229
   0.013914954646203221
   0.014273957928286361
   0.014700386061278888
   0.015032047325763808
   0.015468378519957025
   0.01588777980831828
   0.016333627549662142
   0.016843865225415446
   0.01708614309334367
   0.017708458235624808
   0.01810233634815785
   0.018693718876106952
   0.0189061664529354
   0.01965645290872016
   0.02010706286417627
   0.020813470862655347
   0.021324589048614916
   0.02179506806982856
   0.022388088312919278
   0.023029759687287012
   0.0235667522217164
   0.02394566213921466
   0.02477451834242918
   0.025517265130763023
   0.026348035184880658
   0.026692986296508875
   0.027646474792802522
   0.02807405387961349
   0.029049731906914573
   0.029985394546697085
   0.03055885630063214
   0.03149324981051249
   0.03250936454090604
   0.03354043181873477
   0.034020551901677146
   0.034923004605378775
   0.0358953207469941
   0.03702075273221162
   0.037224722303026085
   0.03823111998119665
   0.039486656721673785
   0.04031932487150907
   0.04133163047812756
   0.04270279733375812
   0.04354511627406035
   0.04436050191057771
   0.04741559275052678
   0.04829971414834655
   0.04918561782348117
   0.05049526601150853
   0.05210697614316589
   0.05310183514005269
   0.05431398436094077
   0.056326095490037094
   0.05748778284123375
   0.059112563024369874
   0.061618252758656344
   0.05951055952559178
   0.06397533132242354
   0.0643357779695822
   0.06819451731336197
   0.07030755907509505
   0.07031171461405217
   0.0719745969401849
   0.0753041310886662
   0.078693327120981
   0.07893981131531162
   0.0814884680632048
   0.0832191320826732
   0.08723337555219642
   0.09017848416819299
   0.0956462378419164
   0.09364579305202438
   0.09360863231263616
   0.10323537040812612
   0.09939171268240399
   0.1064377430679363
   0.10469877966649462
   0.11161538049712715
   0.10975208997145305
   0.11833945677558658
   0.11405841975137933
   0.13051221295091317
   0.12459161107737203
   0.12036155709040548
   0.13063340518097669
   0.13082861826401557
   0.13814117243489457
   0.13855746558419307
   0.14391792821510596
   0.146934106466722
   0.13899407332229974
   0.15918999633959938
   0.16347152591877667
   0.15920951917474982
   0.16925876593376815
   0.16727137623603405
   0.1762117718927711
   0.17898781253771734
   0.18788809989235872
   0.20069210914750132
   0.18427954765818208
   0.20262360770120125
   0.20438609609596278
   0.20007620088425043
   0.23048328666226048
   0.21884152218973327
   0.21793616185644546
   0.25799631780318105
   0.23606902806158908
   0.2502358013317598
   0.2572782166574528
   0.26279668947686535
   0.274373481103876
   0.2839981065282957
   0.3079558923048991
   0.2735786523330095
   0.31234688346413203
   0.30142714834893825
   0.2786311776167674
   0.26447752956435494
   0.3867810750282386
   0.3218114704014469
   0.3406738797712267
   0.36774221680785135
   0.35154283727578545
   0.3852753560766637
   0.43508621159792427
   0.4422161864468051
   0.42076242717042023
   0.5546998356699844
   0.46168336274728566
   0.40720501781119084
   0.5160295871868789
   0.5773499227793604
   0.4655235550957051
   0.44487781093988793
   0.6547668922957376
   0.5823228881134256
   0.5580486404616601
   0.6388762519503465
   0.5546998356699844
   0.6056249721737167
   0.6165751286389992
   0.7219844892679372
   0.816496335978715
   0.7375632854203087
   0.5455066036917245
   0.6241589220263781
   0.620689332950108
   0.8819168769094838
   0.697216401923471
   0.7061264465014416
   0.816496335978715
   0.6666663666665991
   0.7925268282864114
   0.9101659007367312
   0.7947191625778385
   0.8314791787479456
   0.9607687146639002
   0.8719691385091543
   0.7856739467599038
   1.2747547215052784
   1.2015767067684529
   1.0101523465622928
   1.0954449324361313
   0.9999997999999799
   0.9718251100092261
   1.054092363652783
   1.018349958038511
   0.8660251728443001
   1.131370673121767
   1.4142134209517316
   1.490711850835775
   1.1726037693952718
   0
   1.2472189685678916
   1.058300335443583
   1.9999998999999973
   1.4846148432011117
   1.490711850835775
   1.490711850835775
   1.9999998999999973
   1.5811387035930782
   1.1547003651741576
   1.9999998999999975
   1.4142134209517316
   1.9999998999999973
   0
   1.490711850835775
   1.9999998999999975
   1.2961479853782127
   1.9999998999999975
   0
   0
   1.9999998999999975
   1.490711850835775
   1.490711850835775
   1.9999998999999973
   1.9999998999999975
   1.4142134209517316
   1.6996730535279096
   1.9999998999999973
   0
   1.9999998999999975
   0
   0
   0
   0
   0
   0
   0
   0
   0
   0
   0
   0
   1.9999998999999975
   0
   0
   1.9999998999999975
   1.9999998999999975
   0
   0
   0
   1.9999998999999973
   0
   0
   0
   1.9999998999999973
   0
   0
   0
   0
   0
   0
   0
   0
   0
   0
   0
   0
   0
   0
   0
   0
   0
   0
   0
   0
   0
   0
   0
   0
   0
   0
   0
   0
   0
   0
   0
   0
   0
   0
   0
   0
   0
   0
   0
   0
   0
   0
   0
   0
   0
   0
   0
   0
   0
   0
   0
   0
   0
   0
   0
   0
   0
   0
   0
   0
   0
   0
   0
   0
   0
   0
   0
   0
   0
   0
   0
   0
   0
   0
   0
   0
   0
   0
   0
   0
   0
   0
   0
   0
   0
   0
   0
   0
   0
   0
   0
   0
   0
   0
   0
   0
   0
   0
   0
