   1.9999998999999975
   1.4142134209517316
   0.7559286814432771
   0.7071064983437785
   0.8944269673930901
   1.1547003651741576
   0.7370274598298289
   0.603022357492957
   0.6324552158058308
   0.6324552158058308
   0.7071064983437785
   0.6928200343523562
   0.5773499227793603
   0.49999959999983995
   0.45674542148263675
   0.47140409652677207
   0.4040605228458343
   0.3779639438585946
   0.359210047276682
   0.4170283485307214
   0.3481547374546571
   0.3287973663338989
   0.29488323407601597
   0.2800553026618486
   0.32444222581953913
   0.24618216955348451
   0.2671015509606127
   0.22941486208911663
   0.2366337932330211
   0.22494808817055922
   0.19331371317378201
   0.2020295189585231
   0.19334626339832237
   0.17533229400613123
   0.17473966677614491
   0.15800930110744726
   0.15204593827833343
   0.14319264196815548
   0.13151507881457172
   0.12572210119523003
   0.12147684879592664
   0.11000334426304292
   0.1050777756205183
   0.09948294851834873
   0.09743454371131119
   0.09058058131172034
   0.08143300226424788
   0.0794139233135909
   0.07395690551124029
   0.0724778270499972
   0.06654011464904953
   0.06419429352197811
   0.060013244310252456
   0.05593234281734382
   0.052564995548601494
   0.050452722718936624
   0.04771136573985072
   0.04510758914604911
   0.04257541322044176
   0.04012711284723675
   0.03801805675186828
   0.035850393315197175
   0.03377562224439933
   0.031903324185872994
   0.030593323413111384
   0.028488434600449117
   0.02685585331272822
   0.02539670376098288
   0.02391184115682859
   0.02245946324519988
   0.021101974096406965
   0.019982181806184867
   0.018803146698276183
   0.017573491830604367
   0.016383795518522468
   0.015594695668683097
   0.01449423024154453
   0.013624471195792945
   0.01279952553441909
   0.011947607660291494
   0.011134989506420582
   0.010363611768340204
   0.00961454680979496
   0.008903784106662758
   0.008260590827418703
   0.007555217136198403
   0.006977209081943675
   0.00636182889074299
   0.005801546896353705
   0.005262148169822614
   0.004776946958606566
   0.004289256166039731
   0.003853578023688659
   0.003441702248373382
   0.003066313286600504
   0.002741108998476035
   0.0025411631475896392
   0.002425787734278695
   0.002357820631321436
   0.0023268160163369763
   0.0023288012695167385
   0.0023593257630053852
   0.002426810690515667
   0.0025435551965337774
   0.002740147861559517
   0.0030658706730247354
   0.0034416768170337144
   0.0038553432860768083
   0.004300726425558171
   0.004771125275162272
   0.005259747908250624
   0.005802446415580932
   0.006392712619416204
   0.006967527904010357
   0.007574284030608195
   0.008248051014908733
   0.00891940165224773
   0.009590676216969114
   0.01038207648552128
   0.011079970231888135
   0.011916564028424418
   0.012749508218284902
   0.013650211443535542
   0.014520892272175394
   0.015570900107336801
   0.016530695080292267
   0.01758252133200396
   0.018715872932986776
   0.019761469751080247
   0.021162415913664447
   0.02244126705040443
   0.023773382241559105
   0.025480203156982687
   0.026446767357969043
   0.028153997689195187
   0.02996357431182366
   0.03213684422306718
   0.03393564368668368
   0.0358840851173538
   0.03824043038617371
   0.04029931604869023
   0.041877753557796805
   0.045289675834856595
   0.04764246136140847
   0.05002086885221915
   0.05307135840155833
   0.058156058000396825
   0.05961773038295083
   0.0626134677379843
   0.06911189779440015
   0.06915917150646186
   0.07553431424795987
   0.07795992702853412
   0.08579071928366684
   0.08550260159002442
   0.09923778458261527
   0.10182575066178357
   0.10734825205704672
   0.11300980126655417
   0.11802981723696739
   0.12749745095491125
   0.12876326236874774
   0.14432851118627857
   0.15441518480815034
   0.1545161557121885
   0.16653207899180664
   0.1817239664986432
   0.1864726388209683
   0.22353938310758348
   0.21687220727244927
   0.21314712938585895
   0.2030268052364664
   0.2820649615319235
   0.2580637411278685
   0.25819811514932994
   0.27734937700142204
   0.33333273333279334
   0.33333273333279334
   0.3651478239471424
   0.4347821486954088
   0.35355282490739626
   0.49999959999983995
   0.4170283485307214
   0.5546998356699844
   0.4364353222141747
   0.49999959999983995
   0.5128112504096539
   0.49999959999983995
   0.603022357492957
   0.6928200343523562
   0.8571426238094921
   0.816496335978715
   0.9999997999999799
   1.4142134209517316
   0.816496335978715
   0.9999997999999799
   0.9999997999999799
   1.1547003651741576
   1.4142134209517316
   0.9999997999999799
