   0
   0
   0
   0
   0
   0
   0
   0
   0
   0
   0
   0
   0
   0
   0
   0
   0
   0
   0
   0
   0
   0
   0
   0
   0
   0
   0
   0
   0
   0
   0
   0
   0
   0
   0
   0
   0
   0
   0
   0
   0
   0
   0
   0
   0
   0
   0
   0
   0
   0
   0
   0
   0
   0
   0
   0
   0
   0
   0
   0
   0
   0
   0
   0
   0
   0
   0
   0
   0
   0
   0
   0
   0
   0
   0
   0
   0
   0
   0
   0
   0
   0
   0
   0
   0
   0
   0
   0
   0
   0
   0
   0
   0
   0
   0
   0
   0
   0
   0
   0
   0
   0
   0
   0
   0
   0
   0
   0
   0
   0
   0
   0
   0
   0
   0
   0
   0
   0
   0
   0
   0
   0
   0
   0
   0
   0
   0
   0
   0
   0
   0
   0
   0
   0
   0
   0
   0
   0
   0
   0
   0
   0
   0
   0
   0
   0
   0
   0
   0
   0
   0
   0
   0
   0
   0
   0
   0
   0
   0
   0
   0
   0
   0
   0
   0
   0
   0
   0
   0
   0
   0
   0
   0
   0
   0
   0
   0
   0
   0
   0
   0
   0
   0
   0
   0
   0
   0
   0
   0
   0
   0
   0
   0
   0
   0
   0
   0
   0
   0
   0
   0
   0
   0
   0
   0
   0
   0
   0
   0
   0
   0
   0
   0
   0
   0
   0
   0
   0
   0
   0
   0
   0
   0
   0
   0
   0
   0
   0
   0
   0
   1.9999989999997498
   0
   0
   0
   0
   0
   0
   0
   1.9999989999997498
   0
   0
   0
   1.4907106433584696
   0
   0
   1.9999989999997498
   1.9999989999997498
   1.9999989999997498
   0
   1.4285700285707426
   0
   1.2247432383973387
   1.2961465966471537
   1.99999899999975
   1.9999989999997498
   1.5811375651726196
   1.9999989999997498
   1.7677658215951568
   1.3093058138898315
   1.7677658215951568
   1.4907106433584696
   1.9999989999997498
   1.2247432383973387
   1.99999899999975
   1.4229150916427482
   1.5811375651726196
   1.7379310007204847
   1.1967016192151236
   1.3564645222046907
   1.199998333332176
   1.6492410375684934
   1.1922598723876374
   1.1780284809973043
   1.2247432383973387
   1.1546988063271448
   1.9999989999997498
   1.1726022343488862
   1.5811375651726196
   1.2453980922433057
   1.3552603786274986
   1.4907106433584696
   0
   1.4142121481588255
   1.5811375651726196
   1.2453980922433057
   1.2472175253561648
   1.199998333332176
   1.2247432383973387
   1.9999989999997498
   1.4142121481588255
   1.199998333332176
   1.0547141961227973
   1.5411022029703285
   1.4907106433584696
   1.3266484085845804
   1.1180321998940819
   1.199998333332176
   0.9428069202593333
   1.1620654026344643
   1.054090656021156
   1.1354524201159235
   0.9791188313736048
   1.2472175253561648
   1.2453980922433057
   1.1780284809973043
   1.2472175253561648
   1.2765679103085859
   1.3693049331686495
   0.8564811812531729
   1.2211143518749705
   1.0606582861600622
   1.054090656021156
   1.4846136307649411
   1.7379310007204847
   1.2453980922433057
   0.790566885215919
   0.9686421449318998
   1.1780284809973043
   1.1234848562496167
   0.9447528689933016
   0.9358074828566045
   1.058821640521191
   0.8110325380512039
   1.1189609297588858
   0.8275240177783362
   0.8284844793623951
   0.8436554894075498
   0.9875234739337835
   0.9578867471722131
   1.0155028311137295
   0.7994055631767081
   1.0685377567583412
   0.9380810199550995
   0.8065451203385142
   0.9999979999980001
   0.6901647346443787
   0.9484988029717034
   0.6666636666599166
   0.8032168389187198
   0.7348067117149021
   0.760597394614401
   0.8081195607642446
   0.7375608449477236
   0.6233785535589539
   0.7547158405651758
   0.7714607633201838
   0.8844310160901312
   0.6863724288686944
   0.6928174362701908
   0.6700564094438128
   0.6933409144012537
   0.673297358774957
   0.7535895663873678
   0.7959874370867922
   0.7015579092277415
   0.9473663099391684
   0.6923401208764423
   0.7714607633201838
   0.8164941314343089
   0.9354122086011065
   0.6731426297598451
   0.8247052123498742
   0.6901930964570534
   0.8904467464615858
   0.6822603862998378
   0.835596105825659
   0.8148123602656633
   0.5873914526275208
   0.764861971802515
   0.7160346169997807
   0.5567898199425726
   0.801253913762377
   0.5958402351291968
   0.7034129909958358
   0.5676426888652951
   0.6372940014176206
   0.7079692717879205
   0.5953371983563898
   0.702109530335785
   0.6036672652706669
   0.69271288285373
   0.5829263314864777
   0.539736544768526
   0.6207619014226997
   0.6119693635779426
   0.5831142866929846
   0.5892490896499706
   0.5715409531381943
   0.570473300849609
   0.5908405041511934
   0.5911644461945805
   0.5689702439899237
   0.5741045201006519
   0.6280481689779939
   0.51024604808445
   0.6271744578297307
   0.6523923932042309
   0.5567728441653741
   0.6344930345525159
   0.583091759502739
   0.4796741930908781
   0.5499576955718636
   0.6085773331059664
   0.46976059045611623
   0.4514524124825978
   0.5222291381446202
   0.5016907421154088
   0.6041489882471045
   0.4543082653881612
   0.49942878028399984
   0.5590134166547347
   0.582448704262141
   0.6113087780699119
   0.5279772448426763
   0.4894104894860091
   0.5206743957572201
   0.4764838048942803
   0.6622381195854978
   0.5808997845332547
   0.4950817860108616
   0.4626304308805187
   0.5430396212485298
   0.48854797878203987
   0.555278834758739
   0.5685443755883721
   0.4789150019366958
   0.508428364040151
   0.5912914929454249
   0.4641287549094399
   0.43477800867131794
   0.471860413681843
   0.5338501662451741
   0.48106412562687995
   0.5602749409999389
   0.46680745930499923
   0.5195848841052187
   0.42630388716220907
   0.46199957509396194
   0.48195678270405995
   0.4405438005881895
   0.42126611043670376
   0.5078223283263315
   0.42423770993051657
   0.44221211602075716
   0.528646012318652
   0.48277902271648715
   0.4824108390172678
   0.47402748140606293
   0.44853743694568726
   0.45952307658996266
   0.4228018827994565
   0.4838479395875834
   0.4199557631864453
   0.38833574860446785
   0.405533287951866
   0.4162729840283103
   0.4263967422696635
   0.4088468702504759
   0.39964762256545733
   0.4072005974094491
   0.3967644477567699
   0.3740234314704474
   0.48778161568633494
   0.44409486743071613
   0.36442765221339257
   0.45855777308672047
   0.3802742120766413
   0.41211718744759135
   0.4085972557714744
   0.37468416416611766
   0.3685947790600708
   0.40232023224413743
   0.36770139398252644
   0.3570257469357441
   0.3290574847694978
   0.32076350320501656
   0.36986583206321005
   0.3419382320232766
   0.3830380717527577
   0.3402499410093734
   0.30973133519229207
   0.3099367916443848
   0.35353932553082346
   0.3282028699285618
   0.31886138357628335
   0.2926865518292644
   0.3143759353168728
   0.3220517652104743
   0.33196397640806313
   0.313838809605395
   0.2978710201274467
   0.33126329256141296
   0.30784855369512953
   0.31244194171421474
   0.28821228184120756
   0.3055886610332034
   0.3197364093532995
   0.36246064785213056
   0.27853326150291485
   0.31156765295335764
   0.30664425683267843
   0.29526149025985193
   0.29004760269377305
   0.29246703876530544
   0.2854281245527747
   0.2867143951901176
   0.2748969270462653
   0.27121411416399505
   0.26960566553600734
   0.251075673822251
   0.28490715086340196
   0.2685783061722299
   0.27273173682506424
   0.26329607695808777
   0.2673890033437602
   0.24940729740727316
   0.2537216944308312
   0.28224645794095277
   0.25437720778033995
   0.2812428887989881
   0.25179420169383054
   0.2559166830031928
   0.23818400327863157
   0.24309375221476398
   0.25497655441748623
   0.23252421585143365
   0.26359238142810254
   0.2322876089339838
   0.26592654378231007
   0.23913683664153
   0.23527643537035903
   0.23592748415090978
   0.24537423409553275
   0.23633617789381062
   0.24188410832779822
   0.22153448268047937
   0.23220744578871702
   0.2168323575947711
   0.22994890927842823
   0.21676166491601467
   0.22330123371731356
   0.22311070222362955
   0.2082427719234004
   0.2109523351094678
   0.2231690595014774
   0.21647015093372324
   0.2024442005121106
   0.19964194675880473
   0.20401703218285835
   0.19880998909689093
   0.20500929487708647
   0.2045126575137425
   0.21176459665381558
   0.20464108080222315
   0.2281359243959618
   0.20759003715947746
   0.18976384815238154
   0.21322220120845983
   0.2457991850546191
   0.20053196588163416
   0.1927309253147028
   0.1854073857847999
   0.1941312296834925
   0.1897947005966375
   0.18244942768599773
   0.18674279842749822
   0.18209348501432657
   0.18939062180203836
   0.19927703121504148
   0.18288265619241287
   0.17464913448147654
   0.17193698418493986
   0.17756691669219996
   0.1760044499983765
   0.16988747757826736
   0.17572608324469113
   0.17220119732900924
   0.17764796270145986
   0.1727796463493601
   0.16065419590370317
   0.1640713508680766
   0.16268513185423186
   0.1759752084333716
   0.16400583169757993
   0.168041253509031
   0.1587822228925625
   0.1532671187456113
   0.15356608283322037
   0.15255190825008977
   0.1564172263430558
   0.14937107552035758
   0.14449209873851498
   0.1502877671571932
   0.14976558307019028
   0.15096108649033638
   0.1452075130298095
   0.14932239469686237
   0.14420937132233932
   0.13956099381141293
   0.13606806575577723
   0.13834968983774662
   0.13782951600677668
   0.13559075508991314
   0.1454185616349205
   0.1372793717781458
   0.13184116624095438
   0.1310296740159805
   0.13134164387641908
   0.1311572353747035
   0.12272657577373926
   0.127214896912072
   0.12097231159654005
   0.12943301491881698
   0.12588910546222482
   0.12393879150829212
   0.11964616416105367
   0.1198410385022221
   0.12128070829312317
   0.11673971439556255
   0.11372880824360812
   0.1197503733097082
   0.11821968595564872
   0.11416279139305345
   0.11602708386388051
   0.11690573066118724
   0.11383308325896131
   0.11140105464932858
   0.11411074527934965
   0.10807703270683494
   0.10891392656205008
   0.10800522476864183
   0.10964421603056224
   0.10928268008082755
   0.11131448648780332
   0.1005354667838079
   0.10303583477705174
   0.1022587156425229
   0.10445565482593647
   0.09926129273825005
   0.09733516577255316
   0.1014784827486762
   0.10112006629239045
   0.09781255248979928
   0.09915328788696262
   0.09963288925388059
   0.09281087582335557
   0.0941606639220839
   0.09684982787496828
   0.09813623277563693
   0.09275368529306476
   0.0925246802395153
   0.09073662788000394
   0.08862416203535718
   0.08863084104038005
   0.09118923396522763
   0.08741095047796911
   0.08845188942159354
   0.08572846474906634
   0.0870099745956796
   0.08487469649158212
   0.08345817334946289
   0.08091064985499818
   0.0833201466697147
   0.08044988972299716
   0.08132671797304436
   0.07961743063868562
   0.07906411312242613
   0.07893730038501735
   0.07714735107017538
   0.07790493114206544
   0.07692157923685744
   0.0754731552196407
   0.07428095953796915
   0.07383617839551737
   0.07579798604214635
   0.07315254185260552
   0.07535631177611994
   0.07319630709176217
   0.07179518432851396
   0.07072970427548814
   0.07229625266225487
   0.0691255604461612
   0.0695055224457529
   0.06947328560349098
   0.06689931842879762
   0.06848606406914322
   0.06611387750902341
   0.0671704114338249
   0.06618861661037709
   0.06406635886705135
   0.06447992416407645
   0.06384030031233004
   0.062821612163353
   0.0634910217671168
   0.06187514506923365
   0.06128478248968634
   0.06243182523271837
   0.061356986749747086
   0.05964418711290188
   0.06058243592544092
   0.05889838190121795
   0.05895940256437009
   0.058926089284179306
   0.05724061222582303
   0.057738867880598774
   0.056386314988952434
   0.05584628667868896
   0.05601033811085594
   0.05574379240755968
   0.05328658002975574
   0.05591404193907728
   0.05423266465790486
   0.05409173092617494
   0.05232271618265732
   0.05317040190786547
   0.052182761022532186
   0.051401596605250954
   0.05081426005122135
   0.051029869998918974
   0.050187326295960386
   0.05021114542138661
   0.04943868062153324
   0.048911595088982074
   0.048324677352363773
   0.04804040950844823
   0.04708379643850724
   0.047177332083634595
   0.04787592000268936
   0.04599940424797356
   0.04635730945616118
   0.04594523978869748
   0.04511054177149091
   0.04399793528129192
   0.044281564627461995
   0.04458507210216101
   0.043323316622155446
   0.042753969727039175
   0.042834130149122664
   0.0418480331814777
   0.04182185345290273
   0.04225697976319591
   0.04071508510849537
   0.041127562099740785
   0.04082630125145444
   0.040032984230301785
   0.03967474630252109
   0.03973305990460231
   0.039429701044458726
   0.03965985728564273
   0.03872691776965004
   0.03841973786508683
   0.03769697592708212
   0.03787518043264404
   0.03760663917755088
   0.036369538564028234
   0.037356475856062964
   0.03604443491885266
   0.0357724492816604
   0.03575854584588087
   0.035617848457106326
   0.03512299854304953
   0.03506119539622567
   0.03431078567624583
   0.0344408414915579
   0.034099069261321176
   0.03387443358345508
   0.03329407680080347
   0.03313249255936779
   0.032645150117931634
   0.03237418792384982
   0.0323231046876493
   0.031706077146992334
   0.031408608846148406
   0.031124054893046798
   0.031104125585685805
   0.030793992247634506
   0.030528561229039977
   0.030333150564927486
   0.029760510101924605
   0.02979551788223913
   0.02935696592018442
   0.029329025893908168
   0.029195646257370624
   0.02860543007528529
   0.028353428933747427
   0.028144682581579
   0.027915294402496262
   0.027786117526294143
   0.027280370359917414
   0.02714030461433159
   0.026787621534788524
   0.026515293223934967
   0.026568895426156564
   0.026192378256669934
   0.026190055271942674
   0.025776413227327294
   0.02565918834316976
   0.02537108005377589
   0.025170811761614047
   0.02484164211929895
   0.024662676995464802
   0.02451684612217779
   0.024429430229880388
   0.02401918529202877
   0.02381207729133799
   0.023770213204276993
   0.023656623131540534
   0.023257207051232957
   0.02306346386022233
   0.022780091007143916
   0.022767863227938816
   0.022471098039921266
   0.022509594533916738
   0.02218843543570755
   0.0220576703972927
   0.021804884895384003
   0.02173177378680957
   0.021548443679803676
   0.021247279494039883
   0.021082979586464535
   0.02083950253465978
   0.020792057005229923
   0.020336016302235596
   0.020306629838981717
   0.020124963527218907
   0.02006445040646688
   0.019868897617842662
   0.019613583787199216
   0.01960722515079511
   0.019064682849608938
   0.01905544534775284
   0.018951043786042655
   0.018612731661610798
   0.018581678629800178
   0.01849753579986779
   0.018273161054889443
   0.01806365040509276
   0.01796594071801923
   0.017821198329205222
   0.017811795609788447
   0.017471878290168042
   0.01728617777994471
   0.017277266685985327
   0.01716296773241013
   0.0168457654650632
   0.016988638696984543
   0.01666558287056127
   0.016476102423923254
   0.01640636986346543
   0.016350436996469906
   0.016146281305740463
   0.01587943134321157
   0.015775501536806687
   0.015759722449141717
   0.01546524559763243
   0.015430328414633997
   0.015251799024969506
   0.015152553412935164
   0.015059823896912941
   0.01487105158277069
   0.014683608301164238
   0.014745476471784166
   0.014530320749812831
   0.014310958496518764
   0.014251047476027
   0.014149875306081552
   0.013993821314270181
   0.013832012825219118
   0.013682876654325491
   0.013666712193515755
   0.013471184878255858
   0.013381630526459513
   0.01329648725808214
   0.013165491067487172
   0.013072008056141443
   0.012892912592818951
   0.012847127015176828
   0.012720122732237544
   0.012617520022094634
   0.012449049610996528
   0.012387021035752956
   0.012213842878500707
   0.012108653264448243
   0.01199846008449174
   0.011943362094513903
   0.01181371605039186
   0.011762472573764858
   0.011594216312191744
   0.0114976604635622
   0.011373904595936972
   0.0113384494798077
   0.011183036253224693
   0.01110618179334627
   0.010985298036395823
   0.010869163107662986
   0.010835897460839135
   0.010715761578671152
   0.010638021990871892
   0.01049184628038547
   0.010430297767885802
   0.010347993960300627
   0.010205358515584753
   0.010154226728933497
   0.010076702376889079
   0.009927858100066965
   0.009889175820661936
   0.00975965038441369
   0.00971226850309861
   0.00960380406695121
   0.009550620347475143
   0.009426906123790645
   0.009321994258746935
   0.009226647790151041
   0.009211360500594713
   0.0090961814314567
   0.008996612829155393
   0.008917338349592997
   0.008866264280503033
   0.008772882257943442
   0.008679507420592926
   0.008588798036789086
   0.008550566532466391
   0.008466392250138252
   0.008380276782328213
   0.008321692001826607
   0.008236731907096239
   0.008149561547027737
   0.008084697826076482
   0.008006627736496859
   0.007943800132583372
   0.007863845817845756
   0.007779103343296539
   0.0077319238248277035
   0.00768250089518557
   0.007576343661266005
   0.007511822053172869
   0.007421172760324244
   0.0073552370251597785
   0.007303552433603157
   0.007219447456651769
   0.007154469637612286
   0.0071068017559801425
   0.007053648148165072
   0.006986743746928328
   0.006916647761296409
   0.006871455476441174
   0.006790691154530558
   0.0067122313469547955
   0.006667799165192402
   0.006610532280123161
   0.006543421571498347
   0.00645891001838333
   0.0064036774358044585
   0.006361835626834287
   0.0062886376255398835
   0.0062206282147158325
   0.006178339347174171
   0.006122111094099746
   0.0060617685766386304
   0.0059977817309529195
   0.005933090914544272
   0.005865991956757981
   0.005825241702491233
   0.005786938477512881
   0.0057119377622053494
   0.005671307496285777
   0.005601385091954804
   0.005540994984916745
   0.005500345031406758
   0.00543044364313985
   0.005381315047615295
   0.005340998749640864
   0.005284337686622745
   0.005233370644679738
   0.0051907545883897194
   0.005127080032580842
   0.005082142067504809
   0.005037531261933904
   0.004979876271161711
   0.004924927131415752
   0.0048861866019590024
   0.0048202092777981115
   0.004785152152324091
   0.004734633619967979
   0.004683043427465214
   0.004648656786505513
   0.004582706966765984
   0.004543607587489021
   0.0045011017274803325
   0.0044503559403127335
   0.0044103277571485066
   0.0043546272496129195
   0.004320579432894919
   0.00426384390869691
   0.004220019206940091
   0.003939557565644917
   0.003916137508864687
   0.003886905028746217
   0.003872112996997699
   0.0038652520986666534
   0.0038634762038564406
   0.00387115292886055
   0.0038920341687889186
   0.003908354185272293
   0.003951679168801868
   0.004222645036758595
   0.004264909123765825
   0.00430889170991378
   0.004360510473117858
   0.004407687701782539
   0.004461573810869152
   0.004502052854542952
   0.0045425754629894585
   0.004586996267798305
   0.0046298405555618765
   0.00468074277933837
   0.004746969890948761
   0.004775438400853547
   0.004832964097208399
   0.00487403146104679
   0.004933624325071676
   0.004983394634586467
   0.005030987056285405
   0.0050659567874088
   0.005126986497287799
   0.005185716408156479
   0.0052446322992274926
   0.005276932186529178
   0.005319364653348778
   0.005382845552277296
   0.005435743443817069
   0.00549452241802448
   0.005555741211508276
   0.0055938458045091234
   0.005644342547830577
   0.005715097199160387
   0.005753191107452701
   0.005825144671798424
   0.00586982785903326
   0.005951327812518415
   0.005991044835934401
   0.006053599574398513
   0.00610640552320645
   0.006157719552590844
   0.0062343883037797925
   0.006285670340611073
   0.006340517045468365
   0.00639907348545135
   0.006452514571639781
   0.006525093101398425
   0.006579228210406972
   0.0066510559803495736
   0.006718245788522228
   0.006777411668190216
   0.006845932430912198
   0.006890653048709147
   0.006980421386267043
   0.00703591809927918
   0.007095023931250282
   0.007158267270319922
   0.00722182847250644
   0.007295072072582553
   0.007362009410527582
   0.007441931784646895
   0.007521643358295307
   0.0075800534177325254
   0.00764129300555975
   0.007703830810644224
   0.007814467213552351
   0.007842180812432225
   0.007922388495556388
   0.008000016729920942
   0.008068741420637498
   0.008149968137047969
   0.008220790720726423
   0.008281600117445258
   0.00837585179054787
   0.008475820635418923
   0.008530340385628362
   0.008626799140200321
   0.008682585122370665
   0.00879232922529461
   0.008852469191123187
   0.008926945656680623
   0.00901827059528541
   0.009114320122222476
   0.009189484158290911
   0.009257062049787997
   0.00936488014777261
   0.009462017707694826
   0.009501462447854074
   0.00957647802889511
   0.009686551211603773
   0.009803435221483843
   0.009886851843571659
   0.009944520439605085
   0.010037443421878954
   0.010101906446434675
   0.010198350102620974
   0.010299651411409216
   0.01041345932023417
   0.010514065427749084
   0.010568625891031072
   0.010642070039772033
   0.010792829595579987
   0.010906801926384244
   0.010978732257451026
   0.01108357261785345
   0.01115087707025314
   0.01128559108429657
   0.0113840089427485
   0.011473402018478884
   0.011551743847534405
   0.011652363452387134
   0.011785494117908519
   0.01187780387149591
   0.01203970560749457
   0.012123741244481998
   0.012182568432960792
   0.012329810229341398
   0.012475918949077375
   0.012586979985848993
   0.012621751740082303
   0.01280737445774942
   0.012829416836144832
   0.013003097837356512
   0.013138451239474738
   0.01322995957779894
   0.013331657742590089
   0.013481185762064096
   0.013594237124374582
   0.013736339332022961
   0.013791611314313211
   0.013954918695549181
   0.014124904894821705
   0.0141764337183894
   0.014385157812134952
   0.014434921709328759
   0.014576503008555638
   0.01478276956815368
   0.014830809043877806
   0.014894468799049494
   0.015067843989283056
   0.015311632518445984
   0.015354835832692223
   0.015552572930657888
   0.015588236617591827
   0.01576602219198063
   0.015889114397820155
   0.016063343952669874
   0.016154831951787782
   0.016426802448745094
   0.01650150164981239
   0.016509175248074305
   0.016751202316156764
   0.016921727663298983
   0.017038774706859362
   0.01723059331849783
   0.017406216857004986
   0.017593539502290107
   0.017636731345316875
   0.017817086260075738
   0.017923387829658202
   0.01809452758739186
   0.018230627829699746
   0.01836884937037017
   0.01861692513115727
   0.01882032881611744
   0.01886885425784419
   0.01900223119535686
   0.019260351292695144
   0.019384282682853537
   0.019601328748939217
   0.019858400462902107
   0.020032633817730433
   0.020150364930784127
   0.020411834210707636
   0.02046099375359873
   0.02059039536632488
   0.02086680353213543
   0.02109115721113676
   0.021223090812089746
   0.021297387523145743
   0.02151446458042831
   0.022084429594034994
   0.021954805340798255
   0.022149393660136185
   0.02247613293809033
   0.022820179866871713
   0.02265681428675243
   0.02316206327515433
   0.023094190348379996
   0.02352125149949257
   0.02360263313664115
   0.023851939918128593
   0.024091927846232312
   0.024064098503271483
   0.024545221215030315
   0.024796508837313203
   0.02501599423770221
   0.025077733274476616
   0.025354459741648006
   0.025716938433658316
   0.025711680581337867
   0.025967046516185106
   0.026298242183926887
   0.026767953423577056
   0.026762391933257936
   0.026973816953787533
   0.02717896460096187
   0.027464968397751748
   0.027698098875562266
   0.02789606170471972
   0.0286612351982472
   0.028693247269468904
   0.028542598887223405
   0.028705138065273465
   0.029408939868564254
   0.02918607076477364
   0.029376418144321743
   0.02964543060216262
   0.030119444744394853
   0.030737713627975158
   0.03065894433168845
   0.031212112683318326
   0.030994483082418128
   0.031506242671662035
   0.03157950357652519
   0.03186213697084559
   0.0321722037131309
   0.03249722438999702
   0.03278623908165567
   0.03325505813727566
   0.033252221675829266
   0.03407413427956318
   0.03351630630127459
   0.034465222933150325
   0.03392978508614511
   0.035205897564855045
   0.03527884540454963
   0.03525858261243661
   0.03572849999688673
   0.03610331352969236
   0.035923207283436336
   0.03597122568467475
   0.036858234876982365
   0.037395381917864186
   0.03767464421631798
   0.037591941898729074
   0.038255395561794664
   0.03872551424164549
   0.039036563110179036
   0.039270322705249536
   0.03920991941344459
   0.04016175136931673
   0.04000777131815039
   0.04112316696386634
   0.04085404980179228
   0.04180377766627683
   0.04196097246687326
   0.0419775708651855
   0.04238853677609331
   0.04321908202107059
   0.0435868098613857
   0.04367481533840959
   0.04340504582622849
   0.044481448343354345
   0.04471503693402868
   0.04531194950781685
   0.0460186937417691
   0.04657780399746402
   0.0458758328644981
   0.046465827631379956
   0.047027004593098845
   0.046568464907511715
   0.047978423064198715
   0.04786528559635002
   0.04959943488138925
   0.049606434318010026
   0.049491482381409366
   0.05045685989570587
   0.0510803180544246
   0.05208780596093766
   0.05229013274526596
   0.05224314509450741
   0.05372351412260291
   0.05303341797226558
   0.05280481147082868
   0.05452045084028872
   0.05449623443414812
   0.054443959377433605
   0.05654349213608956
   0.055616814011883835
   0.05552778091095541
   0.05750209193416889
   0.0584492328615457
   0.057497073445727125
   0.05903664426970437
   0.0587829890101979
   0.06002037913722843
   0.060076661581343165
   0.06122071744223399
   0.0622474385695776
   0.06207158828135768
   0.06264670828935562
   0.062342178774251335
   0.06388497539006603
   0.06316346781436548
   0.06457036921801511
   0.06426492614821921
   0.06593287151936819
   0.0657532940777755
   0.06625268957317397
   0.06699433845868495
   0.07084391849379748
   0.06959165937682774
   0.07028561829059657
   0.06946640587144061
   0.06900236474839205
   0.07100324801930716
   0.07297183627187197
   0.07338327887063383
   0.07292942789030347
   0.07413404006090395
   0.07425546755712271
   0.07616362083438463
   0.0741968754812763
   0.07703982417841677
   0.07617130543225789
   0.07744242855631894
   0.08097200985007687
   0.08054089627082969
   0.07808269788678814
   0.07913982922002026
   0.08022491822192644
   0.08352398016427344
   0.08202823896828558
   0.08348317195698783
   0.07978371734036484
   0.08579348228541518
   0.08844446236311199
   0.08476342224042101
   0.08676676496815763
   0.08673264179065061
   0.0859016674561119
   0.09054139354260392
   0.08863527977408406
   0.09066615766139921
   0.09076281337170801
   0.09209458141071801
   0.09198319315858279
   0.09164473737953982
   0.0954462891329344
   0.09397363000078139
   0.09299113202312587
   0.09476075077844183
   0.09516638605949232
   0.09801074148331498
   0.09936396629140605
   0.10031976439402954
   0.10028227941205242
   0.10089023719096518
   0.10506994262710823
   0.10640135091647555
   0.10259337657997787
   0.10742188083503275
   0.1036246028989517
   0.1073903980782372
   0.10671125794833915
   0.11074938370410786
   0.11004914006079339
   0.1115856735152657
   0.11390231805332293
   0.10968297057661532
   0.11721429768601745
   0.11454916311656736
   0.11478243248195631
   0.11395263976029972
   0.11776455810310002
   0.11832534821120662
   0.12230148736844765
   0.12797441422895653
   0.12420062412824696
   0.1281167117415217
   0.13108797622309656
   0.12363274353441588
   0.13034212797131786
   0.12960991251673784
   0.12643921328309263
   0.12438930556473649
   0.12421165648003907
   0.12827042360998653
   0.1274142598190012
   0.1386169237279248
   0.13215837564812158
   0.13545468036672162
   0.13987170567526577
   0.14242127583074207
   0.1372687177549248
   0.1403109289003337
   0.14434153118159435
   0.14799576248605198
   0.14533102662933584
   0.148247804360351
   0.14842674642671522
   0.15857376945807544
   0.14821687661256072
   0.1530871217841709
   0.16017418242986683
   0.1539661697654894
   0.15439191504424676
   0.15794110081512996
   0.15551594509082983
   0.1640054504408502
   0.16543675132854552
   0.17022751215855683
   0.15911466987157702
   0.15735097502910977
   0.16573107590795857
   0.17181599187530147
   0.1706241126324038
   0.17687162586084734
   0.17860720461081808
   0.17679226264809048
   0.18299821563451707
   0.19582658698760158
   0.17485118431688057
   0.18730391400174345
   0.19169049668123314
   0.1931066743051061
   0.18674879428808608
   0.20559472057019357
   0.2010143010280143
   0.20863831217230605
   0.18870153232374176
   0.19983662154132129
   0.20084837941318495
   0.20875214457024957
   0.21160357290324902
   0.2037851869853598
   0.21967984093716403
   0.1944989805769806
   0.20344876334240902
   0.23035591570742828
   0.23353243060286674
   0.20793954796082678
   0.23103509597667254
   0.21314490623142363
   0.21465869017406736
   0.22350275835702185
   0.23135162727382677
   0.22118135711293546
   0.22868587589007638
   0.22872518685749257
   0.22389580910176354
   0.2354517062816843
   0.23273931234338482
   0.24770426123987274
   0.2632165915151984
   0.24141595392181858
   0.25229224928468685
   0.2437049831091633
   0.24877395693775134
   0.26418980387024454
   0.25088612118845605
   0.24986895092079042
   0.2558674089138003
   0.25020162796625456
   0.2707349708810487
   0.25071204599343977
   0.2705475928556748
   0.2668164274277414
   0.284644700901215
   0.29425251344154507
   0.289546605586903
   0.276588186107828
   0.285516503735431
   0.2775047547323535
   0.3167835851603344
   0.29270099883356204
   0.28749831265312387
   0.3224587562271058
   0.2948005382300382
   0.30905912371278316
   0.2930402735613667
   0.31061218898663645
   0.3160342652383342
   0.31345112374590733
   0.37903755669821837
   0.31914266944202013
   0.36046042895831404
   0.3337363855290798
   0.35742995541717776
   0.36995463836569087
   0.3897705453772828
   0.33538712196420223
   0.38791982613863984
   0.36299899192133367
   0.3480813004266322
   0.37946804872083767
   0.3764085987995851
   0.49868617907618057
   0.40807672347843843
   0.3511096208416447
   0.4109560668598152
   0.4392069406596257
   0.37128975518390855
   0.37960851181280564
   0.44433491099337924
   0.493210920896711
   0.4186602193122647
   0.38482646429055467
   0.41253207831786987
   0.4122264432601041
   0.40135616522890444
   0.4285667618793543
   0.391653724459664
   0.41588924474448713
   0.5602749409999389
   0.4286092266894512
   0.4772084074023638
   0.44524906385412394
   0.3981326065040844
   0.44542164273824003
   0.49693726706800057
   0.47109953885586014
   0.44079293383472784
   0.41935006945178815
   0.4993492104862234
   0.4469431595534061
   0.4986557038732776
   0.5237380600601368
   0.5314164162005229
   0.45361245322004734
   0.4678817277093974
   0.5650354092497151
   0.4876205264114481
   0.476673996000316
   0.4635080905442752
   0.47418147476036765
   0.46676238978251666
   0.4496799600627033
   0.5391228426308485
   0.46548390337186946
   0.5185411159097115
   0.5183856721717536
   0.4894761917536388
   0.6181785828792344
   0.5237380600601368
   0.5466019826880406
   0.4698893486768986
   0.559243418956442
   0.43787159897632394
   0.6327426881902457
   0.4518276763711449
   0.49228339274802907
   0.6403093002604289
   0.606435977693707
   0.475460721140216
   0.44244004550541616
   0.608215168937159
   0.5400580215742254
   0.6902537892897139
   0.5760092645412126
   0.6153813653760333
   0.5097999984766097
   0.6189517707120473
   0.6105547191601728
   0.8219194337376111
   0.5604195518306565
   0.7233490992320396
   0.836037043267978
   0.7953466298371681
   0.7440336083846127
   0.6795598248539679
   0.8235269831896963
   0.8740050851619164
   0.7806221877451345
   0.6488826023087284
   0.6846502756882523
   0.6880180092592699
   0.6775934052019591
   0.731226954523138
   0.7601143188874799
   0.7340105654580741
   0.6933409144012537
   0.824618699763715
   0.7590307551363109
   0.7241826043508945
   0.8719670742134686
   0.7919690239594239
   0.8486563536839864
   0.8137121845433904
   1.0606582861600622
   0.9797938558696926
   0.881914835898443
   0.9629806021610239
   0.9607668411622682
   1.1354524201159235
   0.8606606420307256
   1.0606582861600622
   1.3266484085845804
   1.042312694485882
   0.9035056893081775
   0.8907212974618189
   0.9999979999980001
   0.8579668473263469
   0.8203437473974796
   1.2506037905069893
   0.9161416215298991
   1.3564645222046907
   1.0301555658229091
   1.054090656021156
   0.9476049723769231
   0.8464923437231193
   1.3266484085845804
   1.1055397877155857
   0.9358074828566045
   1.0999420635696573
   1.1065648629512719
   1.0523469088323136
   1.2961465966471537
   0.8331931805008116
   1.1661886639819476
   0.801231120615004
   1.054090656021156
   1.0582986346017837
   1.0473532873807472
   1.2472175253561648
   1.3693049331686495
   1.0606582861600622
   1.1546988063271448
   1.0606582861600622
   1.2453980922433057
   1.2247432383973387
   0.9718232578223492
   1.1863403421478202
   1.4142121481588255
   1.0954432892669526
   1.4142121481588255
   1.2247432383973387
   1.9999989999997498
   1.5811375651726196
   1.5456017885887974
   1.0413647028992505
   1.1967016192151236
   1.3266484085845804
   1.4142121481588255
   1.99999899999975
   1.9999989999997498
   1.9999989999997498
   1.99999899999975
   1.2247432383973387
   1.99999899999975
   1.4142121481588255
   1.4907106433584696
   1.9999989999997498
   1.0954432892669526
   1.99999899999975
   1.9999989999997498
   1.4142121481588255
   1.5811375651726196
   1.7537250512995346
   1.9999989999997498
   1.9999989999997498
   1.9999989999997498
   0
   1.5811375651726196
   1.41839004491946
   1.1546988063271448
   1.9999989999997498
   1.6996719945003769
   1.9999989999997498
   1.99999899999975
   1.4907106433584696
   1.6492410375684934
   1.5811375651726196
   1.4907106433584696
   1.99999899999975
   1.99999899999975
   1.6996719945003769
   1.5811375651726196
   1.9999989999997498
   1.1546988063271448
   0
   1.9999989999997498
   0
   1.9999989999997498
   0
   0
   1.4907106433584696
   1.9999989999997498
   0
   1.9999989999997498
   0
   1.9999989999997498
   1.4907106433584696
   1.9999989999997498
   0
   1.9999989999997498
   1.9999989999997498
   0
   1.4142121481588255
   0
   1.9999989999997498
   1.9999989999997498
   1.4422191234344384
   1.99999899999975
   1.99999899999975
   1.4422191234344384
   0
   1.6996719945003769
   1.5534539389682167
   0
   0
   1.9999989999997498
   1.9999989999997498
   1.4142121481588255
   1.9999989999997498
   1.9999989999997498
   1.9999989999997498
   1.3965705220791738
   1.99999899999975
   0
   0
   0
   1.99999899999975
   0
   1.9999989999997498
   1.9999989999997498
   1.4142121481588255
   1.9999989999997498
   0
   1.99999899999975
   0
   1.5386172164562277
   1.9999989999997498
   0
   1.9999989999997498
   1.9999989999997498
   0
   0
   1.9999989999997498
   1.9999989999997498
   1.99999899999975
   0
   0
   1.99999899999975
   1.99999899999975
   1.9999989999997498
   0
   1.9999989999997498
   0
   1.99999899999975
   1.99999899999975
   1.9999989999997498
   1.99999899999975
   1.9999989999997498
   0
   1.9999989999997498
   1.9999989999997498
   1.99999899999975
   0
   0
   1.99999899999975
   1.9999989999997498
   1.9999989999997498
   1.99999899999975
   1.9999989999997498
   0
   0
   0
   0
   1.99999899999975
   1.9999989999997498
   0
   0
   0
   0
   0
   0
   0
   0
   0
   1.9999989999997498
   0
   1.9999989999997498
   1.9999989999997498
   1.99999899999975
   1.9999989999997498
   0
   1.99999899999975
   0
   0
   1.99999899999975
   1.99999899999975
   1.9999989999997498
   1.9999989999997498
   1.99999899999975
   1.9999989999997498
   0
   0
   1.9999989999997498
   1.99999899999975
   1.99999899999975
   1.9999989999997498
   1.9999989999997498
   1.99999899999975
   1.9999989999997498
   0
   1.99999899999975
   1.9999989999997498
   1.99999899999975
   0
   1.9999989999997498
   1.99999899999975
   1.9999989999997498
   1.99999899999975
   1.9999989999997498
   0
   0
   1.99999899999975
   0
   0
   0
   0
   0
   1.99999899999975
   0
   0
   0
   0
   1.9999989999997498
   0
   0
   1.9999989999997498
   0
   0
   0
   1.9999989999997498
   0
   1.9999989999997498
   1.9999989999997498
   0
   0
   1.99999899999975
   0
   1.99999899999975
   1.9999989999997498
   1.9999989999997498
   0
   0
   0
   0
   1.9999989999997498
   1.9999989999997498
   0
   0
   0
   1.99999899999975
   0
   0
   0
   0
   0
   0
   0
   0
   0
   0
   0
   0
   0
   0
   0
   0
   0
   0
   0
   0
   0
   0
   0
   0
   0
   0
   0
   0
   0
   0
   0
   0
   0
   0
   0
   0
   0
   0
   0
   0
   0
   0
   0
   0
   0
   0
   0
   0
   0
   0
   0
   0
   0
   0
   0
   0
   0
   0
   0
   0
   0
   0
   0
   0
   0
   0
   0
   0
   0
   0
   0
   0
   0
   0
   0
   0
   0
   0
   0
   0
   0
   0
   0
   0
   0
   0
   0
   0
   0
   0
   0
   0
   0
   0
   0
   0
   0
   0
   0
   0
   0
   0
   0
   0
   0
   0
   0
   0
   0
   0
   0
   0
   0
   0
   0
   0
   0
   0
   0
   0
   0
   0
   0
   0
   0
   0
   0
   0
   0
   0
   0
   0
   0
   0
   0
   0
   0
   0
   0
   0
