   0
   0
   0
   0
   0
   0
   0
   0
   0
   0
   0
   0
   0
   0
   0
   0
   0
   0
   0
   0
   0
   0
   0
   0
   0
   0
   0
   0
   0
   0
   0
   0
   0
   0
   0
   0
   0
   0
   0
   0
   0
   0
   0
   0
   0
   0
   0
   0
   0
   0
   0
   0
   0
   0
   0
   0
   0
   0
   0
   0
   0
   0
   0
   0
   0
   0
   0
   0
   0
   0
   0
   0
   0
   0
   0
   0
   1.4142134209517316
   0
   0
   0
   0
   1.9999998999999975
   1.9999998999999975
   1.9999998999999975
   1.4142134209517316
   0
   1.4142134209517316
   0
   0
   0
   1.4142134209517316
   0.9999997999999799
   1.9999998999999975
   1.9999998999999975
   1.4142134209517316
   0
   1.9999998999999975
   1.058300335443583
   0.8944269673930901
   1.4142134209517316
   1.2472189685678916
   0.7905691620598415
   1.4142134209517316
   0.6666663666665991
   0.6700590957794207
   0.6928200343523562
   0.9999997999999799
   0.5714282214284643
   0.8719691385091543
   0.5303297087661599
   0.5128112504096539
   0.44536132234177733
   0.4810452771597346
   0.40703817188659475
   0.4810452771597346
   0.4195003874011638
   0.35208882707174943
   0.4255226889928863
   0.3323504482647005
   0.3088805891756983
   0.3479067631448642
   0.28571358571342825
   0.3310162776272045
   0.2627423107169924
   0.21882292426524863
   0.2492541477950997
   0.2110617418499757
   0.20619437005380264
   0.19934096819044173
   0.18358824853410613
   0.1805435456672051
   0.18039102614611843
   0.1671298826138743
   0.1440288576870239
   0.13782037425559585
   0.13338627402493475
   0.12226077410933216
   0.11413658496666185
   0.10679282565811857
   0.10586992663859279
   0.09587604629622805
   0.09192809587698572
   0.08670088167314798
   0.08227408763502196
   0.07638090593292789
   0.07262030351162997
   0.06804449533360332
   0.06781752360857989
   0.06119348100599106
   0.05719256491097978
   0.054640666874094246
   0.05155496964271849
   0.0486658475259047
   0.04606649244221487
   0.04491993877282066
   0.040232544301199505
   0.03901654132735237
   0.036021867242892726
   0.03393878203891563
   0.0325783996461497
   0.03037982941580958
   0.02879993932193357
   0.02730097958482813
   0.0256268648329551
   0.024138115087488345
   0.022862647481482666
   0.021610534788909022
   0.02016133953321619
   0.01908509441074725
   0.018077144113907637
   0.017165983172656257
   0.01616733988341721
   0.015175878801073368
   0.014295743915568064
   0.01357117981124714
   0.012777022427248388
   0.012025265662433858
   0.011359397802237848
   0.010713828143767068
   0.010114450831671083
   0.00955433363555429
   0.009011614985688143
   0.008493762864227355
   0.008016627178705032
   0.007566427986577285
   0.007114696436413097
   0.0067275615920301245
   0.006329966545953572
   0.00597333467083579
   0.005650438369882047
   0.005325726636412884
   0.005016092984071035
   0.004719702789995318
   0.004449821413341077
   0.004187482425292546
   0.0024406203445259764
   0.002392933734803987
   0.002363825643967845
   0.0023461917316356918
   0.0023372295261357484
   0.0023343812075379195
   0.0023451099983663273
   0.00236214973395401
   0.002396307510298801
   0.002439895193739329
   0.004189313660036805
   0.00445334801467672
   0.004725286214571867
   0.005017384700428155
   0.00530468851464973
   0.005638036095560461
   0.005986894761818191
   0.006352615570869798
   0.006710353144592188
   0.0071108808241352435
   0.0075905472133657075
   0.008027229748471918
   0.008483970562409144
   0.009010228120206614
   0.00957040049403839
   0.010092086697909123
   0.01072521358169187
   0.011313932631162362
   0.012014429568502002
   0.012728115955706498
   0.013486864808129887
   0.01431485743569759
   0.015183324976964866
   0.01608160966230802
   0.017184913095695257
   0.018132323261388795
   0.01917612764829384
   0.020356766808290724
   0.021444439762834742
   0.022803387266628596
   0.02431332263526839
   0.02588466897967524
   0.02716488215157333
   0.02890523034689658
   0.030783509821800586
   0.032028881156361225
   0.034501953316101924
   0.03605323983888047
   0.03863288953183763
   0.0406542716245165
   0.043640867484533746
   0.04605585351726223
   0.047846707441877606
   0.05106130527563172
   0.05441135036834811
   0.058600127986208346
   0.06209314328381666
   0.06561976776498683
   0.06943041594875032
   0.07313502634181422
   0.07808050880844894
   0.0803480083002324
   0.0835296877712887
   0.08813617406181869
   0.09488359886231056
   0.10289616746989304
   0.10950108935573051
   0.11327698369104626
   0.12260483480138946
   0.1312417758084406
   0.1343755775306307
   0.14476063661121355
   0.1541412387680697
   0.16295772965335983
   0.15977485405851508
   0.17582712161214323
   0.18528688276892005
   0.19201277501810374
   0.21787691851188362
   0.24307004969650658
   0.23675541935692707
   0.24659627210520038
   0.25778457005856736
   0.27848029447548356
   0.35250525532193955
   0.3535528249073963
   0.4454207000129203
   0.33333273333279334
   0.41096044686671346
   0.42132456954159253
   0.49792919606859826
   0.41594468457096234
   0.5128724488143562
   0.5128112504096539
   0.7483312100934986
   0.6902563970212872
   0.6705995392272756
   0.5811861816817204
   0.9162454762996138
   0.6060911967480721
   0.8606627334448383
   0.816496335978715
   0.9999997999999799
   1.058300335443583
   0.7559286814432771
   1.4142134209517316
   1.4142134209517316
   0.816496335978715
   0.7559286814432771
   1.9999998999999975
   1.4142134209517316
   1.1547003651741576
   1.058300335443583
   1.058300335443583
   1.1547003651741576
   1.1547003651741576
   0
   0
   1.4142134209517316
   1.9999998999999975
   0
   0
   0
   1.9999998999999973
   1.9999998999999975
   0
   0
   0
   0
   0
   0
   0
   0
   0
   0
   0
   0
   0
   0
   0
   0
   0
   0
   0
   0
   0
   0
   0
   0
   0
   0
   0
   0
   0
   0
   0
   0
   0
   0
   0
   0
   0
   0
   0
   0
   0
   0
   0
   0
   0
   0
   0
   0
   0
   0
   0
   0
   0
   0
   0
   0
   0
   0
   0
   0
   0
   0
   0
   0
   0
   0
   0
   0
   0
   0
   0
   0
   0
   0
   0
   0
   0
   0
   0
   0
