   0
   0
   0
   0
   0
   0
   0
   0
   0
   0
   0
   0
   0
   0
   0
   0
   0
   0
   0
   0
   0
   0
   0
   0
   0
   0
   0
   0
   0
   0
   0
   0
   0
   0
   0
   0
   0
   0
   0
   0
   0
   0
   0
   0
   0
   0
   0
   0
   0
   0
   0
   0
   0
   0
   0
   0
   0
   0
   0
   0
   0
   0
   0
   0
   0
   0
   0
   0
   0
   0
   0
   0
   0
   0
   0
   0
   0
   0
   0
   0
   0
   0
   0
   0
   0
   0
   0
   0
   0
   0
   0
   0
   0
   0
   0
   0
   0
   0
   0
   0
   0
   0
   0
   0
   1.9999998999999975
   0
   0
   0
   0
   0
   0
   0
   0
   0
   0
   0
   0
   0
   0
   0
   0
   0
   0
   0
   0
   0
   0
   0
   0
   1.1547003651741576
   1.9999998999999975
   0
   1.1547003651741576
   1.9999998999999973
   1.9999998999999975
   1.4142134209517316
   1.9999998999999975
   1.4142134209517316
   0
   1.9999998999999975
   1.4142134209517316
   1.9999998999999975
   1.1547003651741576
   1.4142134209517316
   0
   1.9999998999999975
   0.8571426238094921
   1.1065664896057388
   0.9999997999999799
   0.7559286814432771
   1.9999998999999975
   1.1547003651741576
   0.8944269673930901
   0.9999997999999799
   0.8571426238094921
   0.8485279017215639
   0.8571426238094921
   0.7559286814432771
   0.7370274598298289
   0.5958432560655667
   0.7905691620598415
   0.5958432560655667
   0.6110097653338555
   0.6060911967480721
   0.5263154094735469
   0.4823759743285503
   0.5048239746974809
   0.5773499227793603
   0.65555447227191
   0.45175350873353626
   0.603022357492957
   0.4690411495807164
   0.4866205914262157
   0.4995267862767116
   0.4690411495807164
   0.3658922669590164
   0.4454207000129203
   0.4040605228458343
   0.421636547013868
   0.32296747517772706
   0.3198744247212018
   0.3161663379437325
   0.24999919999872003
   0.288502764192117
   0.25843752147209237
   0.2716513978757767
   0.2474865652919366
   0.24238316773241494
   0.20441373515179564
   0.22180233520023407
   0.2203771149845125
   0.1998191178445138
   0.20056049834104842
   0.19250382667766433
   0.1881707516386862
   0.17314616204432232
   0.1644250926115975
   0.15006038290807644
   0.14931338533178798
   0.1396114397144492
   0.14139275317267888
   0.12917591569859738
   0.13703293170924263
   0.11968289411474252
   0.1175706231070048
   0.1077706857444537
   0.11168720814769556
   0.10838519684567029
   0.10441574158819512
   0.09647103851149683
   0.08847752546878306
   0.08902134646679964
   0.08731940066173033
   0.08350344708628078
   0.07834702201254094
   0.07355834533580237
   0.07127804303929004
   0.06848305842146434
   0.06506141097313044
   0.06228640636113241
   0.06148967558683634
   0.058047153061806765
   0.055850355351885574
   0.052773192588445005
   0.05000583357467874
   0.04950818030748102
   0.04802607017566109
   0.044641378905131035
   0.043153310054660186
   0.041323690669265604
   0.03992227462907487
   0.03822214697013151
   0.03606979082137735
   0.03445121100279707
   0.03337062023815882
   0.03229375790354196
   0.030957382652261816
   0.029590829199936938
   0.028607870927021432
   0.02749780887812331
   0.02614579050216065
   0.025055928596941147
   0.024369471688765937
   0.023128472758087038
   0.022126748166997046
   0.021325576048156505
   0.02024338809924118
   0.019613130805603486
   0.018803646419394127
   0.01797070400931718
   0.0173136300677789
   0.01652144437194163
   0.015832780817640897
   0.015223032476390078
   0.014744534940644843
   0.014039097923788185
   0.013413850040517553
   0.012945992721950968
   0.012361660106798473
   0.011826652984519574
   0.011339738129576818
   0.010859686793893078
   0.010400511511857887
   0.009973991995856508
   0.009565559967609582
   0.009148109317915896
   0.008815807429833166
   0.008398145953429277
   0.008056402530135776
   0.007718206071072204
   0.007405483606669025
   0.007080061606453274
   0.006792180325582164
   0.006500420645724774
   0.006231521773896229
   0.005958870872077088
   0.005675486180310785
   0.005424681177154606
   0.005189113378575991
   0.004949586939082489
   0.004729738636168486
   0.004512977644375887
   0.004290966949760888
   0.004084586855441339
   0.003883868747036286
   0.0036870288526038818
   0.003501507491673989
   0.0033155195371706954
   0.003133258376702552
   0.0029557667813762166
   0.0027855996691465404
   0.0026200398688365047
   0.0024530844872370674
   0.0022986960245739265
   0.002139353668678624
   0.0019995603317568777
   0.0018988150139834777
   0.0018348483903373887
   0.0017965390683966922
   0.0017787026144429796
   0.0017779676244168556
   0.0017965963407516586
   0.0018351957888866322
   0.0018997172588756425
   0.001998466156077192
   0.0021398873383930046
   0.002294608084512249
   0.002452307950221151
   0.0026168512774508122
   0.0027885764802901133
   0.0029566005815806684
   0.003134155241350068
   0.003318396396764206
   0.0035050626267417247
   0.0036928914326236125
   0.0038824764848460996
   0.004088455519300216
   0.004296373965307142
   0.004520273166004097
   0.004725843517493059
   0.004941266000284291
   0.0051911090413472825
   0.005429925097105794
   0.0056742518505790195
   0.0059545766023517506
   0.006201237472455519
   0.006510252648583973
   0.006797226377835388
   0.0070943164530980285
   0.007429058265829304
   0.007742348153893975
   0.008075858590574846
   0.008417936510933921
   0.008788681921578927
   0.009186663917017175
   0.009617795911811894
   0.010089008760548714
   0.01043399667600959
   0.010923307959222656
   0.01137312161545609
   0.011897480863919778
   0.01238899636021388
   0.012945603486766818
   0.013418231354618159
   0.013969992533307293
   0.014562420479485551
   0.015249069684052938
   0.015841423195250268
   0.016620304465289865
   0.017141360324430466
   0.017991506421647707
   0.018795015099494886
   0.0195067852500171
   0.02028902137187193
   0.02134207230734553
   0.022191422418931624
   0.02322195398396604
   0.024324042561021157
   0.025251156363861663
   0.02643667719289922
   0.02747067568878991
   0.02849845023078792
   0.029590888142115166
   0.031208152402163
   0.03249260210143801
   0.03389149728884746
   0.03553268498993779
   0.03710059414683191
   0.038308375132252236
   0.04006048073111248
   0.041163523029945095
   0.04301535414343948
   0.044826536732360485
   0.04681263504872304
   0.0485982558018946
   0.05023669824953275
   0.05311644841315413
   0.05405746262686715
   0.056350333627746614
   0.06009381912565914
   0.0626499961744621
   0.06673826043252006
   0.06832815212609993
   0.07239257144278466
   0.07381157766427784
   0.07808225944748715
   0.08340622858601236
   0.08556814704912412
   0.08877306676613252
   0.09372223601310685
   0.09253821196790542
   0.09838159809118371
   0.10183102987108068
   0.10353550115781543
   0.10654184903835716
   0.11199487753980407
   0.12927027805158595
   0.12422199247403873
   0.12943435075609205
   0.1359751497352044
   0.14360300213513025
   0.1409451007358171
   0.1583434595521958
   0.1732159043218567
   0.16750475249562147
   0.17855548429933496
   0.1900093356375907
   0.1994578940914318
   0.19051376768975564
   0.2351770438952506
   0.23112212383271188
   0.22034817677544882
   0.26193847190756586
   0.2843514087573803
   0.28720466404990014
   0.2716513978757767
   0.31491769356295024
   0.2916292354582045
   0.3323504482647005
   0.34411566928653486
   0.3249609207274006
   0.3212689279062422
   0.39351894524020775
   0.38168204265559047
   0.4195003874011638
   0.4040605228458343
   0.4364353222141747
   0.5863016288566832
   0.4969035925075543
   0.4866205914262157
   0.4995267862767116
   0.5263154094735469
   0.4732859600706532
   0.5345221096589792
   0.7071064983437785
   0.4823759743285503
   0.6928200343523562
   0.5863016288566832
   0.816496335978715
   1.1547003651741576
   0.942808829450005
   1.0301573131303385
   0.6236092437487508
   1.224744708092262
   0.7905691620598415
   0.9999997999999799
   1.1547003651741576
   1.224744708092262
   1.9999998999999975
   1.058300335443583
   1.9999998999999975
   1.9999998999999975
   1.9999998999999975
   1.9999998999999975
   1.9999998999999975
   1.9999998999999975
   1.9999998999999975
   0
   1.9999998999999975
   0
   1.1547003651741576
   1.9999998999999975
   0
   0
   1.490711850835775
   0
   0
   0
   1.9999998999999975
   1.9999998999999975
   1.9999998999999975
   0
   1.9999998999999975
   0
   0
   0
   0
   0
   0
   0
   0
   0
   0
   0
   0
   0
   0
   0
   0
   0
   0
   0
   0
   0
   0
   0
   0
   0
   0
   0
   0
   0
   0
   0
   0
   0
   0
   0
   0
   0
   0
   0
   0
   0
   0
   0
   0
   0
   0
   0
   0
   0
   0
   0
   0
   0
   0
   0
   0
   0
   0
   0
   0
   0
   0
   0
   0
   0
   0
   0
   0
   0
   0
   0
   0
   0
   0
   0
   0
   0
   0
   0
   0
   0
   0
   0
   0
   0
   0
   0
   0
   0
   0
   0
   0
   0
   0
   0
   0
   0
   0
   0
   0
   0
   0
   0
   0
   0
   0
   0
   0
   0
   0
   0
   0
   0
   0
   0
   0
   0
   0
   0
   0
   0
   0
   0
   0
   0
   0
   0
