   1.9999989999997498
   0
   1.9999989999997498
   1.1546988063271448
   1.9999989999997498
   1.1546988063271448
   0.9999979999980001
   1.9999989999997498
   0
   0.9999979999980001
   0.9999979999980001
   0.8944249549291433
   0
   0.9999979999980001
   0.8164941314343089
   0.8571405238063479
   0.6928174362701909
   0.8944249549291433
   0.8571405238063479
   0.7559263002625133
   0.8164941314343089
   0.7559263002625133
   0.8164941314343089
   0.7071039527537659
   0.8944249549291433
   0.7071039527537659
   0.7071039527537659
   1.0582986346017837
   0.5958402351291968
   0.8606606420307256
   0.7559263002625133
   0.6666636666599166
   0.5958402351291968
   0.8164941314343089
   0.6343207894317555
   0.7559263002625133
   0.737025017582992
   0.6030193725216162
   0.7559263002625133
   0.6030193725216162
   0.5345187421543661
   0.5773468050776183
   0.5303263146403354
   0.5345187421543661
   0.6030193725216162
   0.5773468050776183
   0.4690373119486338
   0.5497437787026082
   0.4898938660567204
   0.4948676178370065
   0.5773468050776183
   0.5497437787026082
   0.49999599998399985
   0.4948676178370065
   0.4635429139333825
   0.5714250714178526
   0.5958402351291968
   0.49999599998399985
   0.4255184588801485
   0.6666636666599166
   0.4690373119486338
   0.4255184588801485
   0.4110268304189056
   0.4859085419202991
   0.4859085419202991
   0.42417778801789097
   0.42491358598608675
   0.4124221404675964
   0.38872498133141775
   0.4255184588801485
   0.39018602607999286
   0.34108575212797904
   0.36850843835087743
   0.37679080222581773
   0.3988960830191379
   0.3299083773034053
   0.3544504939567439
   0.3117983678953791
   0.3544504939567439
   0.34108575212797904
   0.3093527517252756
   0.3255752524337435
   0.3042295675332708
   0.2737114471400959
   0.3028398526141514
   0.33234503225074297
   0.2774871560057852
   0.3273207251960333
   0.2719458868636277
   0.28719839667382546
   0.2737114471400959
   0.2939889523794816
   0.26416812272021833
   0.24293666298486571
   0.2510138886092405
   0.21539730731835993
   0.23176760668285645
   0.23183183560503504
   0.24338191043144417
   0.22314185603127631
   0.2407088934579882
   0.21954534563540654
   0.21275655723915335
   0.23093144725942658
   0.22878303917105758
   0.20864948512079234
   0.193959517798115
   0.21009479628183633
   0.2135828691680906
   0.19350471543647146
   0.19116208808062515
   0.19859618436527032
   0.1804008770884821
   0.18275157793609056
   0.18287992895368088
   0.1760594168843165
   0.17615306174963663
   0.16630726348945668
   0.19055234647140074
   0.1832382244881789
   0.1568032658939601
   0.17097904220750715
   0.1559081204597491
   0.1570598522643522
   0.1507941257020331
   0.14469228997322772
   0.14716354784161803
   0.14111259956167455
   0.1382509036931849
   0.13527749258468683
   0.14631591054636656
   0.13758937927218912
   0.13572577355444612
   0.13103066354608137
   0.13409465726284378
   0.12444196149650398
   0.120801724193877
   0.12194704663408004
   0.1209319389545338
   0.1208455024438135
   0.11705928030416668
   0.11374628732849729
   0.12041833101334884
   0.1109614547689622
   0.11121903501350444
   0.11136966207482532
   0.10907978876674333
   0.10510302239225047
   0.10088866704883065
   0.1043192732317701
   0.10177587134920679
   0.09894775694366403
   0.09820384464235887
   0.09533213126326502
   0.0949204281268239
   0.0930044817319514
   0.09029892317893155
   0.08916754368348737
   0.08754422278856641
   0.08904680417248748
   0.08408966880180965
   0.08168662963136265
   0.08125183120897614
   0.08154792622876268
   0.08044922327574229
   0.07786253083190176
   0.07617635634652069
   0.07661511239721149
   0.0743667745481353
   0.0730828610200025
   0.07015411379868207
   0.06948379261689153
   0.06862012655787393
   0.06747341533595355
   0.06527070966155228
   0.06583795896745122
   0.06369448384911759
   0.0638866326292909
   0.062077854311355825
   0.06076927299003931
   0.05753600846348663
   0.05991908738172362
   0.058393030554136464
   0.057489123473870904
   0.05544858435686566
   0.05599026598384429
   0.05385799138310828
   0.05347844074005847
   0.05142884249161755
   0.05186084486292566
   0.051363080028841185
   0.04959197779363186
   0.048901889492608035
   0.04842619643690423
   0.04690077200533548
   0.046336690427560515
   0.04624747128602432
   0.044812902853027574
   0.04393795218874778
   0.04327884271581475
   0.04286780222719267
   0.04108778015283011
   0.04101087841024451
   0.04114999263169367
   0.04021201661964233
   0.0393947607743098
   0.0387490780040161
   0.03736092997776114
   0.036755459175559266
   0.03694718543252403
   0.03583751848856203
   0.03541379116179706
   0.03533056658309261
   0.035007336380594806
   0.034441752305238056
   0.03308227700140192
   0.03299566455109386
   0.032243802614277596
   0.031600391102668095
   0.031001163946860533
   0.030854454439534083
   0.03019337511707285
   0.029243289781911284
   0.028952466545509578
   0.028169403302158277
   0.028049172384145712
   0.028035099446555613
   0.027193882006633977
   0.026434487871338695
   0.026261563088677845
   0.025929695849632697
   0.025255659464525407
   0.02490153101175424
   0.024486820777818413
   0.024163560476765978
   0.023735618039953287
   0.023544547289099667
   0.023194580647827444
   0.02263382367533877
   0.022066474953864133
   0.02186795657460806
   0.02142518874612385
   0.02108698567302178
   0.020730127505691216
   0.020283089210289942
   0.02007250379475784
   0.019575424424036553
   0.019228206881597838
   0.019169447815809433
   0.018797860600764698
   0.018305946490599776
   0.018118829198327177
   0.017722667328801955
   0.017417218351306697
   0.017037002185013493
   0.016922080197726435
   0.016511751180895377
   0.016225735259120855
   0.015943071694418536
   0.01568326156875722
   0.015393303704199439
   0.015071835466245569
   0.01484330819549126
   0.01456643508285535
   0.014312542331906293
   0.014133825419298505
   0.013800360062503899
   0.013543714812105758
   0.013306551895582648
   0.01301731396995198
   0.012831337648183786
   0.012541233670716807
   0.012334131753018828
   0.012138221605970282
   0.011874694524068105
   0.011597684204256905
   0.011423786116586902
   0.011205033255034259
   0.010884664891375151
   0.01064359425671275
   0.010452243275338495
   0.01019759675285997
   0.010009349439083683
   0.009757631365175616
   0.009588055809570976
   0.00928862827697024
   0.009115317139399108
   0.008837890968366595
   0.008623302177905166
   0.008345501899505071
   0.008175287230468684
   0.007954697001309217
   0.007701541063692338
   0.0074814305126439115
   0.007244040848214104
   0.007012051118249784
   0.006815622816457571
   0.006723325365137376
   0.006644103627626632
   0.00660769137730017
   0.006598284032927647
   0.00664299280295834
   0.0067341746904004875
   0.006831402465174131
   0.007017418683184916
   0.007234858667918947
   0.007455231548028343
   0.007726392444882823
   0.007940870587794132
   0.008197383011816557
   0.008449435577824972
   0.008649341419684023
   0.008832631957624926
   0.00908516289954853
   0.009329464464290045
   0.009555460836789487
   0.009773997793453365
   0.010021257637847433
   0.010229443403983747
   0.01052492482471189
   0.010752805002251556
   0.01093754845559498
   0.011190168293230409
   0.011424728246462157
   0.011563978073226856
   0.011891601810215821
   0.012122695563798054
   0.012388032958192841
   0.012567798342360553
   0.012887790949094775
   0.013096680371980758
   0.01332117016588053
   0.013539540207153337
   0.013824137650030927
   0.014155238221584017
   0.014360819153624051
   0.014621018570445544
   0.014878715661171198
   0.015113279670512078
   0.015545805635464448
   0.015760408624428093
   0.015925946252751535
   0.016205488885951098
   0.01655109029469058
   0.016869449707612484
   0.01712152815442248
   0.017520008777950402
   0.017740098934420995
   0.018119444496419272
   0.018390645100478376
   0.018706111650568222
   0.019058892906261088
   0.019374405261143222
   0.019777411252003493
   0.020040704590843048
   0.020588349090625842
   0.020704719718997247
   0.02130400145130316
   0.02168010466928943
   0.021934119318369853
   0.022298380458209092
   0.02263171870061447
   0.023161431660545292
   0.02342182415997843
   0.023694738825184237
   0.024106648811622677
   0.02476672257491726
   0.024907838226291248
   0.025543586222473904
   0.026044177676006627
   0.026558479762130594
   0.026863857026562007
   0.027267599771590368
   0.02762707699819053
   0.02844700507211184
   0.028784796938944104
   0.029221032985348006
   0.029483042207531677
   0.030113573874182026
   0.030385867868367646
   0.031136522666102978
   0.031705580930711796
   0.03218529390227688
   0.03296251495231603
   0.03381474232488834
   0.034208041529941
   0.03463417775005383
   0.03478183662778528
   0.03573479303218013
   0.03625083528575944
   0.03722641281792207
   0.03796316372085168
   0.038784923912884565
   0.03857861667869899
   0.03866194341160236
   0.040599569542181004
   0.04048037394248551
   0.04171183008453152
   0.042831148197467236
   0.042830381511515955
   0.04397707540806852
   0.04336081180051868
   0.045195644376933325
   0.04568134685091764
   0.04675168775265201
   0.0470963026167852
   0.048348328299668425
   0.0491083939534039
   0.050125739247020296
   0.05040328296651599
   0.051580644565317815
   0.05142526125902777
   0.053576400560363835
   0.05523457324520845
   0.05542227169300141
   0.056171192039083565
   0.05980221375594725
   0.05823825178565612
   0.05905587844612707
   0.059306894287346375
   0.06231588235266866
   0.0626884559627497
   0.06351597366075547
   0.06635690632277681
   0.06499427182522309
   0.06675084505551716
   0.06828935203742716
   0.06984346624894068
   0.06975328934047036
   0.07208279361542563
   0.07218937814949802
   0.07259546872494925
   0.07299238493904324
   0.07601494890395513
   0.07822732934108355
   0.07941558152726176
   0.07893054858509568
   0.08128997348936925
   0.08198632582964963
   0.08125649309213559
   0.0836834536525884
   0.08633538054580178
   0.08769963997115955
   0.0923030285317288
   0.09238029615476642
   0.09328432424621852
   0.09288301062602825
   0.09414414576279236
   0.09976889110016714
   0.1012174957187018
   0.10027577430962006
   0.09929026773961827
   0.1035621048560766
   0.10183104963825927
   0.10711261860601122
   0.11343528014353253
   0.10721940122944168
   0.11655792390627218
   0.11915816707449076
   0.11512371330082749
   0.11893756680879292
   0.1204005707710674
   0.12383724798425003
   0.12215822448672334
   0.1263337330088868
   0.1342861394795837
   0.1277596595653139
   0.13724511079891608
   0.1389060888849489
   0.1432395280375983
   0.14618988922786247
   0.15482682323029287
   0.14169190374800206
   0.14127346819780123
   0.15496953166509844
   0.15519195103698732
   0.15684999457982915
   0.15954313622569494
   0.16202538238186368
   0.15731457208568464
   0.17500343465289236
   0.17270462725190688
   0.17763190430101664
   0.19059952762479723
   0.17014861400688303
   0.18445179594776354
   0.1827868006171113
   0.17458281145397594
   0.19578807097354275
   0.19044109062668624
   0.18923179483455876
   0.20621594385980072
   0.20137416804435357
   0.22053106110319634
   0.2108860103036098
   0.20408060310079315
   0.22964838834938106
   0.24042909861869222
   0.2129897181504478
   0.2628848151481994
   0.2543759247867438
   0.24964548825503372
   0.22575546302553248
   0.2399987129485021
   0.24764420650213623
   0.25352809846825486
   0.2543389304361244
   0.25805676601265765
   0.24531853820122354
   0.29438523513699977
   0.25662413842608794
   0.28283564131841654
   0.2995123389001451
   0.2698829206209093
   0.2724238425688912
   0.2719845433783595
   0.2788795040474968
   0.3344161951111926
   0.2886204863206473
   0.33756153457920135
   0.279307230349699
   0.3515663420091037
   0.3158626958511966
   0.3449336663485288
   0.3962584931435915
   0.32835925467617394
   0.3784794429096964
   0.3198687974634597
   0.37711831329467704
   0.37711831329467704
   0.3544504939567439
   0.3852706840651129
   0.34246160458843256
   0.35725699475708855
   0.4109560668598152
   0.4948676178370065
   0.4859085419202991
   0.4564310827861457
   0.45674148053943114
   0.3816773266592397
   0.40800060035860797
   0.4472091233416421
   0.48237224278498686
   0.4682709296081362
   0.4898938660567204
   0.43477800867131794
   0.4124221404675964
   0.5391228426308485
   0.5590134166547347
   0.49999599998399985
   0.4690373119486338
   0.5443273797048025
   0.6928174362701909
   0.5391228426308485
   0.5048204090856103
   0.5590134166547347
   0.5469597563525603
   0.6030193725216162
   0.5773468050776183
   0.4810415352936646
   0.8944249549291433
   0.5714250714178526
   0.6030193725216162
   0.7041759500260154
   0.5098980290214897
   0.7483288047375967
   0.5546965906622355
   0.8164941314343089
   0.8164941314343089
   0.7071039527537659
   0.8944249549291433
   0.8944249549291433
   0.8944249549291433
   0.6030193725216162
   0.7483288047375967
   0.737025017582992
   0.8164941314343089
   0.9428069202593333
   1.1546988063271448
   0.9428069202593333
   1.4142121481588255
   0.9999979999980001
   0.9428069202593333
   0.790566885215919
   0.9999979999980001
   0.7559263002625133
   1.9999989999997498
   0.8164941314343089
   0.9999979999980001
   1.1546988063271448
   1.4142121481588255
   1.4142121481588255
   0
   1.1546988063271448
   1.0582986346017837
   1.9999989999997498
   1.1546988063271448
   1.1546988063271448
   1.9999989999997498
   1.4907106433584696
