   0.007200690643314109
   0.006248264134483575
   0.005996195614378164
   0.005909503777176803
   0.005873501716865189
   0.005885035827105358
   0.005863889878302345
   0.005878279834056707
   0.005867392118588741
   0.005860435516966407
   0.005870934158853958
   0.005866782537770466
   0.005856920446441209
   0.005871141645355215
   0.005871478416968839
   0.0058720972525309065
   0.005867960237251143
   0.005866990371609672
   0.005866302384619031
   0.005871226324040907
   0.0058622154451843725
   0.005893193289529458
   0.005875678166077568
   0.005885792729424595
   0.005881027154581569
   0.005867532961677673
   0.005868887504796509
   0.00586779632700667
   0.005860975044063928
   0.005868998442603558
   0.005876821680672061
   0.005864083111735504
   0.005868949560939166
   0.005853172299495589
   0.005880859337980071
   0.005860166976357892
   0.005872098350467997
   0.005863271576948024
   0.005883528231296179
   0.005887191491886757
   0.005874189402651853
   0.0058802367236481185
   0.005865689955428869
   0.005873091943604793
   0.005870755154563449
   0.005878980097268731
   0.005843651536917198
   0.005839386448291696
   0.005856985656121877
   0.0058679216603937
   0.0058536743022932665
   0.005858158416628956
   0.005870140612858613
   0.005864680401395001
   0.0058674203302832755
   0.005861972136422189
   0.005863666432094684
   0.005862511946702476
   0.005866974410936339
   0.005864213580717303
   0.00587534721971887
   0.005877780682500543
   0.005865076542383103
   0.005882153915276532
   0.005876959753712693
   0.005857768099951116
   0.005866273299553285
   0.005867416723264313
   0.005869133776000952
   0.005878488516203528
   0.005871774313182641
   0.005868788842257759
   0.005877656933663344
   0.005871718751942087
   0.005866985926816615
   0.005860572818629184
   0.005872098373526018
   0.005880694536898333
   0.005862055840756164
   0.005874517562770457
   0.005866264302172381
   0.005857529055100351
   0.005870114412502574
   0.005859995145052253
   0.005857264057756806
   0.005851864555663911
   0.005873053983055886
   0.005875758592977661
   0.005893286482609654
   0.005869835343024809
   0.005866368691819082
   0.005887015945618367
   0.00587647485522043
   0.005852358355977916
   0.005879544157411176
   0.005889586998613086
   0.005907617056353638
   0.005974146674902939
   0.006254681283665715
   0.007185532505864688
