   0
   0
   0
   0
   0
   0
   0
   0
   0
   0
   0
   0
   0
   0
   0
   0
   0
   0
   0
   0
   0
   0
   0
   0
   0
   0
   0
   0
   0
   0
   0
   0
   0
   0
   0
   0
   0
   0
   0
   0
   0
   0
   0
   0
   0
   0
   0
   0
   0
   0
   0
   0
   0
   0
   0
   0
   0
   0
   0
   0
   0
   0
   0
   0
   0
   0
   0
   0
   0
   0
   0
   0
   0
   0
   0
   0
   0
   0
   0
   0
   1.9999989999997498
   1.9999989999997498
   0
   0
   0
   0
   0
   0
   0
   1.9999989999997498
   1.9999989999997498
   0
   0
   0
   0
   0
   1.9999989999997498
   0
   1.4142121481588255
   0
   0
   1.9999989999997498
   0
   0
   0
   0
   0
   1.9999989999997498
   0
   0
   0
   0
   1.9999989999997498
   1.9999989999997498
   1.9999989999997498
   1.4142121481588255
   1.9999989999997498
   0
   1.9999989999997498
   1.9999989999997498
   1.4142121481588255
   1.9999989999997498
   1.1546988063271448
   1.9999989999997498
   1.9999989999997498
   1.1546988063271448
   1.4907106433584696
   1.9999989999997498
   1.1546988063271448
   1.4142121481588255
   1.4142121481588255
   0
   0
   1.4142121481588255
   1.4142121481588255
   0
   1.4142121481588255
   1.4142121481588255
   0
   1.9999989999997498
   1.9999989999997498
   0.9999979999980001
   1.1546988063271448
   1.9999989999997498
   0
   1.9999989999997498
   1.4142121481588255
   0.9999979999980001
   0.9999979999980001
   1.1546988063271448
   0
   1.2247432383973387
   0.9999979999980001
   1.4142121481588255
   1.4142121481588255
   1.4142121481588255
   1.4142121481588255
   0.8944249549291433
   1.1546988063271448
   1.0582986346017837
   0.7559263002625133
   0.8164941314343089
   0.9999979999980001
   1.0582986346017837
   0.737025017582992
   0.8164941314343089
   0.8164941314343089
   0.737025017582992
   0.737025017582992
   0.8571405238063479
   0.7559263002625133
   0.7559263002625133
   0.8164941314343089
   0.7071039527537659
   0.8164941314343089
   0.9428069202593333
   0.737025017582992
   0.8944249549291433
   0.8944249549291433
   0.7071039527537659
   0.6236063573191737
   0.5497437787026082
   0.6666636666599165
   0.790566885215919
   0.6030193725216162
   0.5714250714178526
   0.63245236974811
   0.6666636666599166
   0.5303263146403354
   0.5391228426308485
   0.5773468050776183
   0.606088226890698
   0.6555517264989107
   0.4690373119486338
   0.5714250714178526
   0.45882710882147504
   0.42491358598608675
   0.45674148053943114
   0.5391228426308485
   0.47140027813125246
   0.45674148053943114
   0.45882710882147504
   0.39999499996874965
   0.40703374967290007
   0.4255184588801485
   0.48237224278498686
   0.38397854057160613
   0.3529355097584301
   0.3816773266592397
   0.3924311958756056
   0.3585447118233543
   0.3277712869195922
   0.3816773266592397
   0.36442900543178497
   0.3749946666287402
   0.30978545416837294
   0.3461090451675924
   0.3227424153511073
   0.3386038557363517
   0.34299133928355885
   0.29786562606414313
   0.3209879956458061
   0.3255752524337435
   0.30743122549945756
   0.3081500172851739
   0.2771525902802277
   0.2758548188702452
   0.266659166561195
   0.25759274968709434
   0.23218074869753139
   0.2592584326714227
   0.25300166171479943
   0.24413486518450014
   0.2492469261456626
   0.2235978532991764
   0.23183183560503504
   0.21002259056458597
   0.23021212500354515
   0.21244973261665662
   0.21539730731835993
   0.1934557762229029
   0.21181021050640292
   0.21478384832063913
   0.19846063510146036
   0.18529767933998126
   0.18431528662923158
   0.18808458920153256
   0.19628249239805054
   0.18668067564419952
   0.17818247189263028
   0.1771951790694689
   0.1779030008673762
   0.16750290889950514
   0.17012377510305066
   0.15973148273500223
   0.16834687761230996
   0.15252769604547833
   0.15331606434408865
   0.15495498719261452
   0.15021798974971154
   0.1464500756063369
   0.14890693547075268
   0.14774435252099677
   0.13667798813200738
   0.13043645464558684
   0.12575333488447887
   0.12335305516600373
   0.1290806106563242
   0.12181256321326743
   0.12283613886619862
   0.1146899424386559
   0.11229872879474564
   0.11310218826566067
   0.10962737187773838
   0.1080783902460857
   0.1037543103883993
   0.10376452811194892
   0.09951959120064054
   0.09515758657002536
   0.09761774969096436
   0.09669730961003666
   0.09820864935137676
   0.09313811327211685
   0.09116456927577728
   0.0877878667935018
   0.08912125928020634
   0.08549271002580199
   0.0840038000575746
   0.08478215840628714
   0.07941136502937453
   0.07973994226139022
   0.07868967136383556
   0.07753482705720138
   0.07595908078746232
   0.07352563013521023
   0.0719534094675486
   0.07225060562932084
   0.0700530324606619
   0.06872936958978011
   0.0684431732872463
   0.06539768048950743
   0.06463412856459813
   0.062401270850655534
   0.06157902274663187
   0.061239911437234965
   0.060030688805580865
   0.05811850082819494
   0.05725896320271175
   0.05586991749196909
   0.05508925450527351
   0.054159147713464965
   0.05276563110408173
   0.05247074026339939
   0.05148319104144865
   0.05068788336283064
   0.04868111592997196
   0.04763688386519641
   0.04621349212013151
   0.04581978681315356
   0.04484066144835787
   0.04344577555432067
   0.04283009785998622
   0.0422249363773042
   0.041883345286862064
   0.04171784627979795
   0.03997556106067842
   0.03960743301865589
   0.03859153053097268
   0.037613244907326066
   0.036964368463812465
   0.03589060400644779
   0.0350904870411711
   0.03504035304607456
   0.034441721869455266
   0.03331227250271505
   0.033056370710755775
   0.03233345082352801
   0.03133645997964329
   0.03126858884937763
   0.030288089966125625
   0.029888794460211806
   0.029381955021171562
   0.028577000302399756
   0.028154277147916712
   0.02766007482991136
   0.026927342295225986
   0.026222220438868207
   0.025799888651731554
   0.025397016684329355
   0.024896846956757205
   0.024381486516802144
   0.023819887239540587
   0.023526935051539105
   0.02300195011912982
   0.022117227654111903
   0.021909380934503942
   0.021459217512149357
   0.02101217888598789
   0.021005634427479505
   0.020362664651358692
   0.019874920941510534
   0.019407731648242135
   0.019089318216481445
   0.018658454359158944
   0.018232958327790403
   0.017965989053166282
   0.01729715046151884
   0.017061872955000314
   0.016662093955997666
   0.01626451264590953
   0.015897138374793507
   0.01563109766588083
   0.015206974883937917
   0.014953360348447879
   0.014578218160742985
   0.014237038478571024
   0.013805967688407087
   0.013585090744728601
   0.013297390250640518
   0.012803360986948313
   0.01254960199493977
   0.01220652582078804
   0.011937199504736682
   0.011594087819265983
   0.011195729791155228
   0.010936506256165332
   0.010605527967665743
   0.010256550416209664
   0.009959117971754581
   0.009571729014167528
   0.009305200505585327
   0.009012536354521278
   0.008689798562059694
   0.008395324001204048
   0.008077502739092612
   0.007782912721268221
   0.0075698883329777325
   0.007424190695058559
   0.007309590587242709
   0.00727751529887619
   0.0072667807815381515
   0.0073162286914486155
   0.007415277379352346
   0.00757293591899229
   0.00776336042839799
   0.008071270310021191
   0.008370977892031265
   0.008728539334858081
   0.008992204766643466
   0.009307042005654085
   0.009609689342313155
   0.00996764329219399
   0.010299180731898264
   0.010561385286923172
   0.010887115506220827
   0.011243853554304096
   0.01158444349615818
   0.011883772028641708
   0.012167526517281826
   0.01251362452071109
   0.012857453367553107
   0.013240987199797612
   0.013531358295131128
   0.013916133018839183
   0.014200633567994283
   0.014558029297350323
   0.014993222281815485
   0.015410411641137373
   0.015638274792088763
   0.015917978880669263
   0.016304109754793007
   0.01666576940102388
   0.01703954472478491
   0.01740439468603649
   0.017805989381049648
   0.018241092925012303
   0.01860080208462252
   0.019208552423189203
   0.01943522165374943
   0.019937504653746014
   0.02021487853584768
   0.020570862531557623
   0.02141504627468997
   0.02159723621987148
   0.022220201179661763
   0.022481914569192678
   0.022834480858161726
   0.02340159242029015
   0.023755539881566874
   0.02428893880250733
   0.02493529873935913
   0.025380917290398763
   0.025801884449630774
   0.026574852143829174
   0.027161168881924908
   0.027749871478343596
   0.027996715454927733
   0.028506465577926167
   0.02943196879687344
   0.02968193395607619
   0.029873964442044487
   0.03148462491766597
   0.03189407022949519
   0.03254165750633445
   0.0335168291230356
   0.033104851890773196
   0.03429176940523768
   0.034841935377423444
   0.035589262598708434
   0.035861274262573795
   0.03674773150313592
   0.03816970634002752
   0.03843505319845785
   0.03901671060550075
   0.040366041254991214
   0.0406976307798205
   0.04162910879817256
   0.04181119795665092
   0.04258182545705472
   0.04411415167240603
   0.0454170993656336
   0.0464329857390255
   0.046333581001292166
   0.04822376819396181
   0.04771577290085963
   0.049642920701124825
   0.050851362670781663
   0.05242067081610598
   0.05345964936792813
   0.05371602939328013
   0.054912224745539986
   0.05734331173033144
   0.057524640596536135
   0.05848969331832857
   0.059030215539465414
   0.06001932180572493
   0.06239570059534816
   0.06195089844637355
   0.0642282740992752
   0.06295403445131169
   0.06496778848162581
   0.06683693930775343
   0.06939023128875976
   0.07346846675531568
   0.0729595668945633
   0.07420603880513743
   0.07477567830435572
   0.07729490139834695
   0.07648465326602275
   0.08142800515335628
   0.08348697982616703
   0.08242310123606521
   0.08410395345448972
   0.08729363225508686
   0.08655698226627945
   0.08944365015165673
   0.09199753385770909
   0.09394021867624781
   0.0927656588162953
   0.09450576571080009
   0.09457142924741423
   0.09932484735031114
   0.09780453731011395
   0.10289641759475844
   0.10542777295176509
   0.10500514972770385
   0.1141638453251842
   0.11103998015628674
   0.11075979049569439
   0.11643533608115063
   0.12309772110332802
   0.12283613886619862
   0.12764390683997637
   0.12854931201618588
   0.1243520293011976
   0.13174230421572808
   0.13406981902176782
   0.13979248545369713
   0.14408410237231706
   0.1400248884582848
   0.15534369319613206
   0.14816084514609354
   0.15159274157459177
   0.16149243419921108
   0.1627784114965002
   0.1603951752544258
   0.16891427751863752
   0.17363394676946076
   0.17304585457821758
   0.16750290889950514
   0.17485358954787797
   0.17097904220750715
   0.20304290090716787
   0.1913559347132981
   0.19563974563922812
   0.19752937056866468
   0.18529767933998126
   0.20482351162553633
   0.20043595343293935
   0.19916179725942246
   0.21234316158689537
   0.22355128123901868
   0.20934492213677441
   0.21403327793820504
   0.2394603352341405
   0.24577258444608124
   0.24389423888654363
   0.23083323387114438
   0.26474667201823054
   0.24769872012840627
   0.26066885078664764
   0.25662413842608794
   0.29013733553161986
   0.28283564131841654
   0.2788795040474968
   0.30121476216956206
   0.25352545274241417
   0.30499058315619104
   0.31351981874928136
   0.33911060142673216
   0.29932590933629516
   0.2857072856285336
   0.31245661473983005
   0.3481495673013557
   0.32960275379408155
   0.3784794429096964
   0.29786562606414313
   0.4082433914549832
   0.37061154849131467
   0.3362729511853166
   0.37138529115025354
   0.3999949999687496
   0.43643119787223106
   0.4810415352936646
   0.4682709296081362
   0.45674148053943114
   0.41568738253644405
   0.4898938660567204
   0.4082433914549832
   0.5303263146403354
   0.47140027813125246
   0.41702403225504986
   0.5128077403342434
   0.5303263146403354
   0.49999599998399985
   0.6236063573191737
   0.5163939064964522
   0.6666636666599165
   0.5546965906622355
   0.5958402351291968
   0.6555517264989107
   0.6236063573191737
   0.6030193725216162
   0.6555517264989107
   0.7559263002625133
   0.6030193725216162
   0.7483288047375967
   0.6555517264989107
   0.6928174362701909
   0.7071039527537659
   0.6030193725216162
   0.8164941314343089
   0.8164941314343089
   0.8944249549291433
   0.9999979999980001
   0.9999979999980001
   0.8164941314343089
   0.9999979999980001
   0.8660230943802827
   1.1546988063271448
   0.8944249549291433
   0.790566885215919
   0.9999979999980001
   0.8944249549291433
   1.9999989999997498
   0.6666636666599166
   1.9999989999997498
   0.8164941314343089
   1.9999989999997498
   1.1546988063271448
   0.8944249549291433
   1.4142121481588255
   0.9999979999980001
   0.9999979999980001
   1.9999989999997498
   1.1546988063271448
   1.9999989999997498
   0.8944249549291433
   1.4142121481588255
   0
   0
   1.4142121481588255
   0
   0.9999979999980001
   1.9999989999997498
   0
   1.9999989999997498
   0
   1.4142121481588255
   1.9999989999997498
   1.9999989999997498
   0
   0
   1.4142121481588255
   1.9999989999997498
   1.9999989999997498
   1.4142121481588255
   0
   0
   0
   1.1546988063271448
   0
   1.9999989999997498
   1.9999989999997498
   1.9999989999997498
   0
   1.4142121481588255
   0
   1.9999989999997498
   1.4142121481588255
   1.9999989999997498
   1.1546988063271448
   0
   1.4907106433584696
   1.4142121481588255
   1.4142121481588255
   0
   0
   1.9999989999997498
   0
   1.4142121481588255
   0
   0
   0
   1.1546988063271448
   0
   0
   0
   1.9999989999997498
   0
   0
   1.4142121481588255
   1.9999989999997498
   0
   1.9999989999997498
   0
   0
   0
   0
   0
   0
   1.9999989999997498
   1.9999989999997498
   1.9999989999997498
   0
   0
   1.9999989999997498
   0
   1.9999989999997498
   0
   0
   0
   0
   0
   1.9999989999997498
   0
   0
   0
   0
   0
   1.9999989999997498
   0
   0
   0
   0
   0
   1.9999989999997498
   0
   0
   0
   0
   0
   0
   0
   0
   1.9999989999997498
   0
   0
   0
   0
   0
   0
   0
   0
   0
   0
   0
   0
   0
   0
   0
   0
   0
   0
   0
   0
   0
   0
   0
   0
   0
   0
   0
   0
   0
   0
   0
   0
   0
   0
   0
   0
   0
   0
   0
   0
   0
   0
   0
   0
   0
   0
   0
   0
   0
   0
   0
   0
   0
   0
