   1.9999998999999975
   0
   1.9999998999999975
   0
   0
   1.9999998999999975
   1.1547003651741576
   1.4142134209517316
   1.9999998999999975
   0.9999997999999799
   1.1547003651741576
   0.7559286814432771
   0.9999997999999799
   0.7071064983437785
   1.1547003651741576
   0.6324552158058308
   0.5773499227793603
   0.5546998356699844
   0.6666663666665992
   0.603022357492957
   0.5773499227793603
   0.4170283485307214
   0.5163973921958424
   0.4472131482861388
   0.4082478005656205
   0.45883103185102203
   0.4472131482861388
   0.3481547374546571
   0.29488323407601597
   0.31622713356067345
   0.25819811514932994
   0.26490571642848937
   0.23904488520538802
   0.22933943331642453
   0.20628327971350877
   0.2019891086172717
   0.19514489117758638
   0.16666546666234663
   0.18030973351430588
   0.16901290116956638
   0.1538448538406613
   0.14468308926136358
   0.13018737474261044
   0.12216780727478234
   0.12426869511744386
   0.11009256217206022
   0.09793395843724093
   0.09293812403718063
   0.08970717196570659
   0.0826831427387535
   0.0763008597483043
   0.0756936139959566
   0.0684327211208001
   0.06585966396751322
   0.059864237181673226
   0.05552994416669607
   0.053658386868115304
   0.05053445066511006
   0.046120581696734365
   0.04382161064376909
   0.04140997727776468
   0.038705341840800496
   0.03598377682046528
   0.03397149309018397
   0.03126041430013998
   0.02961617620674048
   0.028190872489532056
   0.025705996542256082
   0.024655418542429995
   0.023061063010322444
   0.02154489425068597
   0.02016274473138197
   0.018775693196379502
   0.017646486725790254
   0.01676738218175075
   0.015592500818063296
   0.014674454785439158
   0.01376769018432244
   0.01282535241341757
   0.012021723548518456
   0.011274376240427444
   0.010585174582310673
   0.009945014504575593
   0.009290240127108282
   0.008732559983528647
   0.008207642521184558
   0.0076402176926241355
   0.007156256377713121
   0.00673272208119103
   0.0063112864626899325
   0.005894658403127476
   0.005526615782295302
   0.00518599855081905
   0.0048614264788685675
   0.004551418325954122
   0.0023899261478475607
   0.0023478964906089523
   0.0023204103836209577
   0.0023016084836210413
   0.0022924351442836304
   0.0022911475723652376
   0.0023019360522341585
   0.002319146779104695
   0.0023481788611446172
   0.0023860064032763507
   0.004551946154085968
   0.004867152506358793
   0.005184352503490792
   0.005537883049905561
   0.005916583772416975
   0.006296880704691431
   0.006752609319271325
   0.007187038079993215
   0.007676439289785289
   0.008156089369063103
   0.008714958000926023
   0.009311820453310348
   0.009901165285628727
   0.010621532167401877
   0.011267526302207164
   0.012040840325661405
   0.012933002058863417
   0.013686779779394094
   0.014564322695539087
   0.015637035596021972
   0.016641743715390175
   0.017754360535352887
   0.019037811481033836
   0.02009634654533029
   0.02160215553328787
   0.02282705470485494
   0.02430891421333599
   0.026100012734073003
   0.027987362868344526
   0.02946185285206083
   0.031773321639547686
   0.03393341658044045
   0.036001057923096214
   0.038256740005515516
   0.04053289140066117
   0.04361752233897068
   0.045875781472153
   0.04814761968583548
   0.052842843683926055
   0.05567452240025272
   0.060462504411211405
   0.0644059571361465
   0.06903790602312544
   0.07133278665804958
   0.07801231437539799
   0.08144207210816512
   0.09166686549371457
   0.09543740779883446
   0.10011830512185574
   0.11602729166818918
   0.11110722005138952
   0.12285394859224476
   0.13073786531959738
   0.141419942016676
   0.1538448538406613
   0.15911019984967187
   0.16963660694928492
   0.18254855564469855
   0.19334626339832237
   0.22494808817055922
   0.22638374499950298
   0.2264545236511103
   0.26490571642848937
   0.24618216955348451
   0.30499648492065196
   0.30499648492065196
   0.3429965871893325
   0.33333273333279334
   0.4170283485307214
   0.3429965871893325
   0.49999959999983995
   0.48507083776192816
   0.47140409652677207
   0.45883103185102203
   0.48507083776192816
   0.5163973921958424
   0.5714282214284643
   0.5163973921958424
   0.8944269673930901
   0.7559286814432771
   0.8944269673930901
   0.6324552158058308
   0.7071064983437785
   0.9999997999999799
   0
   0.8944269673930901
   0.9999997999999799
   1.1547003651741576
   1.9999998999999975
   1.4142134209517316
   1.4142134209517316
   1.9999998999999975
   1.4142134209517316
   0
   0
