   0.007313227108360593
   0.006352962701649149
   0.006136026553235241
   0.006072377418498767
   0.0060410372396305315
   0.006042008513164014
   0.006045925291024813
   0.006034226131957436
   0.006038270275905418
   0.006032744286697628
   0.006035353771405025
   0.0060269667283228785
   0.0060447593060954045
   0.006042231663451759
   0.006056911985608691
   0.006056753282025713
   0.006050995120452438
   0.0060503232804597126
   0.006054828840427054
   0.006043099658270302
   0.006046475456708335
   0.006042453791885079
   0.006033277730715627
   0.0060548179477506675
   0.006027059640422457
   0.006017658308942494
   0.006037329817276449
   0.006038239500063702
   0.006028759526659644
   0.00602763569491018
   0.0060258379206614195
   0.00604851165748449
   0.006059245762555407
   0.006042451066758831
   0.006052887741240511
   0.006040406106559909
   0.006041518597348214
   0.0060387531276982955
   0.006041151852802983
   0.006050452681270427
   0.006054118016161385
   0.0060430251745424175
   0.0060495750318206466
   0.0060519864690570515
   0.006051507272499827
   0.006046149000747918
   0.006049463171870686
   0.006044342160596415
   0.006042967655853854
   0.006045607160829184
   0.006038981273988374
   0.006046762459516165
   0.006038531812762064
   0.006024145731972466
   0.006026520444632775
   0.006055417803706421
   0.006059256243130015
   0.006058680876273781
   0.0060551463194582576
   0.006045863989082894
   0.006030511898699039
   0.006031406005614973
   0.006039737905696311
   0.006045921820382831
   0.006058103306567342
   0.006049695053835555
   0.006051200102050848
   0.0060433291459705985
   0.00603922731214579
   0.006037898100725948
   0.006045255953271297
   0.006036449715131644
   0.0060518878981064145
   0.0060415295989071985
   0.006050906320529492
   0.006063098563325294
   0.0060550991616695575
   0.006055203063379241
   0.0060255230375077865
   0.006041346099592145
   0.00604727666467798
   0.00604926408111631
   0.006044282573842292
   0.006033716151973049
   0.006037288104828961
   0.006040514142026828
   0.006053527263865463
   0.00604417109044817
   0.006034972744601565
   0.00604072974136764
   0.006052308535798509
   0.006045997582029322
   0.006039702718107215
   0.006055211276918675
   0.006029053738147547
   0.0060420960523167155
   0.006054419245222656
   0.006134863967940857
   0.006366560675441477
   0.007270290474201884
