   0
   0
   0
   0
   0
   0
   0
   0
   0
   0
   0
   0
   0
   0
   0
   0
   0
   0
   0
   0
   0
   0
   0
   0
   0
   0
   0
   0
   0
   0
   0
   0
   0
   0
   0
   0
   0
   0
   0
   0
   0
   0
   0
   0
   0
   0
   0
   0
   0
   0
   0
   0
   0
   0
   0
   0
   0
   0
   0
   0
   0
   0
   0
   0
   0
   0
   0
   0
   0
   0
   0
   0
   0
   0
   0
   0
   0
   0
   0
   0
   0
   0
   0
   0
   0
   0
   0
   0
   0
   0
   0
   0
   0
   0
   0
   0
   0
   0
   0
   0
   0
   0
   0
   0
   0
   0
   0
   1.9999998999999975
   1.9999998999999975
   0
   1.9999998999999975
   1.9999998999999975
   0
   1.9999998999999975
   1.9999998999999975
   0
   1.9999998999999975
   0
   1.9999998999999975
   0
   1.9999998999999975
   0
   1.4142134209517316
   1.9999998999999975
   1.9999998999999975
   0
   1.9999998999999975
   1.9999998999999975
   1.9999998999999975
   1.4142134209517316
   0
   1.9999998999999975
   1.9999998999999975
   1.9999998999999975
   1.4142134209517316
   0
   1.9999998999999975
   1.4142134209517316
   1.1547003651741576
   1.1547003651741576
   1.9999998999999975
   1.224744708092262
   1.4142134209517316
   1.9999998999999975
   1.9999998999999975
   1.4142134209517316
   1.3093071886634224
   1.1547003651741576
   1.1180338098644422
   1.224744708092262
   0.8944269673930901
   1.058300335443583
   1.4142134209517316
   0.7999997499999609
   1.490711850835775
   1.1180338098644422
   0.942808829450005
   0.9999997999999799
   0.9999997999999799
   0.9999997999999799
   1.1547003651741576
   0.749655301504885
   0.8571426238094921
   0.8719691385091543
   0.7041785062006943
   0.7370274598298289
   0.7925268282864114
   0.7559286814432771
   0.7378199632870148
   0.8944269673930901
   0.6928200343523561
   0.6085802908165614
   0.8660251728443001
   0.8944269673930901
   0.6123721090970751
   0.7027280843212594
   1.058300335443583
   0.5291498842483101
   0.6343236271063261
   0.6236092437487508
   0.489897540308175
   0.4505745583668282
   0.527045897221274
   0.489897540308175
   0.4995267862767116
   0.5150783653474291
   0.5128724488143562
   0.42389515213080703
   0.380987264117048
   0.44999772926594883
   0.40087509498885415
   0.37333843297446845
   0.4241820315003346
   0.3486077706789936
   0.3626050664090849
   0.3468864057762954
   0.3726774595932639
   0.35667707371128105
   0.34482700620640877
   0.31933792004711997
   0.31403107641604083
   0.3328195168093824
   0.2860264695286098
   0.31126421758497863
   0.25174728143032643
   0.2465757490103193
   0.24979911929388376
   0.2994400592067244
   0.23655829432888995
   0.27093689711087054
   0.24778713805300517
   0.21211492472109922
   0.2308130185203502
   0.2151008028122641
   0.2059739879447626
   0.21644864666332939
   0.21150527191803198
   0.1984862104646828
   0.19657200971804545
   0.18069125496112587
   0.19120758279234626
   0.16464215139668495
   0.1657436474953995
   0.15806558101009682
   0.15767508012156325
   0.15282670376633478
   0.14603381293247447
   0.15307368376935954
   0.14815536852622146
   0.13416252071255194
   0.13836897856822977
   0.12901446642227413
   0.12978168397144588
   0.12447596544560123
   0.12448243902688562
   0.11965644821787451
   0.11648857751589246
   0.1140944832703956
   0.10838678546514033
   0.11121852429784491
   0.10445639567683941
   0.10677092723122686
   0.09953248032234165
   0.10024260620095726
   0.09549094031416573
   0.09392717754431058
   0.09006438833146506
   0.086712239225197
   0.08438457856419652
   0.08165846513446991
   0.07972048524399142
   0.07949228787136374
   0.07550429770603446
   0.07533223630120708
   0.07198736656840647
   0.06989374721750193
   0.06935527301104523
   0.06723900209336546
   0.06529827327336353
   0.06399600371581546
   0.062154003476235425
   0.05975533867198557
   0.0594870707221188
   0.05830753411041673
   0.05642153320865768
   0.05432727837271336
   0.0535507436372292
   0.0517885453595361
   0.0499099731688033
   0.049120571982720004
   0.04830723046346073
   0.04689909005780642
   0.04534532362120735
   0.04402483583305825
   0.043094597320467665
   0.042167013532610105
   0.041104859985399124
   0.03956572059126144
   0.038673042779735566
   0.037818157437294456
   0.037303927777049606
   0.03591043462392272
   0.03535124192393775
   0.03436128752561583
   0.03390481786387621
   0.03269064400221715
   0.03170242504657135
   0.030929058997563312
   0.029954034896088253
   0.028987113888153383
   0.028500738597767483
   0.027958517553422317
   0.027388424022656805
   0.02636250643496369
   0.025603076932132283
   0.025162613965270513
   0.02447487729484371
   0.023741167922532513
   0.023071037897229887
   0.02255624514704034
   0.021947832523410142
   0.02134580777595665
   0.020852445651506585
   0.020473509075327537
   0.01999840254824908
   0.01924314821742953
   0.018842818709149264
   0.0182173007227221
   0.01780252109944634
   0.017278629334178248
   0.01683699195095492
   0.016502336197247395
   0.015924840761056387
   0.015555553729164411
   0.01521893970077522
   0.014780373289887318
   0.014363816571524714
   0.014008079875324733
   0.013636114715807907
   0.01327497270219
   0.012969675505140343
   0.012587153879638635
   0.012301381821090872
   0.011947850645804937
   0.011621117254507716
   0.011319504043563277
   0.011038015822148202
   0.010720618535750223
   0.01048267194634377
   0.010193692487912966
   0.00992943997546139
   0.009676647030706373
   0.0094702752389315
   0.009218205974208195
   0.00895620500276497
   0.008709400612089722
   0.008514096439295033
   0.008272578709517569
   0.008053176337283011
   0.007814232104962411
   0.007640888274490985
   0.007463695191310852
   0.007255270931060408
   0.007054650013193711
   0.00689362304625109
   0.006702040541840659
   0.006528743317770392
   0.00634995348201977
   0.006172677963415589
   0.006022481281695269
   0.005876633178455678
   0.005711325584010798
   0.005566189695877946
   0.005411035726780699
   0.005268993444022545
   0.005137408663911199
   0.004991202861059626
   0.004860742993330425
   0.004739807822248567
   0.004615737875217045
   0.004496666417578524
   0.0043700483900956455
   0.004254806517637666
   0.004141170899418745
   0.004030462227452627
   0.003925731314916463
   0.0038174747048644324
   0.003713546060889695
   0.003617815924653979
   0.003520416571369941
   0.0034236367645002013
   0.0033303352011008684
   0.003243633201895215
   0.003148510828437483
   0.003066898069884461
   0.0029801152376456035
   0.0028953561439801767
   0.0028157750660719066
   0.002737919689625487
   0.002657774008074667
   0.002578863959968259
   0.0025057646871913075
   0.0024318590251511565
   0.00235480794549483
   0.0022853437890629803
   0.002212608555120803
   0.0021433131846134174
   0.002073251728068335
   0.002004706707711042
   0.0019331613044963377
   0.001862213144671113
   0.0017964740021465992
   0.001726019966971942
   0.0016571860332406378
   0.0015860606712591431
   0.0015200294547142719
   0.0014694751824399456
   0.0014348384063737076
   0.0014133743093206067
   0.0014041581387376997
   0.0014042937892117062
   0.0014144581328679902
   0.0014357807286365146
   0.001469709555765004
   0.0015209251046799086
   0.0015864879335669004
   0.001656755940385962
   0.001728252713965049
   0.00179526412241351
   0.0018627122961699613
   0.0019316002458339776
   0.0020029211039749467
   0.002072261769266574
   0.0021395517296175885
   0.002212048538249564
   0.002283160972365864
   0.0023552234457304908
   0.002429048317874957
   0.0025041008332325173
   0.002580736051432288
   0.0026568621005656915
   0.0027343597967934654
   0.0028107505354487004
   0.0028955435551745326
   0.002976898891073248
   0.0030629494633088736
   0.0031493551101520805
   0.003234733366461819
   0.0033282441462211283
   0.0034241575031569477
   0.003518219285103656
   0.003613963537599234
   0.0037182143710563793
   0.0038227446984383825
   0.0039269131819305685
   0.004033493173210429
   0.004145920997444258
   0.004256982997290721
   0.004369702997523776
   0.004496613259525889
   0.00461237379362618
   0.004735590542942431
   0.004859255542446372
   0.005009809433521469
   0.005135296688262501
   0.005279490453867528
   0.005418970293351759
   0.00556264950822903
   0.005722885038642541
   0.005871440083383002
   0.006003055695377633
   0.006198052769785117
   0.006363553988134816
   0.006527433021837614
   0.006712166648124955
   0.00688919021174826
   0.007080724808940459
   0.007253663316769267
   0.007465485085875638
   0.007660454536062107
   0.007861375955808115
   0.008078599390222293
   0.008283983225257849
   0.008493752087437509
   0.008719686015427249
   0.008963891327838626
   0.009226941924683306
   0.009448108904715537
   0.009710529539344594
   0.009966656305720254
   0.010190580880504112
   0.010526762652887888
   0.010750548014594635
   0.011038233297200209
   0.011370249357158881
   0.011601003252967952
   0.01197915269860171
   0.012300063739187345
   0.012601798495577013
   0.01295925121063883
   0.01329366813090697
   0.013650155120268005
   0.014015353330601756
   0.01444950786730428
   0.014737040648861307
   0.015121869212139854
   0.01557147452549628
   0.01602573119120563
   0.016376933397842283
   0.01685676268030713
   0.017267359725792155
   0.017810554312141083
   0.01827619349105579
   0.018805422569986394
   0.01926858628376131
   0.019716813797363796
   0.020283832896986983
   0.020830134645944895
   0.02155861045963872
   0.022020602339432552
   0.02247699924950368
   0.02331292951969351
   0.023893269374671473
   0.02442639048106187
   0.025312421686476502
   0.025935080498991663
   0.02634607898383862
   0.027239915944901667
   0.027741037326846713
   0.028929670917182498
   0.029249662816869818
   0.03011632745365752
   0.030677183829996072
   0.03193701631771773
   0.03286629727074159
   0.033771875039991815
   0.03491327224889906
   0.03489585576338504
   0.03693317370991143
   0.03736710724363636
   0.038946074841530946
   0.03984851566269698
   0.040464721429701665
   0.041595880569376145
   0.04257677882606654
   0.043944737849596203
   0.04491045025120849
   0.04612961430291363
   0.047654831372429214
   0.04886785775212423
   0.049204706233595644
   0.05117042674210298
   0.051777267639712354
   0.05360636715349451
   0.05536054719700131
   0.057342219863497974
   0.0584921013100603
   0.06034270391094842
   0.06198831038694472
   0.0633186747171158
   0.06396245301611458
   0.0668057744632543
   0.06759520227566454
   0.06851507911762021
   0.06983276127875845
   0.07439752396187721
   0.07611654627172365
   0.07806377741695983
   0.07944073579436303
   0.08125417562453371
   0.083810082489867
   0.08641253176976764
   0.08890500290120448
   0.09038787969542031
   0.09257012600922383
   0.09465395966484053
   0.09660814105609307
   0.10428957730047471
   0.10483365835268292
   0.10552944953038673
   0.10852830323995423
   0.11124620099760507
   0.12272444268326486
   0.11882481092134785
   0.12282450154450034
   0.12244930782700479
   0.12328453515882352
   0.12727713269696495
   0.12940228380644558
   0.13172047683390262
   0.1398456537456971
   0.14236512796981082
   0.1460359374448671
   0.14458387297956762
   0.15073755287349908
   0.16861005920797165
   0.168552253549147
   0.16852180867769012
   0.1732237244448993
   0.18725428651909592
   0.1860333572062424
   0.19142352408164048
   0.18530703871861368
   0.18586938928643337
   0.19680618275270859
   0.2050213470571019
   0.20126812777799485
   0.21994827570914502
   0.20994459980248573
   0.22547661005124978
   0.22790054447443767
   0.22742853367824029
   0.24484399031186518
   0.26306606061811727
   0.2761387302766366
   0.249985349155193
   0.2651622497361212
   0.2859674418142348
   0.2785321150585703
   0.276488482566156
   0.3116502988202222
   0.30227948450212994
   0.30207548725442784
   0.30581505266930414
   0.33073759251412715
   0.3482582166919543
   0.34798469793943526
   0.335255565524088
   0.2987020707370767
   0.4415943220912271
   0.41310430537285114
   0.48648607537520167
   0.411607929470881
   0.4381535817607
   0.4618797823387957
   0.42378229875101425
   0.3860226401956347
   0.4575652862538557
   0.4306890527590276
   0.4955573865992831
   0.4827582064037631
   0.49999959999983995
   0.6249257110878846
   0.46290961783669426
   0.5811861816817204
   0.5590166366039565
   0.7347053746524878
   0.5291498842483101
   0.5400613545391548
   0.5665573707233785
   0.5163973921958424
   0.6343236271063261
   0.7453557241717242
   0.8719691385091543
   0.7370274598298289
   0.816496335978715
   0.7559286814432771
   0.8660251728443001
   0.9162454762996138
   0.9476068719007209
   0.7370274598298289
   0.9999997999999799
   1.058300335443583
   0.8944269673930901
   1.4142134209517316
   1.1547003651741576
   0.8944269673930901
   1.058300335443583
   1.9999998999999975
   1.4142134209517316
   0.8606627334448383
   0.942808829450005
   1.058300335443583
   0.816496335978715
   1.1547003651741576
   1.4142134209517316
   1.058300335443583
   1.1547003651741576
   0
   1.490711850835775
   1.9999998999999975
   1.1547003651741576
   1.9999998999999975
   1.9999998999999975
   1.9999998999999975
   1.9999998999999975
   1.44222037151054
   1.490711850835775
   1.1547003651741576
   1.4142134209517316
   0
   1.9999998999999975
   0
   1.9999998999999975
   0
   1.5811387035930782
   1.1547003651741576
   1.9999998999999975
   1.4142134209517316
   1.490711850835775
   1.4142134209517316
   1.4142134209517316
   1.9999998999999975
   1.9999998999999975
   0
   1.490711850835775
   1.490711850835775
   1.9999998999999975
   1.9999998999999975
   1.490711850835775
   1.9999998999999975
   1.9999998999999975
   1.490711850835775
   1.9999998999999975
   1.9999998999999973
   0
   0
   0
   0
   0
   0
   0
   0
   0
   0
   0
   0
   0
   0
   0
   0
   0
   0
   0
   0
   0
   0
   0
   0
   0
   0
   0
   0
   0
   0
   0
   0
   0
   0
   0
   0
   0
   0
   0
   0
   0
   0
   0
   0
   0
   0
   0
   0
   0
   0
   0
   0
   0
   0
   0
   0
   0
   0
   0
   0
   0
   0
   0
   0
   0
   0
   0
   0
   0
   0
   0
   0
   0
   0
   0
   0
   0
   0
   0
   0
   0
   0
   0
   0
   0
   0
   0
   0
   0
   0
   0
   0
   0
   0
   0
   0
   0
   0
   0
   0
   0
   0
   0
   0
   0
