   0
   0
   0
   0
   0
   0
   0
   0
   0
   0
   0
   0
   0
   0
   0
   0
   0
   0
   0
   0
   0
   0
   0
   0
   0
   0
   0
   0
   0
   0
   0
   0
   0
   0
   0
   0
   0
   0
   0
   0
   0
   0
   0
   0
   0
   0
   0
   0
   0
   0
   0
   0
   0
   0
   1.9999998999999975
   0
   0
   1.9999998999999975
   0
   0
   0
   0
   0
   0
   0
   0
   0
   0
   0
   0
   0
   0
   0
   0
   0
   0
   1.9999998999999975
   0
   0
   1.9999998999999975
   0
   0
   1.9999998999999975
   1.9999998999999975
   0
   1.9999998999999975
   0
   1.9999998999999975
   1.1547003651741576
   0
   1.9999998999999975
   0
   1.1547003651741576
   0.8944269673930901
   0.9999997999999799
   1.9999998999999975
   1.4142134209517316
   0
   0.8944269673930901
   0.7071064983437785
   1.1547003651741576
   1.1547003651741576
   0.8944269673930901
   1.058300335443583
   0.8944269673930901
   0.5303297087661599
   0.6324552158058308
   0.6324552158058308
   0.5773499227793603
   0.5345221096589792
   0.5773499227793603
   0.4364353222141747
   0.4472131482861388
   0.42132456954159253
   0.48507083776192816
   0.39223176037408525
   0.3644339446319456
   0.4170283485307214
   0.35445557220359747
   0.3316618760123027
   0.3424668606117736
   0.2715167762952232
   0.2914861884963533
   0.24956629785333886
   0.22792027542114796
   0.23895264265560817
   0.21062660229726915
   0.2086258483354047
   0.19608020351023495
   0.19218231283490772
   0.1792740293353252
   0.17511546621311416
   0.15806558101009685
   0.14764687602519735
   0.14529342041436932
   0.12998517801408577
   0.1239123532190266
   0.12046128218734845
   0.10803769968067801
   0.1052365160074131
   0.1054579431706203
   0.09590778718440446
   0.09017348193388774
   0.08528750825998861
   0.08027525698510402
   0.07749917241798004
   0.07252544795067047
   0.06822667035144912
   0.06399837950519476
   0.06200317902528584
   0.05680203215758734
   0.054863662976644564
   0.05177295606075566
   0.04907208565782619
   0.04608001226578709
   0.043632706557403415
   0.04172653173728118
   0.039491218391780485
   0.03729337435967782
   0.03529267364163333
   0.032927768020692236
   0.03150226609783122
   0.02935872393693687
   0.02792661215978257
   0.026689943481174882
   0.025053556609276856
   0.023387939692645115
   0.02227214193306119
   0.020856961666902398
   0.019683369373116905
   0.01877987166932358
   0.017600543520063135
   0.016669568533870284
   0.01572050082618755
   0.01469254248481133
   0.01389695487336771
   0.013057454646698703
   0.012214916932035035
   0.01148889030799717
   0.01075461150696716
   0.010007414242550703
   0.009337741649591216
   0.008723587951292352
   0.008118274339287865
   0.007506411889974494
   0.006930848832413653
   0.006392077991090685
   0.005854790441428008
   0.00537596581596722
   0.004914045272333253
   0.004464287563559072
   0.004052049274961011
   0.0036506010901531
   0.0032868892291827777
   0.002939817094719697
   0.0026462806602291257
   0.002460286124156915
   0.0023486968194022313
   0.00228558959838835
   0.002258751782684708
   0.002256804416374706
   0.002287760895288139
   0.0023513370561941607
   0.0024596156978299714
   0.0026464192777925374
   0.0029448951426599957
   0.0032811885689523444
   0.0036561848766498415
   0.00404947623426796
   0.0044741645329927915
   0.004918706452890839
   0.0053822341695432705
   0.0058686270170000224
   0.00641018041940551
   0.006933334047652707
   0.007498670470473765
   0.008046236126502715
   0.008680103303908853
   0.00934042868115771
   0.010052878981415506
   0.01078503451342397
   0.011502912535229495
   0.012205806142280617
   0.01297189918172268
   0.013822588325175909
   0.01463462462514342
   0.015697345633577404
   0.016726928437720796
   0.01772207474730499
   0.018719711055866565
   0.01996056611968524
   0.021101429040860417
   0.022321859386444837
   0.02354318156909935
   0.0247299034732397
   0.02630036683468216
   0.02793452516245658
   0.029330943001165382
   0.031144740282451632
   0.0329919260956374
   0.03475559806055654
   0.036763731470722344
   0.038809807455246946
   0.04081680200691394
   0.044421552628323056
   0.046721822131453185
   0.04936373305871453
   0.05179669659223944
   0.05566175527518975
   0.05766768865909316
   0.06016860305274332
   0.06617582651508681
   0.06843099347667823
   0.07465631038938463
   0.07319242024926109
   0.0818827100095302
   0.0885562685661346
   0.08732281975139179
   0.0921420130803826
   0.10151656042056367
   0.1070287934025407
   0.11570465443311742
   0.12511670179091594
   0.12394801999147852
   0.14119320187714057
   0.13410496714012046
   0.1545161557121885
   0.16747146447303304
   0.16148944476352634
   0.176068522016181
   0.18971567822224664
   0.1913033023686848
   0.21076774054320124
   0.208122284481486
   0.21520548232312334
   0.26490571642848937
   0.2620649918199015
   0.2914861884963533
   0.27931367479165753
   0.3481547374546571
   0.3585497320825832
   0.31622713356067345
   0.4082478005656205
   0.32403641770640534
   0.3651478239471424
   0.47140409652677207
   0.47140409652677207
   0.4472131482861388
   0.5163973921958424
   0.48507083776192816
   0.5345221096589792
   0.5714282214284643
   0.603022357492957
   0.6324552158058308
   0.7071064983437785
   0.6666663666665992
   0.816496335978715
   0.6666663666665992
   0.9999997999999799
   1.1547003651741576
   0.8944269673930901
   1.1547003651741576
   0.8944269673930901
   1.4142134209517316
   0.9999997999999799
   1.9999998999999975
   1.9999998999999975
   0
   1.1547003651741576
   0.8944269673930901
   1.9999998999999975
   1.9999998999999975
   1.9999998999999975
   1.9999998999999975
   0
   0
   1.9999998999999975
   0
   1.9999998999999975
   0
   1.9999998999999975
   0
   1.9999998999999975
   0
   0
   1.9999998999999975
   1.9999998999999975
   1.9999998999999975
   0
   0
   0
   0
   0
   0
   0
   0
   0
   0
   0
   0
   0
   0
   0
   0
   0
   0
   0
   0
   0
   0
   0
   0
   0
   0
   1.9999998999999975
   0
   0
   0
   0
   0
   0
   0
   0
   0
   0
   0
   0
   0
   0
   0
   0
   0
   0
   0
   0
   0
   0
   0
   0
   0
   0
   0
   0
   0
   0
   0
   0
   0
   0
   0
   0
   0
   0
   0
   0
   0
   0
   0
   0
   0
