   0
   0
   0
   0
   0
   0
   0
   0
   0
   0
   0
   0
   0
   0
   0
   0
   0
   0
   0
   0
   0
   0
   0
   0
   0
   0
   0
   0
   0
   0
   0
   0
   0
   0
   0
   0
   0
   0
   0
   0
   0
   0
   0
   0
   0
   0
   0
   0
   0
   0
   0
   0
   0
   0
   0
   0
   0
   0
   0
   0
   0
   0
   0
   0
   0
   0
   0
   0
   0
   0
   0
   0
   0
   0
   0
   0
   0
   0
   0
   0
   1.9999989999997498
   0
   0
   0
   0
   0
   0
   0
   0
   0
   0
   0
   0
   0
   0
   1.9999989999997498
   0
   0
   0
   0
   0
   0
   0
   0
   0
   0
   0
   0
   0
   0
   0
   0
   0
   0
   0
   0
   0
   0
   0
   0
   0
   0
   0
   0
   0
   0
   0
   0
   0
   0
   0
   0
   0
   0
   0
   0
   0
   0
   1.9999989999997498
   0
   0
   0
   0
   0
   0
   0
   0
   0
   0
   0
   1.4142121481588255
   0
   0
   0
   0
   0
   0
   0
   0
   0
   0
   0
   0
   0
   1.9999989999997498
   0
   0
   0
   0
   1.9999989999997498
   1.9999989999997498
   1.9999989999997498
   0
   1.9999989999997498
   0
   0
   0
   1.9999989999997498
   0
   1.9999989999997498
   0
   0
   0
   0
   0
   0
   0
   0
   0
   0
   1.9999989999997498
   1.4142121481588255
   0
   0
   1.9999989999997498
   1.4142121481588255
   1.1546988063271448
   1.9999989999997498
   1.4142121481588255
   1.9999989999997498
   1.4142121481588255
   1.4142121481588255
   1.9999989999997498
   0
   0
   1.4142121481588255
   1.1546988063271448
   1.9999989999997498
   1.1546988063271448
   1.4142121481588255
   0.8944249549291433
   1.4142121481588255
   1.9999989999997498
   1.9999989999997498
   1.9999989999997498
   1.9999989999997498
   1.4142121481588255
   1.1546988063271448
   1.1546988063271448
   1.1546988063271448
   0.8164941314343089
   1.1546988063271448
   0.8944249549291433
   0.8944249549291433
   0.790566885215919
   0.8164941314343089
   1.1546988063271448
   0.9428069202593333
   1.1546988063271448
   0.8164941314343089
   1.0582986346017837
   0.8164941314343089
   0.7071039527537659
   0.8944249549291433
   0.9999979999980001
   0.7559263002625133
   0.63245236974811
   0.63245236974811
   0.7071039527537659
   0.63245236974811
   0.5773468050776183
   0.5163939064964522
   0.6666636666599165
   0.7559263002625133
   0.6236063573191737
   0.63245236974811
   0.5497437787026082
   0.5546965906622355
   0.5590134166547347
   0.5958402351291968
   0.63245236974811
   0.4472091233416421
   0.5546965906622355
   0.5345187421543661
   0.45882710882147504
   0.4472091233416421
   0.5477189060092778
   0.48237224278498686
   0.4263967422696635
   0.41568738253644405
   0.4255184588801485
   0.41568738253644405
   0.36442900543178497
   0.37138529115025354
   0.33332733327933234
   0.3686468493570278
   0.32443667778895907
   0.37837309262717306
   0.3158626958511966
   0.3362729511853166
   0.29148001318123273
   0.3012195878020126
   0.2695064650200365
   0.3046891960225034
   0.28548749998726947
   0.2602301484841046
   0.2812074548319465
   0.2771525902802277
   0.26489892147098526
   0.23725880444987663
   0.24907190995078232
   0.23978323544401517
   0.21435902993089664
   0.211793950657178
   0.2115668758012182
   0.2037608680524329
   0.19771355594840057
   0.2078364741810253
   0.20964742773533845
   0.18780140736081277
   0.18626079440544002
   0.1946799924884212
   0.17248768301966766
   0.1677300119831723
   0.1733365217994944
   0.15799790896231483
   0.1636213131440224
   0.16516864451473523
   0.15470937196767204
   0.14810488908792022
   0.13856547035520772
   0.13896983093897936
   0.1369998607233644
   0.1427332412658148
   0.13566825915891262
   0.12762027862988817
   0.12385657413461838
   0.11908455158706022
   0.11871454049451477
   0.11666736580142331
   0.10982118325503233
   0.11031236368732268
   0.10609783914507383
   0.109811304247314
   0.10690999660265234
   0.10024165672454718
   0.09445269382954664
   0.09554208522889715
   0.09253240315097401
   0.09022964372068273
   0.08716698341167704
   0.08427039332078037
   0.08284833126718065
   0.08168321426417623
   0.08165851414321973
   0.07591748273276828
   0.07583414296927167
   0.07424908503747901
   0.07480371120462422
   0.07192299966416703
   0.06972266797701093
   0.0688653607910065
   0.06570251864260332
   0.06334697855699915
   0.06240019024296224
   0.06268353581867507
   0.05894772967464492
   0.05803268656877165
   0.05725557134527777
   0.057294239517443175
   0.05452425605657686
   0.05358111709053151
   0.05138536514325928
   0.05063601230776489
   0.04976905376159633
   0.048371887461447556
   0.04656510525895735
   0.04586284271797448
   0.04438104562398314
   0.04275765082517225
   0.04222660168607929
   0.040500204402602616
   0.04000390935120598
   0.038968888314970744
   0.038204106627056963
   0.03737796243596593
   0.03588290841594691
   0.03537848607452599
   0.034521076673818485
   0.03366274533764158
   0.03257167182819583
   0.03180550954193293
   0.031095097337431963
   0.029954450422716692
   0.02898503080604713
   0.02831203629178247
   0.0277050255723373
   0.02634196804291649
   0.02596229299009522
   0.025427453304227774
   0.024260774795312776
   0.023918305859393647
   0.023303897509068344
   0.022216429272556015
   0.021773676209208045
   0.021215239407025806
   0.020300518843267373
   0.01958345365749418
   0.018959121016593722
   0.018337092386176725
   0.017743672683817224
   0.017008420988115214
   0.016620842504050996
   0.015909534003045227
   0.01535920027773124
   0.014702406822394683
   0.01423841113075412
   0.01364789199644982
   0.013046722944512418
   0.012458708735160178
   0.011987392347943425
   0.011457620732279182
   0.010860622464536444
   0.010357030488058099
   0.009877240254620738
   0.009410281579375804
   0.009120107782530657
   0.008886034584757977
   0.008733632184319972
   0.008715856854481004
   0.00865407380795207
   0.008712895666040683
   0.008886839142101052
   0.00913985152189502
   0.009435108228886126
   0.009948860031113883
   0.010368178654469637
   0.01089575025352816
   0.011374383366475806
   0.011976082470468918
   0.012520255698410431
   0.01301184232916817
   0.013621785259438223
   0.014226693908975293
   0.01477600590218852
   0.015325070173251847
   0.015894716580669148
   0.01650799205551654
   0.01715126202045678
   0.017880989767319527
   0.018500740674787235
   0.019123917553013008
   0.019730391541700244
   0.020342213643923773
   0.021084765371409356
   0.021588814259438583
   0.022465862969411155
   0.02298911405689712
   0.023568830485132947
   0.02436469111795526
   0.025165665430547143
   0.025764662384667333
   0.02621202685199908
   0.027361773473263056
   0.028426930586393485
   0.028924063271705724
   0.030101147157526063
   0.0310579304095156
   0.03200682006505494
   0.032411408704847565
   0.03307598554109563
   0.03437802334421638
   0.03492570988140118
   0.036249873127538426
   0.03687244537376975
   0.03799710120392415
   0.03911520849500497
   0.039957414438809805
   0.04130573442423803
   0.0417395358907591
   0.0428629608885547
   0.04401702106482045
   0.04526862819678471
   0.04643013413674553
   0.04791860674900346
   0.04849244022328573
   0.04975855597801582
   0.05137045666489134
   0.05361519237532794
   0.05406835479820694
   0.05552377426516185
   0.057478866568965364
   0.0591222174971582
   0.05896492103365149
   0.0612684842353214
   0.06327437433557404
   0.06366264833410308
   0.06795010793938225
   0.0680966382389552
   0.07083787016169016
   0.07002982846570366
   0.07265879476715077
   0.07520371283200898
   0.07755531503716251
   0.07618386186333194
   0.07861027209739865
   0.08341026997367171
   0.08829837495973045
   0.08953298128791119
   0.08824678577094242
   0.09502007276159823
   0.09451621118548459
   0.09698972967033916
   0.09623838659510711
   0.10137217553463902
   0.10799382698407657
   0.10840512477509874
   0.10852119839167433
   0.10951474567887658
   0.11380396378619317
   0.11572291148232526
   0.11555954793530657
   0.11859263180712867
   0.1322162790935587
   0.12287408521053791
   0.13734000338831134
   0.1320732614916423
   0.14110422745130363
   0.1427332412658148
   0.14690293416526504
   0.15586270440898609
   0.15172377923801975
   0.16432988239911656
   0.1689537886998968
   0.1674607160283939
   0.18330374247123674
   0.17477269279835023
   0.17743870005753618
   0.18331794089946932
   0.18707217858356168
   0.1978783549573489
   0.20750026843226435
   0.19868424828845682
   0.2128320930850289
   0.21039684725141045
   0.22305296501685942
   0.2370100794856155
   0.23407375023258206
   0.22912005586591494
   0.2479508552977885
   0.23725880444987663
   0.2624593090154908
   0.284002037008176
   0.28489239254374393
   0.25558060135108507
   0.3086002191154362
   0.2971406116757498
   0.29487712990181253
   0.3038839900396935
   0.29487712990181253
   0.3287918917919177
   0.3123411205873413
   0.34246160458843256
   0.31886138357628335
   0.34758067629057326
   0.39122528610737306
   0.36442900543178497
   0.37138529115025354
   0.38397854057160613
   0.41702403225504986
   0.36442900543178497
   0.47140027813125246
   0.41702403225504986
   0.47140027813125246
   0.49999599998399985
   0.4263967422696635
   0.47140027813125246
   0.4968999700612926
   0.44535728066128727
   0.47140027813125246
   0.606088226890698
   0.43477800867131794
   0.6343207894317555
   0.49999599998399985
   0.5546965906622355
   0.4850671269495169
   0.6666636666599165
   0.6666636666599165
   0.7559263002625133
   0.8944249549291433
   0.7071039527537659
   0.6030193725216162
   0.8944249549291433
   0.5546965906622355
   0.8944249549291433
   0.6030193725216162
   1.4142121481588255
   0.7559263002625133
   0.790566885215919
   0.9999979999980001
   1.1546988063271448
   1.1546988063271448
   0.9999979999980001
   0.8944249549291433
   0.7071039527537659
   1.1546988063271448
   1.4142121481588255
   1.1546988063271448
   1.9999989999997498
   0.8164941314343089
   0.9999979999980001
   1.9999989999997498
   1.1546988063271448
   1.1546988063271448
   1.4142121481588255
   0.8944249549291433
   0
   1.9999989999997498
   0.8944249549291433
   0.9999979999980001
   1.4142121481588255
   1.4142121481588255
   1.9999989999997498
   0.9999979999980001
   0
   0
   1.9999989999997498
   1.4142121481588255
   1.4142121481588255
   1.9999989999997498
   1.9999989999997498
   1.1546988063271448
   1.4142121481588255
   1.4142121481588255
   1.9999989999997498
   1.9999989999997498
   0
   0
   1.9999989999997498
   0
   0
   1.9999989999997498
   0
   0
   0
   1.9999989999997498
   1.9999989999997498
   0
   1.9999989999997498
   0
   1.9999989999997498
   1.9999989999997498
   1.9999989999997498
   0
   0
   0
   0
   1.9999989999997498
   0
   0
   0
   1.9999989999997498
   0
   0
   0
   0
   0
   0
   0
   0
   0
   0
   0
   0
   0
   0
   0
   0
   0
   1.9999989999997498
   0
   0
   0
   0
   0
   1.9999989999997498
   0
   0
   1.9999989999997498
   0
   0
   0
   0
   0
   0
   0
   0
   0
   0
   0
   0
   0
   0
   0
   0
   0
   0
   0
   0
   0
   0
   0
   0
   0
   0
   0
   0
   0
   0
   0
   0
   0
   0
   0
   0
   1.9999989999997498
   0
   0
   0
   0
   0
   0
   0
   0
   0
   0
   0
   0
   0
   0
   0
   0
   0
   0
   0
   0
   0
   0
   0
   0
   0
   0
   0
   0
   0
   0
   0
   0
   0
   0
   0
   0
   0
   0
   0
   0
   0
   0
   0
   0
   0
   0
   0
   0
   0
   0
   0
   0
   0
   0
   0
   0
   0
   0
   0
   0
   0
   0
   0
   0
   0
   0
   0
   0
   0
   0
   0
   0
   0
   0
   0
   0
   0
   0
   0
   0
   0
   0
   0
   0
   0
   0
   0
   0
   0
   0
   0
   0
   0
   0
   0
   0
   0
   0
   0
   0
   0
   0
   0
   0
