   0
   0
   0
   0
   0
   0
   0
   0
   0
   0
   0
   0
   0
   0
   0
   0
   0
   0
   0
   0
   0
   0
   0
   0
   0
   0
   0
   0
   0
   0
   0
   0
   0
   0
   0
   0
   0
   0
   0
   0
   0
   0
   0
   0
   0
   0
   0
   0
   0
   0
   0
   0
   0
   0
   0
   0
   0
   0
   0
   0
   0
   0
   0
   0
   0
   0
   0
   0
   0
   0
   0
   0
   0
   0
   0
   0
   0
   0
   0
   0
   0
   0
   0
   0
   0
   0
   0
   0
   0
   0
   0
   0
   0
   0
   0
   0
   0
   0
   0
   0
   0
   0
   0
   0
   0
   0
   0
   0
   0
   0
   0
   0
   0
   0
   0
   0
   0
   0
   0
   0
   0
   0
   0
   0
   0
   0
   0
   0
   0
   0
   0
   0
   0
   0
   0
   0
   0
   0
   0
   0
   0
   0
   0
   0
   0
   0
   0
   0
   0
   0
   0
   0
   0
   0
   0
   0
   0
   0
   0
   0
   0
   0
   0
   0
   0
   0
   0
   0
   0
   0
   0
   0
   0
   0
   0
   0
   0
   0
   0
   0
   0
   0
   0
   0
   0
   0
   0
   0
   0
   0
   0
   0
   0
   0
   0
   0
   0
   0
   0
   0
   0
   0
   0
   0
   0
   0
   0
   0
   0
   0
   0
   0
   0
   0
   0
   0
   0
   0
   0
   0
   0
   0
   0
   0
   0
   0
   0
   0
   0
   0
   0
   0
   0
   0
   0
   0
   0
   0
   0
   0
   0
   0
   0
   0
   0
   0
   0
   0
   0
   0
   0
   0
   0
   0
   0
   0
   0
   0
   0
   0
   0
   0
   0
   0
   0
   0
   0
   0
   0
   0
   0
   1.9999989999997498
   1.9999989999997498
   0
   1.9999989999997498
   0
   0
   1.9999989999997498
   1.9999989999997498
   0
   1.99999899999975
   0
   0
   0
   0
   0
   0
   1.9999989999997498
   0
   1.99999899999975
   0
   0
   0
   0
   0
   0
   0
   0
   0
   0
   0
   0
   0
   0
   0
   0
   0
   1.9999989999997498
   0
   0
   0
   0
   0
   0
   0
   0
   1.9999989999997498
   0
   1.9999989999997498
   1.9999989999997498
   1.9999989999997498
   0
   1.5811375651726196
   1.9999989999997498
   0
   0
   1.99999899999975
   1.4907106433584696
   0
   0
   0
   0
   0
   0
   1.9999989999997498
   0
   1.4907106433584696
   0
   1.9999989999997498
   0
   0
   1.4142121481588255
   1.9999989999997498
   0
   1.9999989999997498
   1.9999989999997498
   1.9999989999997498
   1.9999989999997498
   1.9999989999997498
   0
   0
   1.9999989999997498
   1.4142121481588255
   1.9999989999997498
   1.9999989999997498
   1.9999989999997498
   1.9999989999997498
   1.9999989999997498
   1.9999989999997498
   1.2247432383973387
   0
   0
   1.9999989999997498
   1.0582986346017837
   0
   0
   1.99999899999975
   1.3266484085845804
   1.9999989999997498
   1.6492410375684934
   0
   0
   1.9999989999997498
   1.9999989999997498
   1.9999989999997498
   0
   1.4142121481588255
   0
   0
   0
   1.9999989999997498
   1.9999989999997498
   1.9999989999997498
   1.9999989999997498
   0
   0
   1.4142121481588255
   1.2247432383973387
   1.4422191234344384
   1.6996719945003769
   1.99999899999975
   1.6492410375684934
   1.4142121481588255
   0
   1.9999989999997498
   1.9999989999997498
   0
   1.4907106433584696
   1.6996719945003769
   1.9999989999997498
   1.6492410375684934
   1.9999989999997498
   1.199998333332176
   0
   1.9999989999997498
   1.6492410375684934
   0
   1.199998333332176
   1.199998333332176
   1.4142121481588255
   1.9999989999997498
   1.9999989999997498
   1.4142121481588255
   1.4142121481588255
   1.9999989999997498
   1.1780284809973043
   1.9999989999997498
   1.9999989999997498
   1.4422191234344384
   1.9999989999997498
   0.9354122086011065
   1.9999989999997498
   1.1546988063271448
   1.0582986346017837
   1.3266484085845804
   1.9999989999997498
   1.2247432383973387
   1.1546988063271446
   1.4907106433584696
   1.9999989999997498
   0.9476049723769231
   1.4337194828680941
   1.2247432383973387
   0.8944249549291433
   1.3093058138898315
   1.2247432383973387
   0.9797938558696926
   0
   1.0582986346017837
   1.1546988063271448
   1.2328811783785167
   1.6996719945003769
   1.1546988063271446
   1.0301555658229091
   0.9428069202593333
   1.0582986346017837
   0.7071039527537659
   0.8944249549291433
   1.1065648629512719
   0.9999979999980001
   1.1967016192151236
   0.8660230943802827
   1.0456680187977119
   0.8571405238063479
   0.9476049723769231
   1.4907106433584696
   0
   0.9476049723769231
   1.2472175253561648
   1.1065648629512719
   0.7200795223574397
   1.0582986346017837
   0.8331931805008116
   1.1111093111096528
   1.2961465966471537
   0.7999974999960937
   1.1065648629512719
   1.1939855678910778
   0.9380810199550995
   0.6705968550566238
   0.8100901184436211
   0.7705491548240124
   0.737025017582992
   1.2247432383973387
   0.8461946482435642
   1.0582986346017837
   0.8660230943802827
   0.9797938558696926
   0.8498342322019172
   0.6529164225804736
   0.8164941314343089
   0.9358074828566045
   0.9686421449318998
   0.7071039527537659
   0.7705491548240124
   0.8124013786300464
   0.5390809261121741
   0.7999974999960937
   0.8164941314343089
   0.8137121845433904
   0.7110527406599316
   0.8164941314343089
   0.7817334015577888
   0.6249228307388828
   0.7223123496346872
   0.8743228490920527
   0.6236063573191737
   0.9797938558696926
   0.7659390750357803
   0.7745940872482826
   0.7423658876262506
   0.718019188849125
   0.8660230943802827
   0.6428212352558585
   0.6679227228543014
   0.622742028731826
   0.7199972222168639
   0.665076355660387
   0.5928880163375723
   0.5439246162527308
   0.737025017582992
   0.47379932030171523
   0.5659580373137216
   0.5824053571182188
   0.5158350300808565
   0.6928174362701909
   0.8571405238063479
   0.6770002461841009
   0.7888081022797764
   0.4545410545241584
   0.5204126567766519
   0.5432328384105092
   0.4856167876001539
   0.5351782442200166
   0.46397605302189654
   0.5577697653253634
   0.4733442399705683
   0.6349771649437481
   0.5020725606161547
   0.5098980290214897
   0.5051138811414815
   0.4424347852993071
   0.48043877863325024
   0.5314744921465837
   0.45831776269050833
   0.5211534690200238
   0.48043877863325024
   0.49375869905507686
   0.5259657697319335
   0.38464942957642534
   0.5385127667938803
   0.4616794639548545
   0.45057056344979113
   0.48431797533703813
   0.44482111290406073
   0.47379932030171523
   0.4483212305459799
   0.48237224278498686
   0.41508952141285965
   0.4982227455732833
   0.5078928860236864
   0.39122528610737306
   0.47379932030171523
   0.42541128651719406
   0.3996990287822419
   0.4008868739610786
   0.4136732748580628
   0.370505204428866
   0.377118313294677
   0.43382697375620155
   0.5466019826880406
   0.40979248931321405
   0.37061154849131467
   0.403581889958898
   0.5333295833201497
   0.4279151070975211
   0.3682399422729351
   0.35695740439132
   0.4392069406596257
   0.3877944994826868
   0.36220760222203785
   0.37703422345278415
   0.3849616162468403
   0.42829552739588483
   0.34467035395078877
   0.3800302640183525
   0.3883164312692045
   0.3571325608358953
   0.3198511169045078
   0.3788331011389032
   0.35005470341334016
   0.3385233760385942
   0.36504857595930623
   0.36034914680060637
   0.34870618004274034
   0.34433521729310573
   0.3296841703417273
   0.3068856879764264
   0.31612736610460973
   0.34137839690956306
   0.3050198977506828
   0.30630566513505286
   0.3136313742424049
   0.32394082109559563
   0.2830197169956899
   0.2971893957475968
   0.3239579309428833
   0.2865033406023887
   0.27849295658922163
   0.30501446848437697
   0.2780104595044801
   0.25872847703481544
   0.28962034009397636
   0.2691106793725238
   0.25801325412100834
   0.24792885132406267
   0.26870782507935487
   0.258079438428931
   0.267870462738041
   0.2604129989865181
   0.28665793442003407
   0.24096332352925082
   0.23598029417553032
   0.25371440637062764
   0.2607171694826391
   0.24977227564427404
   0.23596634053595872
   0.2721949759300844
   0.2610923408551572
   0.2449030491870671
   0.2458041230536083
   0.2555941301877127
   0.21318268283720201
   0.21668315169488853
   0.22380911053487546
   0.23399997306709103
   0.2110597109814589
   0.21436354081875533
   0.21471477140788234
   0.22924585164728192
   0.2125208209178637
   0.2108928815466424
   0.2034966241318461
   0.22385142582013592
   0.20831983963216513
   0.22245625098898372
   0.20062432099871663
   0.20613411678341698
   0.19456053659655312
   0.19257328701583734
   0.18736301113816306
   0.17922991391612703
   0.1998318374403402
   0.18069051227026228
   0.19278428191454922
   0.18085107439855344
   0.20554171305367672
   0.1745953126864852
   0.19077007167156815
   0.17759944293318464
   0.15921162094605296
   0.19439641102702307
   0.18055874946918757
   0.1704839385331264
   0.1705200583747076
   0.17529823465848185
   0.1747979379452236
   0.16409717290145595
   0.15889335313028197
   0.17684695773439077
   0.18832556624168012
   0.16591675638905845
   0.17817468729999417
   0.1702503067257994
   0.15591780353914658
   0.16366509787569572
   0.15949040612012008
   0.16085856239689905
   0.1463891902219915
   0.15502639090130094
   0.15581549282962928
   0.15376836418278478
   0.1560921765223407
   0.15561289026293174
   0.15363434643643922
   0.1454235194182839
   0.14469962210565224
   0.14162864813587184
   0.1410689404552796
   0.1442762496194422
   0.1452020884297984
   0.1406252348036923
   0.13779306842223749
   0.13857129474621863
   0.13755341232085033
   0.1313798329037876
   0.12670520407058555
   0.1346278947295445
   0.1276439068399764
   0.12990701841117233
   0.12838520161316685
   0.12625320510675225
   0.1307280559118638
   0.1250212496784546
   0.12050878469016273
   0.1250416557357851
   0.12215867100845557
   0.12322528732041034
   0.11041485135727845
   0.11528389070697441
   0.11833918736118701
   0.1146294185263208
   0.11274437940143063
   0.1110825977507648
   0.1117663335083445
   0.11261528945899561
   0.10950649906256198
   0.10909659264314064
   0.10515767855888576
   0.10671336958603811
   0.10771362160764715
   0.10261394299177264
   0.1073804157253652
   0.10302889625604282
   0.09936892158186769
   0.09870305673371516
   0.10206065164490508
   0.10088898880682552
   0.09951969922578364
   0.09272711995276105
   0.09244033986033266
   0.09343638445866335
   0.09477332128494492
   0.0943723665757714
   0.09503469898976921
   0.09184294153885689
   0.08750999155472354
   0.08891624236245932
   0.08767389315105886
   0.09151109063848968
   0.09023679394103445
   0.08817713676698415
   0.08669727125708084
   0.08591272803901882
   0.08660835474622805
   0.0890801625787539
   0.083395203662227
   0.08425807000499469
   0.0817384117722829
   0.07936498955910376
   0.08188737802239829
   0.08001388147530442
   0.08000557023320101
   0.07696861320771933
   0.07463896484028805
   0.07895404045059866
   0.07811927737126298
   0.0746896081671834
   0.0732952272662787
   0.07314791764357396
   0.07759937312917876
   0.07404278853562837
   0.07146959014352479
   0.07038432540432259
   0.07063354851481535
   0.0708043698054766
   0.06879466761600184
   0.06876110704860937
   0.06801188472719047
   0.0692096228868266
   0.06629405801899392
   0.06547577999621679
   0.06679325611181915
   0.06593918171897652
   0.0644665254555261
   0.06506849653504662
   0.06448093358033728
   0.06436971295281259
   0.06270714404442203
   0.06184424010851645
   0.06276101025936906
   0.06198605311860022
   0.06137566172182307
   0.059419829047829095
   0.06037320987670864
   0.05919897471393777
   0.06033651716662233
   0.059106560970166304
   0.057574808686512935
   0.05682993794900109
   0.05590445556095727
   0.05537693264468299
   0.05596447346712444
   0.055656718088968445
   0.054496932163035666
   0.05464197618136078
   0.0524288658776711
   0.052400870140194795
   0.05210481481826235
   0.05119015686746781
   0.05145519382289436
   0.051097580675168904
   0.049992227274264674
   0.04966139406250737
   0.04897113834044634
   0.04891666910877256
   0.04812915223479372
   0.04812627107581772
   0.0477017279470113
   0.046965880021924374
   0.04655247955690259
   0.045610763122053435
   0.04573723330473804
   0.04629125187332915
   0.04564597797864107
   0.04581925844468024
   0.044300667322608255
   0.04310846158670079
   0.043243572632276545
   0.04388485680461471
   0.042363751652363994
   0.04284249640396272
   0.04266720842301386
   0.042047875141019674
   0.04189630747625904
   0.04089323702725409
   0.040775643938973476
   0.03997768773760322
   0.04014669659147313
   0.039640921566304665
   0.03899968370966822
   0.03865227686228689
   0.03895994344031911
   0.038412747984857394
   0.03798762239139277
   0.037636347954856514
   0.0369981938508885
   0.0373268762752911
   0.036954290249879854
   0.03564580895329915
   0.03598897213276117
   0.035612958297054874
   0.03521865676484741
   0.03528824735380397
   0.034424602475807954
   0.03477145226067189
   0.03399453800852868
   0.033751343785699196
   0.033614431728792006
   0.03313596002534069
   0.03308997754500048
   0.03246214450040692
   0.03195852467919016
   0.03183914746254373
   0.03211630445941962
   0.03134903564935567
   0.030852487354687194
   0.030312516501161058
   0.030584786481440775
   0.03012963469852712
   0.029796324922032345
   0.029771838258117723
   0.02962284937815556
   0.029069458483127638
   0.02895461236509832
   0.0285371139278437
   0.028261292537112986
   0.028213913702255726
   0.02791117995404779
   0.027486677437434572
   0.026982568011386383
   0.027215712036973125
   0.027149954232729215
   0.026474688275162743
   0.026500600627463122
   0.02612801404357441
   0.026191761686629785
   0.025947445561594038
   0.025577448296014205
   0.025051389278333325
   0.025096105262174467
   0.025159264789302492
   0.024551541463430106
   0.024306090905769344
   0.024108803074332743
   0.023621001547892734
   0.023722505694708032
   0.023486710942851687
   0.02348181671596023
   0.02332542882790906
   0.0230046499997647
   0.022759052211913506
   0.022365147002564593
   0.022214890216848422
   0.022139075999838876
   0.021815408398110563
   0.02174220910462575
   0.021494434227397986
   0.02095370342084309
   0.020986366301885228
   0.021002605852154386
   0.020674279473822846
   0.020604087191317667
   0.02033024153201293
   0.020158449507684157
   0.019927271427844836
   0.019689903654337527
   0.019496583302966122
   0.0194229978107348
   0.01910358411419954
   0.019134866587499525
   0.018760986831419937
   0.018534016537448784
   0.018624441192342255
   0.018385235920893937
   0.01829271964878411
   0.018025966732010606
   0.017786814930202427
   0.017750585781779682
   0.017437236971318323
   0.017404171470209083
   0.017111749405062784
   0.017060132601482283
   0.016726537259685856
   0.016679307885937102
   0.01654723293762396
   0.016396812571852548
   0.016191995368821984
   0.0161547756872015
   0.015973666092241056
   0.01583588084764279
   0.01567714180854182
   0.015514836786744438
   0.015428198572127013
   0.015264281463841959
   0.015036653789562735
   0.014888372056052437
   0.014812412043834405
   0.014635359852445039
   0.01447719760252381
   0.014470695118261172
   0.014305749810191925
   0.014144342267784661
   0.013958340294905107
   0.013831635939361316
   0.013721832089221248
   0.013633634911678965
   0.013585963987803137
   0.013387979016099142
   0.01331342075226299
   0.013148422756864418
   0.01293025356805699
   0.012846422757634288
   0.012739645113528545
   0.012692809337520207
   0.012530768666702625
   0.012415596933608816
   0.01230605635714056
   0.012187069262688184
   0.01206801216024323
   0.011942994503652812
   0.011838961743591035
   0.011731835600827979
   0.011661059235109725
   0.011535754986840627
   0.011457128891709018
   0.011366262554432783
   0.011176089413367384
   0.011115655280514513
   0.011012165620517014
   0.010942636764923056
   0.010817232626041133
   0.01072994028210412
   0.010580346656496977
   0.010486785340764197
   0.010389117781167582
   0.010360990163483002
   0.010218288789504234
   0.010102317052673596
   0.01001476509204844
   0.009961356718459814
   0.009866582914758146
   0.009754641948284938
   0.00966659228420061
   0.009554093330833178
   0.009537151328138095
   0.00941711575035755
   0.009297886810601164
   0.00915386700054761
   0.009149348776939313
   0.009047480857472378
   0.0089445307221123
   0.008882378533773607
   0.008779455715226299
   0.008698973476878856
   0.008603342661580296
   0.008519194663119466
   0.008464823358712724
   0.008372930517634556
   0.008307871804494278
   0.008184598462677902
   0.00811716489371777
   0.008060663486999893
   0.007964205803592661
   0.007896256713034963
   0.006453059013949722
   0.006404272473537317
   0.0063847399666544695
   0.006391413915281928
   0.006369801802798066
   0.006389732289104586
   0.006393107573876222
   0.006403050927652435
   0.006415107913166172
   0.006484451508774786
   0.007911729522657155
   0.00798646090742962
   0.008053852640185643
   0.008148622843928862
   0.008217470763023881
   0.008286754449578366
   0.008351994895917913
   0.008465472345436351
   0.008527901523328931
   0.008608360426459485
   0.008689877435746483
   0.008778702647540989
   0.008851390076264277
   0.008978064635751723
   0.009008380755011033
   0.009118213500677362
   0.00918709053557422
   0.009285292670976844
   0.009385965833773845
   0.009437715090996088
   0.009573102052303904
   0.009644773348574227
   0.009718904635702115
   0.009801429985782109
   0.00992370731455414
   0.010053206583196953
   0.010091919176683369
   0.010253405531784134
   0.010290009174057268
   0.010413082413478944
   0.010487427296448519
   0.010613440720192133
   0.01068655570124634
   0.010815439771525156
   0.010897999295822164
   0.010994922162571126
   0.011119463993028694
   0.011219286016609438
   0.011372176484457158
   0.011425527662476145
   0.011521822890255369
   0.011644529440262787
   0.011740871280617545
   0.011856249216667348
   0.012005864270541159
   0.012031859936635561
   0.012253919646282786
   0.012237028237231369
   0.01246903106722193
   0.012576027410004763
   0.01268747163674564
   0.012815215938065169
   0.01294339663588068
   0.012989009154044247
   0.013148924531042425
   0.013207898656843292
   0.013383552972165497
   0.013485499117298475
   0.013582693595975446
   0.013654811103451524
   0.013896445985919808
   0.014078334005180548
   0.014175779588386311
   0.01418113141771936
   0.01444804900750148
   0.014445107457587928
   0.014717777312430463
   0.01476420795560246
   0.014971675362684723
   0.014986053980269564
   0.015208837282001259
   0.015315871519463868
   0.015494665509557729
   0.015686377445908953
   0.015755924939287038
   0.016038562724936492
   0.016052396665385556
   0.01624298895045268
   0.01637083875316258
   0.016591268968330797
   0.016745763963557748
   0.01689781783792541
   0.01703934764855075
   0.017193672135295664
   0.017401294030055265
   0.017481718435369956
   0.017705937948296335
   0.017807432647281688
   0.017993385673131097
   0.018186771277452145
   0.01827090743190676
   0.018608946669949673
   0.018637479049046096
   0.019019501738200172
   0.01898506773327571
   0.019203968447078817
   0.01936789010901488
   0.01941887473405004
   0.019801911173431747
   0.020056115865306496
   0.020124306518851106
   0.020328642599085858
   0.020349147996415053
   0.0208302092935236
   0.020795379208953343
   0.020901172010211928
   0.021382430961801157
   0.02140955903540162
   0.02144705706984312
   0.021888704871970314
   0.022157019020750568
   0.022114476239760317
   0.022238831840564258
   0.0226519955751574
   0.02278259644284453
   0.023003790889704785
   0.023280558170326284
   0.02330811317034223
   0.023770900314356882
   0.024091944134466553
   0.024149300596354367
   0.024399038432597293
   0.024748793784308117
   0.024867186164100274
   0.02520693761919469
   0.024972028495346753
   0.02540738993384911
   0.02591203524667929
   0.025871175483843257
   0.026105902393983228
   0.0262105901734872
   0.02640566599959688
   0.027034566860898484
   0.027262568790745848
   0.027294548871786804
   0.027460545227440337
   0.027644594413997792
   0.028031942836108756
   0.028567691012225175
   0.02839269547623798
   0.029379057278051575
   0.02923317053614269
   0.0295327298185822
   0.030294711666039736
   0.029991645271702096
   0.030568824654675752
   0.030332672793610498
   0.030915653183013526
   0.03142235971279511
   0.03148501169430382
   0.031783505894151576
   0.03190246481856516
   0.03204252364572518
   0.033094312460311394
   0.03300646091262786
   0.03342122044472393
   0.03361687301844226
   0.03344775647196042
   0.034406294064528525
   0.03437333244196247
   0.034305377183445104
   0.0349134853889737
   0.03587879129203501
   0.03587434663739525
   0.03692401492176738
   0.03608399143484299
   0.03677865032922968
   0.037197883293129876
   0.03813285023094403
   0.037616466928362624
   0.038210990085091816
   0.037939547309800016
   0.038819203428584026
   0.0394470401975528
   0.03949140920608389
   0.04064270480798616
   0.03979803750142925
   0.04052813286228431
   0.04089482085506176
   0.041157045902785294
   0.04146405506431525
   0.041930776825324846
   0.042024049793230656
   0.04261387967898912
   0.04274117289257599
   0.04364112133259833
   0.04416992405082098
   0.04372272320291989
   0.04479817575415121
   0.045124895189211506
   0.04536614157519873
   0.04579662685511601
   0.046384480163089034
   0.04512656255970792
   0.04772526516546511
   0.04748757333628494
   0.04683697251283673
   0.04770286911740412
   0.04886351118793824
   0.04959417869835421
   0.049550637434834156
   0.0497284735712256
   0.05011113769309588
   0.051440725791189516
   0.051911653124483634
   0.05197265599195815
   0.05305727679913701
   0.05329582014046172
   0.05412890206743368
   0.054727286101019845
   0.05489663407259093
   0.05510438889978281
   0.05551774579582371
   0.05550847524790189
   0.05694515306875315
   0.05619474938283745
   0.05705134333214809
   0.05975184377243504
   0.05817546928937569
   0.06016568983072217
   0.05948579473613382
   0.06136231182338213
   0.06124733875102142
   0.062483542689959586
   0.06346866865283962
   0.0628214926289565
   0.06331805230978255
   0.06373211608985772
   0.06370758462656917
   0.0655790095340304
   0.06612826713805103
   0.06507002739567924
   0.06558104123598528
   0.06650874158067811
   0.06893717949087948
   0.06749756282597395
   0.06887556188253635
   0.06965455233185873
   0.06963904050547337
   0.0702875896426612
   0.07113818714111335
   0.06842922048469148
   0.07249807053682952
   0.07269848474885483
   0.07601688119586515
   0.07335616655469748
   0.07450995138929083
   0.07750191045502106
   0.07836467413859398
   0.07963422682013398
   0.08000118054992195
   0.080523065112438
   0.07876948083593813
   0.0805181210427375
   0.08081851441407138
   0.08421264370190097
   0.08514601558105572
   0.08536941300652837
   0.08519616066687612
   0.08484870194158554
   0.08508096442359862
   0.08446367718747073
   0.09040261996635877
   0.08515647325927246
   0.09331820748100636
   0.09473290234350489
   0.09215989144396991
   0.09391827888572588
   0.09884665634654041
   0.09336894456804307
   0.09154592020812059
   0.0974687101954577
   0.09605311808678063
   0.10056727440666414
   0.09636876098980188
   0.09624781801533289
   0.09597951480871254
   0.10955809991131224
   0.09976655628158458
   0.10306381748605628
   0.10907429303190186
   0.10860536595584627
   0.10343657476927588
   0.1040162745383621
   0.10765744964005194
   0.1051409165782046
   0.10693732249450444
   0.11054015514793679
   0.10649553069770004
   0.11491247833782957
   0.11019236474693114
   0.11189259984391613
   0.11650344209133337
   0.11282663535010436
   0.12844430551341207
   0.11872673141988835
   0.1162925203312257
   0.1254635868299039
   0.12166657588890689
   0.1255812401886681
   0.11853037958732052
   0.13585761869279067
   0.12339594464199885
   0.12362912710837178
   0.12344103713987066
   0.13064348031900144
   0.13107717967666707
   0.12818638158213208
   0.1294606291958058
   0.13683469515272148
   0.1283882412262157
   0.15045390376380693
   0.13556094975118085
   0.1347459728957795
   0.1478114922895429
   0.14442066195703265
   0.14174462059626183
   0.14734889287068847
   0.15909043826252026
   0.150354037732852
   0.15042963534060363
   0.1453388421093328
   0.14780786416259306
   0.15763745403340582
   0.1527777614009913
   0.1611905535626177
   0.15326263566762782
   0.15487392020248242
   0.1701930294576112
   0.1606745077366454
   0.16241393159121095
   0.17029768727740477
   0.16497676604095904
   0.16940986896784882
   0.15713798411544985
   0.16084351267151908
   0.16593113686692926
   0.1648130666506012
   0.16015814061516107
   0.1721209738225694
   0.17610445686710374
   0.17025329938187167
   0.184033013326993
   0.1827622711953257
   0.1812660301506029
   0.1807657719035054
   0.19608389164330522
   0.17829437019219954
   0.19426958510802106
   0.18327852509876555
   0.19669471385249868
   0.19299519516325175
   0.18547427857434953
   0.1909242596218349
   0.1916971910140715
   0.19848546183589627
   0.2090029293808963
   0.22040902780550575
   0.2100361401454978
   0.22146049644648996
   0.21294946330738304
   0.2061358775177189
   0.23481449814755276
   0.21363153932227125
   0.2207539441809342
   0.2123799636555451
   0.2526714949488859
   0.21826691101594958
   0.2264398647448788
   0.2368543710637843
   0.24262269120099725
   0.21126786893782706
   0.23051379580017206
   0.24216135655265755
   0.23413090654944854
   0.26568461015174244
   0.2310706797830454
   0.25207059483802957
   0.2290148262309862
   0.2399262504886907
   0.24821056157250881
   0.26191534789611803
   0.27164477165567447
   0.2610443413448147
   0.2571609108554839
   0.2639789553901767
   0.28919965808558806
   0.2776797947350382
   0.3094740665348116
   0.27813850479510327
   0.2764351559071964
   0.26491263231234635
   0.26486804571068806
   0.24135853309680377
   0.25815405300299477
   0.26561876407524554
   0.2802609516811709
   0.29993085139493786
   0.3027684822350504
   0.3566485890431672
   0.33696147357749595
   0.310510458872795
   0.3002246055426016
   0.3116142455288733
   0.3376433193865276
   0.31443483274047035
   0.3162053082405385
   0.31739051772342025
   0.3897841960666018
   0.3182442228265419
   0.3427061766961698
   0.35695321916272094
   0.32779861750966555
   0.33592145245908633
   0.32652448718745103
   0.34740154265549
   0.43844638331622243
   0.43715799330575106
   0.3299083773034053
   0.40819791630139435
   0.38706283844317324
   0.3972074744737034
   0.36173937441202053
   0.3878697663414369
   0.4301166226810801
   0.4255184588801485
   0.4048900543947065
   0.43404880700666076
   0.412975065781146
   0.43068487338942896
   0.37582708790080577
   0.40159232309317694
   0.467459487580064
   0.4857320695064829
   0.42997668727142097
   0.4233941857029903
   0.3915728965765293
   0.4346088918658808
   0.48104153529366456
   0.5363945316314183
   0.4525439205204286
   0.5521438674126479
   0.46533189782546486
   0.5048204090856103
   0.4847638600390916
   0.6144485498462531
   0.43040817660415404
   0.6036890295876217
   0.42707844712652027
   0.49834974121863534
   0.4837897701986364
   0.48765053959962446
   0.4549897044680478
   0.6705968550566238
   0.5432328384105092
   0.6187152010416423
   0.448839588881687
   0.5968971221843783
   0.45831776269050833
   0.4811158631448407
   0.514281825382122
   0.628302580907314
   0.5059604727644246
   0.48237224278498686
   0.47999583331524864
   0.5249300482498174
   0.6449775189880652
   0.5147776218912395
   0.532128539797802
   0.5785335560240358
   0.5714250714178526
   0.7533060788569985
   0.5567898199425726
   0.6614348040434521
   0.5386341956009014
   0.5102781708385623
   0.6098180762881669
   0.5891548506263264
   0.5430396212485298
   0.6633219429507816
   0.6758279402660788
   0.561245044521553
   0.6680396632951798
   0.6343207894317555
   0.7714607633201838
   0.6098180762881669
   0.6679227228543014
   0.6527108877279281
   0.5749560960601203
   0.7041759500260154
   0.5972555505207331
   0.6394410753845023
   0.6298334818632884
   0.7050088085395411
   0.5972555505207331
   0.6402876690745926
   0.6020340352437201
   0.7925245570666685
   0.6550280482121636
   0.6330498745496257
   0.9607668411622682
   0.8993665915120364
   0.6758279402660788
   0.6998513544798974
   0.6030193725216162
   0.9476049723769231
   0.7429541554676533
   0.9162435117584767
   0.7692281692263754
   1.0657384618825587
   0.6748439681469394
   0.6998513544798974
   0.7315349563009614
   0.7496529003974974
   0.8565767978709717
   0.7071039527537659
   0.6645268993803034
   0.9035056893081775
   0.6499942850861989
   0.8354980202419722
   0.9162435117584767
   0.9380810199550995
   1.0657384618825587
   0.9090887090882471
   0.7999974999960937
   1.6492410375684934
   1.0540906560211558
   0.7999974999960937
   0.9686421449318998
   0.8354980202419722
   1.1059550153002466
   0.9140850920759814
   0.9476049723769231
   1.1065648629512719
   1.0367199447137654
   1.2247432383973387
   1.199998333332176
   1.469692484841642
   0.6561642748241904
   1.0582986346017837
   1.2247432383973387
   1.0301555658229091
   0.9999979999980001
   0.7483288047375967
   0.790566885215919
   0.9428069202593333
   0.881914835898443
   0.8081195607642446
   0.8944249549291432
   0.7200795223574397
   1.1726022343488862
   1.4907106433584696
   0.9128687382824178
   0.9428069202593332
   0.8326639978606816
   1.4361392690125843
   1.4422191234344384
   1.2453980922433057
   1.0582986346017837
   1.4229150916427482
   1.5811375651726196
   0.9686421449318998
   1.9999989999997498
   1.199998333332176
   1.0301555658229091
   0.9258179395231316
   1.054090656021156
   1.2247432383973387
   0.8719670742134686
   0.8837766056857336
   1.4907106433584696
   1.5811375651726196
   1.0582986346017837
   1.199998333332176
   0.9476049723769231
   0.9116034942604829
   1.4907106433584696
   1.5811375651726196
   1.1065648629512719
   1.2649094829275336
   1.2247432383973387
   1.6996719945003769
   1.99999899999975
   0.9797938558696926
   1.4907106433584696
   1.1546988063271448
   1.0657384618825587
   1.1546988063271448
   1.2472175253561648
   1.99999899999975
   0
   1.2247432383973387
   0
   0
   1.5152075726334266
   1.2472175253561648
   1.4142121481588255
   1.9999989999997498
   0
   1.1546988063271448
   1.99999899999975
   1.9999989999997498
   1.9999989999997498
   1.9999989999997498
   1.2692939419658125
   1.9999989999997498
   1.4285700285707426
   0
   1.99999899999975
   1.99999899999975
   1.6492410375684934
   1.9999989999997498
   1.2765679103085859
   0.9999979999980001
   1.4907106433584696
   1.4142121481588255
   1.2472175253561648
   1.4907106433584696
   1.9999989999997498
   1.9999989999997498
   1.99999899999975
   1.5811375651726196
   1.4142121481588255
   1.4142121481588255
   1.4173513639492814
   0
   1.9999989999997498
   0
   1.99999899999975
   1.9999989999997498
   1.5811375651726196
   0
   1.9999989999997498
   1.9999989999997498
   1.1546988063271448
   1.4907106433584696
   1.0582986346017837
   1.1546988063271448
   0
   1.4142121481588255
   0
   0
   1.99999899999975
   0
   0
   1.99999899999975
   1.9999989999997498
   1.9999989999997498
   0
   1.9999989999997498
   0
   1.4907106433584696
   1.4907106433584696
   0
   0
   1.9999989999997498
   0
   0
   0
   0
   0
   0
   1.9999989999997498
   1.4142121481588255
   0
   0
   0
   1.4142121481588255
   0
   0
   0
   0
   0
   0
   0
   1.9999989999997498
   0
   0
   0
   0
   0
   0
   0
   1.9999989999997498
   0
   0
   0
   0
   0
   0
   0
   0
   0
   0
   0
   0
   0
   0
   0
   0
   0
   1.9999989999997498
   0
   0
   1.9999989999997498
   0
   0
   1.9999989999997498
   1.9999989999997498
   1.9999989999997498
   0
   0
   0
   0
   0
   0
   0
   0
   0
   0
   0
   0
   0
   0
   1.9999989999997498
   0
   0
   0
   0
   0
   0
   0
   0
   0
   0
   0
   0
   0
   0
   0
   0
   1.9999989999997498
   0
   0
   0
   0
   0
   1.9999989999997498
   0
   0
   0
   0
   0
   0
   0
   0
   0
   0
   0
   0
   0
   0
   0
   1.9999989999997498
   0
   0
   0
   0
   0
   0
   0
   0
   0
   0
   0
   0
   0
   0
   0
   0
   0
   0
   0
   0
   0
   0
   0
   0
   0
   0
   0
   0
   0
   0
   0
   0
   0
   0
   0
   0
   0
   0
   0
   0
   0
   0
   0
   0
   0
   1.9999989999997498
   0
   0
   0
   0
   0
   0
   0
   0
   0
   0
   0
   0
   0
   0
   0
   0
   0
   0
   0
   0
   1.9999989999997498
   0
   0
   0
   0
   0
   0
   0
   0
   0
   1.9999989999997498
   0
   0
   1.9999989999997498
   0
   1.9999989999997498
   0
   0
   1.9999989999997498
   0
   0
   0
   0
   1.9999989999997498
   0
   1.9999989999997498
   0
   0
   0
   0
   0
   0
   0
   0
   0
   0
   0
   0
   0
   0
   0
   0
   0
   0
   0
   0
   0
   0
   0
   0
   0
   0
   0
   0
   0
   0
   0
   0
   0
   0
   0
   0
   0
   0
   0
   0
   0
   0
   0
   0
   0
   0
   0
   0
   0
   0
   0
   0
   0
   0
   0
   0
   0
   0
   0
   0
   0
   0
   0
   0
   0
   0
   0
   0
   0
   0
   0
   0
   0
   0
   0
   0
   0
   0
   0
   0
   0
   0
   0
   0
   0
   0
   0
   0
   0
   0
   0
   0
   0
   0
   0
   0
   0
   0
   0
   0
   0
   0
   0
   0
   0
   0
   0
   0
   0
   0
   0
   0
   0
   0
   0
   0
   0
   0
   0
   0
   0
   0
   0
   0
   0
   0
   0
   0
   0
   0
   0
   0
   0
   0
   0
   0
   0
   0
   0
