   0
   0
   0
   0
   0
   0
   0
   0
   0
   0
   0
   0
   0
   0
   0
   0
   0
   0
   0
   0
   0
   0
   0
   0
   0
   0
   0
   0
   0
   0
   0
   0
   0
   0
   0
   0
   0
   0
   0
   0
   0
   0
   0
   0
   0
   0
   0
   0
   0
   0
   0
   0
   0
   0
   0
   0
   0
   0
   0
   0
   0
   0
   0
   0
   0
   0
   0
   0
   0
   0
   0
   0
   0
   0
   0
   0
   0
   0
   0
   0
   0
   0
   0
   0
   0
   0
   0
   0
   0
   0
   0
   0
   0
   0
   0
   0
   0
   0
   0
   0
   0
   0
   0
   1.9999998999999975
   1.9999998999999975
   0
   1.9999998999999975
   0
   1.1547003651741576
   1.1547003651741576
   1.9999998999999975
   0
   0
   0.8944269673930901
   1.1547003651741576
   1.9999998999999975
   1.4142134209517316
   1.490711850835775
   1.9999998999999975
   1.4142134209517316
   0
   0.9999997999999799
   1.490711850835775
   1.1999998333333217
   0.7559286814432771
   0.8944269673930901
   0.7559286814432771
   0.8944269673930901
   0.8944269673930901
   0.816496335978715
   0.6666663666665992
   0.8571426238094921
   0.816496335978715
   0.6928200343523562
   0.7041785062006943
   0.6324552158058308
   0.6060911967480721
   0.7071064983437785
   0.6700590957794207
   0.5128112504096539
   0.7559286814432771
   0.6236092437487508
   0.4823759743285503
   0.4969035925075543
   0.48507083776192816
   0.44536132234177733
   0.4409580982864975
   0.3848996598441576
   0.34109102935244295
   0.37203212831457166
   0.3569641756740884
   0.3082870777604043
   0.31886702861252636
   0.30122073791302256
   0.30122556344974166
   0.3171613406081065
   0.2503708749135157
   0.2630660606181172
   0.25970470756595515
   0.24216022652087602
   0.2474865652919366
   0.20044396099799996
   0.19885105883654788
   0.1884194511150127
   0.19061982012745096
   0.17825436393397145
   0.16542147348679173
   0.15227428990046338
   0.15656022553682353
   0.15060937300585397
   0.14092803522050218
   0.14705546193422428
   0.12762921300441873
   0.12390049149796196
   0.11773818256708166
   0.1121742388886243
   0.10021586925170313
   0.09775860144653835
   0.09286057376071694
   0.09123376389994566
   0.08751252213564638
   0.0849990591410851
   0.07766441085517468
   0.0721894460901137
   0.06870874522784043
   0.06744684939904984
   0.06438042096402308
   0.060392529662993605
   0.058602829643119844
   0.05394391355791434
   0.053400220138862795
   0.04984783947767161
   0.04752720156107991
   0.045572647754786755
   0.042947919225494006
   0.04108879402736891
   0.03990294839983142
   0.03698543326128016
   0.035194421341804616
   0.03364086520028684
   0.03181816714468053
   0.030508665843347233
   0.028981380268351786
   0.027529279448042163
   0.025988922966160316
   0.025015724864722224
   0.02364153400643695
   0.022590969761104335
   0.0214652562154284
   0.020388521323079434
   0.01949513723028503
   0.01863785889733157
   0.017709561529208592
   0.01672349254703483
   0.015991899310481502
   0.015141614468478467
   0.014393780268844275
   0.013633138131322801
   0.013138539789266978
   0.01233650257918256
   0.011693529198145506
   0.011097381285792124
   0.010487500230948566
   0.009997531924249467
   0.009529158895785164
   0.009017933484183113
   0.008513330438935719
   0.00806555746179732
   0.007631519494763708
   0.007224312940778221
   0.006814490818299062
   0.006426355823198806
   0.006062327304738266
   0.0056942265164149995
   0.005341489736714773
   0.005006351848831144
   0.0046858823782444485
   0.004373896553164942
   0.004078053058045924
   0.003789332640036878
   0.0035099902752850623
   0.0032397839103743527
   0.0029860875847525117
   0.0027423587441443103
   0.002511241087399328
   0.00230243927075476
   0.0021651175427109624
   0.0020797064183954612
   0.0020315516451963923
   0.002007392402487194
   0.002004501352226795
   0.002030690235969938
   0.002080342022479878
   0.002165296257016149
   0.0023030132919351406
   0.002510846035316748
   0.002743244136552838
   0.0029909621915774664
   0.0032459851987299247
   0.003506613299696528
   0.0037912950621531334
   0.004075615697649117
   0.004375088725344516
   0.004686024081017154
   0.005011549939288206
   0.0053431487401466035
   0.005678449441945998
   0.006048533185734418
   0.006437043157954956
   0.0068034197502866165
   0.0072089867195584065
   0.007614278117847174
   0.008084484336752103
   0.008532651543649867
   0.009031823730696376
   0.009501564833173324
   0.010017864326264019
   0.010552479661903357
   0.011114021134681682
   0.011755549431902247
   0.012334529434137478
   0.012964244776282512
   0.013671101719557759
   0.014362926579020021
   0.015183670694014086
   0.015910617669348932
   0.016772891304386923
   0.01751690482022041
   0.01850054545479976
   0.019333542120590467
   0.020380453643439194
   0.021605117813981212
   0.02263104991761535
   0.0237811250922493
   0.025044472225754462
   0.02626785647880079
   0.02739848400224163
   0.029081752844499077
   0.030158519606458108
   0.03166038256184542
   0.0336117259800327
   0.035406095701219865
   0.03661000679131789
   0.03909797092289519
   0.040149169201495596
   0.0429747152370458
   0.04545946583585394
   0.04642516569263232
   0.04980923613725241
   0.05261403475683856
   0.055166166001441114
   0.057822103933884504
   0.06095791137781738
   0.06451198728253088
   0.06813333718774392
   0.06937516819530128
   0.07357339450063606
   0.07934838900133623
   0.0816060712640605
   0.08433099357698319
   0.09446917905544665
   0.09365577885416548
   0.09574171408098377
   0.10478032140319818
   0.1066350513345414
   0.11081025180839427
   0.11616544102520901
   0.1295751652778808
   0.13223558542767444
   0.14389207008851243
   0.15100091319528752
   0.15876952876829395
   0.16019589140636487
   0.18590212478613577
   0.17501371986307004
   0.19371770864818183
   0.19750408720532828
   0.1863806106498566
   0.19527544704573355
   0.23328388008493642
   0.24577990818068537
   0.23376537820911256
   0.2732961410177657
   0.2620649918199015
   0.31586839447843706
   0.31586839447843706
   0.3449388847037083
   0.3686517320464711
   0.31352555996055925
   0.38806762022823427
   0.40800501209296997
   0.37499946666628736
   0.4866205914262157
   0.4518388984695013
   0.4635467970527368
   0.5863016288566832
   0.6666663666665991
   0.521156922885617
   0.7559286814432771
   0.5811861816817204
   0.7071064983437785
   0.8944269673930901
   1.058300335443583
   0.7483312100934986
   1.058300335443583
   0.8944269673930901
   0.49999959999983995
   0.816496335978715
   0.816496335978715
   0.7559286814432771
   1.224744708092262
   0.8944269673930901
   1.1547003651741576
   1.9999998999999975
   1.1547003651741576
   0
   1.4142134209517316
   1.9999998999999975
   0
   0
   1.9999998999999975
   1.4142134209517316
   1.9999998999999975
   1.9999998999999975
   0
   0
   1.9999998999999975
   0
   0
   1.4142134209517316
   0
   0
   0
   1.4142134209517316
   1.9999998999999975
   1.9999998999999975
   1.224744708092262
   1.9999998999999975
   0
   0
   0
   0
   0
   0
   0
   0
   0
   0
   0
   0
   0
   0
   0
   0
   0
   0
   0
   0
   0
   0
   0
   0
   0
   0
   0
   0
   0
   0
   0
   0
   0
   0
   0
   0
   0
   0
   0
   0
   0
   0
   0
   0
   0
   0
   0
   0
   0
   0
   0
   0
   0
   0
   0
   0
   0
   0
   0
   0
   0
   0
   0
   0
   0
   0
   0
   0
   0
   0
   0
   0
   0
   0
   0
   0
   0
   0
   0
   0
   0
   0
   0
   0
   0
   0
   0
   0
   0
   0
   0
   0
   0
   0
   0
   0
   0
   0
   0
   0
   0
   0
