   0
   0
   0
   0
   0
   0
   0
   0
   0
   0
   0
   0
   0
   0
   0
   0
   0
   0
   0
   0
   0
   0
   0
   0
   0
   0
   0
   0
   0
   0
   0
   0
   0
   0
   0
   0
   0
   0
   0
   0
   0
   0
   0
   0
   0
   0
   0
   0
   0
   0
   0
   0
   0
   0
   0
   0
   0
   0
   0
   0
   0
   0
   0
   0
   0
   0
   0
   0
   0
   0
   0
   0
   0
   0
   0
   0
   0
   1.9999989999997498
   0
   0
   0
   0
   0
   0
   0
   0
   0
   0
   0
   0
   0
   0
   0
   0
   0
   0
   0
   0
   0
   0
   0
   0
   0
   0
   0
   0
   0
   0
   0
   0
   0
   0
   0
   0
   0
   0
   0
   1.9999989999997498
   0
   0
   0
   1.9999989999997498
   0
   0
   0
   0
   0
   0
   1.9999989999997498
   0
   1.9999989999997498
   0
   0
   1.9999989999997498
   0
   0
   0
   1.9999989999997498
   0
   0
   0
   0
   0
   0
   1.9999989999997498
   0
   0
   0
   0
   0
   0
   1.9999989999997498
   0
   0
   0
   0
   1.4142121481588255
   0
   0
   0
   1.9999989999997498
   1.9999989999997498
   0
   1.9999989999997498
   0
   0
   0
   0
   0
   1.9999989999997498
   1.9999989999997498
   0
   0
   0
   1.4142121481588255
   1.9999989999997498
   1.9999989999997498
   0
   1.4142121481588255
   1.1546988063271448
   1.9999989999997498
   1.9999989999997498
   1.4142121481588255
   1.9999989999997498
   0
   1.4142121481588255
   1.4142121481588255
   0.8660230943802827
   0.9999979999980001
   1.9999989999997498
   1.4142121481588255
   1.4142121481588255
   1.0582986346017837
   1.4142121481588255
   0.9999979999980001
   1.1546988063271448
   1.1546988063271448
   1.9999989999997498
   0
   1.9999989999997498
   1.1546988063271448
   1.4142121481588255
   1.4142121481588255
   0.9999979999980001
   1.1546988063271448
   1.1546988063271448
   0.8164941314343089
   1.4142121481588255
   0.7559263002625133
   0.7071039527537659
   0.8164941314343089
   0.8164941314343089
   1.4142121481588255
   0.790566885215919
   0.7559263002625133
   0.8571405238063479
   1.1546988063271448
   0.5714250714178526
   0.8164941314343089
   0.7559263002625133
   0.6928174362701909
   0.8944249549291433
   0.5303263146403354
   0.63245236974811
   0.6666636666599165
   0.6666636666599165
   0.63245236974811
   0.4968999700612926
   0.5773468050776183
   0.6555517264989107
   0.6236063573191737
   0.6555517264989107
   0.5642119285747339
   0.5128077403342434
   0.8164941314343089
   0.4850671269495169
   0.5345187421543661
   0.4850671269495169
   0.37795918146956403
   0.3922271712237104
   0.5391228426308485
   0.49999599998399985
   0.4968999700612926
   0.43643119787223106
   0.41702403225504986
   0.43477800867131794
   0.37795918146956403
   0.3491126702222297
   0.37795918146956403
   0.44535728066128727
   0.3749946666287402
   0.34246160458843256
   0.3316564487538272
   0.3535477336937687
   0.32722334814570236
   0.30499058315619104
   0.33805578575985695
   0.30743122549945756
   0.30499058315619104
   0.31491197773188667
   0.2723409797383175
   0.32835925467617394
   0.2828791667141839
   0.2800488752861179
   0.2698829206209093
   0.2766344379228623
   0.2571219603210485
   0.23829121595457112
   0.2592584326714227
   0.2518490672262296
   0.22783932331895793
   0.22617697450306454
   0.2230435951934979
   0.2487220671083824
   0.2038913521113754
   0.22617697450306454
   0.19722844932841152
   0.20350950430678974
   0.182563231055252
   0.18545984743899022
   0.18626079440544002
   0.18106556482170688
   0.1663028894435524
   0.1740467747332727
   0.17960894879041162
   0.1699228708845252
   0.16007921387385307
   0.15831977210644774
   0.1603951752544258
   0.14473934997431792
   0.15477433323831347
   0.14656267163711223
   0.14162530986748706
   0.13921590090030694
   0.13683459033797252
   0.13504771199818122
   0.1311566852814993
   0.12352279136307422
   0.12202646303692373
   0.11549636980723478
   0.11343784301649917
   0.1134958384738128
   0.1098444393143595
   0.11409658645222062
   0.10707074317628194
   0.10654090643816538
   0.10123889410288653
   0.10081497008687833
   0.0929726503364267
   0.09465163554646142
   0.09180423118807611
   0.09034508282518072
   0.0842461135096589
   0.08276105078503924
   0.08343781750470788
   0.07928364406807009
   0.07759959074633392
   0.07894113050757105
   0.07598695060461094
   0.07276292260880121
   0.07525228028762497
   0.06985962996670332
   0.06963995974411726
   0.06727571563205922
   0.06748164406434176
   0.06649939041084456
   0.06392044525908576
   0.06073603320460162
   0.06170456636635475
   0.0588760800352423
   0.058483464284840685
   0.056775395368188514
   0.05490253353287778
   0.053485232652391676
   0.0520340327730725
   0.05171482373362212
   0.05072709931919708
   0.049141766167393616
   0.04911190508488891
   0.047424601128979255
   0.045944220719817574
   0.044787649042489
   0.04412329130301716
   0.042697905607897095
   0.0414479961071394
   0.04074578492227705
   0.04001963151191162
   0.038745653582908574
   0.037923941379813926
   0.03709398819200095
   0.036000942501466904
   0.03488616031796835
   0.0340532956365278
   0.03304790386425176
   0.0326266762021509
   0.0317544876001725
   0.03164427108948432
   0.03083969586524837
   0.02952501563805444
   0.028801111283326457
   0.028201673990657566
   0.027740225577186015
   0.026780068651692645
   0.025982127776685977
   0.025554563067499158
   0.024504839355533985
   0.024266588502194406
   0.023507563017774652
   0.02295016573716028
   0.022428754101839036
   0.021756358523228936
   0.021083867750004325
   0.020450952034590318
   0.02008360661840852
   0.019500254032590602
   0.018998517173076362
   0.018260779012222842
   0.017588615232342467
   0.017091087565452533
   0.01665801432888952
   0.016125934124154303
   0.01562773860938702
   0.015131494304336855
   0.014555999574329109
   0.014054362356495376
   0.013669882556928706
   0.013092880229360195
   0.012572289143287448
   0.012058776628991838
   0.01162491038476992
   0.011164268644989123
   0.010704424115298143
   0.010279197483213754
   0.009773351666719337
   0.00936974598055152
   0.008973785265496304
   0.00864158510371003
   0.008436759826840862
   0.008331060475224344
   0.008265674207071081
   0.008252345144728505
   0.008303183875496861
   0.008457231658033812
   0.00864838947437966
   0.00896533631345879
   0.009395861917833193
   0.00979834267338202
   0.010262180133310492
   0.010664705156683335
   0.011118265251872976
   0.01163233388495719
   0.012184667922919813
   0.012616833510387913
   0.013109178918534992
   0.013576604062252485
   0.01402639618978378
   0.01457776532826302
   0.01501609991560999
   0.015605532101456007
   0.016078061135614056
   0.016681802277083456
   0.017151902312929845
   0.017739083838057064
   0.01814941711983826
   0.018810891466786567
   0.019443752095315948
   0.019859961170758694
   0.020572207558825596
   0.02130726880616127
   0.02179672527317324
   0.0223931607172098
   0.023071327488476744
   0.02339543980598769
   0.02407588073517825
   0.024835024975965306
   0.02586476852646738
   0.02595804788876498
   0.026773027557509328
   0.02759560477306458
   0.028198551264502124
   0.02907407631448293
   0.029584603765527243
   0.030296709046144458
   0.0314032733180394
   0.03182888830711553
   0.03256376600175734
   0.0340129043960298
   0.03427750583948946
   0.03518511993961984
   0.03610360330962876
   0.03694180387244455
   0.03837161635624538
   0.03917349526750877
   0.03921425991503828
   0.04036000768739295
   0.041852974963014246
   0.043397995004734416
   0.043423171770832214
   0.04502230608897789
   0.04541119204170725
   0.046512589738153615
   0.0483570462158383
   0.049074766906268594
   0.051682779363008725
   0.05242052137183461
   0.050897972114753956
   0.05422311758803672
   0.05537389362476003
   0.054743003032187536
   0.056635795535764824
   0.06043745260206242
   0.05956039678738956
   0.06159735070381344
   0.061927356993648416
   0.06453305726894541
   0.06800652777994187
   0.06754519609386797
   0.06993558529225075
   0.07054028366011447
   0.0745056562955158
   0.07403248568635991
   0.07754302123849875
   0.078042216220265
   0.08045204445877775
   0.08258552268008447
   0.08387799633872989
   0.08730985377640917
   0.0860352766546448
   0.09148604344447692
   0.09333209701376302
   0.09449330642267398
   0.09426160144793937
   0.09969580028845604
   0.10504918233682686
   0.10173414255491388
   0.10692309681344833
   0.11025649108855447
   0.11648873324866117
   0.11724333669765628
   0.11634215433582412
   0.11750939147512873
   0.12423338201670835
   0.1257470736463169
   0.1364078850767473
   0.1336695174997902
   0.13451486025711576
   0.13368106954134623
   0.136509673885393
   0.13904978595886658
   0.14222937867797245
   0.14558846108122717
   0.1509385912658964
   0.15304614444088827
   0.15707648244840955
   0.17122204196399768
   0.1818071814854117
   0.18220627047387805
   0.18862661530123473
   0.18751067724683093
   0.1903098148622148
   0.19981947781837361
   0.1930641917306073
   0.19701995248706292
   0.20395097450122665
   0.22932761654310752
   0.2078364741810253
   0.2115668758012182
   0.21928724787409676
   0.23731344721926956
   0.23868786063336495
   0.24964548825503372
   0.24764420650213623
   0.22358373748038737
   0.2624593090154908
   0.26709481186568335
   0.27984940007306275
   0.27328955467635885
   0.24215279331166503
   0.29786562606414313
   0.2721581784074733
   0.33756153457920135
   0.31200307510514635
   0.37711831329467704
   0.3600355949480962
   0.42491358598608675
   0.40703374967290007
   0.34299133928355885
   0.3585447118233543
   0.37061154849131467
   0.40703374967290007
   0.37711831329467704
   0.43477800867131794
   0.40703374967290007
   0.3848949832722533
   0.37711831329467704
   0.39999499996874965
   0.5590134166547347
   0.43477800867131794
   0.45674148053943114
   0.63245236974811
   0.4518349147311796
   0.49999599998399985
   0.5811830845592271
   0.47140027813125246
   0.63245236974811
   0.5546965906622355
   0.45882710882147504
   0.5163939064964522
   0.63245236974811
   0.5773468050776183
   0.7071039527537659
   0.63245236974811
   0.63245236974811
   0.6030193725216162
   0.7071039527537659
   0.7071039527537659
   0.7071039527537659
   0.7559263002625133
   0.8164941314343089
   0.7559263002625133
   0.9999979999980001
   0.63245236974811
   1.1546988063271448
   1.4142121481588255
   1.1546988063271448
   0.9999979999980001
   1.1546988063271448
   0.737025017582992
   0.9999979999980001
   0.9999979999980001
   0.9999979999980001
   0.8944249549291433
   0.8944249549291433
   1.1546988063271448
   1.4142121481588255
   1.1546988063271448
   1.1546988063271448
   1.4142121481588255
   0.8944249549291433
   0.8944249549291433
   1.1546988063271448
   0.8944249549291433
   1.4142121481588255
   1.1546988063271448
   1.9999989999997498
   1.9999989999997498
   1.4142121481588255
   1.1546988063271448
   0
   1.9999989999997498
   1.9999989999997498
   0
   1.4142121481588255
   1.9999989999997498
   0
   0
   1.4142121481588255
   1.1546988063271448
   0
   0
   1.9999989999997498
   1.9999989999997498
   1.9999989999997498
   0
   1.9999989999997498
   0
   1.9999989999997498
   1.9999989999997498
   0
   1.9999989999997498
   0
   1.9999989999997498
   0
   0
   0
   1.0582986346017837
   1.9999989999997498
   1.9999989999997498
   1.9999989999997498
   1.9999989999997498
   0
   1.9999989999997498
   0
   0
   0
   0
   1.9999989999997498
   0
   0
   0
   1.9999989999997498
   0
   0
   0
   0
   0
   0
   0
   0
   0
   1.9999989999997498
   0
   0
   0
   0
   1.9999989999997498
   0
   0
   0
   0
   0
   0
   0
   0
   0
   0
   0
   0
   0
   0
   0
   0
   0
   0
   0
   0
   0
   0
   0
   0
   0
   0
   0
   0
   0
   0
   0
   0
   0
   0
   0
   0
   0
   0
   0
   0
   0
   0
   0
   0
   0
   0
   0
   0
   0
   0
   0
   0
   0
   0
   0
   0
   0
   0
   0
   0
   0
   0
   0
   0
   1.9999989999997498
   0
   0
   0
   0
   0
   0
   0
   0
   0
   0
   0
   0
   0
   0
   0
   0
   0
   0
   0
   0
   0
   0
   0
   0
   0
   0
   0
   0
   0
   0
   0
   0
   0
   0
   0
   0
   0
   0
   0
   0
   0
   0
   0
   0
   0
   0
   0
   0
   0
   0
   0
   0
   0
   0
   0
   0
   0
   0
   0
   0
   0
   0
   0
   0
   0
   0
   0
   0
   0
