   0
   0
   0
   0
   0
   0
   0
   0
   0
   0
   0
   0
   0
   0
   0
   0
   0
   0
   0
   0
   0
   0
   0
   0
   0
   0
   0
   0
   0
   0
   0
   0
   0
   0
   0
   0
   0
   0
   0
   0
   0
   0
   0
   0
   0
   0
   0
   0
   0
   0
   0
   0
   0
   0
   0
   0
   0
   0
   0
   0
   0
   0
   0
   0
   0
   0
   0
   0
   1.4142134209517316
   1.9999998999999975
   0
   1.4142134209517316
   0
   0
   1.9999998999999975
   1.4142134209517316
   1.9999998999999975
   1.9999998999999975
   0
   1.4142134209517316
   1.4142134209517316
   1.9999998999999975
   1.9999998999999975
   1.1547003651741576
   1.490711850835775
   0.9999997999999799
   1.9999998999999975
   1.4142134209517316
   1.326649765386479
   1.1547003651741576
   1.4142134209517316
   1.9999998999999975
   1.1547003651741576
   0.942808829450005
   1.058300335443583
   0.7905691620598415
   1.1547003651741576
   0.6324552158058308
   0.65555447227191
   0.7559286814432771
   0.8944269673930901
   0.6666663666665992
   0.6236092437487508
   0.603022357492957
   0.6928200343523562
   0.5546998356699844
   0.47140409652677207
   0.4472131482861388
   0.5546998356699844
   0.4472131482861388
   0.3912298870099215
   0.39223176037408525
   0.4409580982864975
   0.4810452771597346
   0.31586839447843706
   0.3989005954470499
   0.2740431184662391
   0.24607566563557856
   0.27749364271669175
   0.2339981956245722
   0.25975690258953
   0.21419023113168326
   0.22306103470308822
   0.2073434101935543
   0.20183387147379772
   0.1854695527899216
   0.17819676984922644
   0.17197551297649322
   0.1621640461220405
   0.15783882541912359
   0.1479197299843754
   0.1368477442742874
   0.12226792579827445
   0.1195984333321585
   0.1087012964795488
   0.10656438013020979
   0.10211895649893873
   0.09697176603928895
   0.09190894517748023
   0.08814574533352793
   0.08219999717125867
   0.08070445754390287
   0.07662393596383353
   0.0714788996730861
   0.06798182232296811
   0.06284757378943334
   0.06022841265548504
   0.05902696351619003
   0.055172049054758886
   0.05232285167104052
   0.04932620192468114
   0.047251925119217573
   0.04369451719514416
   0.041860425487133236
   0.03918367630620806
   0.037081999765071816
   0.0353094897323333
   0.0333896301533978
   0.03147693788500326
   0.029718205249340653
   0.028738770880631183
   0.026902782834070882
   0.025633256234594226
   0.024198283022697078
   0.022878027284289514
   0.021625787048307213
   0.02043297967336149
   0.019419760048399164
   0.01834550442463221
   0.01731549005635906
   0.01625351255249566
   0.015302629323057839
   0.014578161139071302
   0.013792923369108465
   0.012955149402335261
   0.012196403829708855
   0.01145069705558114
   0.010810368580577729
   0.010133176236749532
   0.009508039798898422
   0.008874537304546192
   0.008336417627109342
   0.007807499840724096
   0.007269500538508178
   0.0067676192749271035
   0.006277418653971318
   0.005833341518940862
   0.005373346528200023
   0.00494241063783218
   0.004545503663474291
   0.0041639474968422855
   0.003791958490804855
   0.0034424441935079586
   0.003120096469041243
   0.0028065313477424053
   0.0025425117796546493
   0.0023718777154613487
   0.0022710017444773833
   0.0022099905744858666
   0.0021812941275741026
   0.0021831818847206337
   0.002209501870321877
   0.002271217516091264
   0.0023701777953105472
   0.002539714686085827
   0.0028056574089977806
   0.0031167984988028454
   0.0034462216174670694
   0.0037931784025468296
   0.004153820340545538
   0.00454238131672065
   0.004955853156329882
   0.005374099314400157
   0.005816823545897705
   0.006297145173193361
   0.006769141500730763
   0.0072822066422132395
   0.007796096678365825
   0.00833342364637471
   0.008927967761819647
   0.00951917700643372
   0.010111403494132733
   0.010785683237254717
   0.011475385992601887
   0.012186003292071798
   0.012988121413693845
   0.013759161286352047
   0.01453375732593667
   0.015371264407402245
   0.01633798050214651
   0.017286883298000422
   0.018254892790485682
   0.019295207505501982
   0.020264651597883734
   0.021717829093224093
   0.022735272081601858
   0.024009659874246487
   0.025362757020951365
   0.02720608248266311
   0.028556066468291195
   0.03024265438259048
   0.03203772427944718
   0.03359555620773196
   0.03457710841619344
   0.0374904678386453
   0.03894594831856657
   0.04233538155467838
   0.04386125953401106
   0.04607750642098214
   0.04909725738313313
   0.05185411815472936
   0.05405322192930482
   0.05743998295930288
   0.06054756592602558
   0.06495961223780093
   0.06817251989185444
   0.07086869362062205
   0.07601670276706846
   0.07923843664246848
   0.08515850854371991
   0.09105690184243583
   0.09247642554725997
   0.09941141766338511
   0.10638109870679227
   0.10918188673838605
   0.12229510774314611
   0.12187286433709679
   0.11984762223957711
   0.1314282677531698
   0.14540833614654733
   0.1510302985933875
   0.16059177769034744
   0.16378271913896644
   0.1682888371066558
   0.1932490371194673
   0.19848510638755565
   0.21545150982627098
   0.2019891086172717
   0.2435113545013127
   0.2683714767939596
   0.26967920336442835
   0.2683714767939596
   0.27715908482140683
   0.3212689279062422
   0.32025568310976554
   0.3848996598441575
   0.378484198752384
   0.3974200133787629
   0.47140409652677207
   0.35355282490739626
   0.3481547374546571
   0.4364353222141747
   0.4082478005656205
   0.4472131482861388
   0.4518388984695013
   0.5546998356699844
   0.5497470529454634
   0.5128112504096539
   0.5773499227793603
   0.816496335978715
   0.603022357492957
   0.7370274598298289
   0.9999997999999799
   0.7559286814432771
   0.9999997999999799
   1.1547003651741576
   0.7559286814432771
   0.816496335978715
   0.8944269673930901
   1.224744708092262
   1.1547003651741576
   0.8944269673930901
   1.9999998999999975
   0.8944269673930901
   0
   1.4142134209517316
   1.9999998999999975
   0
   0
   0
   0
   1.9999998999999975
   1.4142134209517316
   1.9999998999999975
   0
   0
   0
   0
   0
   0
   0
   0
   0
   0
   0
   0
   0
   0
   0
   0
   0
   0
   0
   1.9999998999999975
   1.9999998999999975
   0
   0
   0
   0
   0
   0
   0
   0
   0
   0
   0
   0
   0
   0
   0
   0
   1.9999998999999975
   1.9999998999999975
   0
   0
   0
   0
   0
   0
   0
   0
   0
   0
   0
   0
   0
   0
   0
   0
   0
   0
   0
   0
   0
   0
   0
   0
   0
   0
   0
   0
   0
   0
   0
   0
   0
   0
   0
   0
   0
