   0.0072802479231447465
   0.006453283341628401
   0.006322580503395381
   0.006284229745508482
   0.006294861594220374
   0.006305725123696298
   0.0063096860899825875
   0.006303835606918492
   0.006316063767107519
   0.0062971751501824024
   0.006293213561352023
   0.006304236144552776
   0.006300152902880993
   0.006282617860086383
   0.006278085875056546
   0.006297993147956975
   0.0062973062526774995
   0.006297677801612685
   0.00627154705678068
   0.006291249342160762
   0.006305526378013693
   0.00628983565561013
   0.006291142671060141
   0.006295864053984605
   0.006294733996640737
   0.006299424746607805
   0.006301806816736185
   0.0062978759472111364
   0.006296248260592057
   0.0063024003779019126
   0.006296497251719207
   0.006301081976375434
   0.0062997338943849455
   0.0063170127806071105
   0.006303966269413025
   0.006291880712869888
   0.006288353277047102
   0.006297031864508757
   0.006303790741718829
   0.006285993843333743
   0.0062925113617728
   0.006301710020461158
   0.006312745556663142
   0.006300324287514274
   0.0063038890602644376
   0.006278006568954483
   0.006311186403921649
   0.0062917936822027305
   0.006291940287110637
   0.006309686955798608
   0.00630151580180896
   0.006296291878056521
   0.006303069090369429
   0.006306553556050516
   0.006308520482113437
   0.006303683784975996
   0.00629464102910777
   0.006293523871669314
   0.006296885969192151
   0.006298665155303352
   0.006290279675386379
   0.006303937051500025
   0.006295837773158304
   0.006306103629666013
   0.006304415100176915
   0.006301998889252817
   0.006297516307871235
   0.006289056613944879
   0.006296790561770192
   0.006304110422136471
   0.006324802931198473
   0.006287352095066698
   0.006297413999306943
   0.006301616801165881
   0.006284775478899232
   0.006295524936262468
   0.006292973132435339
   0.006307254501253601
   0.0062984082499268354
   0.006300011609055476
   0.006308669789085054
   0.006298802160524945
   0.0063040910888615175
   0.00630515678536008
   0.00630030533843973
   0.006296915409492114
   0.006319187350143484
   0.00629315088182
   0.00630390023628665
   0.006298970242284634
   0.006304560704276355
   0.0063114119712665544
   0.006304095543862661
   0.0063162316761604526
   0.006290960995326495
   0.006305234394584365
   0.006300819588681901
   0.006329057995511063
   0.006470879937863296
   0.007292962668688939
