   0.006653411493085197
   0.005812613975202095
   0.0054913868897648295
   0.005340347217316644
   0.005251179419105366
   0.0052286743819290335
   0.0052175665062460085
   0.0051961934942450745
   0.005195095213975862
   0.005192209403299889
   0.005192621639500463
   0.005201410179036572
   0.0051916744277623085
   0.005204113991200369
   0.005192439597161942
   0.005194027806494223
   0.00521089387170127
   0.005205213774136817
   0.005197145434697003
   0.005196464154135455
   0.005200883114733279
   0.005206898154176513
   0.005198504345437837
   0.005198710737084682
   0.005206351254281629
   0.005192821097774964
   0.005204225792452239
   0.00519565826801117
   0.005198163043282586
   0.005210888159906064
   0.005209201177679166
   0.005206003216812141
   0.005202964523760768
   0.005210766052190502
   0.005204674313066401
   0.00519650844113339
   0.005207543814885165
   0.005199925302851683
   0.005192300724994646
   0.005192639609336496
   0.005194545729736246
   0.005195533570428655
   0.005184632234451933
   0.005194413361239226
   0.005210017419846958
   0.005198049065951185
   0.005205424319061657
   0.005200149119480924
   0.005197800729863552
   0.005198161433347915
   0.00519342643005788
   0.0052025952474818605
   0.005199558081281772
   0.005200537701992047
   0.005198039247379332
   0.005192662419667625
   0.005199216127579609
   0.0052029118663931215
   0.005208811502654233
   0.005210359956856263
   0.00521006065052939
   0.005202766675151511
   0.005210737469111437
   0.005212519704250452
   0.005213881151312157
   0.005202563319345025
   0.005200921813601173
   0.005197692335511924
   0.005197713468130912
   0.005212105899886072
   0.005201672363008566
   0.005204956636261261
   0.005214692936757234
   0.00520967729971025
   0.00520999167652382
   0.005209295082668928
   0.00520661435272002
   0.005210177154355097
   0.005207382413810367
   0.005202493002464337
   0.0051954682160904
   0.005196035570174933
   0.005198457702272849
   0.005206148475177036
   0.005192475353978422
   0.005207216398166661
   0.00520762354312958
   0.005203704145546786
   0.0052012051035478235
   0.00520880333107963
   0.005206699743132408
   0.005204728958424931
   0.005218340779292782
   0.005222640285277267
   0.005230607381406744
   0.005271639392418134
   0.005326965709332072
   0.005468339478012699
   0.005819343428297973
   0.006645390260577141
