   0
   0
   0
   0
   0
   0
   0
   0
   0
   0
   0
   0
   0
   0
   0
   0
   0
   0
   0
   0
   0
   0
   0
   0
   0
   0
   0
   0
   0
   0
   0
   0
   0
   1.9999989999997498
   1.9999989999997498
   0
   0
   0
   0
   0
   0
   1.9999989999997498
   1.9999989999997498
   0
   0
   0
   0
   0
   1.9999989999997498
   1.9999989999997498
   0
   0
   1.9999989999997498
   1.9999989999997498
   0
   1.9999989999997498
   1.1546988063271448
   1.4142121481588255
   0
   0
   1.9999989999997498
   1.9999989999997498
   0
   1.9999989999997498
   1.9999989999997498
   1.4142121481588255
   1.9999989999997498
   0
   1.9999989999997498
   1.4142121481588255
   1.4142121481588255
   1.9999989999997498
   1.2247432383973387
   1.9999989999997498
   0
   0.8944249549291433
   1.4142121481588255
   1.1546988063271448
   1.4142121481588255
   1.4142121481588255
   0.8164941314343089
   1.4142121481588255
   1.9999989999997498
   1.4142121481588255
   0.8944249549291433
   1.0582986346017837
   1.9999989999997498
   0.8164941314343089
   1.9999989999997498
   0.8944249549291433
   0.8944249549291433
   1.4142121481588255
   1.4142121481588255
   1.9999989999997498
   0.9999979999980001
   0.7559263002625133
   1.4907106433584696
   0.7559263002625133
   0.8164941314343089
   0.8944249549291433
   0.9999979999980001
   0.8164941314343089
   0.8944249549291433
   0.6030193725216162
   0.9999979999980001
   0.8164941314343089
   0.5345187421543661
   0.5773468050776183
   0.7071039527537659
   0.5958402351291968
   0.7071039527537659
   0.63245236974811
   0.5546965906622355
   0.6666636666599165
   0.44535728066128727
   0.4850671269495169
   0.43643119787223106
   0.47140027813125246
   0.43643119787223106
   0.39999499996874965
   0.4082433914549832
   0.45882710882147504
   0.4263967422696635
   0.45882710882147504
   0.45674148053943114
   0.43477800867131794
   0.39999499996874965
   0.39999499996874965
   0.37138529115025354
   0.3535477336937687
   0.37795918146956403
   0.33805578575985695
   0.2828356413184166
   0.33332733327933234
   0.30499058315619104
   0.3158626958511966
   0.30828123899136256
   0.27734288691631687
   0.2917231272606329
   0.25805676601265765
   0.26709481186568335
   0.23407375023258206
   0.2389451096634931
   0.22644657489582676
   0.24433070322272932
   0.2672537584928815
   0.21560056425201007
   0.2389451096634931
   0.2194586292798666
   0.20627455366419217
   0.19421356310329735
   0.21441317938562657
   0.19610593683399405
   0.2094614913140129
   0.18096917493775508
   0.18178314272482654
   0.16948069244890632
   0.1636213131440224
   0.1606183793453309
   0.16156287395443827
   0.1686429495841568
   0.1547517231192701
   0.15027918383537983
   0.14211263138792413
   0.13830403622495174
   0.13155607341621872
   0.13604556844754215
   0.12962081451509072
   0.13447268317732997
   0.11720108595134841
   0.12051367946220563
   0.1218473864131885
   0.11616833281850636
   0.11680059843343894
   0.10888332564230556
   0.10451643144117558
   0.10323765219078039
   0.10199559459208142
   0.09676194830611051
   0.09509423526295857
   0.09363633136876691
   0.09692974659255667
   0.08953298128791119
   0.08564496437906102
   0.08391950999898914
   0.0793953841262984
   0.07856730639496579
   0.0768812317638156
   0.07393597827993734
   0.07097641438746767
   0.07198900818094538
   0.06803036068860824
   0.06799455775364494
   0.06604409616654097
   0.06443245030492362
   0.059615583966330994
   0.06086719303825149
   0.059142062789212385
   0.057133642218610454
   0.05513125958431117
   0.05364378954493129
   0.051269539117606504
   0.050649576119866924
   0.05000298691009085
   0.048290806979099946
   0.047364194437201
   0.04457202819087495
   0.04404828064300525
   0.043948570801322986
   0.041597856199361384
   0.04012067849006805
   0.03901694943143642
   0.03793819811255549
   0.03697772690464603
   0.03606349955287202
   0.03455511708964187
   0.03363496496453069
   0.03241452960905502
   0.03159699302745862
   0.030745387055531995
   0.02960560506563461
   0.029027518322909666
   0.027654377574809524
   0.02703652343627497
   0.025965487368946282
   0.025084189424521675
   0.024332769797583594
   0.023476906079374353
   0.022792528300545966
   0.021501847886827026
   0.020993910361832572
   0.020062802062464295
   0.019376311997182906
   0.018454271925936683
   0.017667943227358575
   0.017031196011417952
   0.016196790054996028
   0.01548962580116782
   0.01474112289447296
   0.013978708596044963
   0.013354193681012034
   0.012709174620711607
   0.012169802195749292
   0.011535946619395838
   0.010822255871181925
   0.010299100128188335
   0.009864906965371865
   0.009634743773482371
   0.009444266690413799
   0.009413600536997503
   0.009402209575121515
   0.009471858848424391
   0.009678672969515544
   0.009943000974710015
   0.010353340165537031
   0.010911704163540342
   0.011505454882913544
   0.012143228778160422
   0.012716963565464125
   0.013444880921752413
   0.014083169054466048
   0.014823823789516423
   0.015451518758010742
   0.01639444864306773
   0.016920135472184922
   0.01767049851781211
   0.01849202111579416
   0.01912908696358309
   0.019991476176162565
   0.020796960214460553
   0.021523945637230448
   0.022618387776226084
   0.023373141257027136
   0.024266594053809883
   0.02518969441920735
   0.0261308095957031
   0.027184811273695507
   0.027935622307813518
   0.02881801845013192
   0.02911497527412903
   0.031192727239988772
   0.031635704155661235
   0.03320747679475926
   0.034386801774661836
   0.03471031674998985
   0.0357354690818314
   0.03705831743483593
   0.037270163183959634
   0.03930937782487526
   0.04033822808200193
   0.04223640653188891
   0.04292979217172819
   0.04489006051203533
   0.045419585375606274
   0.04688157906088241
   0.04878841596691159
   0.04971521481741041
   0.050330760277429824
   0.052992118476934164
   0.05398143936103106
   0.05436789280995762
   0.05656487311425438
   0.059900064308617655
   0.06100088578673185
   0.06175917898520037
   0.06267333619605142
   0.06567894392135283
   0.06726743513592415
   0.07088709458780691
   0.06863631164822474
   0.07314244944530693
   0.07573422987823147
   0.0780003660806933
   0.08078745103602389
   0.08029050968751011
   0.08146831400330273
   0.08594320085596266
   0.08722604799135997
   0.0896650233515149
   0.09564813135686283
   0.09423740282253772
   0.09904518438280902
   0.09972965908635328
   0.1039325188664556
   0.10492930965651377
   0.11215108909625268
   0.10810085993352388
   0.11746804330796749
   0.11761909233777999
   0.12147488465306736
   0.12283929617474172
   0.1266676403950787
   0.13178639741707265
   0.13155607341621872
   0.14124676465702532
   0.1354203344823651
   0.1450814653184457
   0.141755114239519
   0.14947363886345913
   0.15248545489156784
   0.1547408843537191
   0.16166458513022505
   0.1672205319391773
   0.1847881835190052
   0.18106044638711583
   0.19513566704401333
   0.19801940883284602
   0.18730648493377267
   0.18813354323058817
   0.22085399657891192
   0.19065162159375026
   0.19984200860271312
   0.22791237778596393
   0.2182087248921262
   0.22912005586591494
   0.25196837796053595
   0.25768634034422544
   0.27471384769102475
   0.25386832216722116
   0.2389451096634931
   0.24066785177501454
   0.26260524983590733
   0.27453214898522593
   0.2719845433783595
   0.29786562606414313
   0.29813568872057045
   0.3535477336937687
   0.35685142395051506
   0.3123411205873413
   0.3481495673013557
   0.3328653242675227
   0.37138529115025354
   0.3848949832722533
   0.3922271712237104
   0.3848949832722533
   0.3848949832722533
   0.45882710882147504
   0.47140027813125246
   0.44535728066128727
   0.3922271712237104
   0.45674148053943114
   0.5163939064964522
   0.5773468050776183
   0.47140027813125246
   0.5098980290214897
   0.4968999700612926
   0.3922271712237104
   0.5303263146403354
   0.5546965906622355
   0.5773468050776183
   0.63245236974811
   0.63245236974811
   0.6666636666599165
   0.6030193725216162
   0.7559263002625133
   0.5345187421543661
   0.6030193725216162
   0.737025017582992
   0.8944249549291433
   0.5773468050776183
   0.7559263002625133
   0.8944249549291433
   0.6666636666599165
   1.1546988063271448
   0.8164941314343089
   0.9999979999980001
   0.7559263002625133
   0.8164941314343089
   0.8164941314343089
   0.8944249549291433
   1.9999989999997498
   1.1546988063271448
   0.9999979999980001
   1.4142121481588255
   1.1546988063271448
   0.8944249549291433
   0.8944249549291433
   0.9999979999980001
   0.8164941314343089
   0.9999979999980001
   1.4142121481588255
   0.8944249549291433
   1.9999989999997498
   0.9999979999980001
   1.4142121481588255
   0.8944249549291433
   1.9999989999997498
   1.9999989999997498
   1.4142121481588255
   1.4142121481588255
   1.9999989999997498
   1.9999989999997498
   0
   1.9999989999997498
   0
   1.9999989999997498
   0
   0
   1.4142121481588255
   1.9999989999997498
   0
   1.9999989999997498
   0
   0
   0
   0
   1.4142121481588255
   0
   0
   1.9999989999997498
   1.9999989999997498
   0
   0
   0
   0
   1.9999989999997498
   1.9999989999997498
   0
   1.9999989999997498
   0
   0
   0
   0
   0
   0
   0
   0
   0
   0
   0
   0
   0
   0
   0
   0
   0
   0
   0
   0
   0
   0
   0
   0
   0
   0
   0
   0
   0
   1.9999989999997498
   0
   0
   0
   0
   0
   0
   0
   0
   0
   0
   0
