   0
   0
   0
   0
   0
   0
   0
   0
   0
   0
   0
   0
   0
   0
   0
   0
   0
   0
   0
   0
   0
   0
   0
   0
   0
   0
   0
   0
   0
   0
   0
   0
   0
   0
   0
   0
   0
   0
   0
   0
   0
   0
   0
   0
   0
   0
   0
   0
   0
   0
   0
   0
   0
   0
   0
   0
   0
   0
   0
   0
   0
   0
   0
   0
   0
   0
   0
   0
   0
   0
   0
   0
   0
   0
   0
   0
   0
   0
   0
   0
   0
   0
   0
   0
   0
   0
   0
   0
   0
   0
   0
   0
   0
   0
   0
   0
   0
   0
   0
   0
   0
   0
   0
   0
   0
   0
   0
   0
   0
   0
   0
   0
   0
   0
   0
   0
   0
   0
   0
   0
   0
   0
   0
   0
   0
   0
   0
   0
   0
   0
   0
   0
   0
   0
   0
   0
   0
   0
   0
   0
   0
   0
   0
   0
   0
   0
   0
   0
   0
   0
   0
   0
   0
   0
   0
   0
   0
   0
   0
   0
   0
   0
   0
   0
   0
   0
   0
   0
   0
   0
   0
   0
   0
   0
   0
   0
   0
   1.9999989999997498
   0
   1.9999989999997498
   0
   0
   0
   1.9999989999997498
   1.9999989999997498
   1.9999989999997498
   1.9999989999997498
   1.4907106433584696
   0
   1.9999989999997498
   1.9999989999997498
   1.99999899999975
   1.9999989999997498
   1.99999899999975
   0
   1.9999989999997498
   0
   0
   0
   0
   1.9999989999997498
   1.9999989999997498
   1.4142121481588255
   1.9999989999997498
   0
   0
   1.9999989999997498
   1.99999899999975
   1.4907106433584696
   1.9999989999997498
   1.9999989999997498
   1.9999989999997498
   1.99999899999975
   1.9999989999997498
   1.4907106433584696
   1.1546988063271448
   1.1111093111096528
   1.5386172164562277
   1.1780284809973043
   1.6492410375684934
   1.4907106433584696
   1.3266484085845804
   0.9476049723769231
   0.9035056893081775
   0.9607668411622682
   1.4142121481588255
   1.4907106433584696
   0.9842489522473468
   0.9354122086011065
   1.054090656021156
   0.8164941314343089
   0.9428069202593333
   1.04977941317523
   0.8717774945477773
   0.8485257803979793
   0.8883195631407109
   0.9428069202593333
   0.8606606420307256
   1.0606582861600622
   1.1065648629512719
   1.2765679103085859
   0.790566885215919
   0.9090887090882471
   0.8743791719203339
   0.790566885215919
   0.6330498745496257
   0.7713866231106485
   0.6705968550566238
   0.5811830845592271
   0.6506163144165829
   0.718019188849125
   0.6679227228543014
   0.564127795890277
   0.5844602605338114
   0.49375869905507686
   0.718019188849125
   0.5493443953898389
   0.9607668411622682
   0.6245147522172407
   0.595454983285146
   0.6419242631536763
   0.6288222610596435
   0.49834974121863534
   0.5661232018815665
   0.5263914006910982
   0.5594175589483205
   0.5540362287541848
   0.4764838048942803
   0.4597325577891541
   0.5114231949161174
   0.4791532497382167
   0.5072533307140209
   0.4530374306613604
   0.4656102178861628
   0.41315805153459884
   0.4804004701714942
   0.42369521353133444
   0.343380011357019
   0.3540175255137942
   0.3961547618647398
   0.48063017512900386
   0.42847374481991307
   0.38522780250540717
   0.3210107822405732
   0.3674180180666157
   0.33327223131441547
   0.340215781000272
   0.3846364761043861
   0.34592690194259723
   0.3396119163818582
   0.3142633165018873
   0.29063491918556517
   0.27896481647451504
   0.2821018600362997
   0.3142988821721151
   0.2568360930555739
   0.2723830217912763
   0.2800819620790343
   0.2716059509381851
   0.26376814129399606
   0.23900193707567713
   0.2511894447906027
   0.24837390724703537
   0.2163178393605593
   0.2210251065200409
   0.23093144725942663
   0.24613176238303652
   0.23864292885809013
   0.22145336776897845
   0.20987410757121922
   0.20993117927258614
   0.19801523355672973
   0.20701000665944355
   0.18358286049265785
   0.2149177110483538
   0.18358453425660293
   0.1892461435363903
   0.19324869130185726
   0.18513755104567636
   0.17950745131083548
   0.2084735587994801
   0.18577322828808945
   0.18084388256577594
   0.1642293380111637
   0.16444205682831406
   0.16434710664488314
   0.14818594116282666
   0.15510999358314517
   0.14912676161184443
   0.16387588863871408
   0.14555175511028762
   0.147468281025747
   0.14596560761787655
   0.14295753243881376
   0.14668492709292702
   0.1356649735273703
   0.13808029406068134
   0.13267067327702342
   0.12792228989079762
   0.1256158496849197
   0.12594054710532113
   0.12003759489793853
   0.12178544869760227
   0.11521062148717597
   0.1127073540341866
   0.11276726729361183
   0.11713596714146673
   0.1038364760183337
   0.11099859786215555
   0.1040762164003682
   0.1045978734927348
   0.09911709654785937
   0.09615551638277713
   0.09527709865361292
   0.0959644458092362
   0.09515744579446546
   0.08827919727840798
   0.08802971048983436
   0.09024169429689854
   0.08432168403943578
   0.08570598620047938
   0.08013958899348154
   0.07954544396765355
   0.07877439392727317
   0.07729065473447229
   0.07841419856358772
   0.07405440563332955
   0.07301392206512
   0.0727970545411164
   0.06832395977814872
   0.06793328434446863
   0.06744435612556796
   0.06672531780697306
   0.06662278545220647
   0.06503432543498733
   0.06234961977531403
   0.06097555423690416
   0.05872994908547481
   0.06031035110672272
   0.05722599893349767
   0.056503219783270116
   0.05613878208986075
   0.0551690457486234
   0.05383148737956482
   0.05156484135262131
   0.05099956158530925
   0.04986252223272649
   0.04917802830367186
   0.048449779432107536
   0.04740642355726344
   0.04668916822375298
   0.0462478992622652
   0.045281374779616586
   0.04427025904724356
   0.04407533827784689
   0.04266370735520797
   0.04176947325074933
   0.0406556218322969
   0.04034999380579135
   0.03920704843987424
   0.038412852842859904
   0.03859838638208809
   0.03763990105243944
   0.03622103433297691
   0.03548606455635781
   0.03459060201786687
   0.03459567413037925
   0.033594526193048466
   0.03327998855587198
   0.03259787990750108
   0.03211390621213226
   0.031368160145377716
   0.03073024331942592
   0.030431888988284295
   0.02967108004793169
   0.029074907868430377
   0.028319765853679218
   0.027726511276605734
   0.027382630702601447
   0.02686791991123319
   0.02634705133836678
   0.025666569194466065
   0.02559481887192815
   0.024819419422589178
   0.024374753065615755
   0.02420038643728698
   0.023768814612003832
   0.023209828526427997
   0.022774182568507894
   0.02235579895099205
   0.02194923255295881
   0.021243113273363257
   0.020827739742489394
   0.020529294313819516
   0.02024172693525635
   0.01978111369210157
   0.01952414097043912
   0.019098594837151036
   0.01880935425112706
   0.018258385731692653
   0.018046045437220902
   0.01768463832715918
   0.017275614937663962
   0.01692151058410354
   0.01664487767573328
   0.016389563726711204
   0.015915705641073485
   0.0157561741069924
   0.015378448019221412
   0.015173798124186804
   0.014805923872424777
   0.014561301735274049
   0.014232149827071735
   0.014023151983471779
   0.013649541782020094
   0.01340748752689252
   0.01324083782352289
   0.012889669683265307
   0.012711860585604499
   0.01245335286509208
   0.01220432794602722
   0.012002772523354369
   0.01173056058683194
   0.011504596717652981
   0.011223318223859228
   0.010998690865655681
   0.0109180816786281
   0.010625374795873348
   0.010436614985495262
   0.010204577202924016
   0.01003613216818737
   0.009789284604627139
   0.009700295122548308
   0.009444641911309637
   0.009257189579828002
   0.009087417871121085
   0.008911219377119169
   0.008726364694794918
   0.008574310825255057
   0.008375291864257608
   0.008271865031942733
   0.008087912275785729
   0.007906427065076587
   0.007744700215753529
   0.007598237152512968
   0.00744150723382235
   0.007290147882027737
   0.007146540962996561
   0.006996183986055471
   0.006872819823947059
   0.00671779332917826
   0.006582821824564559
   0.006451194393549809
   0.006324092799949325
   0.006192953758439184
   0.005335761945345695
   0.005276252592332331
   0.005237017499699092
   0.005178114459547622
   0.005161745159572483
   0.0051747210925032466
   0.005191435460550293
   0.005222953324713615
   0.005263889693159252
   0.00534051683454595
   0.006177418156655953
   0.006315278582225142
   0.006435749030471201
   0.006587090825441036
   0.00673888945273547
   0.006835651953021881
   0.006990421488327357
   0.007165679297971423
   0.007286364187145728
   0.007453160595949174
   0.007615670798577431
   0.007738127000028364
   0.007921376386944344
   0.00807953642384591
   0.008231095919237446
   0.008409607792976661
   0.008589977279131862
   0.008755309027129652
   0.008943080717642023
   0.009087490243004488
   0.009270557870592748
   0.009485069175966478
   0.009677281395278356
   0.009871521409103358
   0.010045680737491692
   0.010258324942869915
   0.010500306172899671
   0.0106597023691719
   0.01087397486700981
   0.011127031195110342
   0.011282150322825596
   0.01154914090737454
   0.011795899268431739
   0.01198904308047571
   0.012231083433704458
   0.01246236736273958
   0.012688728267746054
   0.012903283111020299
   0.013283269418934431
   0.013523711229430455
   0.013686272441290006
   0.013967344094609648
   0.014230416993233505
   0.014603966531895649
   0.0148020759539603
   0.015095345281558772
   0.015392141389189233
   0.015752089895721726
   0.015972333018039325
   0.016295347605686586
   0.016709395974205624
   0.016906709717641258
   0.017195003808504167
   0.017570423758760265
   0.01795241864069999
   0.018345946869572905
   0.018667737142392213
   0.019002749898250744
   0.01943545501300507
   0.019673980046145637
   0.020317196352340552
   0.02060831189977849
   0.020941899570913716
   0.021468773949215116
   0.0217568129172649
   0.02225880029507521
   0.022618561436455926
   0.022886053203280445
   0.023544112612921518
   0.024031739423715837
   0.024504119931401357
   0.02509494816700308
   0.02552511060744817
   0.02582169445542442
   0.026395092058877443
   0.02707849110228027
   0.027268134664240894
   0.02779609959296245
   0.028544597366611867
   0.029230734147730926
   0.029485878561636054
   0.029744787667021575
   0.030799386308669466
   0.03141954981030101
   0.03172458455650341
   0.032717502523520216
   0.032477723329175485
   0.033660698823591795
   0.03422354268701115
   0.03501579223642528
   0.03605560637242863
   0.036201921475374356
   0.03724343813464903
   0.03803865133317816
   0.03846364329111479
   0.03946785118604807
   0.04002479257886345
   0.04048571534374982
   0.04190603698019675
   0.042651180405940105
   0.04270277483085989
   0.043165819102308184
   0.04448151799133046
   0.04514381999086421
   0.045899365992454366
   0.04705765658028764
   0.04802467563906744
   0.049473058166486575
   0.050701141244159115
   0.05191574778316321
   0.051971023853412165
   0.05259054441005065
   0.05455363926815542
   0.05486520818172172
   0.05550588165753449
   0.05645756867735431
   0.059624342974389975
   0.06134937977640172
   0.060946630475791734
   0.061175930965615896
   0.06220903609695423
   0.06349795646070291
   0.06476812455993192
   0.06614885444866923
   0.06778577810115351
   0.06825074970522307
   0.06966240223720242
   0.07227861460553749
   0.07389963171034661
   0.07460024415892638
   0.07589814756112981
   0.07847133474905851
   0.07845013988113066
   0.07953321634125769
   0.08295386479049956
   0.08304912938406746
   0.08613051021836271
   0.08777268420352456
   0.09087747188704634
   0.09062357281639259
   0.09124380915144883
   0.09494058513002764
   0.0973954008784524
   0.09640687058463918
   0.09368412861888124
   0.1017094320017364
   0.10301055900916421
   0.10699411632183871
   0.10353067396156929
   0.11233711833710307
   0.1115194213808697
   0.10944289466191269
   0.11117290909053627
   0.11573684018494702
   0.12010163348957376
   0.117678600090706
   0.11715791529685396
   0.1290488706921124
   0.12687708584674573
   0.12467874822106405
   0.13383231761209857
   0.13804822371838488
   0.14281606477606654
   0.13539971917109764
   0.14181220572218067
   0.14345293620929908
   0.14529672745109737
   0.14893079037431206
   0.1548104508795921
   0.15322861683451783
   0.16179170422353412
   0.15901545421371943
   0.1640726311681365
   0.16996516165479378
   0.18057398686310436
   0.1801149585911576
   0.18069188943807893
   0.18787111421279098
   0.18304593426128532
   0.18213657606470282
   0.19934688067277537
   0.18038858793936993
   0.21208182138490256
   0.18936327381242618
   0.2006554708183175
   0.19962216730260213
   0.22865677866244544
   0.21152313351457513
   0.23678957436839107
   0.23894510966349317
   0.2502093036882799
   0.23806609352288383
   0.21893320225957985
   0.2788394417262113
   0.25273864589411904
   0.2584574983943433
   0.25573398759928434
   0.2700135610338181
   0.247948464586894
   0.2793436675875198
   0.29935015027832423
   0.304687909959846
   0.298971160987211
   0.30045594981257695
   0.3019160808747677
   0.32016347467978157
   0.3354028724654296
   0.3186171005542734
   0.29026945245682645
   0.3123660202586781
   0.3433946351248457
   0.32148764077820086
   0.4245895284188888
   0.38464942957642534
   0.34123549605919756
   0.34633224052152056
   0.34232179103407956
   0.4590034823913283
   0.41799799743326627
   0.4013416885424571
   0.456327757409061
   0.3942404489788004
   0.3790731530836325
   0.47335984418369037
   0.44268762277812423
   0.412693566516113
   0.44299661398254503
   0.44617269534797177
   0.4336244781307762
   0.5694912855560867
   0.43715799330575106
   0.4142386185957252
   0.49572441121197125
   0.5929236881758057
   0.6959676716629875
   0.4559994610814976
   0.5833263637440925
   0.7981949095135894
   0.5577697653253634
   0.6298334818632884
   0.6144884050980945
   0.6550280482121636
   0.6849319692269705
   0.8024879623428726
   0.6249228307388828
   0.5546965906622355
   0.6960065127166156
   0.7728838833644167
   0.7061238973783237
   0.8537475557147374
   0.7659390750357803
   0.6550280482121636
   0.6639369898797719
   0.7438306136879622
   0.6902537892897139
   0.7499973333285925
   0.7517266477308007
   0.7041759500260154
   0.8806283007498865
   0.9380810199550995
   0.9428069202593333
   1.1180321998940819
   0.7888081022797764
   0.9354122086011065
   0.6801331002190715
   0.8660230943802827
   0.888886638886041
   0.6700564094438128
   1.4142121481588255
   0.8616137600271622
   0.8477888888160778
   1.3093058138898315
   1.5811375651726196
   1.99999899999975
   1.2247432383973387
   0.8944249549291433
   1.2472175253561648
   0.8944249549291432
   1.9999989999997498
   1.4142121481588255
   1.4907106433584696
   1.4907106433584696
   1.4422191234344384
   1.6492410375684934
   1.0582986346017837
   1.1967016192151236
   1.2247432383973387
   1.0582986346017837
   1.2372793530690083
   1.9999989999997498
   1.4907106433584696
   0.9428069202593333
   1.4846136307649411
   1.9999989999997498
   1.0301555658229091
   1.9999989999997498
   1.4142121481588255
   1.4142121481588255
   1.4229150916427482
   1.5386172164562277
   1.4907106433584696
   1.4907106433584696
   0
   1.2247432383973387
   1.99999899999975
   1.4907106433584696
   1.99999899999975
   1.2472175253561648
   1.4907106433584696
   1.4907106433584696
   0
   1.4907106433584696
   1.9999989999997498
   1.2472175253561648
   0
   1.9999989999997498
   1.9999989999997498
   1.9999989999997498
   1.4907106433584696
   1.9999989999997498
   1.9999989999997498
   0
   0
   0
   0
   1.9999989999997498
   0
   0
   1.6996719945003769
   0
   0
   1.9999989999997498
   0
   0
   0
   1.9999989999997498
   0
   0
   0
   1.9999989999997498
   0
   0
   0
   0
   0
   1.9999989999997498
   0
   1.99999899999975
   0
   0
   0
   0
   0
   0
   0
   0
   0
   0
   0
   0
   0
   0
   0
   0
   0
   0
   0
   0
   0
   0
   0
   0
   0
   0
   0
   0
   0
   0
   0
   0
   0
   0
   0
   0
   0
   0
   0
   0
   0
   0
   0
   0
   0
   0
   0
   0
   0
   0
   0
   0
   0
   0
   0
   0
   0
   0
   0
   0
   0
   0
   0
   0
   0
   0
   0
   0
   0
   0
   0
   0
   0
   0
   0
   0
   0
   0
   0
   0
   0
   0
   0
   0
   0
   0
   0
   0
   0
   0
   0
   0
   0
   0
   0
   0
   0
   0
   0
   0
   0
   0
   0
   0
   0
   0
   0
   0
   0
   0
   0
   0
   0
   0
   0
   0
   0
   0
   0
   0
   0
   0
   0
   0
   0
   0
   0
   0
   0
   0
   0
   0
   0
   0
   0
   0
   0
   0
   0
   0
   0
   0
   0
   0
   0
   0
   0
