   0.0
   0.0
   0.0
   0.0
   0.0
   0.0
   0.0
   0.0
   0.0
   0.0
   0.0
   0.0
   0.0
   0.0
   0.0
   0.0
   0.0
   0.0
   0.0
   0.0
   0.0
   0.0
   0.0
   0.0
   0.0
   0.0
   0.0
   0.0
   0.0
   0.0
   0.0
   0.0
   0.0
   0.0
   0.0
   0.0
   0.0
   0.0
   0.0
   0.0
   0.0
   0.0
   0.0
   0.0
   0.0
   0.0
   0.0
   0.0
   0.0
   0.0
   0.0
   0.0
   0.0
   0.0
   0.0
   0.0
   0.0
   0.0
   0.0
   0.0
   0.0
   0.0
   0.0
   0.0
   0.0
   0.0
   0.0
   0.0
   0.0
   0.0
   0.0
   0.0
   0.0
   0.0
   0.0
   0.0
   0.0
   0.0
   0.0
   0.0
   0.0
   0.0
   0.0
   0.0
   0.0
   0.0
   0.0
   0.0
   0.0
   0.0
   0.0
   0.0
   0.0
   0.0
   0.0
   0.0
   0.0
   0.0
   0.0
   0.0
   0.0
   0.0
   0.0
   0.0
   0.0
   0.0
   0.0
   0.0
   0.0
   9.999999999999999e-06
   9.999999999999999e-06
   0.0
   0.0
   0.0
   0.0
   9.999999999999999e-06
   0.0
   0.0
   0.0
   0.0
   0.0
   0.0
   0.0
   0.0
   0.0
   0.0
   0.0
   0.0
   0.0
   1.9999999999999998e-05
   0.0
   9.999999999999999e-06
   0.0
   1.9999999999999998e-05
   0.0
   0.0
   0.0
   9.999999999999999e-06
   9.999999999999999e-06
   0.0
   0.0
   0.0
   9.999999999999999e-06
   0.0
   0.0
   0.0
   1.9999999999999998e-05
   9.999999999999999e-06
   9.999999999999999e-06
   0.0
   1.9999999999999998e-05
   1.9999999999999998e-05
   0.0
   0.0
   1.9999999999999998e-05
   9.999999999999999e-06
   1.9999999999999998e-05
   0.0
   9.999999999999999e-06
   0.0
   0.0
   0.0
   0.0
   0.0
   9.999999999999999e-06
   0.0
   0.0
   0.0
   0.0
   9.999999999999999e-06
   0.0
   0.0
   0.0
   9.999999999999999e-06
   0.0
   0.0
   0.0
   9.999999999999999e-06
   0.0
   0.0
   0.0
   9.999999999999999e-06
   1.9999999999999998e-05
   1.9999999999999998e-05
   3e-05
   1.9999999999999998e-05
   9.999999999999999e-06
   9.999999999999999e-06
   1.9999999999999998e-05
   9.999999999999999e-06
   0.0
   3e-05
   9.999999999999999e-06
   0.0
   1.9999999999999998e-05
   9.999999999999999e-06
   0.0
   9.999999999999999e-06
   0.0
   9.999999999999999e-06
   9.999999999999999e-06
   9.999999999999999e-06
   0.0
   1.9999999999999998e-05
   0.0
   9.999999999999999e-06
   0.0
   3e-05
   9.999999999999999e-06
   0.0
   0.0
   0.0
   0.0
   9.999999999999999e-06
   0.0
   9.999999999999999e-06
   0.0
   1.9999999999999998e-05
   0.0
   0.0
   3e-05
   9.999999999999999e-06
   0.0
   9.999999999999999e-06
   9.999999999999999e-06
   1.9999999999999998e-05
   0.0
   9.999999999999999e-06
   9.999999999999999e-06
   3.9999999999999996e-05
   0.0
   0.0
   1.9999999999999998e-05
   9.999999999999999e-06
   0.0
   0.0
   0.0
   9.999999999999999e-06
   0.0
   0.0
   0.0
   9.999999999999999e-06
   0.0
   9.999999999999999e-06
   0.0
   1.9999999999999998e-05
   9.999999999999999e-06
   9.999999999999999e-06
   0.0
   0.0
   1.9999999999999998e-05
   0.0
   9.999999999999999e-06
   9.999999999999999e-06
   3.9999999999999996e-05
   3e-05
   1.9999999999999998e-05
   3e-05
   3.9999999999999996e-05
   9.999999999999999e-06
   5e-05
   1.9999999999999998e-05
   3e-05
   9.999999999999999e-06
   6e-05
   7e-05
   9.999999999999999e-06
   3e-05
   0.0
   0.0
   9.999999999999999e-06
   0.0
   1.9999999999999998e-05
   9.999999999999999e-06
   3e-05
   3e-05
   9.999999999999999e-06
   1.9999999999999998e-05
   3.9999999999999996e-05
   1.9999999999999998e-05
   3e-05
   0.0
   1.9999999999999998e-05
   1.9999999999999998e-05
   3.9999999999999996e-05
   3.9999999999999996e-05
   0.0
   9.999999999999999e-06
   9.999999999999999e-06
   3e-05
   0.0
   1.9999999999999998e-05
   7e-05
   5e-05
   5e-05
   6e-05
   6e-05
   3e-05
   7e-05
   3e-05
   6e-05
   3e-05
   5e-05
   1.9999999999999998e-05
   3.9999999999999996e-05
   9.999999999999999e-06
   0.0
   5e-05
   5e-05
   1.9999999999999998e-05
   1.9999999999999998e-05
   9.999999999999999e-06
   3.9999999999999996e-05
   9.999999999999999e-06
   3e-05
   5e-05
   1.9999999999999998e-05
   9.999999999999999e-06
   1.9999999999999998e-05
   3.9999999999999996e-05
   1.9999999999999998e-05
   3.9999999999999996e-05
   5e-05
   7.999999999999999e-05
   3e-05
   3e-05
   0.0
   7e-05
   1.9999999999999998e-05
   3.9999999999999996e-05
   3e-05
   9.999999999999999e-06
   6e-05
   9.999999999999999e-06
   6e-05
   6e-05
   0.00016999999999999999
   7e-05
   6e-05
   8.999999999999999e-05
   7.999999999999999e-05
   6e-05
   7e-05
   3.9999999999999996e-05
   7e-05
   3.9999999999999996e-05
   0.0001
   0.00010999999999999999
   5e-05
   7e-05
   3e-05
   3.9999999999999996e-05
   8.999999999999999e-05
   6e-05
   6e-05
   6e-05
   8.999999999999999e-05
   8.999999999999999e-05
   0.00013
   0.00015999999999999999
   7.999999999999999e-05
   0.00012
   0.00019
   6e-05
   0.0001
   0.0001
   0.0001
   0.00010999999999999999
   0.0001
   0.00013
   0.00014
   0.0001
   0.00012
   7e-05
   7.999999999999999e-05
   7.999999999999999e-05
   8.999999999999999e-05
   7e-05
   0.00014
   0.0001
   8.999999999999999e-05
   0.00014
   0.00026
   0.00015999999999999999
   0.00025
   0.00013
   0.00015999999999999999
   0.00019
   0.00020999999999999998
   0.00022999999999999998
   0.00020999999999999998
   0.00015999999999999999
   0.00026999999999999995
   0.00019
   0.00020999999999999998
   0.00026
   0.00021999999999999998
   0.00024
   0.00024
   0.00029
   0.00026999999999999995
   0.00031999999999999997
   0.00033
   0.00028
   0.00026
   0.00029
   0.00033999999999999997
   0.00043999999999999996
   0.00028
   0.00026999999999999995
   0.00036999999999999994
   0.00048
   0.00033999999999999997
   0.00035999999999999997
   0.00041
   0.00024
   0.00033999999999999997
   0.00035999999999999997
   0.00038
   0.00035999999999999997
   0.00036999999999999994
   0.00046999999999999993
   0.00033999999999999997
   0.00043
   0.00028
   0.00031999999999999997
   0.00031
   0.00025
   0.00026999999999999995
   0.00036999999999999994
   0.00033999999999999997
   0.00041
   0.00041
   0.0004
   0.00041999999999999996
   0.00031999999999999997
   0.00026
   0.00041
   0.00034999999999999994
   0.00046999999999999993
   0.0005
   0.00048
   0.00036999999999999994
   0.00036999999999999994
   0.00041
   0.00045
   0.00055
   0.00049
   0.0005099999999999999
   0.0006999999999999999
   0.00052
   0.00048
   0.00056
   0.00057
   0.00067
   0.00052
   0.00062
   0.0005899999999999999
   0.0005099999999999999
   0.0006799999999999999
   0.00061
   0.0006299999999999999
   0.0006399999999999999
   0.0006
   0.0006
   0.00066
   0.00073
   0.00069
   0.00076
   0.00087
   0.0007899999999999999
   0.0008799999999999999
   0.0009299999999999999
   0.0009899999999999998
   0.0010199999999999999
   0.0008799999999999999
   0.0011099999999999999
   0.00113
   0.00123
   0.0011
   0.00131
   0.00114
   0.0011799999999999998
   0.00123
   0.00116
   0.0012
   0.0014399999999999999
   0.00106
   0.0011799999999999998
   0.00153
   0.00155
   0.0013999999999999998
   0.0013999999999999998
   0.0013999999999999998
   0.00123
   0.00142
   0.0012599999999999998
   0.00133
   0.00134
   0.00141
   0.00155
   0.00142
   0.00141
   0.0014899999999999998
   0.0014799999999999998
   0.0015699999999999998
   0.00165
   0.0019
   0.0016799999999999999
   0.0017699999999999999
   0.00155
   0.0017899999999999997
   0.00164
   0.00195
   0.00215
   0.00178
   0.0018399999999999998
   0.00189
   0.0019
   0.0018799999999999997
   0.0019
   0.0022
   0.00219
   0.0020399999999999997
   0.0022
   0.0023699999999999997
   0.00214
   0.00241
   0.0025099999999999996
   0.00297
   0.0024899999999999996
   0.00282
   0.0031899999999999997
   0.0028899999999999998
   0.00282
   0.0026899999999999997
   0.00297
   0.00343
   0.0032699999999999995
   0.0033
   0.0030499999999999998
   0.00331
   0.00326
   0.0030299999999999997
   0.00351
   0.0032099999999999997
   0.00357
   0.0035399999999999997
   0.0037599999999999995
   0.0036499999999999996
   0.00375
   0.004079999999999999
   0.0034999999999999996
   0.0038599999999999997
   0.00417
   0.0038699999999999997
   0.00437
   0.004079999999999999
   0.00454
   0.00403
   0.00394
   0.00464
   0.00391
   0.0045899999999999995
   0.00448
   0.00482
   0.0049
   0.00506
   0.0049299999999999995
   0.0052499999999999995
   0.00514
   0.00567
   0.0057599999999999995
   0.0054600000000000004
   0.00506
   0.00613
   0.0059
   0.005999999999999999
   0.00554
   0.00643
   0.00634
   0.00639
   0.00689
   0.006279999999999999
   0.0064199999999999995
   0.00701
   0.006999999999999999
   0.00693
   0.00698
   0.00699
   0.007489999999999999
   0.00768
   0.00785
   0.00782
   0.008
   0.00836
   0.008159999999999999
   0.00806
   0.00856
   0.008899999999999998
   0.008679999999999998
   0.00845
   0.008679999999999998
   0.00928
   0.00965
   0.00945
   0.01011
   0.01061
   0.01006
   0.0102
   0.01048
   0.011199999999999998
   0.010759999999999999
   0.01061
   0.01123
   0.011379999999999998
   0.01144
   0.01196
   0.01232
   0.01216
   0.01189
   0.0124
   0.01245
   0.01255
   0.013279999999999998
   0.01351
   0.014289999999999999
   0.01391
   0.01489
   0.01431
   0.014909999999999998
   0.01525
   0.015109999999999998
   0.015479999999999999
   0.01704
   0.01689
   0.01635
   0.016569999999999998
   0.01781
   0.017839999999999998
   0.01763
   0.01783
   0.018719999999999997
   0.01832
   0.01877
   0.01871
   0.01958
   0.019209999999999998
   0.02071
   0.020839999999999997
   0.021519999999999997
   0.0215
   0.02148
   0.021840000000000002
   0.02203
   0.02187
   0.022439999999999998
   0.02203
   0.022629999999999997
   0.02337
   0.02464
   0.024659999999999998
   0.025769999999999998
   0.026819999999999997
   0.026909999999999996
   0.02645
   0.02693
   0.02856
   0.027739999999999997
   0.0281
   0.028659999999999998
   0.02938
   0.02928
   0.03082
   0.030959999999999998
   0.031189999999999996
   0.0319
   0.03303
   0.03297
   0.03335
   0.033839999999999995
   0.033679999999999995
   0.03549
   0.03599
   0.03596
   0.03651
   0.03802
   0.038779999999999995
   0.0385
   0.040119999999999996
   0.03958
   0.04033
   0.04224
   0.04250999999999999
   0.0438
   0.04391
   0.044739999999999995
   0.0446
   0.04634
   0.047479999999999994
   0.047959999999999996
   0.048749999999999995
   0.049699999999999994
   0.05019
   0.05086
   0.051289999999999995
   0.05379
   0.05436
   0.05557
   0.055999999999999994
   0.05753
   0.059649999999999995
   0.06008
   0.0613
   0.06158
   0.06275
   0.06552999999999999
   0.06545
   0.06563
   0.06904999999999999
   0.06742
   0.06888
   0.07159
   0.07106
   0.07289
   0.0727
   0.07543
   0.07868
   0.07828999999999998
   0.08016
   0.08019
   0.08370999999999999
   0.08500999999999999
   0.08507
   0.08671
   0.08777
   0.09194999999999999
   0.09222999999999999
   0.09266999999999999
   0.09305000000000001
   0.09634999999999999
   0.09704
   0.09929
   0.10078
   0.10227999999999998
   0.1035
   0.10803
   0.10881999999999999
   0.11112
   0.11220999999999999
   0.11450999999999999
   0.11684
   0.11974
   0.12094
   0.12448000000000001
   0.12572
   0.12961999999999999
   0.12865
   0.13004999999999997
   0.1341
   0.13665999999999998
   0.13754999999999998
   0.14010999999999998
   0.14325
   0.14579
   0.15159999999999998
   0.15219
   0.15644
   0.15862
   0.16138
   0.16552
   0.16750999999999996
   0.17109
   0.17132
   0.17729999999999999
   0.17731
   0.18193
   0.18524
   0.18915
   0.19493
   0.19637999999999997
   0.19995
   0.20122
   0.20729
   0.20992
   0.21272
   0.21888999999999997
   0.21971999999999997
   0.22207
   0.2278
   0.23339
   0.23765
   0.24001
   0.24605999999999997
   0.25144
   0.25666999999999995
   0.25843999999999995
   0.26557
   0.26942
   0.27319
   0.27959
   0.28049999999999997
   0.28626999999999997
   0.29253999999999997
   0.2988
   0.30173999999999995
   0.30596999999999996
   0.31392000000000003
   0.31688
   0.32310999999999995
   0.32661
   0.33344999999999997
   0.33937
   0.3407
   0.34894
   0.35342999999999997
   0.36233
   0.37011
   0.37872
   0.38283999999999996
   0.38989999999999997
   0.39503999999999995
   0.40201
   0.41006
   0.41812
   0.42314999999999997
   0.43018
   0.43876
   0.45219
   0.45543
   0.46077999999999997
   0.46905
   0.47337999999999997
   0.48488999999999993
   0.49882
   0.50173
   0.51129
   0.5234
   0.53369
   0.54182
   0.5546199999999999
   0.55804
   0.57251
   0.57799
   0.58449
   0.59903
   0.60616
   0.61798
   0.6226999999999999
   0.6381899999999999
   0.6469900000000001
   0.6592699999999999
   0.6750999999999999
   0.68861
   0.7021099999999999
   0.7098
   0.72772
   0.73218
   0.7494099999999999
   0.76625
   0.7701399999999999
   0.7847899999999999
   0.7990700000000001
   0.81475
   0.82817
   0.84372
   0.8579
   0.8693399999999999
   0.88661
   0.9004599999999999
   0.9110699999999999
   0.93006
   0.9499299999999999
   0.9609399999999999
   0.9841099999999999
   1.00265
   1.01422
   1.03976
   1.05621
   1.06868
   1.0907699999999998
   1.1106299999999998
   1.1263299999999998
   1.14761
   1.16595
   1.1935
   1.21359
   1.23063
   1.24983
   1.2754599999999998
   1.29714
   1.32296
   1.34208
   1.36246
   1.37911
   1.41327
   1.4294
   1.4577200000000001
   1.48715
   1.5160299999999998
   1.5430199999999998
   1.55725
   1.5990299999999997
   1.61728
   1.64522
   1.67248
   1.7011100000000001
   1.7458799999999999
   1.76628
   1.79874
   1.8289199999999999
   1.8588399999999998
   1.8905399999999999
   1.91982
   1.9559199999999999
   1.9872799999999997
   2.02765
   2.0561
   2.1035
   2.13871
   2.18009
   2.20006
   2.246
   2.2769
   2.31749
   2.35587
   2.4052
   2.4443099999999998
   2.4832799999999997
   2.5316899999999998
   2.58697
   2.6201
   2.66171
   2.72011
   2.7668199999999996
   2.8109299999999995
   2.86384
   2.9148899999999998
   2.9607099999999997
   3.01672
   3.05734
   3.1204599999999996
   3.17172
   3.2365500000000003
   3.28367
   3.34376
   3.40133
   3.46567
   3.53173
   3.58858
   3.65724
   3.7148799999999995
   3.7699
   3.84873
   3.91727
   3.97137
   4.0522599999999995
   4.107799999999999
   4.18682
   4.25437
   4.34001
   4.40849
   4.4928799999999995
   4.55729
   4.64544
   4.71446
   4.79913
   4.8994599999999995
   4.987489999999999
   5.06849
   5.14783
   5.236549999999999
   5.324449999999999
   5.4285499999999995
   5.52698
   5.6155
   5.72883
   5.83215
   5.92341
   6.0211
   6.10125
   6.231929999999999
   6.36275
   6.466279999999999
   6.59157
   6.71007
   6.84347
   6.98782
   7.12882
   7.264389999999999
   7.40998
   7.5775
   7.74682
   7.917619999999999
   8.102839999999999
   8.29223
   8.48743
   8.57186
   8.6656
   8.69794
   8.70493
   8.66073
   8.60239
   8.47604
   8.30114
   8.115459999999999
   7.91868
   7.75826
   7.6071599999999995
   7.429029999999999
   7.27689
   7.12399
   6.997579999999999
   6.839709999999999
   6.725339999999999
   6.5887899999999995
   6.47169
   6.37248
   6.25225
   6.133929999999999
   6.046939999999999
   5.936019999999999
   5.82271
   5.70531
   5.616809999999999
   5.523829999999999
   5.42556
   5.331059999999999
   5.242329999999999
   5.16344
   5.06001
   4.970289999999999
   4.88744
   4.787529999999999
   4.71603
   4.6365799999999995
   4.561529999999999
   4.49093
   4.39996
   4.32553
   4.270099999999999
   4.18828
   4.117979999999999
   4.043019999999999
   3.9808399999999997
   3.91227
   3.84121
   3.7758000000000003
   3.7382799999999996
   3.66694
   3.5870999999999995
   3.5440199999999997
   3.4695599999999995
   3.4178999999999995
   3.3579799999999995
   3.3024299999999998
   3.2496799999999997
   3.1875799999999996
   3.1368899999999997
   3.06743
   3.02684
   2.9839399999999996
   2.93037
   2.86999
   2.8257
   2.7769399999999997
   2.7349499999999995
   2.68513
   2.6381799999999997
   2.58921
   2.5509799999999996
   2.51051
   2.46282
   2.41822
   2.3785899999999995
   2.34415
   2.3063
   2.26036
   2.23413
   2.1851599999999998
   2.15096
   2.12024
   2.06746
   2.0331699999999997
   1.98941
   1.96003
   1.93608
   1.90156
   1.8647099999999999
   1.83584
   1.8029
   1.76646
   1.7381799999999998
   1.71104
   1.6811
   1.6518899999999999
   1.6220499999999998
   1.6023399999999999
   1.57137
   1.54774
   1.5213199999999998
   1.48516
   1.46626
   1.43566
   1.4119
   1.3839599999999999
   1.36407
   1.34086
   1.31277
   1.29744
   1.26697
   1.25281
   1.22338
   1.20938
   1.18716
   1.16578
   1.14794
   1.1138599999999999
   1.10115
   1.08965
   1.06798
   1.0529099999999998
   1.0410199999999998
   1.0171599999999998
   0.99713
   0.97524
   0.9601899999999999
   0.95059
   0.9330099999999999
   0.91977
   0.8984300000000001
   0.8796299999999999
   0.86837
   0.84941
   0.8403099999999999
   0.8200599999999999
   0.80976
   0.79528
   0.7839599999999999
   0.76936
   0.75406
   0.7444199999999999
   0.72718
   0.7180499999999999
   0.70484
   0.69055
   0.68402
   0.66557
   0.6545099999999999
   0.6487499999999999
   0.6353399999999999
   0.62371
   0.6113099999999999
   0.60252
   0.58878
   0.58424
   0.5767599999999999
   0.56584
   0.5519999999999999
   0.54378
   0.5347799999999999
   0.5285
   0.5177499999999999
   0.50478
   0.49403
   0.49563999999999997
   0.48008
   0.4748
   0.46886999999999995
   0.45609999999999995
   0.4537999999999999
   0.43916999999999995
   0.43394
   0.42816
   0.4202
   0.40939000000000003
   0.40854
   0.40109999999999996
   0.39094999999999996
   0.38601
   0.38119
   0.37271
   0.3654
   0.36125999999999997
   0.35217
   0.34809999999999997
   0.34136
   0.33793999999999996
   0.33115999999999995
   0.32372999999999996
   0.32036
   0.31079999999999997
   0.30965
   0.30044
   0.29201
   0.29024
   0.2834
   0.28357
   0.27218
   0.27064999999999995
   0.26308
   0.26324
   0.25597
   0.25278999999999996
   0.25167999999999996
   0.24699
   0.24123999999999998
   0.23718999999999998
   0.23220999999999997
   0.22829999999999998
   0.22566999999999998
   0.21968000000000001
   0.21577
   0.21419
   0.20920999999999998
   0.20356
   0.20093
   0.19569999999999999
   0.19433999999999998
   0.19352999999999998
   0.19057
   0.18571
   0.18415
   0.17875999999999997
   0.1776
   0.17170999999999997
   0.17142
   0.16766999999999999
   0.16213999999999998
   0.16126999999999997
   0.15876999999999997
   0.15558999999999998
   0.15170999999999998
   0.15095
   0.14822
   0.14606
   0.14142
   0.13957999999999998
   0.13774
   0.13674999999999998
   0.13337
   0.13026
   0.12845
   0.12553
   0.12423999999999999
   0.12278
   0.12130999999999999
   0.11813
   0.11703
   0.11346999999999999
   0.1114
   0.10814
   0.10772
   0.10645999999999999
   0.10581999999999998
   0.10345999999999998
   0.10095
   0.10019999999999998
   0.09839
   0.0961
   0.09506
   0.09417999999999999
   0.09246
   0.09017
   0.09000999999999999
   0.08784
   0.0871
   0.08564
   0.08305
   0.08123999999999999
   0.08023
   0.08069
   0.07754
   0.07707
   0.07459999999999999
   0.07543
   0.07253
   0.07071
   0.07189
   0.0688
   0.06844
   0.06606
   0.06699
   0.06402999999999999
   0.06402999999999999
   0.06423999999999999
   0.06216
   0.0607
   0.06033
   0.05863
   0.05773999999999999
   0.05630999999999999
   0.055979999999999995
   0.05561
   0.05401
   0.0528
   0.052779999999999994
   0.050289999999999994
   0.049069999999999996
   0.04955
   0.04706
   0.04747
   0.04659
   0.045450000000000004
   0.045149999999999996
   0.04416
   0.043789999999999996
   0.041819999999999996
   0.04081
   0.04041
   0.03937999999999999
   0.03999
   0.03861
   0.03736
   0.03643
   0.03659
   0.0348
   0.03523
   0.03488
   0.03394
   0.03303
   0.03223
   0.03179
   0.031909999999999994
   0.03103
   0.031439999999999996
   0.029859999999999998
   0.02942
   0.02803
   0.0277
   0.02821
   0.028349999999999997
   0.026289999999999997
   0.02683
   0.02579
   0.024859999999999997
   0.02385
   0.024130000000000002
   0.02425
   0.024999999999999998
   0.023969999999999998
   0.02331
   0.022609999999999998
   0.02343
   0.02249
   0.021599999999999998
   0.021929999999999998
   0.022
   0.02072
   0.02111
   0.02004
   0.019729999999999998
   0.019729999999999998
   0.019469999999999998
   0.017849999999999998
   0.017939999999999998
   0.018719999999999997
   0.016989999999999998
   0.0179
   0.016759999999999997
   0.01698
   0.01619
   0.016249999999999997
   0.01628
   0.015319999999999999
   0.01555
   0.01453
   0.014459999999999999
   0.014009999999999998
   0.01418
   0.01392
   0.014059999999999998
   0.012669999999999999
   0.01326
   0.012759999999999999
   0.012379999999999999
   0.012629999999999999
   0.01198
   0.012499999999999999
   0.01175
   0.011729999999999999
   0.01209
   0.01195
   0.011789999999999998
   0.01157
   0.01118
   0.010799999999999999
   0.0101
   0.010929999999999999
   0.010579999999999999
   0.0097
   0.01072
   0.009779999999999999
   0.009399999999999999
   0.00964
   0.00862
   0.00866
   0.008579999999999999
   0.008239999999999999
   0.00836
   0.0087
   0.00745
   0.008369999999999999
   0.007389999999999999
   0.007519999999999999
   0.0075699999999999995
   0.00702
   0.0069099999999999995
   0.00696
   0.00714
   0.006509999999999999
   0.006509999999999999
   0.00701
   0.006539999999999999
   0.00614
   0.00647
   0.00669
   0.006179999999999999
   0.0063
   0.0060999999999999995
   0.005599999999999999
   0.00535
   0.00539
   0.00526
   0.00526
   0.00501
   0.004979999999999999
   0.0049700000000000005
   0.004939999999999999
   0.004549999999999999
   0.00514
   0.004719999999999999
   0.0046099999999999995
   0.00452
   0.00433
   0.004339999999999999
   0.00418
   0.00399
   0.004189999999999999
   0.0044
   0.00416
   0.0037199999999999998
   0.00373
   0.00373
   0.00405
   0.0038
   0.00407
   0.00362
   0.00382
   0.0036999999999999997
   0.00361
   0.00371
   0.0033
   0.0032
   0.0030499999999999998
   0.0034499999999999995
   0.0030899999999999994
   0.0032099999999999997
   0.00297
   0.00282
   0.00292
   0.00328
   0.00275
   0.0025599999999999998
   0.00261
   0.00275
   0.00261
   0.00268
   0.0025
   0.0025099999999999996
   0.00253
   0.0023599999999999997
   0.00241
   0.0021599999999999996
   0.00228
   0.0021699999999999996
   0.0023499999999999997
   0.002
   0.00228
   0.0021599999999999996
   0.00231
   0.00196
   0.00192
   0.00197
   0.00181
   0.0018499999999999999
   0.00182
   0.00173
   0.00162
   0.00174
   0.0016
   0.0016799999999999999
   0.0015899999999999998
   0.0016899999999999999
   0.00151
   0.00181
   0.0015699999999999998
   0.0017899999999999997
   0.0017699999999999999
   0.0014999999999999998
   0.0016899999999999999
   0.0016599999999999998
   0.0016899999999999999
   0.0014899999999999998
   0.00145
   0.0014399999999999999
   0.0013899999999999997
   0.0013899999999999997
   0.0011
   0.00123
   0.00119
   0.00134
   0.00114
   0.00107
   0.00115
   0.00101
   0.00123
   0.0011799999999999998
   0.00107
   0.00124
   0.00137
   0.0009199999999999999
   0.0009199999999999999
   0.0009399999999999999
   0.00095
   0.0008399999999999999
   0.0007499999999999999
   0.00091
   0.0008299999999999999
   0.00073
   0.00086
   0.0006399999999999999
   0.00106
   0.00109
   0.00071
   0.0007399999999999999
   0.0006299999999999999
   0.00087
   0.00076
   0.00066
   0.0008
   0.00061
   0.0006299999999999999
   0.0005399999999999999
   0.00046999999999999993
   0.0006399999999999999
   0.00058
   0.00066
   0.00057
   0.0005099999999999999
   0.00057
   0.00062
   0.00056
   0.0006999999999999999
   0.00055
   0.00062
   0.0005099999999999999
   0.0005
   0.00057
   0.0006399999999999999
   0.00043
   0.00055
   0.0006499999999999999
   0.00058
   0.00057
   0.0005099999999999999
   0.0005899999999999999
   0.0005
   0.00055
   0.0006399999999999999
   0.0005399999999999999
   0.00049
   0.00052
   0.00052
   0.0006
   0.00049
   0.00057
   0.0006399999999999999
   0.00046999999999999993
   0.00041
   0.00052
   0.00031999999999999997
   0.00038
   0.00043999999999999996
   0.00043
   0.00035999999999999997
   0.00041999999999999996
   0.00019
   0.00028
   0.00026
   0.00022999999999999998
   0.00035999999999999997
   0.00024
   0.00028
   0.00024
   0.0003
   0.00028
   0.00025
   0.00022999999999999998
   0.00019
   0.00028
   0.00026
   0.00022999999999999998
   0.00017999999999999998
   0.00024
   0.00031
   0.00016999999999999999
   0.00024
   0.00021999999999999998
   0.0002
   0.00014
   0.00013
   0.00020999999999999998
   0.00016999999999999999
   7.999999999999999e-05
   0.00024
   0.00017999999999999998
   0.00016999999999999999
   0.00020999999999999998
   0.00014
   0.00025
   0.00019
   0.00017999999999999998
   0.00013
   0.00015
   0.00012
   0.0001
   0.0002
   0.00016999999999999999
   0.00016999999999999999
   0.00019
   0.00021999999999999998
   0.00022999999999999998
   0.00021999999999999998
   0.00019
   0.00019
   0.00010999999999999999
   0.00016999999999999999
   0.00015999999999999999
   0.00017999999999999998
   0.00021999999999999998
   0.00012
   0.00012
   0.00012
   0.00017999999999999998
   8.999999999999999e-05
   0.00013
   0.00015
   7e-05
   0.00014
   0.0001
   0.00013
   7e-05
   0.00013
   6e-05
   0.00010999999999999999
   7.999999999999999e-05
   0.00014
   0.00014
   6e-05
   0.00014
   0.00013
   0.00012
   8.999999999999999e-05
   3e-05
   0.00015
   0.00012
   0.00010999999999999999
   7e-05
   7e-05
   3.9999999999999996e-05
   7e-05
   0.0001
   0.0001
   7e-05
   8.999999999999999e-05
   7e-05
   6e-05
   6e-05
   0.0001
   6e-05
   3.9999999999999996e-05
   7e-05
   5e-05
   9.999999999999999e-06
   5e-05
   3.9999999999999996e-05
   5e-05
   3.9999999999999996e-05
   7.999999999999999e-05
   7e-05
   5e-05
   1.9999999999999998e-05
   6e-05
   3e-05
   8.999999999999999e-05
   1.9999999999999998e-05
   1.9999999999999998e-05
   9.999999999999999e-06
   1.9999999999999998e-05
   3.9999999999999996e-05
   5e-05
   6e-05
   0.00012
   3e-05
   9.999999999999999e-06
   3e-05
   3e-05
   7e-05
   1.9999999999999998e-05
   9.999999999999999e-06
   1.9999999999999998e-05
   1.9999999999999998e-05
   1.9999999999999998e-05
   7e-05
   7e-05
   5e-05
   3.9999999999999996e-05
   1.9999999999999998e-05
   0.0
   1.9999999999999998e-05
   7e-05
   0.0001
   5e-05
   7.999999999999999e-05
   5e-05
   5e-05
   7e-05
   6e-05
   7e-05
   8.999999999999999e-05
   6e-05
   1.9999999999999998e-05
   7.999999999999999e-05
   6e-05
   1.9999999999999998e-05
   3.9999999999999996e-05
   3.9999999999999996e-05
   7.999999999999999e-05
   9.999999999999999e-06
   5e-05
   6e-05
   1.9999999999999998e-05
   1.9999999999999998e-05
   3e-05
   3.9999999999999996e-05
   1.9999999999999998e-05
   6e-05
   1.9999999999999998e-05
   3e-05
   6e-05
   3e-05
   9.999999999999999e-06
   6e-05
   1.9999999999999998e-05
   3.9999999999999996e-05
   7e-05
   1.9999999999999998e-05
   5e-05
   1.9999999999999998e-05
   3e-05
   1.9999999999999998e-05
   9.999999999999999e-06
   5e-05
   3e-05
   9.999999999999999e-06
   1.9999999999999998e-05
   1.9999999999999998e-05
   1.9999999999999998e-05
   1.9999999999999998e-05
   9.999999999999999e-06
   5e-05
   1.9999999999999998e-05
   3e-05
   3e-05
   9.999999999999999e-06
   1.9999999999999998e-05
   3.9999999999999996e-05
   6e-05
   3e-05
   3e-05
   5e-05
   3.9999999999999996e-05
   0.0
   5e-05
   1.9999999999999998e-05
   3e-05
   3.9999999999999996e-05
   3e-05
   5e-05
   5e-05
   3e-05
   1.9999999999999998e-05
   9.999999999999999e-06
   9.999999999999999e-06
   0.0
   9.999999999999999e-06
   0.0
   0.0
   1.9999999999999998e-05
   9.999999999999999e-06
   0.0
   9.999999999999999e-06
   1.9999999999999998e-05
   1.9999999999999998e-05
   3e-05
   9.999999999999999e-06
   7e-05
   6e-05
   1.9999999999999998e-05
   3.9999999999999996e-05
   9.999999999999999e-06
   1.9999999999999998e-05
   1.9999999999999998e-05
   3e-05
   9.999999999999999e-06
   3.9999999999999996e-05
   1.9999999999999998e-05
   5e-05
   1.9999999999999998e-05
   9.999999999999999e-06
   3e-05
   0.0
   5e-05
   1.9999999999999998e-05
   5e-05
   1.9999999999999998e-05
   1.9999999999999998e-05
   5e-05
   6e-05
   3.9999999999999996e-05
   3.9999999999999996e-05
   1.9999999999999998e-05
   3.9999999999999996e-05
   1.9999999999999998e-05
   0.0
   3.9999999999999996e-05
   0.0
   0.0
   1.9999999999999998e-05
   0.0
   1.9999999999999998e-05
   1.9999999999999998e-05
   3.9999999999999996e-05
   9.999999999999999e-06
   9.999999999999999e-06
   6e-05
   3.9999999999999996e-05
   1.9999999999999998e-05
   0.0
   1.9999999999999998e-05
   1.9999999999999998e-05
   0.0
   0.0
   9.999999999999999e-06
   9.999999999999999e-06
   9.999999999999999e-06
   9.999999999999999e-06
   9.999999999999999e-06
   9.999999999999999e-06
   1.9999999999999998e-05
   1.9999999999999998e-05
   9.999999999999999e-06
   1.9999999999999998e-05
   0.0
   9.999999999999999e-06
   1.9999999999999998e-05
   0.0
   0.0
   1.9999999999999998e-05
   6e-05
   0.0
   9.999999999999999e-06
   0.0
   1.9999999999999998e-05
   3e-05
   0.0
   0.0
   0.0
   9.999999999999999e-06
   0.0
   9.999999999999999e-06
   0.0
   3e-05
   0.0
   0.0
   0.0
   0.0
   0.0
   0.0
   0.0
   0.0
   1.9999999999999998e-05
   0.0
   0.0
   0.0
   0.0
   1.9999999999999998e-05
   0.0
   0.0
   0.0
   0.0
   0.0
   0.0
   0.0
   0.0
   0.0
   0.0
   0.0
   0.0
   0.0
   0.0
   0.0
   0.0
   0.0
   0.0
   0.0
   0.0
   0.0
   0.0
   0.0
   0.0
   0.0
   0.0
   0.0
   0.0
   0.0
   0.0
   0.0
   0.0
   0.0
   0.0
   0.0
   0.0
   0.0
   0.0
   0.0
   0.0
   0.0
   0.0
   0.0
   0.0
   0.0
   0.0
   0.0
   0.0
   0.0
   0.0
   0.0
   0.0
   0.0
   0.0
   0.0
   0.0
   0.0
   0.0
   0.0
   0.0
   0.0
   0.0
   0.0
   0.0
   0.0
   0.0
   0.0
   0.0
   0.0
   0.0
   0.0
   0.0
   0.0
   0.0
   0.0
   0.0
   0.0
   0.0
   0.0
   0.0
   0.0
   0.0
   0.0
   0.0
   0.0
   0.0
   0.0
   0.0
   0.0
   0.0
   0.0
   0.0
   0.0
   0.0
   0.0
   0.0
   0.0
   0.0
   0.0
   0.0
   0.0
   0.0
