   0.0
   0.0
   0.0
   0.0
   0.0
   0.0
   0.0
   0.0
   0.0
   0.0
   0.0
   0.0
   0.0
   0.0
   0.0
   0.0
   0.0
   0.0
   0.0
   0.0
   0.0
   0.0
   0.0
   0.0
   0.0
   0.0
   0.0
   0.0
   0.0
   0.0
   0.0
   0.0
   0.0
   0.0
   0.0
   0.0
   0.0
   0.0
   0.0
   0.0
   0.0
   0.0
   0.0
   0.0
   0.0
   0.0
   0.0
   0.0
   0.0
   0.0
   0.0
   0.0
   0.0
   0.0
   0.0
   0.0
   0.0
   0.0
   0.0
   0.0
   0.0
   0.0
   0.0
   0.0
   0.0
   0.0
   0.0
   0.0
   0.0
   0.0
   0.0
   0.0
   0.0
   0.0
   0.0
   0.0
   0.0
   0.0
   0.0
   0.0
   0.0
   0.0
   0.0
   0.0
   0.0
   0.0
   0.0
   0.0
   0.0
   0.0
   0.0
   0.0
   0.0
   0.0
   0.0
   0.0
   0.0
   0.0
   0.0
   0.0
   0.0
   0.0
   0.0
   0.0
   0.0
   0.0
   0.0
   0.0
   0.0
   0.0
   0.0
   1e-06
   0.0
   1e-06
   0.0
   0.0
   0.0
   0.0
   2e-06
   0.0
   1e-06
   2.9999999999999997e-06
   0.0
   1e-06
   0.0
   0.0
   2e-06
   1e-06
   2e-06
   1e-06
   2.9999999999999997e-06
   4e-06
   0.0
   5.999999999999999e-06
   4.9999999999999996e-06
   1e-06
   4.9999999999999996e-06
   1.3e-05
   4e-06
   4e-06
   4.9999999999999996e-06
   8e-06
   1.9999999999999998e-05
   1.1e-05
   1.1999999999999999e-05
   2.3999999999999997e-05
   1.1e-05
   2.3999999999999997e-05
   2.3e-05
   2.2e-05
   3.5e-05
   3.4e-05
   3.0999999999999995e-05
   2.5e-05
   4.899999999999999e-05
   3.9999999999999996e-05
   5.4e-05
   6.199999999999999e-05
   6.1e-05
   6.7e-05
   6e-05
   7e-05
   8.9e-05
   9.9e-05
   0.000125
   0.000108
   0.000125
   0.00018099999999999998
   0.00016099999999999998
   0.000183
   0.000244
   0.000239
   0.00024099999999999998
   0.000275
   0.000352
   0.000372
   0.00039
   0.00043
   0.000472
   0.000553
   0.000602
   0.0006889999999999999
   0.000708
   0.0007669999999999999
   0.000883
   0.0009339999999999999
   0.001089
   0.0012189999999999998
   0.0013549999999999999
   0.0015229999999999998
   0.001643
   0.0018679999999999999
   0.002097
   0.002235
   0.002495
   0.00264
   0.003042
   0.00325
   0.003712
   0.004167
   0.004464
   0.0052049999999999996
   0.005639
   0.006235999999999999
   0.006817999999999999
   0.007803
   0.008487
   0.009512
   0.010431999999999999
   0.011386
   0.012953999999999999
   0.014325
   0.016073999999999998
   0.017457999999999998
   0.019369
   0.021808
   0.024088
   0.026876
   0.029540999999999998
   0.032587
   0.036086999999999994
   0.040178
   0.044999
   0.049964999999999996
   0.055307999999999996
   0.060764
   0.0682
   0.07449399999999999
   0.08270299999999998
   0.09204699999999999
   0.102743
   0.113547
   0.126245
   0.14021999999999998
   0.15500899999999998
   0.17172300000000001
   0.19078699999999998
   0.21168399999999998
   0.23525399999999996
   0.26183
   0.289632
   0.320276
   0.356102
   0.394976
   0.438238
   1.055097
   1.090011
   1.120764
   1.138091
   1.147314
   1.147171
   1.14211
   1.1167529999999999
   1.093986
   1.054539
   0.438216
   0.393521
   0.355762
   0.320347
   0.288365
   0.26025699999999996
   0.234563
   0.212029
   0.19022299999999998
   0.17280299999999998
   0.155722
   0.139863
   0.126277
   0.11387599999999999
   0.102579
   0.093023
   0.08253399999999998
   0.075914
   0.067855
   0.061561
   0.054854999999999994
   0.049408999999999995
   0.044909
   0.040158
   0.036097
   0.03278999999999999
   0.029841999999999997
   0.026676999999999996
   0.023936999999999996
   0.021665
   0.01917
   0.017463
   0.016086
   0.014272
   0.012987
   0.0115
   0.010441
   0.009467999999999999
   0.008386
   0.007789
   0.006937
   0.006378999999999999
   0.005661
   0.005249
   0.004613
   0.004001
   0.00373
   0.003284
   0.002986
   0.0028799999999999997
   0.002422
   0.002217
   0.0019579999999999997
   0.001887
   0.001597
   0.0014990000000000001
   0.0012909999999999998
   0.001215
   0.001114
   0.0009989999999999999
   0.000878
   0.0007949999999999999
   0.000722
   0.000578
   0.0005729999999999999
   0.0005319999999999999
   0.0005
   0.000422
   0.00041799999999999997
   0.000346
   0.000341
   0.00029099999999999997
   0.00021299999999999997
   0.00020299999999999997
   0.00021399999999999997
   0.00020899999999999998
   0.00016399999999999997
   0.000128
   0.00011499999999999999
   0.00013499999999999997
   8.3e-05
   8.1e-05
   0.000103
   6.3e-05
   9.2e-05
   7.199999999999999e-05
   6e-05
   4.899999999999999e-05
   5e-05
   3.7e-05
   3.0999999999999995e-05
   2.7e-05
   2.9e-05
   3.0999999999999995e-05
   3.2e-05
   2.7999999999999996e-05
   2.0999999999999995e-05
   1.9999999999999998e-05
   1.1999999999999999e-05
   6.999999999999999e-06
   1.8999999999999998e-05
   1.5e-05
   8.999999999999999e-06
   1.1e-05
   2.9999999999999997e-06
   4e-06
   4.9999999999999996e-06
   2e-06
   4e-06
   2.9999999999999997e-06
   2.9999999999999997e-06
   2.9999999999999997e-06
   4e-06
   6.999999999999999e-06
   0.0
   1e-06
   2e-06
   2e-06
   4.9999999999999996e-06
   1e-06
   0.0
   4e-06
   0.0
   1e-06
   0.0
   0.0
   2e-06
   1e-06
   2e-06
   0.0
   0.0
   0.0
   0.0
   1e-06
   0.0
   0.0
   0.0
   0.0
   0.0
   1e-06
   1e-06
   0.0
   0.0
   0.0
   0.0
   0.0
   0.0
   0.0
   0.0
   0.0
   0.0
   2e-06
   0.0
   0.0
   0.0
   0.0
   0.0
   0.0
   0.0
   0.0
   0.0
   1e-06
   0.0
   0.0
   0.0
   0.0
   0.0
   0.0
   0.0
   0.0
   0.0
   0.0
   0.0
   0.0
   0.0
   0.0
   0.0
   0.0
   0.0
   0.0
   0.0
   0.0
   0.0
   0.0
   0.0
   0.0
   0.0
   0.0
   0.0
   0.0
   0.0
   0.0
   0.0
   0.0
   0.0
   0.0
   0.0
   0.0
   0.0
   0.0
   0.0
   0.0
   0.0
   0.0
   0.0
   0.0
   0.0
   0.0
   0.0
   0.0
   0.0
   0.0
   0.0
   0.0
   0.0
   0.0
   0.0
   0.0
   0.0
   0.0
   0.0
   0.0
   0.0
   0.0
   0.0
   0.0
   0.0
   0.0
   0.0
   0.0
   0.0
   0.0
   0.0
   0.0
   0.0
   0.0
   0.0
   0.0
   0.0
   0.0
   0.0
   0.0
   0.0
   0.0
   0.0
