   1.8256000000000001
   2.37482
   2.47458
   2.49566
   2.49646
   2.5068
   2.4979
   2.51954
   2.49272
   2.5040199999999997
   2.50742
   2.51046
   2.4945399999999998
   2.49382
   2.48376
   2.49828
   2.5022200000000003
   2.492
   2.50038
   2.5117000000000003
   2.49372
   2.5090000000000003
   2.5114
   2.49194
   2.49946
   2.50544
   2.50054
   2.5007
   2.4954799999999997
   2.4866200000000003
   2.49484
   2.49776
   2.50434
   2.49862
   2.496
   2.49612
   2.49176
   2.4990200000000002
   2.49908
   2.49666
   2.5010600000000003
   2.50376
   2.50628
   2.49992
   2.49754
   2.50832
   2.50004
   2.49328
   2.46952
   2.48542
   2.50928
   2.5042600000000004
   2.5099799999999997
   2.50298
   2.51394
   2.49116
   2.5078
   2.49908
   2.50548
   2.4973
   2.4963200000000003
   2.4892600000000003
   2.49926
   2.51526
   2.50466
   2.48736
   2.5063
   2.51156
   2.51156
   2.48046
   2.51182
   2.5014600000000002
   2.5069600000000003
   2.50288
   2.48696
   2.48944
   2.50862
   2.50136
   2.50836
   2.50476
   2.5055
   2.50574
   2.5105399999999998
   2.50124
   2.4951399999999997
   2.50968
   2.50348
   2.4939
   2.49646
   2.5116
   2.50012
   2.49276
   2.5001599999999997
   2.48752
   2.4963599999999997
   2.47708
   2.4836
   2.4624
   2.3640399999999997
   1.8287999999999998
