   0.0
   0.0
   0.0
   0.0
   0.0
   0.0
   0.0
   0.0
   0.0
   0.0
   0.0
   0.0
   0.0
   0.0
   0.0
   0.0
   0.0
   0.0
   0.0
   1.9999999999999998e-05
   0.0
   0.0
   0.0
   0.0
   0.0
   0.0
   0.0
   0.0
   0.0
   0.0
   3.9999999999999996e-05
   0.0
   0.0
   0.0
   0.0
   0.0
   0.0
   0.0
   0.0
   0.0
   0.0
   0.0
   0.0
   1.9999999999999998e-05
   1.9999999999999998e-05
   0.0
   0.0
   0.0
   3.9999999999999996e-05
   0.0
   0.0
   1.9999999999999998e-05
   0.0
   0.0
   0.0
   1.9999999999999998e-05
   3.9999999999999996e-05
   0.0
   0.0
   1.9999999999999998e-05
   0.0
   1.9999999999999998e-05
   0.0
   0.0
   1.9999999999999998e-05
   1.9999999999999998e-05
   0.0
   0.0
   1.9999999999999998e-05
   0.0
   0.0
   6e-05
   0.0
   0.0
   3.9999999999999996e-05
   6e-05
   1.9999999999999998e-05
   0.0
   7.999999999999999e-05
   0.0
   3.9999999999999996e-05
   6e-05
   6e-05
   3.9999999999999996e-05
   0.0
   3.9999999999999996e-05
   0.0
   1.9999999999999998e-05
   7.999999999999999e-05
   0.0
   0.0
   6e-05
   3.9999999999999996e-05
   1.9999999999999998e-05
   7.999999999999999e-05
   6e-05
   1.9999999999999998e-05
   6e-05
   0.00014
   3.9999999999999996e-05
   7.999999999999999e-05
   0.00012
   3.9999999999999996e-05
   6e-05
   0.00015999999999999999
   0.00017999999999999998
   0.00012
   0.00015999999999999999
   0.0001
   7.999999999999999e-05
   0.0001
   6e-05
   6e-05
   0.00017999999999999998
   0.00012
   0.00014
   0.00015999999999999999
   0.00012
   0.00038
   0.00033999999999999997
   0.00017999999999999998
   0.00026
   0.00017999999999999998
   0.00017999999999999998
   0.0002
   0.00024
   0.00026
   0.00028
   0.00045999999999999996
   0.00035999999999999997
   0.00056
   0.00041999999999999996
   0.0005399999999999999
   0.00052
   0.0004
   0.0006399999999999999
   0.00045999999999999996
   0.00048
   0.0005
   0.00058
   0.00082
   0.0005399999999999999
   0.00056
   0.0006799999999999999
   0.00116
   0.00096
   0.00104
   0.0008399999999999999
   0.00104
   0.0011799999999999998
   0.0012999999999999997
   0.00104
   0.0012999999999999997
   0.0014399999999999999
   0.00122
   0.0014799999999999998
   0.0014399999999999999
   0.0018799999999999997
   0.0019
   0.0018399999999999998
   0.00182
   0.00238
   0.0022
   0.0027199999999999998
   0.0020599999999999998
   0.0027799999999999995
   0.0027999999999999995
   0.00276
   0.0033799999999999998
   0.00346
   0.00398
   0.00374
   0.00398
   0.00398
   0.004319999999999999
   0.0044599999999999996
   0.00482
   0.0048
   0.005919999999999999
   0.00604
   0.00646
   0.0066
   0.00698
   0.00702
   0.008
   0.00872
   0.00872
   0.009940000000000001
   0.010499999999999999
   0.010539999999999999
   0.01072
   0.01176
   0.0124
   0.0133
   0.013539999999999998
   0.0141
   0.01546
   0.016919999999999998
   0.01678
   0.01826
   0.01934
   0.02086
   0.02156
   0.02218
   0.02406
   0.02556
   0.029179999999999998
   0.029959999999999997
   0.03166
   0.03202
   0.03532
   0.0361
   0.03899999999999999
   0.04291999999999999
   0.04568
   0.04772
   0.048799999999999996
   0.05322
   0.0605
   0.0628
   0.06695999999999999
   0.0702
   0.07644
   0.08541999999999998
   0.08838
   0.09353999999999998
   0.10206
   0.11001999999999999
   0.12354
   0.13262
   0.13934
   0.15363999999999997
   0.17045999999999997
   0.18596000000000001
   0.19816
   0.2229
   0.2438
   0.2692
   0.29706
   0.33376
   0.36372
   0.41182
   0.45432
   0.5090999999999999
   0.5668799999999999
   0.64106
   0.6944400000000001
   0.72926
   0.75654
   0.7643
   0.76642
   0.75062
   0.7284799999999999
   0.68368
   0.6302599999999999
   0.57262
   0.5085999999999999
   0.45844
   0.40696
   0.3671
   0.32842
   0.29734
   0.2663
   0.24511999999999998
   0.22216
   0.20518
   0.18839999999999998
   0.16601999999999997
   0.15363999999999997
   0.14048
   0.12708
   0.12412
   0.11282
   0.103
   0.09508
   0.08982
   0.08201999999999998
   0.07792
   0.0704
   0.06508
   0.059719999999999995
   0.0593
   0.05398
   0.05196
   0.04884
   0.045459999999999993
   0.040839999999999994
   0.039240000000000004
   0.03548
   0.034859999999999995
   0.033019999999999994
   0.03124
   0.028419999999999997
   0.0286
   0.025259999999999998
   0.024139999999999998
   0.024199999999999996
   0.022399999999999996
   0.02056
   0.01886
   0.0173
   0.017179999999999997
   0.01622
   0.01462
   0.014719999999999999
   0.0134
   0.012199999999999999
   0.011199999999999998
   0.01116
   0.010920000000000001
   0.010599999999999998
   0.00934
   0.0083
   0.007699999999999999
   0.0084
   0.00802
   0.00702
   0.00732
   0.00646
   0.00594
   0.0058200000000000005
   0.0054199999999999995
   0.004739999999999999
   0.005
   0.00454
   0.00452
   0.004079999999999999
   0.00364
   0.0038599999999999997
   0.0033
   0.0035799999999999994
   0.00262
   0.0031
   0.0029
   0.00264
   0.00212
   0.00226
   0.00246
   0.00202
   0.0021599999999999996
   0.00226
   0.0019
   0.00182
   0.0014399999999999999
   0.00174
   0.00142
   0.00134
   0.0012599999999999998
   0.001
   0.00124
   0.00096
   0.00112
   0.0008799999999999999
   0.0010199999999999999
   0.0008799999999999999
   0.0007399999999999999
   0.00078
   0.0009
   0.00076
   0.0009199999999999999
   0.00056
   0.00056
   0.0005399999999999999
   0.0005399999999999999
   0.00045999999999999996
   0.00041999999999999996
   0.00048
   0.00033999999999999997
   0.00045999999999999996
   0.00031999999999999997
   0.00035999999999999997
   0.00041999999999999996
   0.00038
   0.0004
   0.00024
   0.00033999999999999997
   0.00026
   0.00014
   0.0004
   0.00033999999999999997
   0.00017999999999999998
   0.0002
   0.00021999999999999998
   0.00017999999999999998
   0.00014
   0.00024
   0.00028
   0.00012
   0.00014
   0.00012
   0.00015999999999999999
   0.00015999999999999999
   0.00014
   0.0001
   0.00015999999999999999
   0.0001
   3.9999999999999996e-05
   0.0
   3.9999999999999996e-05
   3.9999999999999996e-05
   7.999999999999999e-05
   1.9999999999999998e-05
   1.9999999999999998e-05
   0.0
   6e-05
   7.999999999999999e-05
   6e-05
   3.9999999999999996e-05
   1.9999999999999998e-05
   3.9999999999999996e-05
   6e-05
   3.9999999999999996e-05
   1.9999999999999998e-05
   6e-05
   0.0
   0.0
   1.9999999999999998e-05
   3.9999999999999996e-05
   3.9999999999999996e-05
   1.9999999999999998e-05
   0.0
   3.9999999999999996e-05
   1.9999999999999998e-05
   0.0
   1.9999999999999998e-05
   3.9999999999999996e-05
   0.0
   0.0
   1.9999999999999998e-05
   1.9999999999999998e-05
   6e-05
   0.0
   0.0
   3.9999999999999996e-05
   1.9999999999999998e-05
   0.0
   0.0
   1.9999999999999998e-05
   0.0
   0.0
   1.9999999999999998e-05
   0.0
   1.9999999999999998e-05
   1.9999999999999998e-05
   0.0
   1.9999999999999998e-05
   0.0
   0.0
   0.0
   3.9999999999999996e-05
   1.9999999999999998e-05
   1.9999999999999998e-05
   0.0
   1.9999999999999998e-05
   1.9999999999999998e-05
   0.0
   0.0
   0.0
   0.0
   0.0
   0.0
   1.9999999999999998e-05
   0.0
   0.0
   0.0
   0.0
   0.0
   1.9999999999999998e-05
   0.0
   0.0
   0.0
   0.0
   0.0
   0.0
   0.0
   3.9999999999999996e-05
   0.0
   0.0
   0.0
   1.9999999999999998e-05
   0.0
   0.0
   0.0
   0.0
   0.0
   0.0
   0.0
   0.0
   0.0
   1.9999999999999998e-05
   0.0
   0.0
   0.0
   0.0
   0.0
   0.0
   0.0
   0.0
   0.0
   0.0
