   0.0
   0.0
   0.0
   0.0
   0.0
   0.0
   0.0
   0.0
   0.0
   0.0
   0.0
   0.0
   0.0
   0.0
   0.0
   0.0
   0.0
   0.0
   0.0
   0.0
   0.0
   0.0
   0.0
   0.0
   0.0
   0.0
   0.0
   0.0
   0.0
   0.0
   0.0
   0.0
   0.0
   0.0
   0.0
   0.0
   0.0
   0.0
   0.0
   0.0
   0.0
   0.0
   0.0
   0.0
   0.0
   0.0
   0.0
   0.0
   0.0
   0.0
   0.0
   0.0
   0.0
   0.0
   0.0
   0.0
   0.0
   0.0
   0.0
   0.0
   0.0
   0.0
   0.0
   0.0
   0.0
   0.0
   0.0
   0.0
   0.0
   0.0
   0.0
   0.0
   0.0
   0.0
   0.0
   0.0
   0.0
   0.0
   0.0
   0.0
   0.0
   0.0
   0.0
   0.0
   0.0
   0.0
   0.0
   0.0
   0.0
   0.0
   0.0
   0.0
   0.0
   0.0
   0.0
   0.0
   0.0
   0.0
   0.0
   0.0
   0.0
   0.0
   0.0
   0.0
   0.0
   0.0
   0.0
   0.0
   0.0
   0.0
   0.0
   0.0
   0.0
   0.0
   0.0
   0.0
   0.0
   0.0
   0.0
   0.0
   0.0
   0.0
   0.0
   0.0
   0.0
   0.0
   0.0
   0.0
   0.0
   0.0
   0.0
   0.0
   0.0
   0.0
   0.0
   0.0
   0.0
   0.0
   0.0
   0.0
   0.0
   0.0
   0.0
   0.0
   0.0
   0.0
   0.0
   0.0
   0.0
   0.0
   0.0
   0.0
   0.0
   0.0
   0.0
   0.0
   0.0
   0.0
   0.0
   0.0
   0.0
   0.0
   0.0
   0.0
   0.0
   0.0
   0.0
   0.0
   0.0
   0.0
   0.0
   0.0
   0.0
   0.0
   0.0
   0.0
   0.0
   0.0
   0.0
   0.0
   0.0
   0.0
   0.0
   0.0
   0.0
   0.0
   0.0
   0.0
   0.0
   0.0
   0.0
   0.0
   0.0
   0.0
   0.0
   0.0
   0.0
   0.0
   0.0
   0.0
   0.0
   0.0
   0.0
   0.0
   0.0
   0.0
   0.0
   0.0
   0.0
   0.0
   0.0
   0.0
   0.0
   0.0
   0.0
   0.0
   0.0
   0.0
   0.0
   0.0
   0.0
   0.0
   0.0
   0.0
   0.0
   0.0
   0.0
   0.0
   0.0
   0.0
   0.0
   0.0
   0.0
   0.0
   0.0
   0.0
   0.0
   0.0
   0.0
   0.0
   0.0
   0.0
   0.0
   0.0
   0.0
   0.0
   0.0
   0.0
   0.0
   0.0
   0.0
   0.0
   0.0
   0.0
   0.0
   0.0
   0.0
   0.0
   0.0
   0.0
   0.0
   0.0
   0.0
   0.0
   0.0
   0.0
   0.0
   0.0
   0.0
   0.0
   0.0
   0.0
   0.0
   0.0
   0.0
   0.0
   0.0
   0.0
   0.0
   0.0
   0.0
   0.0
   0.0
   0.0
   0.0
   0.0
   0.0
   0.0
   0.0
   0.0
   0.0
   0.0
   0.0
   0.0
   0.0
   0.0
   0.0
   0.0
   0.0
   0.0
   0.0
   0.0
   0.0
   0.0
   0.0
   0.0
   0.0
   0.0
   0.0
   0.0
   0.0
   0.0
   0.0
   0.0
   0.0
   0.0
   0.0
   0.0
   0.0
   0.0
   0.0
   0.0
   0.0
   0.0
   0.0
   0.0002
   0.0002
   0.0
   0.0
   0.0
   0.0002
   0.0
   0.0
   0.0
   0.0
   0.0
   0.0
   0.0
   0.0
   0.0004
   0.0
   0.0002
   0.0002
   0.0006
   0.0002
   0.0002
   0.001
   0.0006
   0.0006
   0.0002
   0.0
   0.0006
   0.0
   0.0002
   0.0002
   0.0002
   0.0006
   0.0004
   0.0004
   0.0004
   0.0002
   0.0002
   0.0004
   0.0004
   0.0004
   0.0
   0.0
   0.0002
   0.0
   0.0
   0.0
   0.0
   0.0
   0.0
   0.0002
   0.0002
   0.0
   0.0
   0.0002
   0.0
   0.0006
   0.0
   0.0
   0.0008
   0.0004
   0.0
   0.0006
   0.0002
   0.0004
   0.0002
   0.0002
   0.0
   0.0002
   0.0004
   0.0
   0.0004
   0.0002
   0.0008
   0.0004
   0.0002
   0.0
   0.0
   0.0002
   0.0002
   0.0
   0.0002
   0.0002
   0.0
   0.0
   0.0
   0.0004
   0.0
   0.0
   0.0
   0.0
   0.0002
   0.0
   0.0004
   0.0002
   0.0002
   0.0002
   0.0
   0.0004
   0.0002
   0.0004
   0.0
   0.0002
   0.0002
   0.0002
   0.0002
   0.0
   0.0
   0.0
   0.0
   0.0
   0.0002
   0.0006
   0.0
   0.0002
   0.0
   0.0002
   0.0
   0.0
   0.0
   0.0002
   0.0006
   0.0
   0.0002
   0.0006
   0.0008
   0.0
   0.0002
   0.0004
   0.0002
   0.0004
   0.0002
   0.0
   0.0002
   0.0
   0.0006
   0.0
   0.0002
   0.0
   0.0002
   0.0004
   0.0004
   0.0006
   0.0004
   0.0002
   0.0
   0.0002
   0.0002
   0.0006
   0.0
   0.0002
   0.0004
   0.0004
   0.0004
   0.0002
   0.0006
   0.0006
   0.0
   0.0004
   0.0002
   0.0004
   0.0004
   0.0004
   0.0004
   0.0
   0.0002
   0.0002
   0.0004
   0.0002
   0.0004
   0.0
   0.0004
   0.0006
   0.0006
   0.0002
   0.0004
   0.0008
   0.0002
   0.0004
   0.0002
   0.0002
   0.0002
   0.0004
   0.0
   0.0004
   0.0006
   0.0006
   0.0012
   0.0004
   0.0002
   0.0016
   0.0006
   0.0004
   0.0002
   0.001
   0.0008
   0.0008
   0.0008
   0.0
   0.0006
   0.0006
   0.001
   0.0002
   0.0006
   0.001
   0.0013999999999999998
   0.0004
   0.0004
   0.0006
   0.0006
   0.0
   0.0006
   0.0006
   0.0002
   0.0
   0.001
   0.0006
   0.0006
   0.0002
   0.0006
   0.0008
   0.0008
   0.001
   0.0008
   0.0004
   0.0008
   0.001
   0.0008
   0.0013999999999999998
   0.0
   0.0
   0.0006
   0.0
   0.001
   0.0006
   0.0008
   0.0006
   0.0006
   0.0004
   0.0012
   0.0016
   0.0013999999999999998
   0.001
   0.0006
   0.001
   0.0006
   0.0006
   0.0016
   0.0008
   0.0008
   0.0013999999999999998
   0.001
   0.0016
   0.0013999999999999998
   0.0008
   0.0002
   0.0002
   0.001
   0.0008
   0.0008
   0.0013999999999999998
   0.001
   0.0006
   0.0012
   0.0013999999999999998
   0.0018
   0.0013999999999999998
   0.0016
   0.0012
   0.0022
   0.0013999999999999998
   0.0024
   0.0012
   0.0016
   0.0016
   0.0025999999999999994
   0.0012
   0.0012
   0.0024
   0.0013999999999999998
   0.0022
   0.002
   0.0025999999999999994
   0.0018
   0.002
   0.0024
   0.0012
   0.0022
   0.002
   0.0013999999999999998
   0.0029999999999999996
   0.0022
   0.002
   0.0027999999999999995
   0.0024
   0.0016
   0.0034000000000000002
   0.002
   0.002
   0.0022
   0.0013999999999999998
   0.0027999999999999995
   0.0024
   0.0038
   0.0038
   0.0029999999999999996
   0.004
   0.0022
   0.0025999999999999994
   0.0038
   0.0036
   0.004
   0.0027999999999999995
   0.0038
   0.002
   0.0034000000000000002
   0.0048
   0.0048
   0.005399999999999999
   0.004
   0.0036
   0.0046
   0.004
   0.0072
   0.0062
   0.005999999999999999
   0.0044
   0.0046
   0.0036
   0.0062
   0.0042
   0.006999999999999999
   0.0066
   0.005199999999999999
   0.0064
   0.0068000000000000005
   0.005199999999999999
   0.0086
   0.0058
   0.006999999999999999
   0.008
   0.0062
   0.0072
   0.0072
   0.0073999999999999995
   0.009
   0.0066
   0.0096
   0.0076
   0.0072
   0.0076
   0.008199999999999999
   0.0092
   0.0088
   0.010599999999999998
   0.010399999999999998
   0.0102
   0.0126
   0.010599999999999998
   0.0098
   0.010599999999999998
   0.011999999999999999
   0.011399999999999999
   0.015799999999999998
   0.013999999999999999
   0.009
   0.0102
   0.015799999999999998
   0.014599999999999998
   0.013999999999999999
   0.0152
   0.0126
   0.013600000000000001
   0.012199999999999999
   0.013600000000000001
   0.013
   0.0174
   0.0156
   0.015
   0.015399999999999999
   0.0166
   0.016
   0.0174
   0.0184
   0.0168
   0.0176
   0.018
   0.013999999999999999
   0.0168
   0.020999999999999998
   0.02
   0.018
   0.0218
   0.020799999999999996
   0.022399999999999996
   0.023999999999999997
   0.026199999999999998
   0.027599999999999996
   0.023
   0.0248
   0.0192
   0.0252
   0.023
   0.0278
   0.0266
   0.0278
   0.031599999999999996
   0.0282
   0.0286
   0.027999999999999997
   0.0322
   0.030599999999999995
   0.028999999999999998
   0.0326
   0.0334
   0.0304
   0.0352
   0.0298
   0.0338
   0.0344
   0.0438
   0.0372
   0.0344
   0.0388
   0.04139999999999999
   0.037399999999999996
   0.036399999999999995
   0.0314
   0.048999999999999995
   0.0442
   0.0442
   0.0394
   0.0464
   0.0464
   0.046
   0.0462
   0.0476
   0.0474
   0.0502
   0.0538
   0.0532
   0.0478
   0.0556
   0.058399999999999994
   0.0596
   0.061799999999999994
   0.0704
   0.061
   0.0652
   0.0566
   0.067
   0.0638
   0.06599999999999999
   0.06319999999999999
   0.06899999999999999
   0.0628
   0.06199999999999999
   0.06499999999999999
   0.06459999999999999
   0.0702
   0.0838
   0.07139999999999999
   0.07279999999999999
   0.0812
   0.0778
   0.079
   0.08619999999999998
   0.08319999999999998
   0.08
   0.086
   0.08639999999999999
   0.0788
   0.085
   0.0974
   0.0786
   0.08999999999999998
   0.0982
   0.09999999999999999
   0.1038
   0.10339999999999999
   0.10279999999999999
   0.1046
   0.1146
   0.10880000000000001
   0.11359999999999999
   0.10699999999999998
   0.11639999999999999
   0.1132
   0.10779999999999999
   0.1212
   0.12059999999999998
   0.128
   0.1196
   0.134
   0.1314
   0.1352
   0.1416
   0.1272
   0.1308
   0.143
   0.1404
   0.1552
   0.1552
   0.1636
   0.1562
   0.1666
   0.17579999999999998
   0.1742
   0.16279999999999997
   0.1876
   0.182
   0.1784
   0.1912
   0.1982
   0.1946
   0.1974
   0.1998
   0.2102
   0.20379999999999998
   0.2112
   0.216
   0.216
   0.227
   0.2466
   0.23399999999999999
   0.24359999999999998
   0.2302
   0.23679999999999998
   0.2636
   0.25399999999999995
   0.2662
   0.26139999999999997
   0.25579999999999997
   0.2808
   0.2864
   0.2828
   0.2784
   0.29919999999999997
   0.3146
   0.2944
   0.306
   0.32239999999999996
   0.32919999999999994
   0.3172
   0.32399999999999995
   0.3238
   0.3308
   0.3332
   0.3524
   0.3644
   0.36679999999999996
   0.3712
   0.3685999999999999
   0.39399999999999996
   0.3932
   0.4014
   0.42799999999999994
   0.41079999999999994
   0.4404
   0.424
   0.4306
   0.4432
   0.44139999999999996
   0.44699999999999995
   0.478
   0.4654
   0.48939999999999995
   0.4848
   0.5216
   0.502
   0.5396
   0.5516
   0.5382
   0.5548
   0.5654
   0.5721999999999999
   0.576
   0.5963999999999999
   0.61
   0.6085999999999999
   0.6073999999999999
   0.6446
   0.6678000000000001
   0.6594
   0.6798
   0.6941999999999999
   0.6938
   0.697
   0.7326
   0.7253999999999999
   0.7517999999999999
   0.762
   0.7543999999999998
   0.7886
   0.7989999999999999
   0.828
   0.83
   0.8608
   0.8537999999999999
   0.888
   0.9027999999999999
   0.9138
   0.9148000000000001
   0.9297999999999998
   0.9703999999999999
   1.0108
   1.0062
   1.0659999999999998
   1.0406
   1.0788
   1.087
   1.1059999999999999
   1.1221999999999999
   1.1508
   1.1676
   1.218
   1.1849999999999998
   1.2118
   1.2428
   1.257
   1.3014
   1.3274
   1.3286
   1.3545999999999998
   1.4054
   1.3798
   1.4227999999999998
   1.4449999999999998
   1.4808
   1.5106
   1.5473999999999999
   1.5896
   1.5801999999999998
   1.5609999999999997
   1.6243999999999998
   1.6994
   1.704
   1.7355999999999998
   1.8002
   1.8279999999999998
   1.844
   1.9006
   1.8951999999999998
   1.9417999999999997
   2.0126
   2.0231999999999997
   2.0882
   2.1306
   2.1544
   2.2304
   2.2695999999999996
   2.285
   2.3372
   2.4636
   2.409
   2.5036
   2.5291999999999994
   2.5879999999999996
   2.7
   2.7366
   2.7645999999999997
   2.7883999999999998
   2.8688000000000002
   2.9476
   3.0494
   3.1226
   3.1835999999999998
   3.3294
   3.3648
   3.4374
   3.6109999999999998
   3.755
   3.8219999999999996
   3.9076
   3.9916
   3.9907999999999997
   3.9439999999999995
   3.9267999999999996
   3.93
   3.8622
   3.7318
   3.6008
   3.4682
   3.3844
   3.3107999999999995
   3.1725999999999996
   3.11
   3.0365999999999995
   2.9587999999999997
   2.8898
   2.7694
   2.7203999999999997
   2.7308
   2.6675999999999997
   2.56
   2.484
   2.4646
   2.3785999999999996
   2.3455999999999997
   2.3258
   2.2617999999999996
   2.2292
   2.164
   2.1384
   2.1172
   2.0311999999999997
   2.0296
   1.9966
   1.95
   1.888
   1.8636
   1.7916
   1.7872
   1.7674
   1.7158
   1.6987999999999999
   1.6336
   1.6258
   1.6275999999999997
   1.5992
   1.5717999999999999
   1.5210000000000001
   1.4969999999999999
   1.4776
   1.4596
   1.4258
   1.3832
   1.3923999999999999
   1.3808
   1.3372
   1.3194
   1.2581999999999998
   1.2224
   1.2298
   1.2202
   1.1772
   1.1576
   1.1369999999999998
   1.1176
   1.1261999999999999
   1.0839999999999999
   1.0824
   1.0644
   1.0368
   0.9656
   0.9718
   0.9642000000000001
   0.9328
   0.9256
   0.9114
   0.8817999999999999
   0.8977999999999999
   0.8615999999999999
   0.8477999999999999
   0.8198
   0.8114
   0.819
   0.8118
   0.7767999999999999
   0.7849999999999999
   0.7507999999999999
   0.761
   0.7366
   0.7452
   0.7242
   0.7041999999999999
   0.6911999999999999
   0.6698
   0.6479999999999999
   0.6689999999999999
   0.6285999999999999
   0.6224
   0.6164
   0.584
   0.5956
   0.5619999999999999
   0.5786
   0.5632
   0.5489999999999999
   0.5277999999999999
   0.5272
   0.5136
   0.507
   0.5029999999999999
   0.4956
   0.47239999999999993
   0.4782
   0.47559999999999997
   0.44639999999999996
   0.4612
   0.429
   0.44279999999999997
   0.42299999999999993
   0.4252
   0.409
   0.41259999999999997
   0.40099999999999997
   0.37679999999999997
   0.3792
   0.3812
   0.36979999999999996
   0.35999999999999993
   0.35839999999999994
   0.35619999999999996
   0.3474
   0.3452
   0.3394
   0.32439999999999997
   0.3248
   0.32239999999999996
   0.3076
   0.29119999999999996
   0.3026
   0.2928
   0.2824
   0.2842
   0.27859999999999996
   0.2658
   0.2644
   0.2586
   0.2512
   0.25239999999999996
   0.2576
   0.2602
   0.24799999999999997
   0.2442
   0.23099999999999998
   0.2306
   0.21559999999999999
   0.2314
   0.21459999999999999
   0.2092
   0.1946
   0.20179999999999998
   0.21
   0.1964
   0.18639999999999998
   0.17819999999999997
   0.18739999999999998
   0.1772
   0.18519999999999998
   0.1802
   0.1812
   0.1704
   0.16459999999999997
   0.158
   0.1674
   0.1532
   0.1606
   0.14379999999999998
   0.144
   0.148
   0.1434
   0.14959999999999998
   0.1442
   0.1336
   0.13999999999999999
   0.13599999999999998
   0.1336
   0.1254
   0.1208
   0.123
   0.1344
   0.1254
   0.1114
   0.11359999999999999
   0.111
   0.1176
   0.10779999999999999
   0.1146
   0.11499999999999999
   0.10019999999999998
   0.1114
   0.1046
   0.0996
   0.1006
   0.09499999999999999
   0.09339999999999998
   0.0834
   0.0852
   0.0876
   0.091
   0.0892
   0.08399999999999999
   0.091
   0.0894
   0.08259999999999999
   0.08099999999999999
   0.08059999999999999
   0.0704
   0.0742
   0.073
   0.0736
   0.07799999999999999
   0.0654
   0.0744
   0.07119999999999999
   0.0692
   0.0698
   0.06319999999999999
   0.0606
   0.058199999999999995
   0.06199999999999999
   0.0602
   0.05859999999999999
   0.057800000000000004
   0.052599999999999994
   0.053
   0.0604
   0.0574
   0.0462
   0.049999999999999996
   0.0472
   0.037599999999999995
   0.047
   0.0498
   0.0462
   0.0426
   0.0478
   0.0486
   0.049199999999999994
   0.0408
   0.0474
   0.04
   0.037
   0.04479999999999999
   0.0338
   0.0408
   0.0378
   0.030599999999999995
   0.030999999999999996
   0.036199999999999996
   0.0318
   0.032999999999999995
   0.0294
   0.030599999999999995
   0.0318
   0.026
   0.0232
   0.026
   0.0312
   0.027
   0.027999999999999997
   0.0302
   0.0266
   0.0218
   0.025799999999999997
   0.023
   0.0254
   0.020799999999999996
   0.0226
   0.0196
   0.022799999999999997
   0.0196
   0.020799999999999996
   0.0184
   0.0196
   0.0204
   0.022
   0.023
   0.018799999999999997
   0.0176
   0.017799999999999996
   0.0176
   0.019799999999999998
   0.0202
   0.0176
   0.018
   0.0166
   0.0192
   0.013999999999999999
   0.0156
   0.0132
   0.015799999999999998
   0.0144
   0.015
   0.0144
   0.0126
   0.0128
   0.0132
   0.0168
   0.016399999999999998
   0.0152
   0.0128
   0.010399999999999998
   0.014199999999999999
   0.0124
   0.0156
   0.0126
   0.011199999999999998
   0.013
   0.013600000000000001
   0.013600000000000001
   0.011199999999999998
   0.010399999999999998
   0.010599999999999998
   0.0126
   0.011999999999999999
   0.0116
   0.0088
   0.011999999999999999
   0.013
   0.0098
   0.0098
   0.009
   0.0088
   0.0092
   0.01
   0.0092
   0.0078
   0.0064
   0.010799999999999999
   0.0072
   0.0084
   0.009
   0.0086
   0.0072
   0.0076
   0.0058
   0.009
   0.0064
   0.0066
   0.005599999999999999
   0.005
   0.0058
   0.005399999999999999
   0.005199999999999999
   0.0058
   0.005199999999999999
   0.005
   0.0042
   0.0046
   0.0044
   0.0046
   0.005399999999999999
   0.005399999999999999
   0.005199999999999999
   0.0042
   0.0042
   0.0044
   0.0042
   0.0046
   0.0036
   0.0034000000000000002
   0.0027999999999999995
   0.0048
   0.0048
   0.005399999999999999
   0.0036
   0.0032
   0.004
   0.0024
   0.0034000000000000002
   0.0044
   0.0034000000000000002
   0.0032
   0.0038
   0.0025999999999999994
   0.0029999999999999996
   0.0036
   0.0022
   0.0022
   0.0027999999999999995
   0.0024
   0.0042
   0.0027999999999999995
   0.0022
   0.0016
   0.0025999999999999994
   0.0018
   0.0013999999999999998
   0.0032
   0.0016
   0.0018
   0.0018
   0.0027999999999999995
   0.0022
   0.0024
   0.002
   0.0032
   0.002
   0.0024
   0.0018
   0.0013999999999999998
   0.0024
   0.0016
   0.0025999999999999994
   0.0022
   0.0016
   0.0022
   0.0029999999999999996
   0.001
   0.0016
   0.0024
   0.0013999999999999998
   0.0006
   0.001
   0.0013999999999999998
   0.0018
   0.001
   0.0012
   0.0016
   0.002
   0.0022
   0.002
   0.002
   0.0016
   0.002
   0.0025999999999999994
   0.002
   0.0029999999999999996
   0.0013999999999999998
   0.0013999999999999998
   0.0022
   0.0016
   0.0027999999999999995
   0.0025999999999999994
   0.001
   0.0016
   0.0016
   0.001
   0.001
   0.0016
   0.0008
   0.0012
   0.0008
   0.0024
   0.0012
   0.0013999999999999998
   0.0012
   0.001
   0.0008
   0.0008
   0.0012
   0.0006
   0.0008
   0.0012
   0.0008
   0.0006
   0.001
   0.002
   0.0012
   0.0008
   0.0006
   0.0004
   0.0008
   0.0013999999999999998
   0.0012
   0.0012
   0.0013999999999999998
   0.0013999999999999998
   0.0018
   0.002
   0.0006
   0.0008
   0.0004
   0.0004
   0.0004
   0.0
   0.0012
   0.0008
   0.0006
   0.001
   0.0004
   0.0008
   0.0012
   0.0004
   0.0
   0.0002
   0.0002
   0.0
   0.0002
   0.0006
   0.0
   0.0
   0.0
   0.0002
   0.0004
   0.0002
   0.0008
   0.0004
   0.0
   0.0002
   0.0
   0.0002
   0.0006
   0.0
   0.0006
   0.0004
   0.0002
   0.0004
   0.0
   0.0004
   0.0
   0.0002
   0.0002
   0.0002
   0.0
   0.0
   0.0
   0.0
   0.0
   0.0002
   0.0
   0.0
   0.0
   0.0
   0.0
   0.0
   0.0
   0.0
   0.0
   0.0
   0.0
   0.0
   0.0
   0.0
   0.0
   0.0
   0.0
   0.0002
   0.0002
   0.0002
   0.0
   0.0
   0.0
   0.0004
   0.0
   0.0002
   0.0
   0.0
   0.0
   0.0002
   0.0
   0.0
   0.0002
   0.0
   0.0
   0.0
   0.0
   0.0
   0.0
   0.0
   0.0002
   0.0
   0.0
   0.0002
   0.0
   0.0
   0.0002
   0.0002
   0.0
   0.0
   0.0
   0.0
   0.0
   0.0
   0.0
   0.0002
   0.0002
   0.0002
   0.0
   0.0
   0.0002
   0.0002
   0.0002
   0.0004
   0.0002
   0.0
   0.0002
   0.0
   0.0
   0.0002
   0.0002
   0.0
   0.0002
   0.0
   0.0
   0.0
   0.0002
   0.0
   0.0
   0.0
   0.0004
   0.0
   0.0
   0.0002
   0.0
   0.0
   0.0
   0.0
   0.0
   0.0004
   0.0
   0.0002
   0.0
   0.0
   0.0
   0.0
   0.0
   0.0002
   0.0
   0.0
   0.0002
   0.0
   0.0
   0.0
   0.0002
   0.0
   0.0
   0.0
   0.0
   0.0002
   0.0
   0.0
   0.0002
   0.0
   0.0
   0.0
   0.0002
   0.0
   0.0
   0.0
   0.0
   0.0
   0.0
   0.0
   0.0
   0.0
   0.0
   0.0
   0.0
   0.0
   0.0
   0.0
   0.0
   0.0
   0.0
   0.0
   0.0
   0.0
   0.0
   0.0
   0.0
   0.0
   0.0
   0.0
   0.0
   0.0
   0.0
   0.0
   0.0
   0.0
   0.0
   0.0
   0.0
   0.0
   0.0
   0.0
   0.0
   0.0
   0.0
   0.0
   0.0
   0.0
   0.0
   0.0
   0.0
   0.0
   0.0
   0.0
   0.0
   0.0
   0.0
   0.0
   0.0
   0.0
   0.0
   0.0
   0.0
   0.0
   0.0
   0.0
   0.0
   0.0
   0.0
   0.0
   0.0
   0.0
   0.0
   0.0
   0.0
   0.0
   0.0
   0.0
   0.0
   0.0
   0.0
   0.0
   0.0
   0.0
   0.0
   0.0
   0.0
   0.0
   0.0
   0.0
   0.0
   0.0
   0.0
   0.0
   0.0
   0.0
   0.0
   0.0
   0.0
   0.0
   0.0
   0.0
   0.0
   0.0
   0.0
   0.0
   0.0
   0.0
   0.0
   0.0
   0.0
   0.0
   0.0
   0.0
   0.0
   0.0
   0.0
   0.0
   0.0
   0.0
   0.0
   0.0
   0.0
   0.0
   0.0
   0.0
   0.0
   0.0
   0.0
   0.0
   0.0
   0.0
   0.0
   0.0
   0.0
   0.0
   0.0
   0.0
   0.0
   0.0
   0.0
   0.0
   0.0
   0.0
   0.0
   0.0
   0.0
   0.0
   0.0
   0.0
   0.0
   0.0
   0.0
   0.0
   0.0
   0.0
   0.0
   0.0
   0.0
   0.0
   0.0
   0.0
   0.0
   0.0
   0.0
   0.0
   0.0
   0.0
   0.0
   0.0
   0.0
   0.0
   0.0
   0.0
   0.0
   0.0
   0.0
   0.0
   0.0
   0.0
   0.0
   0.0
   0.0
   0.0
   0.0
   0.0
   0.0
   0.0
   0.0
   0.0
   0.0
   0.0
   0.0
   0.0
   0.0
   0.0
   0.0
   0.0
   0.0
   0.0
   0.0
   0.0
   0.0
   0.0
   0.0
   0.0
   0.0
   0.0
   0.0
   0.0
   0.0
   0.0
   0.0
   0.0
   0.0
   0.0
   0.0
   0.0
   0.0
   0.0
   0.0
   0.0
   0.0
   0.0
   0.0
   0.0
   0.0
   0.0
   0.0
   0.0
   0.0
   0.0
   0.0
   0.0
   0.0
   0.0
   0.0
   0.0
   0.0
   0.0
   0.0
   0.0
   0.0
   0.0
   0.0
   0.0
   0.0
   0.0
   0.0
   0.0
   0.0
   0.0
   0.0
   0.0
   0.0
   0.0
   0.0
   0.0
   0.0
   0.0
   0.0
   0.0
   0.0
   0.0
   0.0
   0.0
   0.0
   0.0
   0.0
   0.0
   0.0
   0.0
   0.0
   0.0
   0.0
   0.0
   0.0
   0.0
   0.0
   0.0
   0.0
   0.0
   0.0
   0.0
   0.0
   0.0
   0.0
   0.0
   0.0
   0.0
   0.0
   0.0
   0.0
   0.0
   0.0
   0.0
   0.0
   0.0
   0.0
   0.0
   0.0
   0.0
   0.0
   0.0
   0.0
   0.0
   0.0
   0.0
   0.0
   0.0
   0.0
   0.0
   0.0
   0.0
   0.0
   0.0
   0.0
   0.0
   0.0
   0.0
   0.0
   0.0
   0.0
   0.0
   0.0
   0.0
   0.0
   0.0
   0.0
   0.0
   0.0
   0.0
   0.0
   0.0
   0.0
   0.0
   0.0
   0.0
   0.0
   0.0
   0.0
   0.0
   0.0
   0.0
   0.0
   0.0
   0.0
   0.0
   0.0
   0.0
   0.0
   0.0
   0.0
   0.0
   0.0
   0.0
   0.0
   0.0
   0.0
