   0.0
   0.0
   0.0
   0.0
   0.0
   0.0
   0.0
   0.0
   0.0
   0.0
   0.0
   0.0
   0.0
   0.0
   0.0
   0.0
   0.0
   0.0
   0.0
   0.0
   0.0
   0.0
   0.0
   0.0
   0.0
   0.0
   0.0
   0.0
   0.0
   0.0
   0.0
   0.0
   0.0
   0.0
   0.0
   0.0
   0.0
   0.0
   0.0
   0.0
   0.0
   0.0
   0.0
   0.0
   0.0
   0.0
   0.0
   0.0
   0.0
   0.0
   0.0
   0.0
   0.0
   0.0
   0.0
   0.0
   0.0
   0.0
   0.0
   0.0
   0.0
   0.0
   0.0
   0.0
   0.0
   0.0
   0.0
   0.0
   0.0
   0.0
   0.0
   0.0
   0.0
   0.0
   0.0
   0.0
   0.0
   0.0
   0.0
   0.0
   0.0
   0.0
   0.0
   0.0
   0.0
   0.0
   0.0
   0.0
   0.0
   0.0
   0.0
   0.0
   0.0
   0.0
   0.0
   0.0
   0.0
   0.0
   0.0
   0.0
   0.0
   0.0
   0.0
   0.0
   0.0
   0.0
   0.0
   0.0
   0.0
   0.0
   0.0
   0.0
   0.0
   0.0
   0.0
   0.0
   0.0
   0.0
   0.0
   0.0
   0.0
   0.0
   0.0
   0.0
   0.0
   0.0
   0.0
   0.0
   0.0
   0.0
   0.0
   0.0
   0.0
   0.0
   0.0
   0.0
   0.0
   0.0
   0.0
   0.0
   0.0
   0.0
   0.0
   0.0
   0.0
   0.0
   0.0
   0.0
   0.0
   0.0
   0.0
   0.0
   0.0
   0.0
   0.0
   0.0
   0.0
   0.0
   0.0
   0.0
   0.0
   0.0
   0.0
   0.0
   0.0
   0.0
   0.0
   0.0
   0.0
   0.0
   0.0
   0.0
   0.0
   0.0
   0.0
   0.0
   0.0
   0.0
   0.0
   0.0
   0.0
   0.0
   0.0
   0.0
   0.0
   0.0
   0.0
   0.0
   0.0
   0.0
   0.0
   0.0
   0.0
   0.0
   0.0
   0.0
   0.0
   0.0
   0.0
   0.0
   0.0
   0.0
   0.0
   0.0
   0.0
   0.0
   0.0
   0.0
   0.0
   0.0
   0.0
   0.0
   0.0
   0.0
   0.0
   0.0
   0.0
   0.0
   0.0
   0.0
   0.0
   0.0
   0.0
   0.0
   0.0
   0.0
   0.0
   0.0
   0.0
   0.0
   0.0
   0.0
   0.0
   0.0
   0.0
   0.0
   0.0
   0.0
   0.0
   0.0
   0.0
   0.0
   0.0
   0.0
   0.0
   0.0
   0.0
   0.0
   0.0
   0.0
   0.0
   0.0
   0.0
   0.0
   0.0
   0.0
   0.0
   0.0
   0.0
   0.0
   0.0
   0.0
   0.0
   0.0
   0.0
   0.0
   0.0
   0.0
   0.0
   0.0
   0.0
   0.0
   0.0
   0.0
   0.0
   0.0
   0.0
   0.0
   0.0
   0.0
   0.0
   0.0
   0.0
   0.0
   0.0
   0.0
   0.0
   0.0
   0.0
   0.0
   0.0
   0.0
   0.0
   0.0
   0.0
   0.0
   0.0
   0.0
   0.0
   0.0
   0.0
   0.0
   0.0
   0.0
   0.0
   0.0
   0.0
   0.0
   0.0
   0.0
   0.0
   0.0
   0.0
   0.0
   0.0
   0.0
   0.0
   0.0
   0.0
   0.0
   0.0
   0.0
   0.0
   0.0
   0.0
   0.0
   0.0
   0.0
   0.0
   0.0
   0.0
   0.0
   0.0
   0.0
   0.0
   0.0
   0.0
   0.0
   0.0
   0.0
   0.0
   0.0
   0.0
   0.0
   0.0
   0.0
   0.0
   0.0
   0.0
   0.0
   0.0
   0.0
   0.0
   0.0
   0.0
   0.0
   0.0
   0.0
   0.0
   0.0
   0.0
   0.0
   0.0
   0.0
   0.0
   0.0
   0.0
   0.0
   0.0
   0.0
   0.0
   0.0
   0.0
   0.0
   0.0
   0.0
   0.0
   0.0
   0.0
   0.0
   0.0
   0.0
   0.0
   0.0
   0.0
   0.0
   0.0
   0.0
   0.0
   0.0
   0.0
   0.0
   0.0
   0.0
   0.0
   0.0
   0.0
   0.0
   0.0
   0.0
   0.0
   0.0
   0.0
   0.0
   0.0
   0.0
   0.0
   0.0
   0.0
   0.0
   0.0
   0.0
   0.0
   0.0
   0.0
   0.0
   0.0
   0.0
   0.0
   0.0
   0.0
   0.0
   0.0
   0.0
   0.0
   0.0
   0.0
   0.0
   0.0
   0.0
   0.0
   0.0
   0.0
   0.0
   0.0
   0.0
   0.0
   0.0
   0.0
   0.0
   0.0
   0.0
   0.0
   0.0
   0.0
   0.0
   0.0
   0.0
   0.0
   0.0
   0.0
   0.0
   0.0
   0.0
   0.0
   0.0
   0.0
   0.0
   0.0
   0.0
   0.0
   0.0
   0.0
   0.0
   0.0
   0.0
   0.0
   0.0
   0.0
   0.0
   0.0
   0.0
   0.0
   0.0
   0.0
   0.0
   0.0
   0.0
   0.0
   0.0
   0.0
   0.0
   0.0
   0.0
   0.0
   0.0
   0.0
   0.0
   0.0
   0.0
   0.0
   0.0
   0.0
   0.0
   0.0
   0.0
   0.0
   0.0
   0.0
   0.0
   0.0
   0.0
   0.0
   0.0
   0.0
   0.0
   0.0
   0.0
   0.0
   0.0
   0.0
   0.0
   0.0
   0.0
   0.0
   0.0
   0.0
   0.0
   0.0
   0.0
   0.0
   0.0
   0.0
   0.0
   0.0
   0.0
   0.0
   0.0
   0.0006999999999999999
   0.0
   0.0
   0.0
   0.0
   0.0003
   0.0003
   0.0001
   0.0004
   0.0
   0.0
   0.0005
   0.0006
   0.0
   0.0001
   0.0002
   0.0
   0.0
   0.0
   0.0005
   0.0
   0.0
   0.0008
   0.0
   0.0004
   0.0
   0.0
   0.0
   0.0
   0.0
   0.0
   0.0
   0.0
   0.0
   0.0
   0.0
   0.0001
   0.0
   0.0003
   0.0
   0.0005
   0.0004
   0.0002
   0.0001
   0.0
   0.0001
   0.0003
   0.0001
   0.0006999999999999999
   0.0
   0.0002
   0.0
   0.0002
   0.0001
   0.0005
   0.0
   0.0008
   0.0002
   0.0005
   0.0009
   0.0006999999999999999
   0.0
   0.0005
   0.0005
   0.0005
   0.0003
   0.0002
   0.0001
   0.0005
   0.0012999999999999997
   0.0006
   0.0002
   0.0005
   0.0004
   0.0006
   0.0002
   0.0003
   0.0001
   0.0003
   0.0006
   0.0006
   0.0014999999999999998
   0.0002
   0.0005
   0.0006
   0.0
   0.0003
   0.0003
   0.0
   0.0
   0.0002
   0.0002
   0.0002
   0.0001
   0.0
   0.0001
   0.0005
   0.0
   0.0006999999999999999
   0.0004
   0.0001
   0.0006999999999999999
   0.0002
   0.0008
   0.0006999999999999999
   0.0004
   0.0002
   0.0002
   0.0003
   0.0008
   0.0005
   0.0008
   0.0008
   0.0006999999999999999
   0.0016
   0.0001
   0.0003
   0.0002
   0.0005
   0.0002
   0.0
   0.0017000000000000001
   0.0005
   0.0
   0.0006999999999999999
   0.001
   0.0002
   0.0005
   0.0003
   0.0
   0.0005
   0.0008
   0.0001
   0.0003
   0.0
   0.0002
   0.0005
   0.0006
   0.0005
   0.0003
   0.0011
   0.0013999999999999998
   0.0
   0.0006
   0.0003
   0.0011
   0.0002
   0.0005
   0.0006
   0.0002
   0.0002
   0.0004
   0.0003
   0.0001
   0.0002
   0.0002
   0.001
   0.0008
   0.0001
   0.0002
   0.0006999999999999999
   0.0017000000000000001
   0.0001
   0.0002
   0.0004
   0.0003
   0.0004
   0.001
   0.0009
   0.0009
   0.0004
   0.0004
   0.0001
   0.0001
   0.0012
   0.0009
   0.0006
   0.0008
   0.0003
   0.0009
   0.0006
   0.0006999999999999999
   0.0003
   0.0012999999999999997
   0.0001
   0.0013999999999999998
   0.001
   0.0011
   0.0008
   0.0021
   0.0006999999999999999
   0.0022
   0.0008
   0.0003
   0.0004
   0.0004
   0.0004
   0.0006
   0.0006999999999999999
   0.0003
   0.0001
   0.0005
   0.0001
   0.0009
   0.0001
   0.0006999999999999999
   0.0002
   0.0004
   0.0006
   0.0004
   0.0006999999999999999
   0.0001
   0.0008
   0.0006
   0.0013999999999999998
   0.0009
   0.0002
   0.0006999999999999999
   0.0025999999999999994
   0.0004
   0.0005
   0.0
   0.0004
   0.0004
   0.0002
   0.0005
   0.0006999999999999999
   0.0002
   0.0008
   0.0001
   0.0
   0.0
   0.0006999999999999999
   0.0008
   0.0003
   0.0
   0.0014999999999999998
   0.0005
   0.0006999999999999999
   0.0002
   0.0002
   0.0
   0.0002
   0.0
   0.0001
   0.0
   0.0004
   0.0003
   0.0004
   0.0001
   0.0002
   0.0
   0.0001
   0.0002
   0.0002
   0.0003
   0.0003
   0.0001
   0.0
   0.0006999999999999999
   0.0004
   0.0
   0.0001
   0.0004
   0.0
   0.0003
   0.0004
   0.0001
   0.0
   0.0
   0.0001
   0.0001
   0.0004
   0.0005
   0.0004
   0.0
   0.0003
   0.0001
   0.0001
   0.0
   0.0005
   0.0001
   0.0005
   0.0003
   0.0003
   0.0003
   0.0
   0.0006999999999999999
   0.0002
   0.0004
   0.0011
   0.0
   0.0006
   0.0002
   0.0006
   0.0005
   0.001
   0.0011
   0.0005
   0.0004
   0.001
   0.0003
   0.0
   0.0008
   0.0006
   0.0006999999999999999
   0.0001
   0.0002
   0.0
   0.0
   0.0006999999999999999
   0.0008
   0.0001
   0.0001
   0.0003
   0.0001
   0.0
   0.0006
   0.0
   0.0005
   0.0006
   0.0
   0.0
   0.0005
   0.0001
   0.0001
   0.0
   0.0
   0.0001
   0.0001
   0.0
   0.0004
   0.0006
   0.0
   0.0006999999999999999
   0.0003
   0.0005
   0.0
   0.0005
   0.0004
   0.0001
   0.0
   0.0002
   0.0
   0.0004
   0.0003
   0.0003
   0.0001
   0.0006999999999999999
   0.0003
   0.0002
   0.0
   0.0003
   0.0
   0.0001
   0.0001
   0.0003
   0.0003
   0.0
   0.0001
   0.0003
   0.0011
   0.0001
   0.0
   0.0005
   0.0004
   0.0001
   0.0001
   0.0003
   0.0004
   0.0005
   0.0003
   0.0004
   0.0004
   0.0005
   0.0002
   0.0004
   0.0005
   0.0006
   0.0004
   0.0006
   0.0005
   0.0004
   0.0001
   0.0
   0.0003
   0.0001
   0.0002
   0.0003
   0.0001
   0.001
   0.0006999999999999999
   0.0005
   0.0
   0.0
   0.0001
   0.0001
   0.0003
   0.0005
   0.0
   0.0
   0.0002
   0.0004
   0.0003
   0.0
   0.0003
   0.0001
   0.0002
   0.0003
   0.0002
   0.0
   0.0002
   0.0001
   0.0
   0.0
   0.001
   0.0001
   0.0
   0.0
   0.0001
   0.0003
   0.0
   0.0
   0.0006999999999999999
   0.0003
   0.0001
   0.0
   0.0
   0.0001
   0.0001
   0.0001
   0.0
   0.0002
   0.0002
   0.0
   0.0
   0.0011
   0.0
   0.0
   0.0001
   0.0001
   0.0
   0.0
   0.0
   0.0003
   0.0001
   0.0003
   0.0
   0.0002
   0.0
   0.0006
   0.0004
   0.0003
   0.0001
   0.0
   0.0
   0.0002
   0.0
   0.0
   0.0
   0.0004
   0.0001
   0.0
   0.0001
   0.0001
   0.0001
   0.0003
   0.0003
   0.0006999999999999999
   0.0001
   0.0005
   0.0006
   0.0002
   0.0006
   0.0013999999999999998
   0.0005
   0.0009
   0.0004
   0.0016
   0.0008
   0.0012999999999999997
   0.0009
   0.0004
   0.0011
   0.0006999999999999999
   0.0006999999999999999
   0.0001
   0.0001
   0.0006
   0.0005
   0.0006
   0.0
   0.001
   0.0008
   0.0
   0.0003
   0.0001
   0.001
   0.0
   0.0005
   0.0004
   0.0006999999999999999
   0.0003
   0.0006
   0.0009
   0.0006
   0.0012
   0.0004
   0.0009
   0.001
   0.0003
   0.0006
   0.0012
   0.0005
   0.0002
   0.0005
   0.0006
   0.0006
   0.0
   0.0002
   0.0001
   0.0009
   0.0
   0.0001
   0.0004
   0.0008
   0.0002
   0.0004
   0.0008
   0.0017000000000000001
   0.0009
   0.0008
   0.0006999999999999999
   0.0005
   0.0009
   0.0003
   0.0006
   0.0013999999999999998
   0.0008
   0.0024
   0.0014999999999999998
   0.0011
   0.0012999999999999997
   0.0014999999999999998
   0.0006999999999999999
   0.0017000000000000001
   0.0011
   0.0011
   0.001
   0.0012
   0.0012
   0.001
   0.0023
   0.0011
   0.0013999999999999998
   0.0017000000000000001
   0.0016
   0.0021
   0.0005
   0.001
   0.002
   0.0016
   0.0027999999999999995
   0.0014999999999999998
   0.0026999999999999997
   0.0006
   0.0006
   0.0016
   0.0014999999999999998
   0.0021
   0.0022
   0.0006999999999999999
   0.0019
   0.0016
   0.0006999999999999999
   0.0014999999999999998
   0.0019
   0.0025
   0.0006
   0.0011
   0.0012
   0.0025999999999999994
   0.0009
   0.002
   0.002
   0.0017000000000000001
   0.0024
   0.0026999999999999997
   0.0031
   0.0032
   0.0025999999999999994
   0.0013999999999999998
   0.0017000000000000001
   0.0025999999999999994
   0.0009
   0.0027999999999999995
   0.0013999999999999998
   0.0016
   0.0016
   0.0012
   0.0023
   0.0018
   0.0017000000000000001
   0.0023
   0.0021
   0.0029
   0.0018
   0.0025
   0.0009
   0.0031
   0.0012999999999999997
   0.0025999999999999994
   0.0027999999999999995
   0.0025999999999999994
   0.0025999999999999994
   0.0026999999999999997
   0.0023
   0.0018
   0.0022
   0.0043
   0.0029
   0.0024
   0.002
   0.0012
   0.0034999999999999996
   0.0027999999999999995
   0.0026999999999999997
   0.0025999999999999994
   0.0019
   0.0029
   0.0009
   0.0018
   0.0039
   0.002
   0.0036
   0.0018
   0.002
   0.0016
   0.0018
   0.0027999999999999995
   0.0036999999999999997
   0.0018
   0.0025999999999999994
   0.002
   0.0021
   0.0025999999999999994
   0.0012999999999999997
   0.0013999999999999998
   0.0011
   0.0033
   0.0025
   0.0024
   0.0018
   0.0006999999999999999
   0.0013999999999999998
   0.0021
   0.0036
   0.0024
   0.0031
   0.0046
   0.0022
   0.0019
   0.0025
   0.0017000000000000001
   0.0016
   0.0018
   0.0012
   0.0025999999999999994
   0.0013999999999999998
   0.0021
   0.002
   0.0022
   0.0008
   0.0012999999999999997
   0.0003
   0.0022
   0.0033
   0.0009
   0.0013999999999999998
   0.0018
   0.0012
   0.0012
   0.0018
   0.0012
   0.0013999999999999998
   0.0029
   0.0012
   0.0012
   0.0018
   0.0025999999999999994
   0.0018
   0.0014999999999999998
   0.0014999999999999998
   0.0005
   0.001
   0.0014999999999999998
   0.0011
   0.0011
   0.0008
   0.0011
   0.0013999999999999998
   0.0004
   0.0025999999999999994
   0.0029999999999999996
   0.0005
   0.0012999999999999997
   0.0009
   0.0012
   0.0011
   0.0017000000000000001
   0.0006
   0.0008
   0.0006
   0.0002
   0.0018
   0.0003
   0.0011
   0.0017000000000000001
   0.0006
   0.0003
   0.0014999999999999998
   0.0011
   0.0005
   0.0011
   0.0005
   0.0002
   0.0005
   0.0012
   0.0009
   0.0012
   0.0011
   0.0003
   0.0004
   0.0002
   0.0003
   0.0001
   0.0009
   0.0009
   0.0004
   0.0003
   0.0004
   0.0004
   0.0004
   0.0006999999999999999
   0.0008
   0.0008
   0.0005
   0.0005
   0.0005
   0.0004
   0.0005
   0.0008
   0.0013999999999999998
   0.0011
   0.0008
   0.0005
   0.0006999999999999999
   0.0003
   0.0008
   0.0006
   0.0004
   0.0005
   0.0012
   0.0003
   0.0002
   0.0006999999999999999
   0.0003
   0.0003
   0.0006999999999999999
   0.0001
   0.0003
   0.0001
   0.0009
   0.0005
   0.0011
   0.0008
   0.0006999999999999999
   0.0003
   0.0008
   0.001
   0.0006
   0.0001
   0.0003
   0.0006
   0.0023
   0.0006
   0.001
   0.0016
   0.001
   0.0008
   0.0005
   0.0016
   0.0012
   0.0006
   0.0011
   0.0004
   0.0024
   0.0016
   0.0016
   0.0008
   0.0012999999999999997
   0.0005
   0.0013999999999999998
   0.0021
   0.0024
   0.0013999999999999998
   0.0017000000000000001
   0.0017000000000000001
   0.0016
   0.0029
   0.0011
   0.0040999999999999995
   0.0012999999999999997
   0.0026999999999999997
   0.0027999999999999995
   0.0014999999999999998
   0.0016
   0.0025999999999999994
   0.0017000000000000001
   0.0039
   0.0019
   0.0043
   0.0025
   0.0017000000000000001
   0.0032
   0.0022
   0.0022
   0.0026999999999999997
   0.0031
   0.0019
   0.0027999999999999995
   0.0034000000000000002
   0.0029
   0.0025999999999999994
   0.0036999999999999997
   0.0038
   0.0043
   0.0044
   0.0022
   0.0046
   0.0036
   0.0029999999999999996
   0.0038
   0.0036999999999999997
   0.0043
   0.005699999999999999
   0.0042
   0.0027999999999999995
   0.0048
   0.0036
   0.0036
   0.0036999999999999997
   0.006999999999999999
   0.004699999999999999
   0.0055
   0.0059
   0.0058
   0.005699999999999999
   0.0062
   0.0040999999999999995
   0.0043
   0.006899999999999999
   0.0036999999999999997
   0.007899999999999999
   0.0043
   0.004
   0.0068000000000000005
   0.0033
   0.0045
   0.0060999999999999995
   0.004
   0.0084
   0.005199999999999999
   0.0063
   0.0072
   0.0062
   0.0072
   0.006899999999999999
   0.007299999999999999
   0.006899999999999999
   0.0067
   0.005699999999999999
   0.0048
   0.0073999999999999995
   0.0042
   0.0081
   0.006999999999999999
   0.0092
   0.0076
   0.006899999999999999
   0.0062
   0.005199999999999999
   0.006899999999999999
   0.008199999999999999
   0.0075
   0.0072
   0.0076
   0.0093
   0.0060999999999999995
   0.0066
   0.005999999999999999
   0.0093
   0.0059
   0.0098
   0.0087
   0.009099999999999999
   0.011999999999999999
   0.0066
   0.008
   0.0070999999999999995
   0.0072
   0.007699999999999999
   0.0095
   0.010399999999999998
   0.0075
   0.0086
   0.0092
   0.0083
   0.008899999999999998
   0.008899999999999998
   0.0088
   0.008
   0.010399999999999998
   0.0067
   0.0097
   0.008899999999999998
   0.0102
   0.0093
   0.0098
   0.010399999999999998
   0.0124
   0.0067
   0.0097
   0.0066
   0.005999999999999999
   0.011199999999999998
   0.0075
   0.0063
   0.0102
   0.0098
   0.010399999999999998
   0.0113
   0.007699999999999999
   0.0070999999999999995
   0.0128
   0.0101
   0.0073999999999999995
   0.0102
   0.0128
   0.009099999999999999
   0.0067
   0.01
   0.008199999999999999
   0.0103
   0.008899999999999998
   0.0092
   0.010399999999999998
   0.0068000000000000005
   0.010399999999999998
   0.008199999999999999
   0.0066
   0.006999999999999999
   0.0070999999999999995
   0.0068000000000000005
   0.0083
   0.0078
   0.0101
   0.0060999999999999995
   0.0092
   0.008499999999999999
   0.0103
   0.006999999999999999
   0.0081
   0.0086
   0.0107
   0.0096
   0.0088
   0.0078
   0.011399999999999999
   0.009399999999999999
   0.0093
   0.006899999999999999
   0.0103
   0.011399999999999999
   0.0096
   0.0096
   0.0097
   0.0097
   0.0093
   0.0102
   0.01
   0.0111
   0.0113
   0.0116
   0.0092
   0.009399999999999999
   0.0109
   0.011
   0.009099999999999999
   0.0095
   0.009099999999999999
   0.008199999999999999
   0.0109
   0.0118
   0.0098
   0.0111
   0.010799999999999999
   0.007899999999999999
   0.008199999999999999
   0.0103
   0.0111
   0.0109
   0.010399999999999998
   0.0113
   0.009899999999999999
   0.0113
   0.0084
   0.013099999999999999
   0.0135
   0.013699999999999999
   0.0098
   0.0139
   0.0092
   0.0139
   0.0076
   0.0076
   0.0109
   0.012299999999999998
   0.011199999999999998
   0.009399999999999999
   0.0118
   0.0147
   0.0116
   0.009899999999999999
   0.010499999999999999
   0.0116
   0.012299999999999998
   0.012099999999999998
   0.0101
   0.0084
   0.0103
   0.0092
   0.010599999999999998
   0.0096
   0.009899999999999999
   0.013
   0.008899999999999998
   0.011999999999999999
   0.011199999999999998
   0.010399999999999998
   0.0088
   0.0115
   0.0117
   0.009899999999999999
   0.012499999999999999
   0.0126
   0.0143
   0.0143
   0.0124
   0.011199999999999998
   0.013600000000000001
   0.012499999999999999
   0.016499999999999997
   0.0126
   0.0133
   0.0134
   0.0132
   0.0143
   0.013
   0.0163
   0.017799999999999996
   0.0143
   0.015299999999999998
   0.0141
   0.0161
   0.0159
   0.0144
   0.013799999999999998
   0.012099999999999998
   0.0186
   0.0152
   0.014499999999999999
   0.015399999999999999
   0.0119
   0.013099999999999999
   0.013999999999999999
   0.015399999999999999
   0.013099999999999999
   0.014599999999999998
   0.0128
   0.0147
   0.015399999999999999
   0.0116
   0.016
   0.013600000000000001
   0.013799999999999998
   0.0144
   0.0179
   0.016
   0.016
   0.016499999999999997
   0.012299999999999998
   0.012299999999999998
   0.013
   0.0126
   0.0144
   0.015799999999999998
   0.0134
   0.016
   0.015299999999999998
   0.0124
   0.0159
   0.0186
   0.0166
   0.0116
   0.0173
   0.013999999999999999
   0.0141
   0.0168
   0.013799999999999998
   0.014599999999999998
   0.015399999999999999
   0.0163
   0.013799999999999998
   0.0132
   0.012499999999999999
   0.013799999999999998
   0.015
   0.0143
   0.012099999999999998
   0.0149
   0.018699999999999998
   0.0159
   0.0163
   0.0144
   0.012899999999999998
   0.019899999999999998
   0.018
   0.014599999999999998
   0.0172
   0.015799999999999998
   0.013600000000000001
   0.0168
   0.015299999999999998
   0.0167
   0.0174
   0.0169
   0.015
   0.019899999999999998
   0.013799999999999998
   0.0184
   0.0156
   0.0191
   0.016499999999999997
   0.0118
   0.0132
   0.0173
   0.0162
   0.013600000000000001
   0.0173
   0.014499999999999999
   0.018799999999999997
   0.0189
   0.0177
   0.0147
   0.014799999999999999
   0.0194
   0.0194
   0.0172
   0.0179
   0.016
   0.0167
   0.016999999999999998
   0.0149
   0.0206
   0.0166
   0.0176
   0.015799999999999998
   0.0177
   0.015399999999999999
   0.013999999999999999
   0.02
   0.0189
   0.0157
   0.018199999999999997
   0.0157
   0.019499999999999997
   0.0134
   0.0169
   0.0157
   0.0169
   0.019799999999999998
   0.016499999999999997
   0.016
   0.0206
   0.016499999999999997
   0.012499999999999999
   0.015399999999999999
   0.018099999999999998
   0.0177
   0.0128
   0.013699999999999999
   0.0159
   0.011399999999999999
   0.013699999999999999
   0.012099999999999998
   0.012899999999999998
   0.0177
   0.0159
   0.0166
   0.014599999999999998
   0.013600000000000001
   0.0157
   0.015499999999999998
   0.0163
   0.0163
   0.0189
   0.020999999999999998
   0.020999999999999998
   0.0197
   0.022799999999999997
   0.018699999999999998
   0.0183
   0.0189
   0.021199999999999997
   0.021599999999999998
   0.021599999999999998
   0.023999999999999997
   0.017499999999999998
   0.0196
   0.022
   0.0193
   0.0253
   0.0214
   0.0221
   0.025699999999999997
   0.0256
   0.0253
   0.026099999999999998
   0.0251
   0.022399999999999996
   0.0247
   0.026
   0.022399999999999996
   0.0254
   0.022
   0.0243
   0.024999999999999998
   0.022399999999999996
   0.0312
   0.024199999999999996
   0.031299999999999994
   0.0299
   0.025500000000000002
   0.0269
   0.027399999999999997
   0.027499999999999997
   0.0268
   0.0322
   0.0338
   0.0301
   0.031599999999999996
   0.0271
   0.034199999999999994
   0.032
   0.030999999999999996
   0.0282
   0.0366
   0.0314
   0.0277
   0.0285
   0.037399999999999996
   0.0355
   0.029199999999999997
   0.0312
   0.036199999999999996
   0.03559999999999999
   0.0271
   0.0324
   0.0253
   0.0327
   0.03899999999999999
   0.0353
   0.032499999999999994
   0.0332
   0.030599999999999995
   0.032999999999999995
   0.0363
   0.0395
   0.0371
   0.0392
   0.040299999999999996
   0.03389999999999999
   0.0288
   0.0314
   0.0391
   0.0363
   0.041999999999999996
   0.0324
   0.0338
   0.0318
   0.0324
   0.038099999999999995
   0.04069999999999999
   0.038099999999999995
   0.0411
   0.039799999999999995
   0.04
   0.0348
   0.030899999999999997
   0.038099999999999995
   0.0427
   0.0427
   0.04139999999999999
   0.04
   0.0412
   0.0409
   0.0408
   0.0444
   0.0408
   0.04239999999999999
   0.0446
   0.043899999999999995
   0.0423
   0.0419
   0.0452
   0.0392
   0.043
   0.0487
   0.043699999999999996
   0.044
   0.048299999999999996
   0.0421
   0.0478
   0.0423
   0.0496
   0.0451
   0.0485
   0.039599999999999996
   0.0504
   0.0481
   0.044899999999999995
   0.0461
   0.058499999999999996
   0.0451
   0.0513
   0.0485
   0.0503
   0.0528
   0.0491
   0.050499999999999996
   0.043
   0.04839999999999999
   0.049199999999999994
   0.0474
   0.0498
   0.051399999999999994
   0.050699999999999995
   0.05349999999999999
   0.053399999999999996
   0.0455
   0.055099999999999996
   0.0581
   0.056799999999999996
   0.057499999999999996
   0.0573
   0.054299999999999994
   0.06349999999999999
   0.0613
   0.0564
   0.0617
   0.0608
   0.061399999999999996
   0.057699999999999994
   0.059399999999999994
   0.060099999999999994
   0.060899999999999996
   0.06749999999999999
   0.0696
   0.0662
   0.07139999999999999
   0.063
   0.0647
   0.0542
   0.06409999999999999
   0.060099999999999994
   0.0672
   0.0659
   0.0674
   0.0705
   0.0667
   0.06849999999999999
   0.07189999999999999
   0.06499999999999999
   0.0692
   0.0664
   0.06999999999999999
   0.07579999999999999
   0.07519999999999999
   0.07529999999999999
   0.06689999999999999
   0.0741
   0.0717
   0.0859
   0.07239999999999999
   0.0773
   0.06949999999999999
   0.0776
   0.0829
   0.0867
   0.0738
   0.0742
   0.073
   0.0827
   0.0783
   0.0846
   0.0759
   0.077
   0.08299999999999999
   0.0927
   0.0861
   0.0876
   0.0933
   0.086
   0.09259999999999999
   0.08829999999999999
   0.0938
   0.1035
   0.08399999999999999
   0.0911
   0.08829999999999999
   0.08869999999999999
   0.0888
   0.086
   0.0929
   0.0902
   0.0935
   0.0919
   0.0996
   0.09209999999999999
   0.09769999999999998
   0.10189999999999999
   0.08869999999999999
   0.0973
   0.10540000000000001
   0.10200000000000001
   0.09769999999999998
   0.10200000000000001
   0.1025
   0.1007
   0.1029
   0.0965
   0.10319999999999999
   0.1106
   0.1037
   0.10449999999999998
   0.09979999999999999
   0.1105
   0.1058
   0.12269999999999999
   0.111
   0.0997
   0.1059
   0.1055
   0.1098
   0.1046
   0.1173
   0.10449999999999998
   0.11900000000000001
   0.11679999999999999
   0.1176
   0.1208
   0.12819999999999998
   0.1169
   0.11199999999999999
   0.1137
   0.11599999999999999
   0.1246
   0.1237
   0.1351
   0.1266
   0.12319999999999999
   0.12129999999999999
   0.1153
   0.12789999999999999
   0.1246
   0.1273
   0.1304
   0.12999999999999998
   0.11589999999999999
   0.12789999999999999
   0.1377
   0.1214
   0.13069999999999998
   0.14129999999999998
   0.1297
   0.126
   0.1352
   0.1315
   0.1377
   0.1308
   0.1309
   0.1333
   0.12749999999999997
   0.13899999999999998
   0.1314
   0.14049999999999999
   0.13599999999999998
   0.1394
   0.1336
   0.13549999999999998
   0.1426
   0.1353
   0.1442
   0.14959999999999998
   0.15159999999999998
   0.14489999999999997
   0.1384
   0.148
   0.1429
   0.15339999999999998
   0.1518
   0.15489999999999998
   0.1489
   0.1576
   0.1608
   0.1514
   0.15209999999999999
   0.149
   0.1445
   0.15419999999999998
   0.1557
   0.1609
   0.1495
   0.15219999999999997
   0.1712
   0.1604
   0.1598
   0.17749999999999996
   0.1606
   0.1606
   0.15
   0.17379999999999998
   0.16019999999999998
   0.17239999999999997
   0.1476
   0.15159999999999998
   0.16699999999999998
   0.14909999999999998
   0.1762
   0.1558
   0.1672
   0.1712
   0.1733
   0.17069999999999996
   0.17959999999999998
   0.1606
   0.1733
   0.17999999999999997
   0.1879
   0.1697
   0.1761
   0.17389999999999997
   0.1684
   0.17409999999999998
   0.17779999999999999
   0.1768
   0.17309999999999998
   0.1878
   0.1827
   0.1964
   0.1898
   0.1813
   0.18249999999999997
   0.1648
   0.17959999999999998
   0.172
   0.17919999999999997
   0.18249999999999997
   0.1973
   0.183
   0.1776
   0.19499999999999998
   0.18839999999999998
   0.1896
   0.19369999999999998
   0.211
   0.19599999999999998
   0.20650000000000002
   0.2002
   0.19499999999999998
   0.1916
   0.2066
   0.2002
   0.21109999999999998
   0.19669999999999999
   0.2162
   0.2134
   0.2173
   0.2263
   0.22219999999999998
   0.2195
   0.2098
   0.2159
   0.2144
   0.2103
   0.2327
   0.20929999999999999
   0.246
   0.2367
   0.22139999999999999
   0.22759999999999997
   0.2224
   0.2181
   0.2415
   0.2467
   0.2415
   0.2372
   0.25789999999999996
   0.23829999999999998
   0.2555
   0.258
   0.25649999999999995
   0.24609999999999999
   0.2641
   0.2435
   0.26089999999999997
   0.2597
   0.2374
   0.2496
   0.2728
   0.2621
   0.2667
   0.2591
   0.2646
   0.26859999999999995
   0.253
   0.2642
   0.27259999999999995
   0.2643
   0.2753
   0.2827
   0.2687
   0.2946
   0.29359999999999997
   0.27259999999999995
   0.29
   0.27199999999999996
   0.2742
   0.2953
   0.3038
   0.29229999999999995
   0.29819999999999997
   0.28559999999999997
   0.29469999999999996
   0.2953
   0.2959
   0.309
   0.29669999999999996
   0.29839999999999994
   0.29259999999999997
   0.3082
   0.32349999999999995
   0.2964
   0.3113
   0.3153
   0.3172
   0.3237
   0.32809999999999995
   0.3225
   0.33449999999999996
   0.32239999999999996
   0.3212
   0.34369999999999995
   0.31729999999999997
   0.3311
   0.33890000000000003
   0.34619999999999995
   0.34750000000000003
   0.35259999999999997
   0.3334
   0.34229999999999994
   0.35029999999999994
   0.34299999999999997
   0.3513
   0.3488
   0.3429
   0.3702
   0.367
   0.3529
   0.37729999999999997
   0.36529999999999996
   0.3767
   0.36869999999999997
   0.37789999999999996
   0.3679
   0.38559999999999994
   0.37179999999999996
   0.379
   0.39579999999999993
   0.3799
   0.36839999999999995
   0.36869999999999997
   0.38859999999999995
   0.3977
   0.38969999999999994
   0.39940000000000003
   0.4003
   0.4012
   0.391
   0.41279999999999994
   0.3882
   0.4109
   0.42419999999999997
   0.41419999999999996
   0.4141
   0.4138
   0.4229
   0.4276
   0.40919999999999995
   0.4263
   0.4129
   0.41709999999999997
   0.4179999999999999
   0.43729999999999997
   0.4465
   0.42779999999999996
   0.4715
   0.44029999999999997
   0.43499999999999994
   0.44380000000000003
   0.4336
   0.4603
   0.46059999999999995
   0.45719999999999994
   0.4562
   0.45269999999999994
   0.47059999999999996
   0.4809
   0.4695
   0.4775
   0.46019999999999994
   0.4757
   0.48189999999999994
   0.4882
   0.4992
   0.485
   0.4972
   0.49459999999999993
   0.5056999999999999
   0.4805
   0.512
   0.5016
   0.5138
   0.5011
   0.5236999999999999
   0.5088999999999999
   0.506
   0.5480999999999999
   0.5534
   0.5608
   0.5416
   0.5458
   0.5448999999999999
   0.5331
   0.5496
   0.5569
   0.5659
   0.5918
   0.5819
   0.5619999999999999
   0.5849
   0.5739
   0.5686
   0.5872999999999999
   0.5963999999999999
   0.6089
   0.6002
   0.5831
   0.5992999999999999
   0.5865999999999999
   0.6103
   0.6094999999999999
   0.6233
   0.6428
   0.6297999999999999
   0.6329999999999999
   0.6549
   0.6472999999999999
   0.6318999999999999
   0.6507
   0.6496
   0.6311
   0.64
   0.6628000000000001
   0.6476
   0.6574
   0.7069
   0.6451999999999999
   0.6877999999999999
   0.6859
   0.6732
   0.6759999999999999
   0.6715
   0.6800999999999999
   0.7247
   0.6900000000000001
   0.6962999999999999
   0.6984999999999999
   0.7241
   0.7316
   0.7263
   0.7244
   0.7149
   0.7313999999999999
   0.7249
   0.7323999999999999
   0.7323
   0.7469
   0.7532999999999999
   0.7702
   0.7471999999999999
   0.7729999999999999
   0.7878
   0.7749
   0.7938999999999999
   0.7776
   0.7739999999999999
   0.7908999999999999
   0.7800999999999999
   0.7840999999999999
   0.8115
   0.7867
   0.8193
   0.7937
   0.8161999999999999
   0.8382999999999999
   0.8032
   0.8336
   0.8444999999999999
   0.8017
   0.855
   0.8348
   0.8601
   0.8713
   0.8594999999999999
   0.8902
   0.8495999999999999
   0.8452999999999999
   0.8665999999999999
   0.8895
   0.8819
   0.897
   0.8851
   0.8949999999999999
   0.9224
   0.9331999999999999
   0.9399
   0.9381
   0.9299
   0.908
   0.9628
   0.9521
   0.9679
   0.9969999999999999
   0.9758999999999999
   0.9314999999999999
   1.0152999999999999
   0.9919999999999999
   0.9835
   0.9861
   1.0215
   0.9977999999999999
   0.9904
   1.0098
   1.0585
   1.0198
   1.0559999999999998
   1.0718999999999999
   1.062
   1.0707
   1.1015
   1.0968
   1.0776999999999999
   1.0637999999999999
   1.0894
   1.143
   1.1027
   1.1276
   1.1441999999999999
   1.1261999999999999
   1.1608999999999998
   1.1503999999999999
   1.1502
   1.1443999999999999
   1.174
   1.1829
   1.2076
   1.1699
   1.1863
   1.2167999999999999
   1.2134
   1.2332999999999998
   1.2045
   1.2354999999999998
   1.236
   1.2341
   1.2523999999999997
   1.2031999999999998
   1.2495
   1.2840999999999998
   1.2364
   1.2665
   1.2717999999999998
   1.2535999999999998
   1.2561
   1.2869
   1.3186
   1.2773999999999999
   1.3079999999999998
   1.3067999999999997
   1.3095999999999999
   1.3497999999999999
   1.3403
   1.3386
   1.3811999999999998
   1.3742999999999999
   1.3353
   1.3472
   1.3606999999999998
   1.3932
   1.3759
   1.3716999999999997
   1.363
   1.413
   1.4044
   1.4166
   1.4113999999999998
   1.4881
   1.4562
   1.4476
   1.4572999999999998
   1.4977999999999998
   1.4593999999999998
   1.4618
   1.5198
   1.5007
   1.537
   1.5495999999999999
   1.5489
   1.5670999999999997
   1.5598
   1.5820999999999998
   1.5877
   1.6074
   1.5776999999999999
   1.65
   1.6239
   1.6518
   1.6386
   1.6484999999999999
   1.6725
   1.6284999999999998
   1.6592
   1.6541
   1.6458
   1.6822
   1.6863
   1.6741
   1.6691
   1.6984
   1.7189999999999999
   1.7471999999999999
   1.7228999999999999
   1.7550999999999999
   1.7261
   1.7624999999999997
   1.7696999999999998
   1.8204
   1.8087
   1.7796999999999998
   1.8626
   1.8089
   1.8751999999999998
   1.8321
   1.8765
   1.8768999999999998
   1.8754
   1.9262000000000001
   1.8902999999999999
   1.9194
   1.9361
   1.927
   1.9398
   1.9717999999999998
   1.9555
   1.986
   1.9829999999999999
   1.9817
   2.0313999999999997
   2.0180999999999996
   2.0011
   2.0294999999999996
   2.0648999999999997
   2.0936999999999997
   2.0691
   2.1271999999999998
   2.1033
   2.1033
   2.1323
   2.1512
   2.1313999999999997
   2.182
   2.266
   2.2178999999999998
   2.2123999999999997
   2.2423
   2.2245
   2.1856
   2.2826
   2.2378
   2.3196
   2.2722999999999995
   2.3089
   2.3436
   2.3365
   2.3205
   2.3078
   2.3712
   2.3712
   2.3769
   2.4173
   2.4475
   2.4114
   2.5091999999999994
   2.4713
   2.5122999999999998
   2.5286999999999997
   2.5071999999999997
   2.5091999999999994
   2.5627999999999997
   2.5953999999999997
   2.5322
   2.5909999999999997
   2.6273999999999997
   2.6159999999999997
   2.6306
   2.6271
   2.6995999999999998
   2.6384
   2.6223999999999994
   2.6901999999999995
   2.6972
   2.7172
   2.6845
   2.7438
   2.8144
   2.8268999999999997
   2.7918
   2.7893
   2.8257999999999996
   2.8514
   2.8455999999999997
   2.8426
   2.8789
   2.8908
   2.9193000000000002
   2.9121999999999995
   2.9002
   2.9654000000000003
   2.9326999999999996
   2.962
   2.9379
   3.0273
   3.0764
   3.0145999999999997
   3.0782
   3.0979
   3.0698999999999996
   3.1308999999999996
   3.1374
   3.0862
   3.1643999999999997
   3.1412
   3.2207
   3.2978
   3.2772
   3.2245
   3.2704999999999997
   3.2712999999999997
   3.3029999999999995
   3.3268999999999997
   3.3295
   3.3811
   3.3819
   3.4261
   3.4082
   3.4259
   3.4293
   3.4788999999999994
   3.4661999999999997
   3.4707999999999997
   3.5136
   3.5393
   3.6081
   3.6462
   3.6008
   3.589
   3.633
   3.6886999999999994
   3.6863
   3.7330999999999994
   3.7108999999999996
   3.7344
   3.8256
   3.8489
   3.8305
   3.9068
   3.8337999999999997
   3.8596999999999997
   3.9267
   3.9274999999999998
   4.0069
   3.9282
   4.0055
   4.0199
   4.0398
   4.0765
   4.037299999999999
   4.0944
   4.1263
   4.1217
   4.201599999999999
   4.1822
   4.202299999999999
   4.2341999999999995
   4.1924
   4.2645
   4.353
   4.3918
   4.3424
   4.3629
   4.4304
   4.429399999999999
   4.4717
   4.470899999999999
   4.5415
   4.5682
   4.5409
   4.579199999999999
   4.6427
   4.6502
   4.6338
   4.6476999999999995
   4.7299999999999995
   4.7451
   4.7456
   4.8123
   4.8053
   4.8886
   4.8264
   4.7915
   4.8701
   4.933
   4.993099999999999
   5.010299999999999
   5.056699999999999
   5.0016
   5.1114999999999995
   5.1688
   5.052499999999999
   5.1922
   5.1922999999999995
   5.259899999999999
   5.242299999999999
   5.246499999999999
   5.3130999999999995
   5.43
   5.3884
   5.4331
   5.4418999999999995
   5.3929
   5.474099999999999
   5.604799999999999
   5.478699999999999
   5.599499999999999
   5.6315
   5.6847
   5.7218
   5.683
   5.7276
   5.7444999999999995
   5.8747
   5.8206
   5.898499999999999
   5.9296
   6.0009999999999994
   5.9658
   5.9841999999999995
   6.0472
   6.060999999999999
   6.1327
   6.1482
   6.1537
   6.1985
   6.3343
   6.3187
   6.3321000000000005
   6.3565000000000005
   6.391299999999999
   6.4308
   6.4959
   6.484999999999999
   6.6068999999999996
   6.657499999999999
   6.6655
   6.5565999999999995
   6.7021
   6.751099999999999
   6.7562999999999995
   6.809699999999999
   6.809699999999999
   6.9136
   6.8576999999999995
   6.9993
   6.9274
   7.069699999999999
   7.0755
   7.171399999999999
   7.1892
   7.2431
   7.2112
   7.275
   7.291299999999999
   7.260999999999999
   7.361799999999999
   7.3811
   7.466399999999999
   7.4647
   7.5324
   7.5875
   7.7574
   7.6673
   7.8402
   7.7246999999999995
   7.8301
   7.881899999999999
   7.9329
   7.976699999999999
   8.0622
   7.996299999999999
   8.008899999999999
   8.0831
   8.0127
   8.1746
   8.3112
   8.276499999999999
   8.4332
   8.4286
   8.430499999999999
   8.566799999999999
   8.5414
   8.6623
   8.6011
   8.641399999999999
   8.7421
   8.812899999999999
   8.8936
   8.896199999999999
   8.9671
   9.0261
   9.0796
   9.131899999999998
   9.1999
   9.1937
   9.281899999999998
   9.3492
   9.3592
   9.386999999999999
   9.4203
   9.4008
   9.5921
   9.6265
   9.6533
   9.5444
   9.717099999999999
   9.7552
   9.816799999999999
   9.9709
   10.038199999999998
   9.960299999999998
   10.0886
   10.175099999999999
   10.2278
   10.313699999999999
   10.3526
   10.393099999999999
   10.4681
   10.5155
   10.5943
   10.505899999999999
   10.6336
   10.802
   10.8278
   10.7766
   10.908599999999998
   10.9471
   10.9139
   11.2578
   11.0183
   11.107899999999999
   11.259999999999998
   11.206199999999999
   11.4127
   11.3993
   11.415099999999999
   11.571299999999999
   11.603499999999999
   11.5938
   11.806099999999999
   11.793800000000001
   11.9615
   11.882699999999998
   12.0611
   12.106699999999998
   12.1961
   12.2252
   12.286999999999999
   12.2923
   12.4456
   12.5847
   12.686399999999999
   12.7109
   12.6628
   12.845899999999999
   12.794099999999998
   12.909799999999999
   13.1081
   13.122499999999999
   13.165199999999999
   13.2671
   13.2126
   13.374099999999999
   13.5495
   13.5881
   13.579
   13.846499999999999
   13.815399999999999
   13.834999999999999
   13.839699999999999
   13.992899999999999
   14.2038
   14.163699999999999
   14.226700000000001
   14.326399999999998
   14.375
   14.5314
   14.598899999999999
   14.6588
   14.714199999999998
   14.8208
   14.825299999999999
   14.935
   15.0791
   15.084900000000001
   15.2732
   15.310299999999998
   15.4231
   15.4474
   15.587
   15.598799999999999
   15.772699999999999
   15.797799999999999
   15.976399999999998
   16.0825
   15.959399999999999
   16.0731
   16.229499999999998
   16.3872
   16.5949
   16.5963
   16.623099999999997
   16.743199999999998
   16.927799999999998
   16.845499999999998
   16.9884
   17.0935
   17.2865
   17.179299999999998
   17.4805
   17.4392
   17.6209
   17.8704
   17.731699999999996
   17.942899999999998
   18.083099999999998
   18.0295
   18.313399999999998
   18.283199999999997
   18.437099999999997
   18.470299999999998
   18.6615
   18.6759
   18.6954
   18.8661
   18.951999999999998
   19.078
   19.2291
   19.4304
   19.3376
   19.4982
   19.4317
   19.7272
   19.8322
   20.003899999999998
   19.894499999999997
   20.0081
   20.113699999999998
   20.3435
   20.4706
   20.578799999999998
   20.7415
   20.7674
   21.005899999999997
   21.074199999999998
   21.2135
   21.210399999999996
   21.367699999999996
   21.474099999999996
   21.68
   21.525
   21.8178
   21.9909
   22.2138
   22.2659
   22.319300000000002
   22.3434
   22.581799999999998
   22.6132
   22.8107
   22.8594
   23.014199999999995
   23.121299999999998
   23.2076
   23.422299999999996
   23.6064
   23.5312
   23.813
   23.841399999999997
   23.978
   24.1645
   24.413
   24.506
   24.682
   24.7502
   24.8353
   24.911699999999996
   25.321199999999997
   25.4225
   25.5676
   25.6683
   25.8062
   25.848
   25.823399999999996
   26.223
   26.442800000000002
   26.544099999999997
   27.4809
   27.649499999999996
   27.707
   27.626499999999997
   27.689899999999998
   27.8632
   27.6913
   27.657799999999998
   27.5066
   27.4465
   26.6488
   26.391499999999997
   26.3389
   26.0581
   26.116899999999998
   25.9424
   25.6015
   25.408599999999996
   25.2994
   25.0751
   25.178099999999997
   24.800399999999996
   24.849999999999998
   24.787
   24.5276
   24.414099999999998
   24.325999999999997
   24.099499999999995
   24.0573
   24.0494
   23.7688
   23.606199999999998
   23.5103
   23.328999999999997
   23.2071
   23.1949
   23.0377
   22.8662
   22.852800000000002
   22.564999999999998
   22.4894
   22.444999999999997
   22.2806
   22.188599999999997
   21.8711
   21.9477
   21.699899999999996
   21.706699999999998
   21.5125
   21.3831
   21.196899999999996
   21.1999
   20.906899999999997
   20.8368
   20.8285
   20.714100000000002
   20.5432
   20.4331
   20.3266
   20.270599999999998
   20.0855
   20.031299999999998
   19.979599999999998
   19.7912
   19.7901
   19.6615
   19.4303
   19.3859
   19.2633
   19.0411
   19.192999999999998
   18.945099999999996
   18.949199999999998
   18.8074
   18.565499999999997
   18.598799999999997
   18.540499999999998
   18.4015
   18.3681
   18.2165
   18.0487
   18.0444
   17.9014
   17.8635
   17.514899999999997
   17.4884
   17.5031
   17.3855
   17.3151
   17.0736
   17.0638
   17.138199999999998
   16.9377
   16.685799999999997
   16.5491
   16.559299999999997
   16.421799999999998
   16.3473
   16.3393
   16.3464
   16.0534
   16.0407
   15.9481
   15.875699999999998
   15.7625
   15.602599999999999
   15.7241
   15.564499999999999
   15.476
   15.5143
   15.290099999999999
   15.321299999999999
   15.0879
   15.095799999999999
   14.9649
   14.937199999999999
   14.959999999999999
   14.744299999999999
   14.6319
   14.571
   14.3341
   14.471599999999999
   14.357899999999999
   14.383099999999999
   14.265399999999998
   14.1038
   14.1327
   14.0162
   13.797600000000001
   13.7585
   13.7036
   13.4978
   13.4484
   13.3902
   13.4234
   13.319700000000001
   13.230699999999999
   13.1717
   13.122799999999998
   13.011299999999999
   13.0058
   13.0071
   12.857499999999998
   12.7001
   12.786
   12.619299999999999
   12.479800000000001
   12.5467
   12.3712
   12.3256
   12.217699999999999
   12.1727
   12.040299999999998
   12.084699999999998
   11.9909
   11.9585
   11.8764
   11.769099999999998
   11.7748
   11.7362
   11.6226
   11.4988
   11.557599999999999
   11.3155
   11.251599999999998
   11.1649
   11.312
   11.1182
   11.0643
   11.1055
   11.004499999999998
   10.8902
   10.8983
   10.863299999999999
   10.7444
   10.7335
   10.5339
   10.597
   10.4582
   10.3829
   10.36
   10.253799999999998
   10.221599999999999
   10.1261
   10.141599999999999
   10.0479
   9.9726
   9.9758
   9.9066
   9.783
   9.8059
   9.6779
   9.6508
   9.6652
   9.6124
   9.5397
   9.620099999999999
   9.403799999999999
   9.337299999999999
   9.218399999999999
   9.2878
   9.2871
   9.25
   9.009599999999999
   9.053299999999998
   9.054699999999999
   8.9241
   8.8372
   8.756699999999999
   8.804599999999999
   8.755899999999999
   8.6936
   8.6556
   8.637599999999999
   8.602599999999999
   8.5316
   8.4519
   8.4431
   8.414399999999999
   8.3197
   8.364099999999999
   8.2171
   8.193299999999999
   8.159999999999998
   8.1601
   7.9826
   8.0281
   8.0421
   7.8709999999999996
   7.852799999999999
   7.8675999999999995
   7.721099999999999
   7.7764999999999995
   7.738099999999999
   7.621099999999999
   7.629599999999999
   7.578099999999999
   7.5407
   7.46
   7.4436
   7.5377
   7.4102
   7.3626
   7.3479
   7.363199999999999
   7.2349
   7.1808000000000005
   7.1475
   7.165
   7.111199999999999
   7.0093000000000005
   7.043
   6.9883999999999995
   6.9699
   6.918499999999999
   6.865099999999999
   6.780899999999999
   6.8355999999999995
   6.871899999999999
   6.7771
   6.7371
   6.7076
   6.6011
   6.5405
   6.5905
   6.4716
   6.4655
   6.492099999999999
   6.4045
   6.2783999999999995
   6.346399999999999
   6.2753
   6.295699999999999
   6.227099999999999
   6.2043
   6.1392
   6.163499999999999
   6.1368
   6.0953
   6.0684000000000005
   6.007499999999999
   5.944
   5.989799999999999
   5.8446
   5.7855
   5.7764
   5.7025
   5.764399999999999
   5.6968
   5.6608
   5.6472999999999995
   5.6621999999999995
   5.5579
   5.5403
   5.537699999999999
   5.471299999999999
   5.400099999999999
   5.4334
   5.3993
   5.429
   5.335999999999999
   5.2962
   5.2764999999999995
   5.2761
   5.1641
   5.1998999999999995
   5.1808
   5.1514999999999995
   5.1084
   5.1087
   4.9834
   4.951999999999999
   4.9864999999999995
   4.968
   4.9553
   4.8411
   4.8587
   4.7885
   4.7797
   4.776599999999999
   4.8631
   4.771199999999999
   4.6815999999999995
   4.697299999999999
   4.6815
   4.707299999999999
   4.6405
   4.6215
   4.6133
   4.5456
   4.5656
   4.5316
   4.4776
   4.4707
   4.4281999999999995
   4.4589
   4.4959
   4.3306
   4.3683
   4.2623
   4.3835
   4.1968
   4.2459999999999996
   4.1979999999999995
   4.2331
   4.219899999999999
   4.1663
   4.1104
   4.0987
   4.1121
   4.0605
   4.1061
   4.0181
   4.031499999999999
   3.9472
   3.9911
   3.9727
   3.9549
   3.9367
   3.9467
   3.9069999999999996
   3.8337
   3.8147999999999995
   3.8204
   3.7252999999999994
   3.7234
   3.7142999999999997
   3.7462
   3.7185
   3.7441999999999998
   3.639
   3.6224
   3.5765999999999996
   3.6232999999999995
   3.5850999999999997
   3.5460000000000003
   3.5254999999999996
   3.5116
   3.4616999999999996
   3.4915
   3.4148
   3.4544999999999995
   3.427
   3.3554
   3.4089
   3.3368999999999995
   3.3880999999999997
   3.3425
   3.3179999999999996
   3.3365
   3.2234
   3.2941999999999996
   3.2533
   3.1428
   3.1992
   3.1408
   3.2009999999999996
   3.1199999999999997
   3.1174
   3.1117
   3.0723
   3.0677999999999996
   3.0521999999999996
   3.054
   2.997
   3.0484
   2.9938
   3.0020000000000002
   2.9739999999999998
   2.9154999999999998
   2.8888000000000003
   2.9143999999999997
   2.866
   2.8295999999999997
   2.8588999999999998
   2.8447999999999998
   2.8752
   2.8457
   2.7495999999999996
   2.7383999999999995
   2.784
   2.7266
   2.7264
   2.7067999999999994
   2.6851999999999996
   2.7067999999999994
   2.6684
   2.6384999999999996
   2.6754
   2.6369999999999996
   2.6417
   2.5513999999999997
   2.5801
   2.5563000000000002
   2.5213999999999994
   2.5203999999999995
   2.5146
   2.5325999999999995
   2.5169999999999995
   2.5252999999999997
   2.4560999999999997
   2.4515
   2.4573
   2.4412
   2.4156999999999997
   2.4116
   2.3771999999999998
   2.4038
   2.3863
   2.3863999999999996
   2.3539
   2.3752999999999997
   2.3295999999999997
   2.2928
   2.3238
   2.2651999999999997
   2.2878999999999996
   2.2613
   2.2437
   2.2323
   2.219
   2.2163
   2.215
   2.1603
   2.1662999999999997
   2.1551
   2.1513999999999998
   2.1462999999999997
   2.1439
   2.1363999999999996
   2.1372999999999998
   2.0919
   2.0799999999999996
   2.109
   2.0308
   2.028
   2.0366999999999997
   2.0002
   2.0299
   2.0038
   2.0061
   1.9868999999999999
   1.9941999999999998
   1.9894
   1.9694
   1.9438
   1.8909999999999998
   1.9336
   1.9483
   1.9067999999999998
   1.8831999999999998
   1.8962999999999999
   1.9109
   1.8782999999999999
   1.8326999999999998
   1.8282
   1.8011
   1.8195
   1.7768999999999997
   1.8141999999999998
   1.7536999999999998
   1.7893999999999999
   1.7677999999999998
   1.7414999999999998
   1.736
   1.7294
   1.7026999999999999
   1.7199
   1.7147000000000001
   1.6911999999999998
   1.7153999999999998
   1.6803000000000001
   1.6975999999999998
   1.666
   1.6264
   1.6925000000000001
   1.6578
   1.5895
   1.6109999999999998
   1.6326999999999998
   1.5733
   1.5970999999999997
   1.5742999999999998
   1.5670999999999997
   1.5545
   1.5570999999999997
   1.5392
   1.5345
   1.5435999999999999
   1.5098
   1.5637999999999999
   1.5081
   1.5009
   1.5038
   1.4891999999999999
   1.4829999999999999
   1.4441
   1.4643
   1.4321999999999997
   1.4526
   1.3786999999999998
   1.3969
   1.3825
   1.4177
   1.3515
   1.3591
   1.3659999999999999
   1.3886999999999998
   1.3671
   1.3535
   1.3336999999999999
   1.3588
   1.3191
   1.2966
   1.2895
   1.3023
   1.3109
   1.327
   1.3114999999999999
   1.3025999999999998
   1.2501
   1.2490999999999999
   1.2371999999999999
   1.2452999999999999
   1.2368
   1.2114999999999998
   1.2267
   1.1978
   1.2188999999999999
   1.2210999999999999
   1.1895
   1.216
   1.1805999999999999
   1.1762
   1.1711
   1.1668
   1.1845999999999999
   1.1509999999999998
   1.1525
   1.1325999999999998
   1.1344999999999998
   1.1519
   1.1295
   1.1096
   1.1027
   1.0877999999999999
   1.0778999999999999
   1.068
   1.0928
   1.0838999999999999
   1.0785
   1.0715999999999999
   1.0834
   1.0399999999999998
   1.0454999999999999
   1.0493999999999999
   1.0317999999999998
   1.0438999999999998
   1.0299999999999998
   1.0305
   1.0108
   1.0033999999999998
   1.0206
   0.9944999999999999
   1.0148
   0.9868
   0.9814
   0.9763
   0.9395
   0.9568
   0.9356
   0.9508999999999999
   0.9379
   0.9217
   0.9086
   0.9248000000000001
   0.9153999999999999
   0.9453
   0.9381999999999999
   0.8981999999999999
   0.8966
   0.8956999999999999
   0.8939999999999999
   0.8827999999999999
   0.8891
   0.8787
   0.8708
   0.8706999999999999
   0.8581
   0.8777999999999999
   0.8501
   0.8742
   0.8623999999999999
   0.8271000000000001
   0.8376
   0.8341999999999999
   0.8397
   0.8423999999999999
   0.8408
   0.8634
   0.8164
   0.8291
   0.8104
   0.8261999999999999
   0.7949999999999999
   0.8200999999999999
   0.8110999999999999
   0.8050999999999999
   0.7956
   0.7938000000000001
   0.7724
   0.7926999999999998
   0.7956
   0.7853
   0.7671999999999999
   0.7699
   0.7656
   0.7753
   0.7585999999999999
   0.7387
   0.7333999999999999
   0.7652
   0.7449
   0.7346999999999999
   0.7457999999999999
   0.7471999999999999
   0.7321999999999999
   0.7294
   0.7281
   0.7306999999999999
   0.7277999999999999
   0.698
   0.7145999999999999
   0.7079
   0.7101
   0.7121
   0.6994
   0.6912999999999999
   0.6644
   0.6626
   0.6567999999999999
   0.6547
   0.6743
   0.6766999999999999
   0.6424
   0.6254
   0.6417999999999999
   0.6585
   0.6393
   0.6325
   0.6351999999999999
   0.6392
   0.6512999999999999
   0.6382
   0.6343
   0.6268999999999999
   0.6257999999999999
   0.6198
   0.5933999999999999
   0.6073
   0.6043
   0.6042
   0.5934999999999999
   0.5911
   0.6155999999999999
   0.5938
   0.5829
   0.5861
   0.6033
   0.5621999999999999
   0.5761
   0.5849
   0.5632999999999999
   0.5597
   0.5529999999999999
   0.5666
   0.5601999999999999
   0.5573
   0.5544
   0.5656
   0.5354
   0.5246
   0.5417
   0.5362999999999999
   0.5232
   0.5225
   0.5278999999999999
   0.5226999999999999
   0.5068
   0.5163
   0.5105
   0.5216
   0.5095
   0.4876
   0.4997
   0.49979999999999997
   0.4831
   0.4906
   0.4861
   0.4826
   0.4725
   0.477
   0.49369999999999997
   0.4669
   0.4803
   0.48210000000000003
   0.45439999999999997
   0.47169999999999995
   0.47100000000000003
   0.4855
   0.46909999999999996
   0.47219999999999995
   0.45769999999999994
   0.4654
   0.46199999999999997
   0.4432
   0.4607
   0.47159999999999996
   0.44380000000000003
   0.4218
   0.4399
   0.4232
   0.45189999999999997
   0.43770000000000003
   0.4449
   0.4209
   0.4345
   0.39999999999999997
   0.416
   0.4235
   0.40349999999999997
   0.4173
   0.398
   0.39249999999999996
   0.4227
   0.4004
   0.40099999999999997
   0.39849999999999997
   0.3937
   0.40579999999999994
   0.4141
   0.3946
   0.3846
   0.39449999999999996
   0.38449999999999995
   0.38139999999999996
   0.3887
   0.376
   0.3702
   0.3641
   0.3660999999999999
   0.38859999999999995
   0.37429999999999997
   0.3796
   0.3616
   0.35479999999999995
   0.36639999999999995
   0.3485
   0.3493
   0.35029999999999994
   0.35569999999999996
   0.3524
   0.3599
   0.328
   0.3563
   0.3572
   0.3441
   0.3338
   0.3305
   0.3429
   0.3323
   0.3268
   0.3271
   0.3357
   0.3153
   0.32199999999999995
   0.3283
   0.31729999999999997
   0.3162
   0.32919999999999994
   0.32009999999999994
   0.31429999999999997
   0.3246
   0.3086
   0.3239
   0.3054
   0.29229999999999995
   0.3046
   0.30319999999999997
   0.3111
   0.3137
   0.31729999999999997
   0.2874
   0.29719999999999996
   0.297
   0.2885
   0.2747
   0.3025
   0.2803
   0.2803
   0.296
   0.27869999999999995
   0.28219999999999995
   0.267
   0.26999999999999996
   0.2689
   0.2697
   0.26739999999999997
   0.26249999999999996
   0.26339999999999997
   0.2668
   0.2638
   0.25499999999999995
   0.2636
   0.25889999999999996
   0.2719
   0.2483
   0.25889999999999996
   0.25399999999999995
   0.25539999999999996
   0.2571
   0.2546
   0.2496
   0.24219999999999997
   0.2531
   0.242
   0.2415
   0.24969999999999998
   0.2476
   0.2459
   0.2452
   0.2304
   0.2492
   0.2263
   0.2527
   0.25229999999999997
   0.2408
   0.24539999999999998
   0.23029999999999998
   0.24549999999999997
   0.24469999999999997
   0.23149999999999998
   0.2307
   0.2181
   0.2323
   0.23539999999999997
   0.22870000000000001
   0.2027
   0.2101
   0.22249999999999998
   0.2031
   0.2033
   0.20899999999999996
   0.21639999999999998
   0.2159
   0.21499999999999997
   0.2236
   0.2084
   0.20789999999999997
   0.21669999999999998
   0.20459999999999998
   0.2015
   0.217
   0.21649999999999997
   0.18569999999999998
   0.1969
   0.2019
   0.20650000000000002
   0.1891
   0.19789999999999996
   0.1977
   0.19369999999999998
   0.1912
   0.19349999999999998
   0.1828
   0.1981
   0.19499999999999998
   0.18739999999999998
   0.17529999999999998
   0.2049
   0.20099999999999998
   0.1919
   0.18749999999999997
   0.17579999999999998
   0.1833
   0.1912
   0.18849999999999997
   0.1823
   0.1803
   0.19319999999999998
   0.1765
   0.18679999999999997
   0.17659999999999998
   0.17919999999999997
   0.1712
   0.17129999999999998
   0.1798
   0.16699999999999998
   0.1719
   0.18239999999999998
   0.16519999999999999
   0.16279999999999997
   0.1687
   0.1708
   0.177
   0.1719
   0.1476
   0.16889999999999997
   0.1543
   0.14959999999999998
   0.14989999999999998
   0.1589
   0.1626
   0.16369999999999998
   0.1553
   0.1484
   0.1532
   0.1389
   0.14489999999999997
   0.15489999999999998
   0.14109999999999998
   0.1545
   0.1387
   0.1409
   0.1489
   0.1379
   0.13269999999999998
   0.1407
   0.145
   0.1384
   0.1331
   0.1394
   0.14489999999999997
   0.1309
   0.148
   0.1439
   0.13729999999999998
   0.1362
   0.13599999999999998
   0.13629999999999998
   0.14239999999999997
   0.13369999999999999
   0.128
   0.1286
   0.118
   0.1297
   0.1176
   0.1239
   0.1238
   0.1151
   0.1221
   0.1288
   0.1167
   0.1195
   0.1233
   0.1254
   0.12149999999999998
   0.12819999999999998
   0.1253
   0.12319999999999999
   0.12279999999999999
   0.1205
   0.1167
   0.1254
   0.1225
   0.1216
   0.1158
   0.1255
   0.1204
   0.1171
   0.11589999999999999
   0.1219
   0.1187
   0.12129999999999999
   0.11719999999999998
   0.11469999999999998
   0.1196
   0.11549999999999999
   0.1133
   0.11769999999999999
   0.10999999999999999
   0.1178
   0.1055
   0.1103
   0.1071
   0.10859999999999999
   0.09839999999999999
   0.10339999999999999
   0.10149999999999999
   0.1176
   0.10789999999999998
   0.10859999999999999
   0.10189999999999999
   0.099
   0.10749999999999998
   0.104
   0.0999
   0.0988
   0.0982
   0.10769999999999999
   0.0962
   0.0997
   0.0973
   0.1056
   0.0894
   0.08750000000000001
   0.1017
   0.09659999999999999
   0.0822
   0.0895
   0.0952
   0.0885
   0.0983
   0.09369999999999999
   0.09129999999999999
   0.08979999999999999
   0.0978
   0.0868
   0.0949
   0.0861
   0.085
   0.0847
   0.092
   0.0929
   0.0868
   0.0812
   0.0933
   0.07799999999999999
   0.092
   0.08959999999999999
   0.08639999999999999
   0.08659999999999998
   0.08399999999999999
   0.0824
   0.0854
   0.0893
   0.08399999999999999
   0.0774
   0.0793
   0.08349999999999999
   0.0842
   0.0822
   0.08389999999999999
   0.08549999999999999
   0.07849999999999999
   0.07459999999999999
   0.07939999999999998
   0.07849999999999999
   0.0797
   0.0817
   0.07429999999999999
   0.08049999999999999
   0.08410000000000001
   0.0744
   0.0842
   0.0779
   0.0778
   0.0725
   0.0735
   0.0782
   0.0713
   0.0681
   0.0726
   0.07709999999999999
   0.0705
   0.074
   0.07959999999999999
   0.064
   0.0677
   0.0707
   0.0756
   0.0764
   0.0639
   0.059
   0.0696
   0.057800000000000004
   0.0615
   0.0627
   0.0673
   0.0598
   0.0621
   0.064
   0.058499999999999996
   0.0624
   0.06199999999999999
   0.0633
   0.0642
   0.0649
   0.06599999999999999
   0.0583
   0.0621
   0.0579
   0.057999999999999996
   0.0538
   0.0494
   0.0598
   0.06199999999999999
   0.0528
   0.0604
   0.0623
   0.06199999999999999
   0.0643
   0.06319999999999999
   0.0573
   0.059500000000000004
   0.0596
   0.06309999999999999
   0.0549
   0.057499999999999996
   0.0537
   0.054099999999999995
   0.0659
   0.050499999999999996
   0.0512
   0.0496
   0.0512
   0.0489
   0.055999999999999994
   0.0515
   0.05009999999999999
   0.0479
   0.04479999999999999
   0.05009999999999999
   0.0472
   0.0459
   0.0498
   0.0487
   0.0513
   0.057999999999999996
   0.0451
   0.044899999999999995
   0.047299999999999995
   0.04669999999999999
   0.0494
   0.055999999999999994
   0.0504
   0.049199999999999994
   0.0472
   0.0461
   0.0528
   0.0485
   0.044
   0.0486
   0.0494
   0.0549
   0.04819999999999999
   0.052199999999999996
   0.05179999999999999
   0.0512
   0.048799999999999996
   0.049300000000000004
   0.04839999999999999
   0.0528
   0.048799999999999996
   0.049199999999999994
   0.0479
   0.0464
   0.0425
   0.047499999999999994
   0.0428
   0.0486
   0.0481
   0.04669999999999999
   0.045399999999999996
   0.04139999999999999
   0.05159999999999999
   0.054299999999999994
   0.0427
   0.045399999999999996
   0.0455
   0.043
   0.040299999999999996
   0.047299999999999995
   0.041
   0.0426
   0.043899999999999995
   0.0393
   0.0392
   0.046599999999999996
   0.0445
   0.0455
   0.0453
   0.0389
   0.0401
   0.043
   0.0369
   0.0382
   0.0429
   0.053399999999999996
   0.040299999999999996
   0.0401
   0.03559999999999999
   0.0401
   0.0355
   0.036
   0.033999999999999996
   0.033999999999999996
   0.034199999999999994
   0.0392
   0.0371
   0.034199999999999994
   0.0387
   0.0318
   0.044
   0.0382
   0.041999999999999996
   0.036
   0.034499999999999996
   0.0322
   0.0392
   0.03729999999999999
   0.032299999999999995
   0.036399999999999995
   0.0314
   0.030599999999999995
   0.0327
   0.028900000000000002
   0.0324
   0.0303
   0.029299999999999996
   0.033999999999999996
   0.0348
   0.03559999999999999
   0.0321
   0.027999999999999997
   0.03389999999999999
   0.032799999999999996
   0.0324
   0.0354
   0.037
   0.034699999999999995
   0.033299999999999996
   0.0303
   0.0311
   0.030699999999999998
   0.0311
   0.032
   0.0365
   0.0302
   0.03
   0.0341
   0.0336
   0.0329
   0.0336
   0.0314
   0.032799999999999996
   0.037899999999999996
   0.0281
   0.0317
   0.0303
   0.0341
   0.034699999999999995
   0.0268
   0.027899999999999998
   0.030899999999999997
   0.0304
   0.0319
   0.027499999999999997
   0.028900000000000002
   0.0341
   0.028900000000000002
   0.0335
   0.0249
   0.0281
   0.030599999999999995
   0.0286
   0.026
   0.025799999999999997
   0.025899999999999996
   0.0295
   0.030899999999999997
   0.0235
   0.0269
   0.022699999999999998
   0.0281
   0.024499999999999997
   0.0256
   0.029699999999999997
   0.026
   0.025799999999999997
   0.021599999999999998
   0.0266
   0.0336
   0.024399999999999998
   0.0268
   0.022699999999999998
   0.027899999999999998
   0.0218
   0.0235
   0.0197
   0.0295
   0.027200000000000002
   0.023299999999999998
   0.0265
   0.0281
   0.0294
   0.0282
   0.0235
   0.0237
   0.024099999999999996
   0.0298
   0.0209
   0.022899999999999997
   0.0251
   0.022499999999999996
   0.022499999999999996
   0.0219
   0.0221
   0.022399999999999996
   0.0219
   0.0217
   0.0217
   0.0189
   0.0205
   0.0201
   0.0193
   0.022799999999999997
   0.0215
   0.020999999999999998
   0.021199999999999997
   0.019
   0.0192
   0.021099999999999997
   0.0215
   0.022899999999999997
   0.0239
   0.0239
   0.016
   0.012899999999999998
   0.0157
   0.0156
   0.0205
   0.019799999999999998
   0.0168
   0.019899999999999998
   0.018099999999999998
   0.0186
   0.018699999999999998
   0.0172
   0.023
   0.017099999999999997
   0.0205
   0.021099999999999997
   0.0194
   0.0152
   0.0189
   0.0176
   0.021599999999999998
   0.0179
   0.0156
   0.013999999999999999
   0.017099999999999997
   0.0141
   0.017799999999999996
   0.0159
   0.011999999999999999
   0.0149
   0.0163
   0.0166
   0.013999999999999999
   0.0156
   0.012299999999999998
   0.014599999999999998
   0.013799999999999998
   0.013699999999999999
   0.015499999999999998
   0.0128
   0.0115
   0.012199999999999999
   0.009099999999999999
   0.0109
   0.012099999999999998
   0.0095
   0.012299999999999998
   0.012499999999999999
   0.011399999999999999
   0.012899999999999998
   0.0124
   0.009399999999999999
   0.012499999999999999
   0.0126
   0.0098
   0.0107
   0.0127
   0.012099999999999998
   0.0117
   0.0098
   0.009099999999999999
   0.008899999999999998
   0.0097
   0.0124
   0.0087
   0.0152
   0.0107
   0.007899999999999999
   0.009899999999999999
   0.010399999999999998
   0.012199999999999999
   0.0111
   0.0156
   0.013699999999999999
   0.011399999999999999
   0.0109
   0.013799999999999998
   0.012499999999999999
   0.0117
   0.0086
   0.0118
   0.0139
   0.0117
   0.013600000000000001
   0.0149
   0.0115
   0.0095
   0.013799999999999998
   0.0133
   0.0133
   0.0128
   0.008499999999999999
   0.012899999999999998
   0.012899999999999998
   0.010399999999999998
   0.0116
   0.0096
   0.011399999999999999
   0.012899999999999998
   0.012499999999999999
   0.012099999999999998
   0.0124
   0.012199999999999999
   0.015399999999999999
   0.0107
   0.0135
   0.0102
   0.009899999999999999
   0.0139
   0.0081
   0.0117
   0.013699999999999999
   0.0107
   0.010399999999999998
   0.0117
   0.011399999999999999
   0.011199999999999998
   0.009899999999999999
   0.008899999999999998
   0.0107
   0.0139
   0.0087
   0.008
   0.0097
   0.0084
   0.01
   0.011
   0.0111
   0.006899999999999999
   0.010799999999999999
   0.010799999999999999
   0.0087
   0.0093
   0.009899999999999999
   0.0093
   0.009399999999999999
   0.007299999999999999
   0.0075
   0.0084
   0.0081
   0.009899999999999999
   0.0064
   0.0065
   0.008
   0.0067
   0.0102
   0.0078
   0.008199999999999999
   0.007699999999999999
   0.007899999999999999
   0.0064
   0.005999999999999999
   0.0049
   0.009399999999999999
   0.005
   0.0075
   0.0058
   0.0063
   0.0049
   0.0043
   0.0081
   0.0063
   0.0063
   0.0084
   0.005699999999999999
   0.008
   0.005199999999999999
   0.0058
   0.0042
   0.005399999999999999
   0.0070999999999999995
   0.0060999999999999995
   0.0058
   0.007299999999999999
   0.0084
   0.005699999999999999
   0.005199999999999999
   0.004
   0.008199999999999999
   0.005999999999999999
   0.005299999999999999
   0.006899999999999999
   0.007899999999999999
   0.0062
   0.008
   0.006899999999999999
   0.0064
   0.0070999999999999995
   0.0064
   0.0055
   0.0067
   0.0075
   0.005299999999999999
   0.0068000000000000005
   0.007299999999999999
   0.007299999999999999
   0.0059
   0.0060999999999999995
   0.0058
   0.005599999999999999
   0.0032
   0.0073999999999999995
   0.0033
   0.007699999999999999
   0.008
   0.0049
   0.006999999999999999
   0.0059
   0.005
   0.0048
   0.0051
   0.0040999999999999995
   0.0048
   0.0043
   0.0051
   0.0055
   0.0058
   0.0044
   0.005999999999999999
   0.0034000000000000002
   0.0075
   0.0066
   0.006899999999999999
   0.005699999999999999
   0.005999999999999999
   0.0058
   0.005699999999999999
   0.0078
   0.005
   0.005199999999999999
   0.005299999999999999
   0.0038
   0.0062
   0.004
   0.0032
   0.0058
   0.0034999999999999996
   0.0044
   0.0049
   0.0068000000000000005
   0.0025999999999999994
   0.004699999999999999
   0.0042
   0.0058
   0.0043
   0.0058
   0.0032
   0.005
   0.0038
   0.0036
   0.0042
   0.0045
   0.0026999999999999997
   0.0029
   0.0024
   0.0025
   0.0031
   0.0048
   0.004699999999999999
   0.0049
   0.0043
   0.0049
   0.0031
   0.0059
   0.004
   0.0031
   0.0021
   0.0031
   0.0032
   0.0038
   0.0025
   0.005199999999999999
   0.002
   0.0032
   0.0025999999999999994
   0.0039
   0.0032
   0.0042
   0.0031
   0.0021
   0.005299999999999999
   0.0027999999999999995
   0.0029
   0.0014999999999999998
   0.0017000000000000001
   0.0023
   0.0012999999999999997
   0.0034999999999999996
   0.0032
   0.0034999999999999996
   0.0018
   0.0012999999999999997
   0.0025
   0.0024
   0.0012999999999999997
   0.002
   0.0029999999999999996
   0.0029999999999999996
   0.0025999999999999994
   0.001
   0.0018
   0.002
   0.0019
   0.0016
   0.0019
   0.0006999999999999999
   0.002
   0.0027999999999999995
   0.0018
   0.0016
   0.0018
   0.0019
   0.0018
   0.0033
   0.0024
   0.0012999999999999997
   0.0032
   0.0025999999999999994
   0.0018
   0.0025999999999999994
   0.0021
   0.0013999999999999998
   0.0031
   0.0011
   0.0021
   0.0024
   0.0009
   0.0034000000000000002
   0.0006
   0.0011
   0.0016
   0.001
   0.0029
   0.0013999999999999998
   0.0021
   0.0006
   0.0033
   0.0024
   0.0014999999999999998
   0.0019
   0.0009
   0.0016
   0.0023
   0.0012999999999999997
   0.0018
   0.0013999999999999998
   0.0022
   0.0021
   0.0038
   0.0025
   0.0018
   0.0032
   0.0022
   0.0029
   0.0008
   0.0021
   0.0022
   0.0036999999999999997
   0.0027999999999999995
   0.0021
   0.0026999999999999997
   0.0024
   0.0024
   0.0029999999999999996
   0.0032
   0.0036
   0.0019
   0.0018
   0.002
   0.0036999999999999997
   0.0021
   0.002
   0.0029
   0.0019
   0.0023
   0.0038
   0.0017000000000000001
   0.0040999999999999995
   0.0045
   0.0016
   0.0027999999999999995
   0.0006999999999999999
   0.0024
   0.0013999999999999998
   0.0023
   0.0033
   0.0032
   0.0014999999999999998
   0.0032
   0.0029999999999999996
   0.0022
   0.0022
   0.0018
   0.0022
   0.0034000000000000002
   0.0005
   0.002
   0.0016
   0.0019
   0.0006
   0.0018
   0.0004
   0.0023
   0.0006999999999999999
   0.0013999999999999998
   0.0013999999999999998
   0.0012
   0.0018
   0.0029
   0.0006
   0.0008
   0.0016
   0.0021
   0.0011
   0.0016
   0.0016
   0.0004
   0.0004
   0.0012999999999999997
   0.0021
   0.0005
   0.0012
   0.0006999999999999999
   0.0009
   0.0006
   0.0006999999999999999
   0.0014999999999999998
   0.001
   0.0006
   0.0009
   0.0011
   0.0016
   0.0011
   0.0006
   0.0011
   0.0016
   0.0004
   0.0016
   0.0008
   0.0014999999999999998
   0.0024
   0.0012999999999999997
   0.0012999999999999997
   0.0011
   0.0017000000000000001
   0.0005
   0.0006999999999999999
   0.0012
   0.0013999999999999998
   0.0018
   0.0012999999999999997
   0.0009
   0.0009
   0.002
   0.0003
   0.002
   0.0009
   0.0011
   0.0011
   0.0008
   0.0006999999999999999
   0.0009
   0.0006
   0.0014999999999999998
   0.0008
   0.0012
   0.0008
   0.0005
   0.0006999999999999999
   0.0008
   0.0005
   0.0012
   0.0006
   0.0006
   0.0006999999999999999
   0.001
   0.0012
   0.0012
   0.0009
   0.0001
   0.0004
   0.0002
   0.0006
   0.0004
   0.0003
   0.0006999999999999999
   0.001
   0.0008
   0.0012999999999999997
   0.0006
   0.0003
   0.0008
   0.0006999999999999999
   0.0009
   0.0008
   0.0002
   0.0003
   0.0002
   0.0005
   0.0
   0.0002
   0.0006
   0.001
   0.0001
   0.0005
   0.0006999999999999999
   0.0001
   0.0006999999999999999
   0.0001
   0.0002
   0.0
   0.0002
   0.0003
   0.0009
   0.0005
   0.0003
   0.0006999999999999999
   0.0004
   0.0005
   0.0006
   0.0001
   0.0005
   0.0012
   0.0
   0.0004
   0.0002
   0.0003
   0.0004
   0.0
   0.0003
   0.0004
   0.0006999999999999999
   0.0
   0.0005
   0.0006999999999999999
   0.0002
   0.0004
   0.0006999999999999999
   0.0004
   0.0004
   0.0004
   0.0006
   0.0014999999999999998
   0.0012999999999999997
   0.0003
   0.0012999999999999997
   0.0001
   0.0011
   0.0001
   0.0004
   0.0006999999999999999
   0.0006
   0.0013999999999999998
   0.0006
   0.0003
   0.0004
   0.0006
   0.0004
   0.0006
   0.0
   0.0006
   0.0003
   0.0003
   0.0008
   0.0009
   0.0001
   0.0004
   0.0005
   0.0009
   0.0006
   0.001
   0.0006
   0.0006
   0.0001
   0.0003
   0.0012
   0.002
   0.0012999999999999997
   0.0009
   0.0006
   0.0005
   0.0006
   0.0012
   0.0016
   0.0016
   0.0
   0.0008
   0.001
   0.0006
   0.0006999999999999999
   0.0006999999999999999
   0.0009
   0.0006
   0.0004
   0.0002
   0.0012999999999999997
   0.0005
   0.0009
   0.0006999999999999999
   0.0006
   0.001
   0.0009
   0.0011
   0.0011
   0.001
   0.0016
   0.0004
   0.0006
   0.0016
   0.001
   0.0003
   0.0009
   0.0011
   0.0006999999999999999
   0.0013999999999999998
   0.0017000000000000001
   0.0016
   0.0017000000000000001
   0.001
   0.001
   0.0021
   0.0006
   0.0011
   0.0022
   0.0012
   0.0025999999999999994
   0.0016
   0.0029999999999999996
   0.0024
   0.0009
   0.0018
   0.0004
   0.0006999999999999999
   0.0011
   0.0006999999999999999
   0.0006
   0.0012999999999999997
   0.0003
   0.0004
   0.0004
   0.0005
   0.0005
   0.0001
   0.001
   0.0012999999999999997
   0.0008
   0.0004
   0.0006999999999999999
   0.0009
   0.0003
   0.0001
   0.0006
   0.0006
   0.0005
   0.0002
   0.0016
   0.0005
   0.0008
   0.0019
   0.0003
   0.0006
   0.0006999999999999999
   0.0012
   0.0009
   0.0
   0.0006999999999999999
   0.0012999999999999997
   0.0003
   0.0004
   0.0013999999999999998
   0.0008
   0.0011
   0.0005
   0.0012
   0.0012
   0.0014999999999999998
   0.0018
   0.001
   0.0014999999999999998
   0.0009
   0.0019
   0.001
   0.0012
   0.0012999999999999997
   0.0012
   0.0029999999999999996
   0.0025
   0.0012999999999999997
   0.0011
   0.0006999999999999999
   0.0008
   0.001
   0.0013999999999999998
   0.0003
   0.0003
   0.001
   0.0006999999999999999
   0.0013999999999999998
   0.0012999999999999997
   0.0008
   0.0023
   0.0012999999999999997
   0.0006
   0.0014999999999999998
   0.0002
   0.0011
   0.0005
   0.0012
   0.0009
   0.0013999999999999998
   0.0012
   0.0011
   0.0009
   0.0012999999999999997
   0.0002
   0.0009
   0.0012
   0.0006999999999999999
   0.0011
   0.0003
   0.0006
   0.0006
   0.0008
   0.0003
   0.0001
   0.0017000000000000001
   0.0012999999999999997
   0.0009
   0.0002
   0.0011
   0.0005
   0.0002
   0.0006999999999999999
   0.0006999999999999999
   0.0006
   0.001
   0.0004
   0.0
   0.0006
   0.0001
   0.0004
   0.0003
   0.0
   0.0004
   0.0004
   0.0005
   0.0004
   0.0002
   0.0
   0.0001
   0.0003
   0.0
   0.0003
   0.0006
   0.0001
   0.0002
   0.0002
   0.0005
   0.0004
   0.0009
   0.0003
   0.0003
   0.0001
   0.0001
   0.0008
   0.001
   0.0002
   0.0006
   0.0004
   0.0001
   0.0009
   0.0
   0.0005
   0.0003
   0.0006
   0.001
   0.0006
   0.0001
   0.0002
   0.0005
   0.0005
   0.0
   0.0
   0.0001
   0.0006
   0.001
   0.0002
   0.0002
   0.0003
   0.0
   0.0001
   0.0002
   0.0002
   0.0004
   0.0004
   0.0011
   0.0006999999999999999
   0.0005
   0.0002
   0.0005
   0.0004
   0.0005
   0.0004
   0.0004
   0.0004
   0.0002
   0.0002
   0.0004
   0.0
   0.0001
   0.0002
   0.0
   0.0
   0.0004
   0.0003
   0.0005
   0.0
   0.0
   0.0
   0.0001
   0.0001
   0.0001
   0.0
   0.0004
   0.0003
   0.0002
   0.0
   0.0
   0.0
   0.0002
   0.0004
   0.0
   0.0
   0.0
   0.0
   0.0
   0.0
   0.0
   0.0
   0.0
   0.0002
   0.0004
   0.0
   0.0
   0.0001
   0.0
   0.0002
   0.0
   0.0
   0.0
   0.0
   0.0
   0.0
   0.0
   0.0
   0.0
   0.0
   0.0
   0.0
   0.0
   0.0
   0.0
   0.0
   0.0
   0.0
   0.0
   0.0
   0.0
   0.0
   0.0
   0.0
   0.0
   0.0
   0.0
   0.0
   0.0
   0.0
   0.0
   0.0
   0.0
   0.0
   0.0
   0.0
   0.0
   0.0
   0.0
   0.0
   0.0
   0.0
   0.0
   0.0
   0.0
   0.0
   0.0
   0.0
   0.0
   0.0
   0.0
   0.0
   0.0
   0.0
   0.0
   0.0
   0.0
   0.0
   0.0
   0.0
   0.0
   0.0
   0.0
   0.0
   0.0
   0.0
   0.0
   0.0
   0.0
   0.0
   0.0
   0.0
   0.0
   0.0
   0.0
   0.0
   0.0
   0.0
   0.0
   0.0
   0.0
   0.0
   0.0
   0.0
   0.0
   0.0
   0.0
   0.0
   0.0
   0.0
   0.0
   0.0
   0.0
   0.0
   0.0
   0.0
   0.0
   0.0
   0.0
   0.0
   0.0
   0.0
   0.0
   0.0
   0.0
   0.0
   0.0
   0.0
   0.0
   0.0
   0.0
   0.0
   0.0
   0.0
   0.0
   0.0
   0.0
   0.0
   0.0
   0.0
   0.0
   0.0
   0.0
   0.0
   0.0
   0.0
   0.0
   0.0
   0.0
   0.0
   0.0
   0.0
   0.0
   0.0
   0.0
   0.0
   0.0
   0.0
   0.0
   0.0
   0.0
   0.0
   0.0
   0.0
   0.0
   0.0
   0.0
   0.0
   0.0
   0.0
   0.0
   0.0
   0.0
   0.0
   0.0
   0.0
   0.0
   0.0
   0.0
   0.0
   0.0
   0.0
   0.0
   0.0
   0.0
   0.0
   0.0
   0.0
   0.0
   0.0
   0.0
   0.0
   0.0
   0.0
   0.0
   0.0
   0.0
   0.0
   0.0
   0.0
   0.0
   0.0
   0.0
   0.0
   0.0
   0.0
   0.0
   0.0
   0.0
   0.0
   0.0
   0.0
   0.0
   0.0
   0.0
   0.0
   0.0
   0.0
   0.0
   0.0
   0.0
   0.0
   0.0
   0.0
   0.0
   0.0
   0.0
   0.0
   0.0
   0.0
   0.0
   0.0
   0.0
   0.0
   0.0
   0.0
   0.0
   0.0
   0.0
   0.0
   0.0
   0.0
   0.0
   0.0
   0.0
   0.0
   0.0
   0.0
   0.0
   0.0
   0.0
   0.0
   0.0
   0.0
   0.0
   0.0
   0.0
   0.0
   0.0
   0.0
   0.0
   0.0
   0.0
   0.0
   0.0
   0.0
   0.0
   0.0
   0.0
   0.0
   0.0
   0.0
   0.0
   0.0
   0.0
   0.0
   0.0
   0.0
   0.0
   0.0
   0.0
   0.0
   0.0
   0.0
   0.0
   0.0
   0.0
   0.0
   0.0
   0.0
   0.0
   0.0
   0.0
   0.0
   0.0
   0.0
   0.0
   0.0
   0.0
   0.0
   0.0
   0.0
   0.0
   0.0
   0.0
   0.0
   0.0
   0.0
   0.0
   0.0
   0.0
   0.0
   0.0
   0.0
   0.0
   0.0
   0.0
   0.0
   0.0
   0.0
   0.0
   0.0
   0.0
   0.0
   0.0
   0.0
   0.0
   0.0
   0.0
   0.0
   0.0
   0.0
   0.0
   0.0
   0.0
   0.0
   0.0
   0.0
   0.0
   0.0
   0.0
   0.0
   0.0
   0.0
   0.0
   0.0
   0.0
   0.0
   0.0
   0.0
   0.0
   0.0
   0.0
   0.0
   0.0
   0.0
   0.0
   0.0
   0.0
   0.0
   0.0
   0.0
   0.0
   0.0
   0.0
   0.0
   0.0
   0.0
   0.0
   0.0
   0.0
   0.0
   0.0
   0.0
   0.0
   0.0
   0.0
   0.0
   0.0
   0.0
   0.0
   0.0
   0.0
   0.0
   0.0
   0.0
   0.0
   0.0
   0.0
   0.0
   0.0
   0.0
   0.0
   0.0
   0.0
   0.0
   0.0
   0.0
   0.0
   0.0
   0.0
   0.0
   0.0
   0.0
   0.0
   0.0
   0.0
   0.0
   0.0
   0.0
   0.0
   0.0
   0.0
   0.0
   0.0
   0.0
   0.0
   0.0
   0.0
   0.0
   0.0
   0.0
   0.0
   0.0
   0.0
   0.0
   0.0
   0.0
   0.0
   0.0
   0.0
   0.0
   0.0
   0.0
   0.0
   0.0
   0.0
   0.0
   0.0
   0.0
   0.0
   0.0
   0.0
   0.0
   0.0
   0.0
   0.0
   0.0
   0.0
   0.0
   0.0
   0.0
   0.0
   0.0
   0.0
   0.0
   0.0
   0.0
   0.0
   0.0
   0.0
   0.0
   0.0
   0.0
   0.0
   0.0
   0.0
   0.0
   0.0
   0.0
   0.0
   0.0
   0.0
   0.0
   0.0
   0.0
   0.0
   0.0
   0.0
   0.0
   0.0
   0.0
   0.0
   0.0
   0.0
   0.0
   0.0
   0.0
   0.0
   0.0
   0.0
   0.0
   0.0
   0.0
   0.0
   0.0
   0.0
   0.0
   0.0
   0.0
   0.0
   0.0
   0.0
   0.0
   0.0
   0.0
   0.0
   0.0
   0.0
   0.0
   0.0
   0.0
   0.0
   0.0
   0.0
   0.0
   0.0
   0.0
   0.0
   0.0
   0.0
   0.0
   0.0
   0.0
   0.0
   0.0
   0.0
   0.0
   0.0
   0.0
   0.0
   0.0
   0.0
   0.0
   0.0
   0.0
   0.0
   0.0
   0.0
   0.0
   0.0
   0.0
   0.0
   0.0
   0.0
   0.0
   0.0
   0.0
   0.0
   0.0
   0.0
   0.0
   0.0
   0.0
   0.0
   0.0
   0.0
   0.0
   0.0
   0.0
   0.0
   0.0
   0.0
   0.0
   0.0
   0.0
   0.0
   0.0
   0.0
   0.0
   0.0
   0.0
   0.0
   0.0
   0.0
   0.0
   0.0
   0.0
   0.0
   0.0
   0.0
   0.0
   0.0
   0.0
   0.0
   0.0
   0.0
   0.0
   0.0
   0.0
   0.0
   0.0
   0.0
   0.0
   0.0
   0.0
   0.0
   0.0
   0.0
   0.0
   0.0
   0.0
   0.0
   0.0
   0.0
   0.0
   0.0
   0.0
   0.0
   0.0
   0.0
   0.0
   0.0
   0.0
   0.0
   0.0
   0.0
   0.0
   0.0
   0.0
   0.0
   0.0
   0.0
   0.0
   0.0
   0.0
   0.0
   0.0
   0.0
   0.0
   0.0
   0.0
   0.0
   0.0
   0.0
   0.0
   0.0
   0.0
   0.0
   0.0
   0.0
   0.0
   0.0
   0.0
   0.0
   0.0
   0.0
   0.0
   0.0
   0.0
   0.0
   0.0
   0.0
   0.0
   0.0
   0.0
   0.0
   0.0
   0.0
   0.0
   0.0
   0.0
   0.0
   0.0
   0.0
   0.0
   0.0
   0.0
   0.0
   0.0
   0.0
   0.0
   0.0
   0.0
   0.0
   0.0
   0.0
   0.0
   0.0
   0.0
   0.0
   0.0
   0.0
   0.0
   0.0
   0.0
   0.0
   0.0
   0.0
   0.0
   0.0
   0.0
   0.0
   0.0
   0.0
   0.0
   0.0
   0.0
   0.0
   0.0
   0.0
   0.0
   0.0
   0.0
   0.0
   0.0
   0.0
   0.0
   0.0
   0.0
   0.0
   0.0
   0.0
   0.0
   0.0
   0.0
   0.0
   0.0
   0.0
   0.0
   0.0
   0.0
   0.0
   0.0
   0.0
   0.0
   0.0
   0.0
   0.0
   0.0
   0.0
   0.0
   0.0
   0.0
   0.0
   0.0
   0.0
   0.0
   0.0
   0.0
   0.0
   0.0
   0.0
   0.0
   0.0
   0.0
   0.0
   0.0
   0.0
   0.0
   0.0
   0.0
   0.0
   0.0
   0.0
   0.0
   0.0
   0.0
   0.0
   0.0
   0.0
   0.0
   0.0
   0.0
   0.0
   0.0
   0.0
   0.0
   0.0
   0.0
   0.0
   0.0
   0.0
   0.0
   0.0
   0.0
   0.0
   0.0
   0.0
   0.0
   0.0
   0.0
   0.0
   0.0
   0.0
   0.0
   0.0
   0.0
   0.0
   0.0
   0.0
   0.0
   0.0
   0.0
   0.0
   0.0
   0.0
   0.0
   0.0
   0.0
   0.0
   0.0
   0.0
   0.0
   0.0
   0.0
   0.0
   0.0
   0.0
   0.0
   0.0
