   0.0
   0.0
   0.0
   0.0
   0.0
   0.0
   0.0
   0.0
   0.0
   0.0
   0.0
   0.0
   0.0
   0.0
   0.0
   0.0
   0.0
   0.0
   0.0
   0.0
   0.0
   0.0
   0.0
   0.0
   0.0
   0.0
   0.0
   0.0
   0.0
   0.0
   0.0
   0.0
   0.0
   0.0
   0.0
   0.0
   0.0
   0.0
   0.0
   0.0
   0.0
   0.0
   0.0
   0.0
   0.0
   0.0
   0.0
   0.0
   0.0
   0.0
   0.0
   0.0
   0.0
   0.0
   0.0
   0.0
   0.0
   0.0
   0.0
   0.0
   0.0
   0.0
   0.0
   0.0
   0.0
   0.0
   0.0
   0.0
   0.0
   0.0
   0.0
   0.0
   0.0
   0.0
   0.0
   0.0
   0.0
   0.0
   0.0
   0.0
   0.0
   0.0
   0.0
   0.0
   0.0
   0.0
   0.0
   0.0
   0.0
   0.0
   0.0
   0.0
   0.0
   0.0
   0.0
   0.0
   0.0
   0.0
   0.0
   0.0
   0.0
   0.0
   0.0
   0.0
   0.0
   0.0
   0.0
   0.0
   0.0
   0.0
   0.0
   0.0
   0.0
   0.0
   0.0
   0.0
   0.0
   0.0
   0.0
   0.0
   0.0
   0.0
   0.0
   0.0
   0.0
   0.0
   0.0
   0.0
   0.0
   0.0
   0.0
   0.0
   0.0
   0.0
   0.0
   0.0
   0.0
   0.0
   0.0
   0.0
   0.0
   0.0
   0.0
   0.0
   0.0
   0.0
   0.0
   0.0
   0.0
   0.0
   0.0
   0.0
   0.0
   0.0
   0.0
   0.0
   0.0
   0.0
   0.0
   0.0
   0.0
   0.0
   0.0
   0.0
   0.0
   0.0
   0.0
   0.0
   0.0
   0.0
   0.0
   0.0
   0.0
   0.0
   0.0
   0.0
   0.0
   0.0
   0.0
   0.0
   0.0
   0.0
   0.0
   0.0
   0.0
   0.0
   0.0
   0.0
   0.0
   0.0
   0.0
   0.0
   0.0
   0.0
   0.0
   0.0
   0.0
   0.0
   0.0
   0.0
   0.0
   0.0
   0.0
   0.0
   0.0
   0.0
   0.0
   0.0
   0.0
   0.0
   0.0
   0.0
   0.0
   0.0
   0.0
   0.0
   0.0
   0.0
   0.0
   0.0
   0.0
   0.0
   0.0
   0.0
   0.0
   0.0
   0.0
   0.0
   0.0
   0.0
   0.0
   0.0
   0.0
   0.0
   0.0
   0.0
   0.0
   0.0
   0.0
   0.0
   0.0
   0.0
   0.0
   0.0
   0.0
   0.0
   0.0
   0.0
   0.0
   0.0
   0.0
   0.0
   0.0
   0.0
   0.0
   0.0
   0.0
   0.0
   0.0
   0.0
   0.0
   0.0
   0.0
   0.0
   0.0
   0.0
   0.0
   0.0
   0.0
   0.0
   0.0
   0.0
   0.0
   0.0
   0.0
   0.0
   0.0
   0.0
   0.0
   0.0
   0.0
   0.0
   0.0
   0.0
   0.0
   0.0
   0.0
   0.0
   0.0
   0.0
   0.0
   0.0
   0.0
   0.0
   0.0
   0.0
   0.0
   0.0
   0.0
   0.0
   0.0
   0.0
   0.0
   0.0
   0.0
   0.0
   0.0
   0.0
   0.0
   0.0
   0.0
   0.0
   0.0
   0.0
   0.0
   0.0
   0.0
   0.0
   0.0
   0.0
   0.0
   0.0
   0.0
   0.0
   0.0
   0.0
   0.0
   0.0
   0.0
   0.0
   0.0
   0.0
   0.0
   0.0
   0.0
   0.0
   0.0
   0.0
   0.0
   0.0
   0.0
   0.0
   0.0
   0.0
   0.0
   0.0
   0.0
   0.0
   0.0
   0.0
   0.0
   0.0
   0.0
   0.0
   0.0
   0.0
   0.0
   0.0
   0.0
   0.0
   0.0
   0.0
   0.0
   0.0
   0.0
   0.0
   0.0
   0.0
   0.0
   0.0
   0.0
   0.0
   0.0
   0.0
   0.0
   0.0
   0.0
   0.0
   0.0
   0.0
   0.0
   0.0
   0.0
   0.0
   0.0
   0.0
   0.0
   0.0
   0.0
   0.0
   0.0
   0.0
   0.0
   0.0
   0.0
   0.0
   0.0
   0.0
   0.0
   0.0
   0.0
   0.0
   0.0
   0.0
   0.0
   0.0
   0.0
   0.0
   0.0
   0.0
   0.0
   0.0
   0.0
   0.0
   0.0
   0.0
   0.0
   0.0
   0.0
   0.0
   0.0
   0.0
   0.0
   0.0
   0.0
   0.0
   0.0
   0.0
   0.0
   0.0
   0.0
   0.0
   0.0
   0.0
   0.0
   0.0
   0.0
   0.0
   0.0
   0.0
   0.0
   0.0
   0.0
   0.0
   0.0
   0.0
   0.0
   0.0
   0.0
   0.0
   0.0
   0.0
   0.0
   0.0
   0.0
   0.0
   0.0
   0.0
   0.0
   0.0
   0.0
   0.0
   0.0
   0.0
   0.0
   0.0
   0.0
   0.0
   0.0
   0.0
   0.0
   0.0
   0.0
   0.0
   0.0
   0.0
   0.0
   0.0
   0.0
   0.0
   0.0
   0.0
   0.0
   0.0
   0.0
   0.0
   0.0
   0.0
   0.0
   0.0
   0.0
   0.0
   0.0
   0.0
   0.0
   0.0
   0.0
   0.0001
   0.0
   0.0001
   0.0001
   0.0001
   0.0001
   0.0
   0.0
   0.0
   0.0001
   0.0
   0.0003
   0.0003
   0.0001
   0.0
   0.0001
   0.0
   0.0
   0.0
   0.0
   0.0001
   0.0
   0.0
   0.0002
   0.0
   0.0001
   0.0001
   0.0
   0.0001
   0.0
   0.0
   0.0
   0.0
   0.0
   0.0
   0.0002
   0.0003
   0.0
   0.0002
   0.0003
   0.0
   0.0002
   0.0001
   0.0006
   0.0002
   0.0
   0.0004
   0.0005
   0.0004
   0.0004
   0.0006999999999999999
   0.0003
   0.0002
   0.0003
   0.0003
   0.0001
   0.0006999999999999999
   0.001
   0.001
   0.0009
   0.0005
   0.0013999999999999998
   0.0009
   0.0002
   0.001
   0.0006
   0.0009
   0.0011
   0.0009
   0.0016
   0.001
   0.0012
   0.0006999999999999999
   0.0011
   0.001
   0.0006999999999999999
   0.0011
   0.0012
   0.0012
   0.001
   0.0006999999999999999
   0.0006999999999999999
   0.0019
   0.0012999999999999997
   0.0008
   0.0009
   0.0003
   0.0008
   0.0008
   0.001
   0.0003
   0.0004
   0.0005
   0.0005
   0.0004
   0.0004
   0.0012999999999999997
   0.0014999999999999998
   0.0011
   0.0009
   0.0006
   0.0011
   0.001
   0.0006
   0.0005
   0.0004
   0.0005
   0.0003
   0.0003
   0.0005
   0.0002
   0.0006
   0.0004
   0.001
   0.0004
   0.0005
   0.0011
   0.0003
   0.0003
   0.0005
   0.0004
   0.0006999999999999999
   0.0006
   0.0006
   0.0004
   0.0004
   0.0005
   0.0008
   0.0006
   0.0004
   0.0005
   0.0003
   0.0009
   0.0002
   0.0006
   0.0004
   0.0001
   0.0002
   0.0004
   0.0001
   0.0002
   0.0001
   0.0004
   0.0002
   0.0002
   0.0001
   0.0001
   0.0002
   0.0002
   0.0
   0.0002
   0.0005
   0.0003
   0.0008
   0.0005
   0.0003
   0.0004
   0.0001
   0.0
   0.0003
   0.0003
   0.0002
   0.0002
   0.0003
   0.0005
   0.0002
   0.0004
   0.0001
   0.0
   0.0003
   0.0001
   0.0004
   0.0003
   0.0002
   0.0002
   0.0003
   0.0002
   0.0006
   0.0004
   0.0
   0.0001
   0.0003
   0.0001
   0.0004
   0.0004
   0.0005
   0.0004
   0.0003
   0.0004
   0.0003
   0.0001
   0.0008
   0.0006
   0.0004
   0.0006
   0.0004
   0.0005
   0.0005
   0.0004
   0.0004
   0.0
   0.0006999999999999999
   0.0005
   0.0005
   0.0011
   0.0002
   0.0009
   0.0006
   0.0004
   0.0006
   0.0005
   0.0002
   0.0005
   0.0
   0.0004
   0.0003
   0.0001
   0.0005
   0.0006
   0.0002
   0.0001
   0.0004
   0.0002
   0.0006
   0.0003
   0.0002
   0.0006999999999999999
   0.0002
   0.0008
   0.0009
   0.0002
   0.0003
   0.0006
   0.0002
   0.0004
   0.0004
   0.0009
   0.0004
   0.0004
   0.0003
   0.0003
   0.0003
   0.0001
   0.0
   0.0002
   0.0001
   0.0002
   0.0006
   0.0006999999999999999
   0.0003
   0.0005
   0.0002
   0.0006
   0.0005
   0.0004
   0.0004
   0.0012999999999999997
   0.0008
   0.0008
   0.0008
   0.0008
   0.0009
   0.0005
   0.0004
   0.0004
   0.0004
   0.0003
   0.0003
   0.0002
   0.0
   0.0002
   0.0006
   0.0003
   0.0006
   0.0
   0.0003
   0.0006
   0.0003
   0.0001
   0.0003
   0.0001
   0.0001
   0.0001
   0.0006
   0.0004
   0.0005
   0.0006
   0.0005
   0.0006999999999999999
   0.0006
   0.0002
   0.0009
   0.0002
   0.0005
   0.0004
   0.0005
   0.0003
   0.0002
   0.0001
   0.0004
   0.0002
   0.0001
   0.0003
   0.0001
   0.0002
   0.0006
   0.0002
   0.0006999999999999999
   0.0001
   0.0002
   0.0001
   0.0
   0.0003
   0.0003
   0.0001
   0.0003
   0.0
   0.0002
   0.0002
   0.0003
   0.0004
   0.0
   0.0
   0.0001
   0.0002
   0.0003
   0.0001
   0.0001
   0.0005
   0.0005
   0.0006
   0.0001
   0.0002
   0.0001
   0.0001
   0.0
   0.0
   0.0002
   0.0
   0.0
   0.0001
   0.0
   0.0002
   0.0002
   0.0001
   0.0
   0.0001
   0.0001
   0.0
   0.0
   0.0001
   0.0
   0.0002
   0.0001
   0.0001
   0.0001
   0.0002
   0.0
   0.0003
   0.0004
   0.0002
   0.0002
   0.0
   0.0004
   0.0001
   0.0004
   0.0003
   0.0009
   0.0
   0.0006
   0.0005
   0.0004
   0.0002
   0.0001
   0.0001
   0.0002
   0.0003
   0.0003
   0.0002
   0.0005
   0.0003
   0.0005
   0.0004
   0.0
   0.0005
   0.0002
   0.0003
   0.0005
   0.0002
   0.0002
   0.0003
   0.0001
   0.0001
   0.0002
   0.0002
   0.0001
   0.0001
   0.0001
   0.0004
   0.0003
   0.0
   0.0002
   0.0002
   0.0002
   0.0001
   0.0003
   0.0001
   0.0001
   0.0008
   0.0006999999999999999
   0.0001
   0.0005
   0.0008
   0.001
   0.0002
   0.0003
   0.0006
   0.0004
   0.0003
   0.0005
   0.0002
   0.0004
   0.0003
   0.0002
   0.0002
   0.0004
   0.0005
   0.0001
   0.0
   0.0006
   0.0003
   0.0002
   0.0003
   0.0002
   0.0001
   0.0
   0.0004
   0.0003
   0.0002
   0.0002
   0.0003
   0.0
   0.0001
   0.0002
   0.0002
   0.0002
   0.0002
   0.0
   0.0003
   0.0004
   0.0002
   0.0004
   0.0
   0.0004
   0.0001
   0.0001
   0.0001
   0.0003
   0.0003
   0.0004
   0.0003
   0.0002
   0.0001
   0.0001
   0.0001
   0.0001
   0.0
   0.0001
   0.0002
   0.0004
   0.0002
   0.0
   0.0004
   0.0008
   0.0006999999999999999
   0.0004
   0.0005
   0.0005
   0.0002
   0.0003
   0.0008
   0.0006
   0.0012
   0.0011
   0.0009
   0.001
   0.0009
   0.0009
   0.001
   0.0006999999999999999
   0.0012
   0.0009
   0.001
   0.0008
   0.0012
   0.0011
   0.0017000000000000001
   0.0006999999999999999
   0.0004
   0.0012999999999999997
   0.0011
   0.0009
   0.001
   0.0018
   0.0012
   0.0014999999999999998
   0.0011
   0.0013999999999999998
   0.0011
   0.0009
   0.0017000000000000001
   0.0013999999999999998
   0.0014999999999999998
   0.0019
   0.0018
   0.0012999999999999997
   0.0011
   0.0017000000000000001
   0.0012999999999999997
   0.001
   0.0008
   0.0014999999999999998
   0.0019
   0.002
   0.0011
   0.0011
   0.0019
   0.0022
   0.0011
   0.001
   0.0014999999999999998
   0.0017000000000000001
   0.0017000000000000001
   0.0009
   0.0011
   0.0012999999999999997
   0.0009
   0.0019
   0.0021
   0.0011
   0.0014999999999999998
   0.0011
   0.0018
   0.001
   0.001
   0.0012999999999999997
   0.0013999999999999998
   0.0014999999999999998
   0.001
   0.0011
   0.0013999999999999998
   0.0013999999999999998
   0.0017000000000000001
   0.0019
   0.0014999999999999998
   0.0017000000000000001
   0.001
   0.0016
   0.0006999999999999999
   0.0018
   0.0011
   0.0013999999999999998
   0.001
   0.0012999999999999997
   0.0012999999999999997
   0.0012
   0.0009
   0.0008
   0.0012
   0.0006
   0.001
   0.0006999999999999999
   0.0014999999999999998
   0.0012
   0.0006999999999999999
   0.0012999999999999997
   0.0014999999999999998
   0.0012
   0.0006
   0.0012999999999999997
   0.0013999999999999998
   0.001
   0.0016
   0.0021
   0.0017000000000000001
   0.0024
   0.002
   0.0019
   0.0034000000000000002
   0.0032
   0.0025
   0.0034000000000000002
   0.0036999999999999997
   0.0034999999999999996
   0.0026999999999999997
   0.0026999999999999997
   0.0036
   0.0042
   0.0029
   0.0025999999999999994
   0.0029
   0.0026999999999999997
   0.0029
   0.0033
   0.0027999999999999995
   0.0025999999999999994
   0.0034000000000000002
   0.0036
   0.0025
   0.0026999999999999997
   0.0029
   0.0034000000000000002
   0.0039
   0.0027999999999999995
   0.0026999999999999997
   0.0014999999999999998
   0.0021
   0.0024
   0.002
   0.0025
   0.0021
   0.0018
   0.002
   0.002
   0.0022
   0.0025
   0.0021
   0.0025999999999999994
   0.0019
   0.0031
   0.0019
   0.0019
   0.0025
   0.0021
   0.0012
   0.0023
   0.0018
   0.0029
   0.0026999999999999997
   0.0023
   0.0022
   0.0022
   0.0018
   0.0008
   0.0013999999999999998
   0.0021
   0.0021
   0.0017000000000000001
   0.002
   0.0014999999999999998
   0.0019
   0.0017000000000000001
   0.0014999999999999998
   0.0029999999999999996
   0.0019
   0.0025999999999999994
   0.0024
   0.0025
   0.0025
   0.0027999999999999995
   0.0029
   0.0031
   0.0027999999999999995
   0.0034000000000000002
   0.0021
   0.0029
   0.0025
   0.0024
   0.0021
   0.0027999999999999995
   0.0024
   0.0023
   0.0026999999999999997
   0.0029999999999999996
   0.0031
   0.0022
   0.0024
   0.0016
   0.0022
   0.0026999999999999997
   0.0025
   0.0021
   0.0029
   0.0023
   0.0026999999999999997
   0.0025999999999999994
   0.0029
   0.0022
   0.0022
   0.0021
   0.0027999999999999995
   0.0025
   0.0031
   0.0024
   0.0029
   0.0032
   0.004
   0.0043
   0.0026999999999999997
   0.004
   0.0027999999999999995
   0.0046
   0.0043
   0.0034999999999999996
   0.0033
   0.0034999999999999996
   0.0031
   0.0039
   0.0034000000000000002
   0.004699999999999999
   0.0034999999999999996
   0.0033
   0.0042
   0.0033
   0.0033
   0.0044
   0.0039
   0.0046
   0.0038
   0.0036999999999999997
   0.0025
   0.0033
   0.0036999999999999997
   0.0040999999999999995
   0.0045
   0.0033
   0.0039
   0.0044
   0.0036999999999999997
   0.0036
   0.0040999999999999995
   0.005199999999999999
   0.004699999999999999
   0.004699999999999999
   0.005199999999999999
   0.0036
   0.0034999999999999996
   0.0033
   0.0033
   0.0036
   0.0032
   0.0029999999999999996
   0.0029999999999999996
   0.0042
   0.0023
   0.0027999999999999995
   0.0036
   0.004699999999999999
   0.0040999999999999995
   0.0031
   0.0027999999999999995
   0.0031
   0.0032
   0.0024
   0.0033
   0.0034000000000000002
   0.0022
   0.0024
   0.0023
   0.0029
   0.0024
   0.0021
   0.0026999999999999997
   0.0036999999999999997
   0.002
   0.0024
   0.0016
   0.0018
   0.0023
   0.0032
   0.004
   0.0032
   0.0034999999999999996
   0.0034000000000000002
   0.0040999999999999995
   0.0033
   0.0026999999999999997
   0.0036
   0.0040999999999999995
   0.0024
   0.0025999999999999994
   0.0022
   0.0025999999999999994
   0.0034000000000000002
   0.0024
   0.0029999999999999996
   0.0031
   0.0029999999999999996
   0.0033
   0.0034999999999999996
   0.0045
   0.0034999999999999996
   0.0045
   0.0036999999999999997
   0.0033
   0.0039
   0.0039
   0.0019
   0.0036999999999999997
   0.0034999999999999996
   0.0031
   0.0039
   0.0036
   0.0031
   0.0042
   0.0032
   0.0036
   0.0043
   0.0042
   0.0042
   0.0046
   0.0034000000000000002
   0.0023
   0.0029
   0.0038
   0.0036999999999999997
   0.004699999999999999
   0.0043
   0.0039
   0.0033
   0.0048
   0.004
   0.0034999999999999996
   0.0034999999999999996
   0.0032
   0.0024
   0.0044
   0.0036
   0.0042
   0.0036999999999999997
   0.0032
   0.004699999999999999
   0.004
   0.0036999999999999997
   0.0048
   0.0036999999999999997
   0.0043
   0.005199999999999999
   0.0046
   0.0040999999999999995
   0.0033
   0.0036
   0.0046
   0.0042
   0.004
   0.0039
   0.0034000000000000002
   0.0034999999999999996
   0.0038
   0.0042
   0.0042
   0.0029999999999999996
   0.0043
   0.0022
   0.0029999999999999996
   0.0029
   0.0027999999999999995
   0.0024
   0.0031
   0.0025
   0.0025999999999999994
   0.0039
   0.0042
   0.0026999999999999997
   0.0036
   0.0040999999999999995
   0.0036
   0.0043
   0.0027999999999999995
   0.0024
   0.0034999999999999996
   0.0029999999999999996
   0.005299999999999999
   0.0026999999999999997
   0.0034000000000000002
   0.0038
   0.0034000000000000002
   0.0042
   0.004
   0.0036999999999999997
   0.0040999999999999995
   0.0036999999999999997
   0.0025999999999999994
   0.0036
   0.0034000000000000002
   0.0032
   0.0033
   0.0023
   0.0040999999999999995
   0.0029999999999999996
   0.0039
   0.0045
   0.0034000000000000002
   0.0048
   0.0045
   0.0036
   0.0044
   0.0042
   0.0043
   0.0033
   0.0048
   0.0048
   0.0060999999999999995
   0.0036999999999999997
   0.0043
   0.004699999999999999
   0.0038
   0.0049
   0.0062
   0.0042
   0.0055
   0.0055
   0.0051
   0.0058
   0.0063
   0.004
   0.0045
   0.0042
   0.005399999999999999
   0.0049
   0.0045
   0.0045
   0.005
   0.0048
   0.0039
   0.0046
   0.0045
   0.0048
   0.005199999999999999
   0.005399999999999999
   0.005699999999999999
   0.0049
   0.005199999999999999
   0.005699999999999999
   0.005
   0.005999999999999999
   0.0064
   0.0055
   0.007299999999999999
   0.0062
   0.0075
   0.005999999999999999
   0.007699999999999999
   0.006999999999999999
   0.0062
   0.0070999999999999995
   0.0075
   0.0070999999999999995
   0.006899999999999999
   0.008499999999999999
   0.0076
   0.0083
   0.0072
   0.0058
   0.008499999999999999
   0.0092
   0.0059
   0.008199999999999999
   0.006999999999999999
   0.0066
   0.008499999999999999
   0.0086
   0.0068000000000000005
   0.0064
   0.007299999999999999
   0.0073999999999999995
   0.0083
   0.0063
   0.0095
   0.007299999999999999
   0.0072
   0.0084
   0.0086
   0.009
   0.007699999999999999
   0.008499999999999999
   0.007299999999999999
   0.0081
   0.0083
   0.0087
   0.008
   0.0072
   0.009
   0.007899999999999999
   0.007299999999999999
   0.010399999999999998
   0.0086
   0.0064
   0.0086
   0.0086
   0.0084
   0.007899999999999999
   0.0067
   0.006999999999999999
   0.0068000000000000005
   0.007299999999999999
   0.005599999999999999
   0.0081
   0.0065
   0.0076
   0.006899999999999999
   0.0075
   0.009399999999999999
   0.009099999999999999
   0.0086
   0.010499999999999999
   0.010399999999999998
   0.010499999999999999
   0.009399999999999999
   0.0086
   0.008899999999999998
   0.0092
   0.0086
   0.0078
   0.0070999999999999995
   0.0096
   0.009
   0.0093
   0.0088
   0.0081
   0.008199999999999999
   0.0075
   0.008499999999999999
   0.006999999999999999
   0.0093
   0.0073999999999999995
   0.008899999999999998
   0.0086
   0.007899999999999999
   0.008899999999999998
   0.0084
   0.007899999999999999
   0.007899999999999999
   0.0081
   0.0081
   0.008
   0.009399999999999999
   0.0078
   0.008899999999999998
   0.010799999999999999
   0.010799999999999999
   0.0101
   0.0097
   0.011199999999999998
   0.009899999999999999
   0.009099999999999999
   0.0093
   0.0095
   0.007899999999999999
   0.0093
   0.007699999999999999
   0.006899999999999999
   0.0083
   0.0076
   0.0098
   0.0076
   0.0098
   0.0101
   0.0075
   0.0093
   0.0081
   0.0083
   0.008899999999999998
   0.0084
   0.009099999999999999
   0.009099999999999999
   0.0088
   0.008
   0.0095
   0.009
   0.0117
   0.009099999999999999
   0.0118
   0.010399999999999998
   0.013099999999999999
   0.011399999999999999
   0.0115
   0.0111
   0.0118
   0.0116
   0.014199999999999999
   0.012899999999999998
   0.0109
   0.012199999999999999
   0.0118
   0.012199999999999999
   0.0135
   0.0132
   0.012099999999999998
   0.013
   0.01
   0.0115
   0.0133
   0.0126
   0.0111
   0.0101
   0.0128
   0.011
   0.011999999999999999
   0.0124
   0.0127
   0.012299999999999998
   0.0132
   0.013600000000000001
   0.0143
   0.0156
   0.016
   0.0143
   0.0147
   0.016
   0.016
   0.015399999999999999
   0.0156
   0.015299999999999998
   0.0173
   0.012499999999999999
   0.0132
   0.013799999999999998
   0.015499999999999998
   0.016999999999999998
   0.016499999999999997
   0.015399999999999999
   0.0162
   0.0143
   0.0161
   0.016
   0.0174
   0.0169
   0.0162
   0.0174
   0.0161
   0.016999999999999998
   0.0192
   0.017499999999999998
   0.0196
   0.0172
   0.017499999999999998
   0.0173
   0.0163
   0.0185
   0.0202
   0.018099999999999998
   0.018199999999999997
   0.018099999999999998
   0.0194
   0.0167
   0.019799999999999998
   0.0221
   0.0183
   0.017499999999999998
   0.0157
   0.021199999999999997
   0.020999999999999998
   0.0194
   0.0197
   0.018799999999999997
   0.0214
   0.0173
   0.0186
   0.021599999999999998
   0.021199999999999997
   0.0186
   0.0186
   0.0197
   0.0231
   0.019899999999999998
   0.0243
   0.020799999999999996
   0.018
   0.0193
   0.022699999999999998
   0.0221
   0.019899999999999998
   0.0226
   0.024099999999999996
   0.023999999999999997
   0.0203
   0.0219
   0.0197
   0.0238
   0.0217
   0.023
   0.021599999999999998
   0.0217
   0.023
   0.0231
   0.0236
   0.0249
   0.0243
   0.0247
   0.0203
   0.0243
   0.022499999999999996
   0.022
   0.023999999999999997
   0.0234
   0.0221
   0.0215
   0.0226
   0.022699999999999998
   0.024499999999999997
   0.0197
   0.0217
   0.024399999999999998
   0.0256
   0.0254
   0.027
   0.0238
   0.022799999999999997
   0.023
   0.0264
   0.0235
   0.0218
   0.022
   0.027999999999999997
   0.023299999999999998
   0.024199999999999996
   0.025699999999999997
   0.024199999999999996
   0.024499999999999997
   0.026199999999999998
   0.024399999999999998
   0.027200000000000002
   0.029199999999999997
   0.028900000000000002
   0.027499999999999997
   0.0295
   0.0281
   0.028399999999999998
   0.0271
   0.0264
   0.026
   0.026199999999999998
   0.031599999999999996
   0.027499999999999997
   0.028399999999999998
   0.0311
   0.0282
   0.0305
   0.029599999999999998
   0.0294
   0.027200000000000002
   0.030699999999999998
   0.029099999999999997
   0.0305
   0.0326
   0.0314
   0.031599999999999996
   0.0332
   0.0321
   0.0302
   0.0341
   0.0305
   0.0343
   0.0329
   0.0329
   0.0355
   0.0326
   0.032799999999999996
   0.0341
   0.030899999999999997
   0.030999999999999996
   0.0338
   0.0343
   0.034199999999999994
   0.032299999999999995
   0.034499999999999996
   0.0332
   0.0318
   0.032
   0.0368
   0.033299999999999996
   0.034699999999999995
   0.0365
   0.0368
   0.0384
   0.0385
   0.0402
   0.0401
   0.03559999999999999
   0.034699999999999995
   0.0389
   0.036699999999999997
   0.0377
   0.036399999999999995
   0.0355
   0.0392
   0.04159999999999999
   0.0408
   0.0452
   0.041499999999999995
   0.0348
   0.0418
   0.0372
   0.035899999999999994
   0.0372
   0.040299999999999996
   0.03989999999999999
   0.0389
   0.04309999999999999
   0.0426
   0.043699999999999996
   0.0425
   0.0498
   0.047999999999999994
   0.043899999999999995
   0.0423
   0.04499999999999999
   0.0469
   0.0472
   0.047499999999999994
   0.045399999999999996
   0.043699999999999996
   0.0462
   0.04669999999999999
   0.0486
   0.047099999999999996
   0.049199999999999994
   0.049300000000000004
   0.0476
   0.052199999999999996
   0.0538
   0.051399999999999994
   0.04819999999999999
   0.0536
   0.0485
   0.0502
   0.0495
   0.05329999999999999
   0.0486
   0.05159999999999999
   0.054299999999999994
   0.052
   0.049999999999999996
   0.0487
   0.0487
   0.049999999999999996
   0.0512
   0.0538
   0.051699999999999996
   0.0547
   0.051399999999999994
   0.051399999999999994
   0.0554
   0.058399999999999994
   0.0553
   0.059699999999999996
   0.055999999999999994
   0.0542
   0.0519
   0.0596
   0.0557
   0.059399999999999994
   0.054599999999999996
   0.0576
   0.060899999999999996
   0.0579
   0.054299999999999994
   0.0556
   0.061799999999999994
   0.059699999999999996
   0.057999999999999996
   0.056299999999999996
   0.0589
   0.053399999999999996
   0.0566
   0.061
   0.0581
   0.061799999999999994
   0.053899999999999997
   0.059899999999999995
   0.06259999999999999
   0.06119999999999999
   0.06119999999999999
   0.06409999999999999
   0.059699999999999996
   0.0683
   0.0683
   0.0683
   0.0698
   0.067
   0.0653
   0.0688
   0.0674
   0.0658
   0.06409999999999999
   0.0625
   0.0655
   0.0701
   0.0744
   0.06689999999999999
   0.0677
   0.0691
   0.0704
   0.0686
   0.063
   0.0658
   0.06779999999999999
   0.0726
   0.07429999999999999
   0.0688
   0.0735
   0.06989999999999999
   0.0686
   0.06939999999999999
   0.0672
   0.07179999999999999
   0.0702
   0.0693
   0.07189999999999999
   0.0686
   0.06689999999999999
   0.0749
   0.0759
   0.0738
   0.07519999999999999
   0.07889999999999998
   0.074
   0.0799
   0.0809
   0.0775
   0.0745
   0.0812
   0.0757
   0.0797
   0.0824
   0.08149999999999999
   0.0843
   0.08070000000000001
   0.07799999999999999
   0.07959999999999999
   0.08449999999999999
   0.08689999999999999
   0.0859
   0.0802
   0.0847
   0.08139999999999999
   0.08489999999999999
   0.0863
   0.08619999999999998
   0.0901
   0.09259999999999999
   0.09169999999999999
   0.0939
   0.0991
   0.09129999999999999
   0.1008
   0.1004
   0.09749999999999999
   0.0987
   0.0957
   0.10359999999999998
   0.1016
   0.10189999999999999
   0.09659999999999999
   0.1013
   0.0972
   0.09769999999999998
   0.1037
   0.09429999999999998
   0.1017
   0.10540000000000001
   0.10019999999999998
   0.1041
   0.1094
   0.1056
   0.1006
   0.10609999999999999
   0.1051
   0.10200000000000001
   0.10269999999999999
   0.10359999999999998
   0.09939999999999999
   0.1089
   0.10789999999999998
   0.1069
   0.10229999999999999
   0.10869999999999999
   0.10769999999999999
   0.09809999999999999
   0.1029
   0.114
   0.11809999999999998
   0.105
   0.10999999999999999
   0.1051
   0.10999999999999999
   0.1135
   0.10319999999999999
   0.10659999999999999
   0.11499999999999999
   0.11339999999999999
   0.11249999999999999
   0.1135
   0.114
   0.1203
   0.12409999999999999
   0.1212
   0.12619999999999998
   0.1183
   0.1258
   0.1238
   0.11769999999999999
   0.1212
   0.12229999999999999
   0.1284
   0.1293
   0.12819999999999998
   0.1226
   0.1254
   0.11979999999999999
   0.12219999999999999
   0.1204
   0.1289
   0.128
   0.12869999999999998
   0.1267
   0.1311
   0.12689999999999999
   0.1306
   0.13629999999999998
   0.13629999999999998
   0.13249999999999998
   0.1319
   0.1396
   0.13979999999999998
   0.1408
   0.1447
   0.13999999999999999
   0.131
   0.1364
   0.1426
   0.1447
   0.1389
   0.146
   0.1391
   0.1412
   0.1445
   0.1442
   0.1538
   0.1478
   0.1442
   0.13929999999999998
   0.1409
   0.1515
   0.1512
   0.14409999999999998
   0.1528
   0.15219999999999997
   0.1505
   0.15169999999999997
   0.1485
   0.1505
   0.1495
   0.1508
   0.148
   0.1546
   0.15039999999999998
   0.1552
   0.1582
   0.1606
   0.16199999999999998
   0.1609
   0.1606
   0.1593
   0.1677
   0.1693
   0.16419999999999998
   0.16279999999999997
   0.1668
   0.16799999999999998
   0.1665
   0.17489999999999997
   0.17479999999999998
   0.1745
   0.178
   0.1776
   0.17889999999999998
   0.18839999999999998
   0.184
   0.18309999999999998
   0.1811
   0.18589999999999998
   0.19199999999999998
   0.178
   0.18849999999999997
   0.18679999999999997
   0.1845
   0.17809999999999998
   0.18519999999999998
   0.18839999999999998
   0.18599999999999997
   0.18059999999999998
   0.1865
   0.18929999999999997
   0.1895
   0.19169999999999998
   0.19449999999999998
   0.1926
   0.1916
   0.1908
   0.1966
   0.1966
   0.19679999999999997
   0.19419999999999998
   0.2034
   0.20099999999999998
   0.1991
   0.2084
   0.20539999999999997
   0.20729999999999998
   0.2137
   0.2082
   0.2051
   0.2057
   0.22469999999999998
   0.21719999999999998
   0.2137
   0.2224
   0.2236
   0.22089999999999999
   0.2237
   0.22349999999999998
   0.2284
   0.2119
   0.2238
   0.22169999999999998
   0.2292
   0.2234
   0.23259999999999997
   0.2282
   0.2288
   0.22870000000000001
   0.23529999999999998
   0.2367
   0.2382
   0.241
   0.24389999999999998
   0.2532
   0.2545
   0.2458
   0.24309999999999998
   0.2606
   0.2573
   0.24889999999999998
   0.25239999999999996
   0.2611
   0.2602
   0.2617
   0.2667
   0.2727
   0.2603
   0.2716
   0.263
   0.2727
   0.2655
   0.2747
   0.2738
   0.28049999999999997
   0.2696
   0.2749
   0.27759999999999996
   0.273
   0.2704
   0.2744
   0.2843
   0.2827
   0.28959999999999997
   0.28819999999999996
   0.2817
   0.28809999999999997
   0.29
   0.2892
   0.28819999999999996
   0.2869
   0.29869999999999997
   0.29819999999999997
   0.2996
   0.29979999999999996
   0.3049
   0.3001
   0.3087
   0.3077
   0.31309999999999993
   0.3128
   0.30829999999999996
   0.32039999999999996
   0.3155
   0.3162
   0.3079
   0.3205
   0.32449999999999996
   0.3166
   0.3175
   0.3233
   0.3379
   0.3247
   0.32599999999999996
   0.33799999999999997
   0.3321
   0.32489999999999997
   0.3384
   0.3355
   0.35029999999999994
   0.3458
   0.3433
   0.3621
   0.3479
   0.3538
   0.3549
   0.3645
   0.3635
   0.3649
   0.36669999999999997
   0.36339999999999995
   0.35669999999999996
   0.378
   0.36749999999999994
   0.36779999999999996
   0.3855
   0.3782
   0.3851
   0.3799
   0.39149999999999996
   0.38330000000000003
   0.39289999999999997
   0.3891
   0.391
   0.3894
   0.3846
   0.3796
   0.3918
   0.3959
   0.3998
   0.39449999999999996
   0.40779999999999994
   0.3896
   0.4005
   0.41029999999999994
   0.40809999999999996
   0.42219999999999996
   0.41059999999999997
   0.41919999999999996
   0.4226
   0.42799999999999994
   0.42439999999999994
   0.4164
   0.42579999999999996
   0.42719999999999997
   0.439
   0.4365
   0.43639999999999995
   0.45589999999999997
   0.4372
   0.4474
   0.45749999999999996
   0.47059999999999996
   0.48469999999999996
   0.47509999999999997
   0.4629
   0.4794
   0.4826
   0.4714
   0.4659
   0.46309999999999996
   0.4947
   0.49889999999999995
   0.4947
   0.47469999999999996
   0.5018
   0.495
   0.5099999999999999
   0.494
   0.5005
   0.5127999999999999
   0.5104
   0.5208999999999999
   0.5253
   0.5123
   0.5222
   0.5216999999999999
   0.5385
   0.5324
   0.5316
   0.5426
   0.5234
   0.5262
   0.5480999999999999
   0.5390999999999999
   0.5458999999999999
   0.536
   0.5433
   0.5528
   0.5529
   0.5689
   0.5565
   0.5675
   0.5498999999999999
   0.5821
   0.5673
   0.568
   0.5827
   0.5823999999999999
   0.5849
   0.5922
   0.5902
   0.6076999999999999
   0.5804
   0.5932999999999999
   0.5919
   0.6081
   0.6059
   0.6001
   0.6158
   0.6137
   0.6074999999999999
   0.6239
   0.6158
   0.6215999999999999
   0.6397999999999999
   0.6194
   0.6261
   0.6544999999999999
   0.6485
   0.65
   0.6605
   0.6686
   0.6694999999999999
   0.6687
   0.6809999999999999
   0.6862999999999999
   0.6809
   0.6809
   0.6880999999999999
   0.6819999999999999
   0.7011000000000001
   0.6998
   0.7091999999999999
   0.7260999999999999
   0.7127
   0.7343
   0.7145999999999999
   0.7302
   0.7138999999999999
   0.7313999999999999
   0.7439999999999999
   0.742
   0.7443
   0.7605999999999999
   0.7588
   0.7564
   0.7632999999999999
   0.777
   0.7587
   0.7623
   0.7738
   0.8015
   0.7792
   0.7926
   0.8009
   0.8089999999999999
   0.8024
   0.7937
   0.8135
   0.8232
   0.8223999999999999
   0.8032999999999999
   0.8212999999999999
   0.8387
   0.8269
   0.8276
   0.8243999999999999
   0.8584999999999999
   0.8415
   0.8624999999999999
   0.873
   0.8764
   0.8755999999999999
   0.8792999999999999
   0.8925
   0.8920999999999999
   0.9059999999999999
   0.8891
   0.907
   0.9192999999999999
   0.9331999999999999
   0.9403999999999999
   0.9420999999999999
   0.941
   0.9653999999999999
   0.941
   0.9518
   0.9422999999999999
   0.9465999999999999
   0.9495
   0.9798999999999999
   0.9575999999999999
   0.9866999999999999
   0.979
   0.9977999999999999
   0.9914999999999999
   1.0197
   0.9964999999999999
   0.9882
   1.0218
   1.0164
   1.0254999999999999
   1.0197
   1.0488
   1.0378999999999998
   1.0493999999999999
   1.062
   1.0568
   1.0531
   1.0648
   1.0763
   1.0698
   1.0864
   1.0782999999999998
   1.0856999999999999
   1.0920999999999998
   1.0989
   1.1139
   1.1357
   1.1260999999999999
   1.1200999999999999
   1.123
   1.1396
   1.1669999999999998
   1.1483999999999999
   1.1351
   1.1438
   1.1547999999999998
   1.1591
   1.2104
   1.2112
   1.1935
   1.2035999999999998
   1.1986999999999999
   1.2405
   1.2370999999999999
   1.2520999999999998
   1.2429999999999999
   1.2489999999999999
   1.2556999999999998
   1.3006999999999997
   1.2648
   1.2795999999999998
   1.2913
   1.2959
   1.3092
   1.3184
   1.3523999999999998
   1.3215
   1.3437
   1.3396
   1.3661
   1.3803999999999998
   1.3628999999999998
   1.3941999999999999
   1.4121
   1.3866
   1.4163
   1.4133999999999998
   1.4210999999999998
   1.4264
   1.4216999999999997
   1.4585
   1.4684
   1.4547999999999999
   1.4732
   1.4616999999999998
   1.4616
   1.4874
   1.5057999999999998
   1.5037
   1.514
   1.5204999999999997
   1.5462
   1.5472
   1.5272
   1.5589
   1.5626999999999998
   1.5595999999999999
   1.555
   1.5826999999999998
   1.6084999999999998
   1.5792
   1.6152
   1.6182999999999998
   1.6264
   1.6578
   1.6431999999999998
   1.6679
   1.6553999999999998
   1.6618
   1.6674
   1.6919
   1.7096
   1.7269
   1.7162
   1.7377
   1.7233
   1.7584
   1.7443
   1.7755999999999998
   1.7807999999999997
   1.7701
   1.7999999999999998
   1.8377999999999999
   1.8316
   1.8297999999999999
   1.8719
   1.8512999999999997
   1.8662
   1.8612999999999997
   1.8712999999999997
   1.8846999999999998
   1.895
   1.9190999999999998
   1.9124999999999999
   1.9423000000000001
   1.9538
   1.9661999999999997
   1.9795999999999998
   1.9890999999999999
   2.0065
   2.0196
   2.0246
   2.0633
   2.0502999999999996
   2.0341
   2.0543
   2.0923
   2.0610999999999997
   2.0685999999999996
   2.1043
   2.0911
   2.1271999999999998
   2.1247
   2.1572999999999998
   2.164
   2.1689
   2.1875
   2.1957999999999998
   2.2388
   2.2123999999999997
   2.1921
   2.2464999999999997
   2.2864999999999998
   2.2792
   2.2694
   2.2676
   2.2761
   2.3319
   2.3385
   2.3289
   2.3514999999999997
   2.3644
   2.3707
   2.3853999999999997
   2.3810999999999996
   2.4046
   2.3669
   2.4358
   2.451
   2.4339
   2.4556
   2.4704
   2.4762
   2.5263999999999998
   2.5504
   2.5446999999999997
   2.5474999999999994
   2.5635999999999997
   2.5985
   2.6441999999999997
   2.6386
   2.6593999999999998
   2.6464
   2.6939
   2.6919999999999997
   2.7112000000000003
   2.7102999999999997
   2.7261
   2.7483
   2.7977999999999996
   2.7638
   2.7935999999999996
   2.786
   2.8116
   2.8629
   2.8449
   2.8718999999999997
   2.8945
   2.9082
   2.9137999999999997
   2.9149999999999996
   2.9503
   2.9537
   2.9616999999999996
   3.005
   3.0199999999999996
   2.9968
   3.0284999999999997
   3.0608
   3.0808
   3.0494
   3.1195
   3.1167
   3.1136
   3.1674
   3.1761
   3.2085999999999997
   3.2266
   3.2412999999999994
   3.2603999999999997
   3.2534999999999994
   3.3006999999999995
   3.3095
   3.3423000000000003
   3.3473999999999995
   3.3646999999999996
   3.4171
   3.4202999999999997
   3.4422999999999995
   3.5092
   3.5015
   3.5018
   3.4856999999999996
   3.5132999999999996
   3.5302
   3.5743
   3.5802
   3.5778999999999996
   3.5974
   3.6456
   3.6375999999999995
   3.6514999999999995
   3.6898999999999997
   3.6694999999999998
   3.7055
   3.7364
   3.7880000000000003
   3.7893
   3.8158999999999996
   3.8356
   3.8635999999999995
   3.8771999999999998
   3.9096999999999995
   3.9295
   4.0043999999999995
   4.0096
   4.0094
   4.0591
   4.0782
   4.0797
   4.0851999999999995
   4.106199999999999
   4.1253
   4.1836
   4.2715
   4.269399999999999
   4.2706
   4.2892
   4.2587
   4.355499999999999
   4.3883
   4.3823
   4.3967
   4.434799999999999
   4.443
   4.4658
   4.4959
   4.505999999999999
   4.5249999999999995
   4.564699999999999
   4.556799999999999
   4.6072999999999995
   4.632099999999999
   4.626799999999999
   4.6735999999999995
   4.7424
   4.704999999999999
   4.7787
   4.7962
   4.7947
   4.838299999999999
   4.8659
   4.9426
   4.919
   5.0127
   5.0055000000000005
   4.9758
   5.039499999999999
   5.045599999999999
   5.0889999999999995
   5.120099999999999
   5.144499999999999
   5.1800999999999995
   5.211099999999999
   5.2719000000000005
   5.2364
   5.2619
   5.324
   5.382099999999999
   5.3869
   5.414
   5.4262999999999995
   5.477999999999999
   5.431399999999999
   5.5443
   5.5488
   5.608199999999999
   5.6606
   5.6405
   5.715999999999999
   5.7425
   5.7284999999999995
   5.7726999999999995
   5.8119
   5.852399999999999
   5.867999999999999
   5.879299999999999
   5.915
   5.9098999999999995
   5.969499999999999
   6.0202
   6.0306999999999995
   6.030499999999999
   6.0662
   6.1314
   6.133699999999999
   6.1739999999999995
   6.2148
   6.233899999999999
   6.2668
   6.317899999999999
   6.3639
   6.3399
   6.4536999999999995
   6.4546
   6.486699999999999
   6.4635
   6.5346
   6.6159
   6.6716
   6.666999999999999
   6.7173
   6.7325
   6.806799999999999
   6.842
   6.8488
   6.8655
   6.9577
   6.9867
   7.0245
   7.012099999999999
   7.1311
   7.1179
   7.200699999999999
   7.1674
   7.260299999999999
   7.266899999999999
   7.329599999999999
   7.3745
   7.4098
   7.4658999999999995
   7.5019
   7.4963
   7.561799999999999
   7.664199999999999
   7.6518
   7.6234
   7.7378
   7.8361
   7.8462
   7.8778999999999995
   7.9698
   7.993599999999999
   8.0636
   8.090699999999998
   8.1074
   8.1732
   8.2952
   8.3102
   8.3471
   8.3766
   8.4437
   8.447099999999999
   8.469
   8.5956
   8.588299999999998
   8.674
   8.664399999999999
   8.778799999999999
   8.7822
   8.8253
   8.9188
   8.9643
   8.9802
   9.0565
   9.122
   9.136899999999999
   9.292399999999999
   9.3181
   9.3781
   9.442
   9.4795
   9.5472
   9.566699999999999
   9.556999999999999
   9.7464
   9.661499999999998
   9.7867
   9.823699999999999
   9.867399999999998
   9.926599999999999
   9.987
   10.0141
   10.1185
   10.153399999999998
   10.1715
   10.2292
   10.2617
   10.4317
   10.4427
   10.4699
   10.525699999999999
   10.568299999999999
   10.5938
   10.748899999999999
   10.7665
   10.8097
   10.902499999999998
   10.955999999999998
   11.116399999999999
   11.0818
   11.1402
   11.197799999999999
   11.2928
   11.3735
   11.4067
   11.43
   11.4528
   11.6137
   11.713
   11.633899999999999
   11.764699999999998
   11.7821
   11.9263
   11.964799999999999
   12.0306
   12.0834
   12.167699999999998
   12.199399999999999
   12.2263
   12.3988
   12.4531
   12.5709
   12.5359
   12.694099999999999
   12.7793
   12.8022
   12.8567
   12.9807
   13.0339
   13.092600000000001
   13.1429
   13.287299999999998
   13.314299999999998
   13.393699999999999
   13.495099999999999
   13.536399999999999
   13.6739
   13.686
   13.7904
   13.8615
   13.810599999999999
   13.950199999999999
   14.0996
   14.102799999999998
   14.266399999999999
   14.2602
   14.3999
   14.4198
   14.528799999999999
   14.707799999999999
   14.6899
   14.7858
   14.9578
   14.9496
   15.0716
   15.156099999999999
   15.1496
   15.239199999999999
   15.391399999999999
   15.474799999999998
   15.5274
   15.6244
   15.6776
   15.8109
   15.906699999999999
   15.968
   16.104
   16.1613
   16.2406
   16.362099999999998
   16.3797
   16.537499999999998
   16.6429
   16.697699999999998
   16.8281
   16.9395
   17.0246
   17.075599999999998
   17.299
   17.3107
   17.3599
   17.4853
   17.6833
   17.6875
   17.7426
   17.914099999999998
   17.9483
   18.0989
   18.217399999999998
   18.3139
   18.4256
   18.4617
   18.612899999999996
   18.664199999999997
   18.8329
   18.9332
   19.0078
   19.077099999999998
   19.173599999999997
   19.3243
   19.3309
   19.5262
   19.624
   19.697899999999997
   19.8032
   19.9455
   20.028499999999998
   20.121899999999997
   20.2009
   20.3435
   20.4632
   20.606099999999998
   20.696599999999997
   20.6998
   20.87
   20.991
   21.0535
   21.1479
   21.240299999999998
   21.424899999999997
   21.5696
   21.6546
   21.8413
   21.9234
   22.081799999999998
   22.094999999999995
   22.3613
   22.397
   22.5632
   22.703799999999998
   22.952199999999998
   22.9548
   23.0585
   23.1158
   23.3713
   23.4488
   23.4868
   23.6954
   23.7908
   23.8844
   23.9304
   24.097599999999996
   24.2362
   24.302199999999996
   24.4295
   24.577599999999997
   24.789199999999997
   24.9709
   25.106899999999996
   25.176099999999998
   25.3126
   25.5828
   25.7855
   25.87
   26.1525
   26.2766
   26.413700000000002
   26.5268
   26.750099999999996
   26.9675
   27.160199999999996
   27.240399999999998
   27.440199999999997
   27.478199999999998
   27.570899999999998
   27.5606
   27.629199999999997
   27.460399999999996
   27.2398
   27.0662
   26.903999999999996
   26.711599999999997
   26.640299999999996
   26.2671
   26.2115
   25.8659
   25.786299999999997
   25.8049
   25.4923
   25.4012
   25.221
   25.0707
   24.8555
   24.8707
   24.673799999999996
   24.499699999999997
   24.423599999999997
   24.3145
   24.1221
   24.058
   23.863699999999998
   23.798099999999998
   23.6262
   23.4639
   23.416
   23.2168
   23.066
   23.0185
   22.7884
   22.6465
   22.590499999999995
   22.520699999999998
   22.4747
   22.2105
   22.097099999999998
   21.865899999999996
   21.735699999999998
   21.7766
   21.593399999999995
   21.501899999999996
   21.473300000000002
   21.377
   21.1702
   21.0479
   20.9611
   20.766099999999998
   20.6334
   20.5099
   20.4861
   20.3432
   20.2103
   20.0846
   20.041999999999998
   19.8917
   19.7612
   19.730999999999998
   19.6022
   19.4405
   19.4446
   19.258
   19.2499
   19.1573
   18.9267
   18.840899999999998
   18.769499999999997
   18.6543
   18.5342
   18.389699999999998
   18.2719
   18.2427
   18.1451
   18.0599
   17.9298
   17.8384
   17.691699999999997
   17.604499999999998
   17.528699999999997
   17.4152
   17.3482
   17.232599999999998
   17.1767
   17.004399999999997
   17.014899999999997
   16.8909
   16.8104
   16.6737
   16.6419
   16.5199
   16.456599999999998
   16.3358
   16.3925
   16.2303
   16.1352
   16.019199999999998
   15.936300000000001
   15.8139
   15.7082
   15.5983
   15.552399999999999
   15.470099999999999
   15.4018
   15.2495
   15.1701
   15.1307
   15.0699
   14.9984
   14.935099999999998
   14.8021
   14.719599999999998
   14.662299999999998
   14.613100000000001
   14.533199999999999
   14.4107
   14.250499999999999
   14.283199999999999
   14.159799999999999
   14.0599
   13.9901
   13.947899999999999
   13.851899999999999
   13.761099999999999
   13.6822
   13.7412
   13.6778
   13.569299999999998
   13.4861
   13.4305
   13.280199999999999
   13.2976
   13.227500000000001
   13.106899999999998
   13.0183
   12.9254
   12.9508
   12.822199999999999
   12.694700000000001
   12.7357
   12.646299999999998
   12.538499999999999
   12.404399999999999
   12.386099999999999
   12.3598
   12.2584
   12.257499999999999
   12.104999999999999
   12.0909
   12.014199999999999
   11.9834
   11.861600000000001
   11.751499999999998
   11.712299999999999
   11.6749
   11.7083
   11.584
   11.5788
   11.447199999999999
   11.443
   11.4049
   11.3205
   11.2071
   11.2151
   11.125499999999999
   11.0361
   10.8989
   10.8481
   10.799199999999999
   10.803199999999999
   10.679099999999998
   10.5898
   10.5518
   10.489299999999998
   10.474099999999998
   10.485299999999999
   10.3715
   10.3081
   10.211799999999998
   10.1262
   10.056099999999999
   10.0455
   9.9767
   9.969299999999999
   9.843399999999999
   9.7775
   9.7387
   9.7274
   9.6889
   9.602599999999999
   9.6121
   9.5084
   9.428899999999999
   9.4087
   9.2968
   9.2679
   9.2381
   9.1934
   9.2012
   9.0849
   9.0818
   9.0736
   9.0458
   8.9359
   8.9112
   8.8369
   8.827399999999999
   8.783199999999999
   8.6777
   8.6016
   8.584
   8.5014
   8.444899999999999
   8.3782
   8.4165
   8.324
   8.2411
   8.2432
   8.200899999999999
   8.093
   8.0683
   8.0399
   8.0364
   7.9963999999999995
   7.9196
   7.8789
   7.8627
   7.7363
   7.7331
   7.7093
   7.5858
   7.5995
   7.605199999999999
   7.5199
   7.4616
   7.397
   7.361799999999999
   7.322499999999999
   7.2665999999999995
   7.254099999999999
   7.251399999999999
   7.1792
   7.155
   7.1389
   7.1123
   7.0245
   6.9798
   6.961399999999999
   6.8881
   6.887999999999999
   6.84
   6.843999999999999
   6.782399999999999
   6.7527
   6.7174
   6.664
   6.6551
   6.5746
   6.609699999999999
   6.493799999999999
   6.5435
   6.4722
   6.4483
   6.405499999999999
   6.402099999999999
   6.332
   6.3062
   6.2694
   6.2207
   6.2021
   6.185199999999999
   6.128099999999999
   6.087599999999999
   6.0947
   6.0386999999999995
   6.0306
   6.0087
   5.947299999999999
   5.9079999999999995
   5.9028
   5.8655
   5.7924
   5.794899999999999
   5.7009
   5.7593000000000005
   5.693099999999999
   5.6842999999999995
   5.5752999999999995
   5.518999999999999
   5.5912999999999995
   5.4955
   5.5009
   5.4018999999999995
   5.4361999999999995
   5.3931
   5.362099999999999
   5.318099999999999
   5.308599999999999
   5.278899999999999
   5.230599999999999
   5.2311
   5.2014000000000005
   5.1443
   5.148599999999999
   5.110099999999999
   5.0318
   5.071
   5.010599999999999
   4.9712
   5.0139
   4.9268
   4.9331
   4.8621
   4.8493
   4.7993999999999994
   4.796099999999999
   4.7817
   4.715599999999999
   4.6796999999999995
   4.667999999999999
   4.6484
   4.622599999999999
   4.5729999999999995
   4.569699999999999
   4.5099
   4.4876
   4.4446
   4.4534
   4.4379
   4.3754
   4.3847
   4.3255
   4.321999999999999
   4.2917
   4.219399999999999
   4.2593
   4.2044
   4.2234
   4.2089
   4.181299999999999
   4.1493
   4.0948
   4.057899999999999
   4.0799
   4.0679
   4.0447999999999995
   3.9727
   3.9795999999999996
   3.9646999999999997
   3.8951999999999996
   3.8601
   3.8585000000000003
   3.8957
   3.8724999999999996
   3.8367
   3.8308999999999997
   3.8293999999999997
   3.7782999999999998
   3.7547
   3.7466999999999997
   3.7168
   3.7195
   3.6968
   3.6708
   3.6686
   3.6337
   3.6125
   3.5873999999999997
   3.5859999999999994
   3.5515999999999996
   3.5344999999999995
   3.5094999999999996
   3.4751
   3.4962999999999997
   3.4532
   3.4538
   3.4046
   3.4249
   3.3714
   3.3550999999999997
   3.3245999999999998
   3.3125999999999998
   3.2927
   3.3040000000000003
   3.3061
   3.2653
   3.2480999999999995
   3.2525999999999997
   3.1914999999999996
   3.1734
   3.1851
   3.1741
   3.1397999999999997
   3.1130999999999998
   3.1492999999999998
   3.1148999999999996
   3.0999
   3.1067
   3.0891999999999995
   3.0592999999999995
   3.034
   3.0286999999999997
   2.965
   2.9979999999999998
   2.9802
   2.9145999999999996
   2.9101
   2.9016999999999995
   2.8977
   2.9067999999999996
   2.8598
   2.8687
   2.8162999999999996
   2.8190999999999997
   2.8093
   2.7811
   2.7925999999999997
   2.7976
   2.7617999999999996
   2.7377
   2.7072
   2.7189999999999994
   2.6984
   2.6759
   2.6674999999999995
   2.6496999999999997
   2.6240999999999994
   2.5929
   2.6085999999999996
   2.5978
   2.5523
   2.5481
   2.5474
   2.5401
   2.5224999999999995
   2.5103999999999997
   2.4558999999999997
   2.4823999999999997
   2.4529
   2.4453
   2.4254
   2.4381
   2.3994999999999997
   2.3903
   2.3714
   2.368
   2.3722
   2.3436999999999997
   2.3238
   2.3232
   2.2883999999999998
   2.2836999999999996
   2.2561
   2.2534
   2.2340999999999998
   2.2189
   2.2167999999999997
   2.1879
   2.1917
   2.1902999999999997
   2.1851999999999996
   2.1593
   2.1557999999999997
   2.1605
   2.1338999999999997
   2.0913
   2.1087
   2.1119999999999997
   2.0833999999999997
   2.044
   2.0412
   2.0351
   2.016
   2.0330999999999997
   1.9875999999999998
   1.9875
   1.9919
   1.9892999999999998
   1.9514999999999998
   1.9668999999999999
   1.9603
   1.9419
   1.9547999999999999
   1.9112
   1.9131999999999998
   1.9098
   1.8904
   1.8817999999999997
   1.8894
   1.8443999999999998
   1.8232
   1.8162
   1.8107999999999997
   1.7802999999999998
   1.7918
   1.8146999999999998
   1.787
   1.7682999999999998
   1.7429
   1.7204
   1.7258999999999998
   1.704
   1.6947999999999999
   1.6989
   1.7077999999999998
   1.6758999999999997
   1.6631
   1.6689999999999998
   1.6633
   1.6301999999999999
   1.6236
   1.6335
   1.6256
   1.5997
   1.6214
   1.6065999999999998
   1.6109
   1.5667
   1.5752
   1.5775
   1.5437999999999998
   1.5359999999999998
   1.5532000000000001
   1.5313999999999999
   1.5187999999999997
   1.4996999999999998
   1.5071
   1.4915999999999998
   1.4893
   1.4593999999999998
   1.4565
   1.4693999999999998
   1.4328999999999998
   1.4333
   1.4484
   1.4284
   1.4201
   1.3941
   1.3852
   1.4008
   1.3889
   1.3669
   1.3733
   1.3716999999999997
   1.3522999999999998
   1.3554
   1.3284
   1.32
   1.3197999999999999
   1.3401999999999998
   1.3162999999999998
   1.297
   1.3178999999999998
   1.2945
   1.2803999999999998
   1.2612999999999999
   1.2805
   1.2676
   1.2489
   1.2366
   1.2293999999999998
   1.2222
   1.2308
   1.2082
   1.1952
   1.1947
   1.1824
   1.2030999999999998
   1.2083
   1.1872
   1.1686
   1.1674
   1.1703999999999999
   1.1562999999999999
   1.1716
   1.1694
   1.1433
   1.1504999999999999
   1.1120999999999999
   1.1336
   1.1099999999999999
   1.1114
   1.1108999999999998
   1.1224
   1.1101999999999999
   1.1135
   1.0808
   1.0800999999999998
   1.0713
   1.0684
   1.0507
   1.0545
   1.0499999999999998
   1.0453
   1.0368
   1.0222
   1.0345
   1.0385
   1.0269
   1.0124
   1.0249
   1.0115
   0.9864999999999999
   0.999
   0.9769
   0.9701
   0.9612999999999999
   0.9672
   0.9782
   0.9569999999999999
   0.9771
   0.9463
   0.9632
   0.9260999999999999
   0.9347
   0.9263
   0.8984
   0.8926999999999999
   0.9002
   0.8985
   0.8737
   0.8859999999999999
   0.8855999999999999
   0.8573999999999999
   0.8604999999999999
   0.8615999999999999
   0.8584999999999999
   0.8623999999999999
   0.8623999999999999
   0.8481
   0.8492
   0.845
   0.8429
   0.8318
   0.8193
   0.8083999999999999
   0.7933999999999999
   0.8239
   0.8093
   0.7998
   0.813
   0.8014
   0.7892
   0.7888999999999999
   0.7976
   0.7964
   0.7911999999999999
   0.7877000000000001
   0.7684
   0.7599999999999999
   0.7642
   0.7638999999999999
   0.7371
   0.7453
   0.753
   0.7464
   0.7328999999999999
   0.7337
   0.7194999999999999
   0.7147
   0.7192999999999999
   0.7049999999999998
   0.7133999999999999
   0.7001
   0.6919
   0.6994999999999999
   0.6966
   0.6849
   0.6793
   0.685
   0.6647
   0.6672
   0.6701999999999999
   0.6567999999999999
   0.6644
   0.6551999999999999
   0.6553
   0.6456999999999999
   0.6394
   0.6404
   0.6300999999999999
   0.6246999999999999
   0.6468999999999999
   0.6219
   0.6193
   0.62
   0.6154999999999999
   0.5915999999999999
   0.606
   0.6173
   0.6137
   0.5784
   0.596
   0.5906
   0.5828
   0.5791
   0.5834
   0.5773999999999999
   0.579
   0.5765
   0.5837
   0.5584
   0.5539999999999999
   0.5486
   0.5488
   0.5496
   0.5519
   0.5496
   0.5491999999999999
   0.5293
   0.5443
   0.5401
   0.5415
   0.5306
   0.5225
   0.5306
   0.5362999999999999
   0.522
   0.5216999999999999
   0.5190999999999999
   0.5102
   0.5057999999999999
   0.4961
   0.497
   0.5090999999999999
   0.5053
   0.479
   0.4915
   0.49939999999999996
   0.4962
   0.4855
   0.4866
   0.4762
   0.47109999999999996
   0.4543
   0.47769999999999996
   0.4784999999999999
   0.4585
   0.4481
   0.45539999999999997
   0.46629999999999994
   0.4518
   0.4579
   0.4446
   0.4607
   0.4471
   0.4417
   0.4275
   0.4454
   0.43589999999999995
   0.43479999999999996
   0.42569999999999997
   0.4281
   0.4211
   0.42619999999999997
   0.4232
   0.42719999999999997
   0.4313
   0.421
   0.4088
   0.41079999999999994
   0.41189999999999993
   0.40599999999999997
   0.40719999999999995
   0.40829999999999994
   0.39399999999999996
   0.3912
   0.39139999999999997
   0.3837
   0.3946
   0.3846
   0.3887
   0.37839999999999996
   0.3727
   0.3846
   0.381
   0.3964
   0.38059999999999994
   0.3762
   0.3727
   0.37199999999999994
   0.36929999999999996
   0.3685999999999999
   0.3699
   0.3751
   0.35559999999999997
   0.35259999999999997
   0.3651
   0.36479999999999996
   0.35000000000000003
   0.3566
   0.34959999999999997
   0.35000000000000003
   0.3519
   0.3434
   0.347
   0.3275
   0.3409
   0.33649999999999997
   0.3361
   0.3257
   0.33149999999999996
   0.3169
   0.31809999999999994
   0.31699999999999995
   0.31429999999999997
   0.32239999999999996
   0.31399999999999995
   0.32009999999999994
   0.31329999999999997
   0.3099
   0.3125
   0.3038
   0.3011
   0.3115
   0.3087
   0.3011
   0.3125
   0.2942
   0.2988
   0.2908
   0.29259999999999997
   0.28509999999999996
   0.28869999999999996
   0.2935
   0.2859
   0.2815
   0.2756
   0.27949999999999997
   0.2764
   0.2843
   0.2816
   0.2781
   0.27849999999999997
   0.27999999999999997
   0.26639999999999997
   0.27149999999999996
   0.27199999999999996
   0.26249999999999996
   0.2672
   0.2516
   0.2603
   0.26839999999999997
   0.2581
   0.25989999999999996
   0.2577
   0.2527
   0.2588
   0.2582
   0.2571
   0.261
   0.25639999999999996
   0.2608
   0.2578
   0.2475
   0.2568
   0.2569
   0.2544
   0.2375
   0.2519
   0.25029999999999997
   0.2372
   0.24309999999999998
   0.2463
   0.2402
   0.24509999999999998
   0.23099999999999998
   0.2399
   0.2339
   0.2313
   0.23759999999999998
   0.2346
   0.23359999999999997
   0.2314
   0.2297
   0.23149999999999998
   0.2262
   0.2248
   0.2203
   0.2264
   0.2092
   0.2128
   0.2092
   0.208
   0.2112
   0.20129999999999998
   0.21149999999999997
   0.2045
   0.2012
   0.19720000000000001
   0.21069999999999997
   0.206
   0.2015
   0.19789999999999996
   0.20249999999999999
   0.19699999999999998
   0.2017
   0.19569999999999999
   0.1919
   0.1923
   0.1904
   0.181
   0.18569999999999998
   0.1855
   0.18419999999999997
   0.1794
   0.1803
   0.1787
   0.17779999999999999
   0.1845
   0.1802
   0.17919999999999997
   0.1828
   0.177
   0.1819
   0.17639999999999997
   0.1785
   0.1699
   0.17099999999999999
   0.15699999999999997
   0.17819999999999997
   0.16629999999999998
   0.17099999999999999
   0.16459999999999997
   0.16169999999999998
   0.1672
   0.1692
   0.17250000000000001
   0.16639999999999996
   0.16529999999999997
   0.1643
   0.1566
   0.1618
   0.1557
   0.16129999999999997
   0.16169999999999998
   0.153
   0.15739999999999998
   0.155
   0.15699999999999997
   0.1636
   0.15389999999999998
   0.1616
   0.15919999999999998
   0.1515
   0.1518
   0.1483
   0.1502
   0.155
   0.1507
   0.14789999999999998
   0.1433
   0.1525
   0.1437
   0.14559999999999998
   0.14179999999999998
   0.1435
   0.14409999999999998
   0.1387
   0.1349
   0.14489999999999997
   0.1425
   0.1374
   0.13449999999999998
   0.13809999999999997
   0.141
   0.1403
   0.1404
   0.1408
   0.1323
   0.13679999999999998
   0.134
   0.1273
   0.1286
   0.1318
   0.13249999999999998
   0.1322
   0.1311
   0.12409999999999999
   0.1311
   0.1335
   0.12359999999999999
   0.1216
   0.13169999999999998
   0.12409999999999999
   0.13379999999999997
   0.1244
   0.125
   0.1305
   0.13369999999999999
   0.12949999999999998
   0.13249999999999998
   0.1258
   0.1254
   0.12059999999999998
   0.1234
   0.125
   0.12109999999999999
   0.1226
   0.121
   0.12319999999999999
   0.1169
   0.11449999999999999
   0.1161
   0.1151
   0.11699999999999999
   0.1141
   0.1171
   0.11089999999999998
   0.1153
   0.11379999999999998
   0.11539999999999999
   0.10819999999999999
   0.1171
   0.11549999999999999
   0.11289999999999999
   0.1119
   0.11359999999999999
   0.11159999999999999
   0.11199999999999999
   0.1105
   0.1105
   0.1093
   0.1049
   0.1074
   0.10339999999999999
   0.1152
   0.1008
   0.1064
   0.10339999999999999
   0.11069999999999999
   0.10609999999999999
   0.09839999999999999
   0.10609999999999999
   0.10699999999999998
   0.09749999999999999
   0.1006
   0.10049999999999999
   0.0958
   0.09299999999999999
   0.09679999999999998
   0.10099999999999999
   0.0962
   0.0938
   0.0884
   0.09249999999999999
   0.09079999999999999
   0.0852
   0.089
   0.08659999999999998
   0.0892
   0.0905
   0.0872
   0.0863
   0.0837
   0.0872
   0.08529999999999999
   0.08389999999999999
   0.0846
   0.0808
   0.08209999999999999
   0.08139999999999999
   0.0837
   0.08109999999999999
   0.07869999999999999
   0.07369999999999999
   0.07519999999999999
   0.0727
   0.07519999999999999
   0.07329999999999999
   0.07849999999999999
   0.0741
   0.07239999999999999
   0.07579999999999999
   0.07619999999999999
   0.07119999999999999
   0.07239999999999999
   0.0739
   0.0808
   0.07189999999999999
   0.07529999999999999
   0.0722
   0.07479999999999999
   0.0691
   0.07089999999999999
   0.06649999999999999
   0.0702
   0.06999999999999999
   0.06319999999999999
   0.0655
   0.06559999999999999
   0.0683
   0.06409999999999999
   0.06779999999999999
   0.0653
   0.06319999999999999
   0.0655
   0.0681
   0.0659
   0.0636
   0.0697
   0.0628
   0.06319999999999999
   0.0627
   0.06599999999999999
   0.0693
   0.064
   0.0697
   0.06709999999999999
   0.0627
   0.06409999999999999
   0.0661
   0.0658
   0.06319999999999999
   0.0662
   0.0691
   0.0657
   0.067
   0.0613
   0.06349999999999999
   0.0661
   0.0655
   0.0647
   0.061399999999999996
   0.0572
   0.0619
   0.0643
   0.0589
   0.0642
   0.0644
   0.059899999999999995
   0.0607
   0.06369999999999999
   0.0622
   0.0615
   0.059199999999999996
   0.055799999999999995
   0.058199999999999995
   0.0564
   0.06199999999999999
   0.053899999999999997
   0.054099999999999995
   0.0566
   0.0557
   0.0593
   0.0587
   0.05499999999999999
   0.05159999999999999
   0.0557
   0.049999999999999996
   0.051399999999999994
   0.0545
   0.0477
   0.0532
   0.054
   0.0525
   0.0502
   0.0485
   0.0506
   0.0491
   0.051399999999999994
   0.0479
   0.0468
   0.0459
   0.0504
   0.052199999999999996
   0.0498
   0.0502
   0.05009999999999999
   0.0511
   0.047499999999999994
   0.0508
   0.0487
   0.050699999999999995
   0.048799999999999996
   0.0476
   0.0489
   0.049199999999999994
   0.0462
   0.049999999999999996
   0.048799999999999996
   0.0502
   0.046599999999999996
   0.047499999999999994
   0.0427
   0.047299999999999995
   0.0462
   0.04069999999999999
   0.041
   0.04069999999999999
   0.0392
   0.0428
   0.0453
   0.04239999999999999
   0.042199999999999994
   0.0401
   0.0479
   0.04669999999999999
   0.0451
   0.04309999999999999
   0.0442
   0.0485
   0.0453
   0.04309999999999999
   0.047
   0.046599999999999996
   0.04409999999999999
   0.0446
   0.046
   0.0459
   0.04839999999999999
   0.0451
   0.046299999999999994
   0.0423
   0.0418
   0.04239999999999999
   0.04409999999999999
   0.0427
   0.041
   0.03989999999999999
   0.0418
   0.037899999999999996
   0.039599999999999996
   0.0446
   0.043199999999999995
   0.043199999999999995
   0.0423
   0.0351
   0.0411
   0.034199999999999994
   0.037399999999999996
   0.04139999999999999
   0.037399999999999996
   0.0349
   0.0384
   0.0355
   0.038099999999999995
   0.0401
   0.0402
   0.04069999999999999
   0.0391
   0.037899999999999996
   0.038099999999999995
   0.034199999999999994
   0.038
   0.0354
   0.03559999999999999
   0.0344
   0.03389999999999999
   0.0337
   0.0332
   0.0326
   0.0368
   0.031299999999999994
   0.0349
   0.0326
   0.0317
   0.0348
   0.0285
   0.0338
   0.030799999999999998
   0.032
   0.03559999999999999
   0.0336
   0.029199999999999997
   0.029699999999999997
   0.0285
   0.0318
   0.0327
   0.034499999999999996
   0.033299999999999996
   0.0295
   0.0326
   0.0358
   0.033299999999999996
   0.0304
   0.0278
   0.0286
   0.0294
   0.029599999999999998
   0.029699999999999997
   0.0318
   0.0271
   0.028399999999999998
   0.025699999999999997
   0.0287
   0.024599999999999997
   0.027399999999999997
   0.027
   0.025500000000000002
   0.026
   0.0251
   0.026099999999999998
   0.0252
   0.0253
   0.0252
   0.0226
   0.026
   0.0217
   0.022
   0.021599999999999998
   0.022499999999999996
   0.024999999999999998
   0.0223
   0.0235
   0.026
   0.024599999999999997
   0.0248
   0.0253
   0.0248
   0.0232
   0.0223
   0.022399999999999996
   0.018799999999999997
   0.0209
   0.024999999999999998
   0.0234
   0.023999999999999997
   0.0205
   0.021199999999999997
   0.023299999999999998
   0.0221
   0.021599999999999998
   0.0177
   0.0186
   0.0179
   0.0193
   0.0168
   0.0168
   0.017099999999999997
   0.0186
   0.018799999999999997
   0.018
   0.0184
   0.017099999999999997
   0.018
   0.016999999999999998
   0.016999999999999998
   0.0177
   0.0152
   0.0176
   0.017099999999999997
   0.015399999999999999
   0.0177
   0.0163
   0.016
   0.0147
   0.0157
   0.0157
   0.018199999999999997
   0.016
   0.0149
   0.017799999999999996
   0.0147
   0.018099999999999998
   0.015
   0.016
   0.014499999999999999
   0.0159
   0.0183
   0.014799999999999999
   0.015799999999999998
   0.016
   0.014799999999999999
   0.0176
   0.0161
   0.015399999999999999
   0.0161
   0.015799999999999998
   0.017499999999999998
   0.0147
   0.014799999999999999
   0.015
   0.015799999999999998
   0.0143
   0.0135
   0.0152
   0.013999999999999999
   0.016499999999999997
   0.0143
   0.0173
   0.0149
   0.0133
   0.0119
   0.0128
   0.0141
   0.013799999999999998
   0.0115
   0.012099999999999998
   0.013
   0.0143
   0.014599999999999998
   0.012199999999999999
   0.012499999999999999
   0.0097
   0.0117
   0.009899999999999999
   0.0128
   0.0097
   0.0102
   0.0113
   0.014599999999999998
   0.0115
   0.011199999999999998
   0.011
   0.0118
   0.0097
   0.0128
   0.010799999999999999
   0.010599999999999998
   0.0102
   0.010499999999999999
   0.0111
   0.011
   0.0117
   0.013699999999999999
   0.0134
   0.0097
   0.0102
   0.009
   0.009399999999999999
   0.0081
   0.0087
   0.0097
   0.0103
   0.010399999999999998
   0.009399999999999999
   0.0097
   0.012499999999999999
   0.0098
   0.010399999999999998
   0.010499999999999999
   0.012099999999999998
   0.009099999999999999
   0.0092
   0.0084
   0.0111
   0.0098
   0.0102
   0.0081
   0.007699999999999999
   0.008499999999999999
   0.0078
   0.0098
   0.007699999999999999
   0.0098
   0.009
   0.0102
   0.0103
   0.010499999999999999
   0.008499999999999999
   0.008899999999999998
   0.011
   0.0098
   0.0095
   0.011
   0.0092
   0.0096
   0.01
   0.0086
   0.011199999999999998
   0.011199999999999998
   0.010599999999999998
   0.009899999999999999
   0.01
   0.0093
   0.01
   0.010399999999999998
   0.0107
   0.0107
   0.0103
   0.007899999999999999
   0.0092
   0.008499999999999999
   0.0093
   0.0096
   0.0096
   0.010499999999999999
   0.01
   0.011
   0.0113
   0.007899999999999999
   0.008199999999999999
   0.0097
   0.008499999999999999
   0.008499999999999999
   0.0093
   0.010499999999999999
   0.008499999999999999
   0.0088
   0.0081
   0.0068000000000000005
   0.0070999999999999995
   0.0084
   0.0060999999999999995
   0.0081
   0.008
   0.0093
   0.0067
   0.0083
   0.006999999999999999
   0.0081
   0.0092
   0.0086
   0.0098
   0.0076
   0.007699999999999999
   0.0086
   0.0095
   0.007299999999999999
   0.0072
   0.008
   0.008499999999999999
   0.0075
   0.0073999999999999995
   0.007299999999999999
   0.0078
   0.0062
   0.0060999999999999995
   0.006999999999999999
   0.0068000000000000005
   0.005699999999999999
   0.0073999999999999995
   0.0058
   0.005699999999999999
   0.0086
   0.0075
   0.005999999999999999
   0.0063
   0.0058
   0.0067
   0.007299999999999999
   0.005999999999999999
   0.0055
   0.007299999999999999
   0.006899999999999999
   0.0066
   0.005999999999999999
   0.007899999999999999
   0.0060999999999999995
   0.0070999999999999995
   0.006899999999999999
   0.0046
   0.0065
   0.0051
   0.0060999999999999995
   0.0058
   0.0073999999999999995
   0.0076
   0.0046
   0.0062
   0.0064
   0.0059
   0.0062
   0.0066
   0.0084
   0.007699999999999999
   0.0067
   0.005999999999999999
   0.005299999999999999
   0.0065
   0.004699999999999999
   0.0064
   0.005399999999999999
   0.0075
   0.006999999999999999
   0.005999999999999999
   0.0073999999999999995
   0.005699999999999999
   0.0051
   0.0068000000000000005
   0.0042
   0.005699999999999999
   0.0058
   0.005699999999999999
   0.0048
   0.0032
   0.0062
   0.005599999999999999
   0.005
   0.0049
   0.0059
   0.005999999999999999
   0.004699999999999999
   0.0070999999999999995
   0.005599999999999999
   0.0058
   0.0073999999999999995
   0.005999999999999999
   0.004699999999999999
   0.0055
   0.005599999999999999
   0.0055
   0.005
   0.004699999999999999
   0.0062
   0.0067
   0.0070999999999999995
   0.0078
   0.0076
   0.005
   0.005699999999999999
   0.0066
   0.005999999999999999
   0.005199999999999999
   0.005599999999999999
   0.006999999999999999
   0.0066
   0.0067
   0.0068000000000000005
   0.0065
   0.006899999999999999
   0.007299999999999999
   0.0070999999999999995
   0.006899999999999999
   0.0066
   0.0078
   0.0075
   0.0073999999999999995
   0.0081
   0.0055
   0.005599999999999999
   0.0064
   0.005999999999999999
   0.0064
   0.008
   0.0058
   0.005599999999999999
   0.0059
   0.0068000000000000005
   0.005699999999999999
   0.005699999999999999
   0.005399999999999999
   0.0055
   0.0055
   0.0048
   0.005699999999999999
   0.0076
   0.005999999999999999
   0.0055
   0.0048
   0.005199999999999999
   0.0062
   0.0055
   0.004
   0.0058
   0.0062
   0.0058
   0.005199999999999999
   0.005699999999999999
   0.0044
   0.005
   0.0036999999999999997
   0.005199999999999999
   0.0045
   0.005199999999999999
   0.004699999999999999
   0.005199999999999999
   0.0063
   0.0033
   0.0045
   0.005299999999999999
   0.005
   0.0033
   0.005399999999999999
   0.0045
   0.0049
   0.005299999999999999
   0.004699999999999999
   0.0045
   0.0051
   0.0045
   0.0049
   0.0058
   0.0059
   0.0055
   0.0048
   0.0051
   0.0064
   0.0058
   0.0048
   0.005299999999999999
   0.004699999999999999
   0.0043
   0.0051
   0.0063
   0.005399999999999999
   0.005299999999999999
   0.0044
   0.005599999999999999
   0.0039
   0.0036
   0.0045
   0.0029
   0.0039
   0.0039
   0.0049
   0.0042
   0.0046
   0.0040999999999999995
   0.0042
   0.005199999999999999
   0.005599999999999999
   0.004699999999999999
   0.0067
   0.0043
   0.0040999999999999995
   0.0029999999999999996
   0.0029999999999999996
   0.0033
   0.0032
   0.0036
   0.0034000000000000002
   0.0036999999999999997
   0.0039
   0.0040999999999999995
   0.0040999999999999995
   0.0025999999999999994
   0.0039
   0.0031
   0.0025999999999999994
   0.0031
   0.0029999999999999996
   0.0029999999999999996
   0.0029999999999999996
   0.0032
   0.0029
   0.0025999999999999994
   0.0025999999999999994
   0.0022
   0.0032
   0.0033
   0.0044
   0.0027999999999999995
   0.002
   0.0022
   0.0031
   0.0029
   0.0019
   0.0012999999999999997
   0.002
   0.0024
   0.0013999999999999998
   0.0029
   0.0029
   0.0034999999999999996
   0.0025999999999999994
   0.0042
   0.0029999999999999996
   0.0036999999999999997
   0.0033
   0.0034999999999999996
   0.0026999999999999997
   0.0025
   0.0023
   0.002
   0.0031
   0.0027999999999999995
   0.0033
   0.0027999999999999995
   0.0021
   0.0034000000000000002
   0.0018
   0.0036
   0.0016
   0.0024
   0.0023
   0.0023
   0.0027999999999999995
   0.0021
   0.0016
   0.0024
   0.0014999999999999998
   0.0019
   0.0022
   0.0018
   0.0022
   0.0018
   0.0023
   0.0032
   0.0027999999999999995
   0.0027999999999999995
   0.0026999999999999997
   0.0017000000000000001
   0.0014999999999999998
   0.0025999999999999994
   0.0012
   0.002
   0.0018
   0.0012
   0.0009
   0.0018
   0.0021
   0.0013999999999999998
   0.002
   0.0008
   0.0012
   0.0012
   0.0006999999999999999
   0.0011
   0.0006
   0.0012
   0.0006
   0.0006
   0.0013999999999999998
   0.0006999999999999999
   0.0006
   0.0013999999999999998
   0.0016
   0.0011
   0.0009
   0.0012
   0.0012999999999999997
   0.0014999999999999998
   0.0017000000000000001
   0.0012
   0.0006999999999999999
   0.0012
   0.0006999999999999999
   0.0012999999999999997
   0.0008
   0.0008
   0.0014999999999999998
   0.0011
   0.0008
   0.0006
   0.0006999999999999999
   0.0011
   0.0011
   0.0012999999999999997
   0.0005
   0.0009
   0.0006999999999999999
   0.0006999999999999999
   0.0005
   0.0004
   0.0006999999999999999
   0.0005
   0.0003
   0.0012
   0.0004
   0.0005
   0.001
   0.0003
   0.0004
   0.0009
   0.0008
   0.0005
   0.0006
   0.0004
   0.0009
   0.001
   0.0003
   0.0005
   0.0003
   0.0008
   0.0006999999999999999
   0.0004
   0.0003
   0.0004
   0.0004
   0.0001
   0.0003
   0.0003
   0.0002
   0.0003
   0.0003
   0.0003
   0.0
   0.0
   0.0
   0.0
   0.0
   0.0002
   0.0
   0.0
   0.0001
   0.0002
   0.0001
   0.0002
   0.0002
   0.0001
   0.0
   0.0001
   0.0
   0.0001
   0.0001
   0.0001
   0.0001
   0.0
   0.0001
   0.0003
   0.0
   0.0001
   0.0001
   0.0
   0.0
   0.0002
   0.0001
   0.0001
   0.0001
   0.0001
   0.0001
   0.0001
   0.0004
   0.0001
   0.0001
   0.0005
   0.0003
   0.0
   0.0005
   0.0
   0.0003
   0.0002
   0.0
   0.0002
   0.0
   0.0001
   0.0
   0.0
   0.0
   0.0
   0.0
   0.0
   0.0
   0.0
   0.0
   0.0
   0.0
   0.0
   0.0
   0.0
   0.0
   0.0
   0.0
   0.0
   0.0
   0.0
   0.0
   0.0
   0.0
   0.0
   0.0
   0.0
   0.0
   0.0
   0.0
   0.0
   0.0
   0.0
   0.0
   0.0
   0.0
   0.0
   0.0
   0.0
   0.0
   0.0
   0.0
   0.0
   0.0
   0.0
   0.0
   0.0
   0.0
   0.0
   0.0
   0.0
   0.0
   0.0
   0.0
   0.0
   0.0
   0.0
   0.0
   0.0
   0.0
   0.0
   0.0
   0.0
   0.0
   0.0
   0.0
   0.0
   0.0
   0.0
   0.0
   0.0
   0.0
   0.0
   0.0
   0.0
   0.0
   0.0
   0.0
   0.0
   0.0
   0.0
   0.0
   0.0
   0.0
   0.0
   0.0
   0.0
   0.0
   0.0
   0.0
   0.0
   0.0
   0.0
   0.0
   0.0
   0.0
   0.0
   0.0
   0.0
   0.0
   0.0
   0.0
   0.0
   0.0
   0.0
   0.0
   0.0
   0.0
   0.0
   0.0
   0.0
   0.0
   0.0
   0.0
   0.0
   0.0
   0.0
   0.0
   0.0
   0.0
   0.0
   0.0
   0.0
   0.0
   0.0
   0.0
   0.0
   0.0
   0.0
   0.0
   0.0
   0.0
   0.0
   0.0
   0.0
   0.0
   0.0
   0.0
   0.0
   0.0
   0.0
   0.0
   0.0
   0.0
   0.0
   0.0
   0.0
   0.0
   0.0
   0.0
   0.0
   0.0
   0.0
   0.0
   0.0
   0.0
   0.0
   0.0
   0.0
   0.0
   0.0
   0.0
   0.0
   0.0
   0.0
   0.0
   0.0
   0.0
   0.0
   0.0
   0.0
   0.0
   0.0
   0.0
   0.0
   0.0
   0.0
   0.0
   0.0
   0.0
   0.0
   0.0
   0.0
   0.0
   0.0
   0.0
   0.0
   0.0
   0.0
   0.0
   0.0
   0.0
   0.0
   0.0
   0.0
   0.0
   0.0
   0.0
   0.0
   0.0
   0.0
   0.0
   0.0
   0.0
   0.0
   0.0
   0.0
   0.0
   0.0
   0.0
   0.0
   0.0
   0.0
   0.0
   0.0
   0.0
   0.0
   0.0
   0.0
   0.0
   0.0
   0.0
   0.0
   0.0
   0.0
   0.0
   0.0
   0.0
   0.0
   0.0
   0.0
   0.0
   0.0
   0.0
   0.0
   0.0
   0.0
   0.0
   0.0
   0.0
   0.0
   0.0
   0.0
   0.0
   0.0
   0.0
   0.0
   0.0
   0.0
   0.0
   0.0
   0.0
   0.0
   0.0
   0.0
   0.0
   0.0
   0.0
   0.0
   0.0
   0.0
   0.0
   0.0
   0.0
   0.0
   0.0
   0.0
   0.0
   0.0
   0.0
   0.0
   0.0
   0.0
   0.0
   0.0
   0.0
   0.0
   0.0
   0.0
   0.0
   0.0
   0.0
   0.0
   0.0
   0.0
   0.0
   0.0
   0.0
   0.0
   0.0
   0.0
   0.0
   0.0
   0.0
   0.0
   0.0
   0.0
   0.0
   0.0
   0.0
   0.0
   0.0
   0.0
   0.0
   0.0
   0.0
   0.0
   0.0
   0.0
   0.0
   0.0
   0.0
   0.0
   0.0
   0.0
   0.0
   0.0
   0.0
   0.0
   0.0
   0.0
   0.0
   0.0
   0.0
   0.0
   0.0
   0.0
   0.0
   0.0
   0.0
   0.0
   0.0
   0.0
   0.0
   0.0
   0.0
   0.0
   0.0
   0.0
   0.0
   0.0
   0.0
   0.0
   0.0
   0.0
   0.0
   0.0
   0.0
   0.0
   0.0
   0.0
   0.0
   0.0
   0.0
   0.0
   0.0
   0.0
   0.0
   0.0
   0.0
   0.0
   0.0
   0.0
   0.0
   0.0
   0.0
   0.0
   0.0
   0.0
   0.0
   0.0
   0.0
   0.0
   0.0
   0.0
   0.0
   0.0
   0.0
   0.0
   0.0
   0.0
   0.0
   0.0
   0.0
   0.0
   0.0
   0.0
   0.0
   0.0
   0.0
   0.0
   0.0
   0.0
   0.0
   0.0
   0.0
   0.0
   0.0
   0.0
   0.0
   0.0
   0.0
   0.0
   0.0
   0.0
   0.0
   0.0
   0.0
   0.0
   0.0
   0.0
   0.0
   0.0
   0.0
   0.0
   0.0
   0.0
   0.0
   0.0
   0.0
   0.0
   0.0
   0.0
   0.0
   0.0
   0.0
   0.0
   0.0
   0.0
   0.0
   0.0
   0.0
   0.0
   0.0
   0.0
   0.0
   0.0
   0.0
   0.0
   0.0
   0.0
   0.0
   0.0
   0.0
   0.0
   0.0
   0.0
   0.0
   0.0
   0.0
   0.0
   0.0
   0.0
   0.0
   0.0
   0.0
   0.0
   0.0
   0.0
   0.0
   0.0
   0.0
   0.0
   0.0
   0.0
   0.0
   0.0
   0.0
   0.0
   0.0
   0.0
   0.0
   0.0
   0.0
   0.0
   0.0
   0.0
   0.0
   0.0
   0.0
   0.0
   0.0
   0.0
   0.0
   0.0
   0.0
   0.0
   0.0
   0.0
   0.0
   0.0
   0.0
   0.0
   0.0
   0.0
   0.0
   0.0
   0.0
   0.0
   0.0
   0.0
   0.0
   0.0
   0.0
   0.0
   0.0
   0.0
   0.0
   0.0
   0.0
   0.0
   0.0
   0.0
   0.0
   0.0
   0.0
   0.0
   0.0
   0.0
   0.0
   0.0
   0.0
   0.0
   0.0
   0.0
   0.0
   0.0
   0.0
   0.0
   0.0
   0.0
   0.0
   0.0
   0.0
   0.0
   0.0
   0.0
   0.0
   0.0
   0.0
   0.0
   0.0
   0.0
   0.0
   0.0
   0.0
   0.0
   0.0
   0.0
   0.0
   0.0
   0.0
   0.0
   0.0
   0.0
   0.0
   0.0
   0.0
   0.0
   0.0
   0.0
   0.0
   0.0
   0.0
   0.0
   0.0
   0.0
   0.0
   0.0
   0.0
   0.0
   0.0
   0.0
   0.0
   0.0
   0.0
   0.0
   0.0
   0.0
   0.0
   0.0
   0.0
   0.0
   0.0
   0.0
   0.0
   0.0
   0.0
   0.0
   0.0
   0.0
   0.0
   0.0
   0.0
   0.0
   0.0
   0.0
   0.0
   0.0
   0.0
   0.0
   0.0
   0.0
   0.0
   0.0
   0.0
   0.0
   0.0
   0.0
   0.0
   0.0
   0.0
   0.0
   0.0
   0.0
   0.0
   0.0
   0.0
   0.0
   0.0
   0.0
   0.0
   0.0
   0.0
   0.0
   0.0
   0.0
   0.0
   0.0
   0.0
   0.0
   0.0
   0.0
   0.0
   0.0
   0.0
   0.0
   0.0
   0.0
   0.0
   0.0
   0.0
   0.0
   0.0
   0.0
   0.0
   0.0
   0.0
   0.0
   0.0
   0.0
   0.0
   0.0
   0.0
   0.0
   0.0
   0.0
   0.0
   0.0
   0.0
   0.0
   0.0
   0.0
   0.0
   0.0
   0.0
   0.0
   0.0
   0.0
   0.0
   0.0
   0.0
   0.0
   0.0
   0.0
   0.0
   0.0
   0.0
   0.0
   0.0
   0.0
   0.0
   0.0
   0.0
   0.0
   0.0
   0.0
   0.0
   0.0
   0.0
   0.0
   0.0
   0.0
   0.0
   0.0
   0.0
   0.0
   0.0
   0.0
   0.0
   0.0
   0.0
   0.0
   0.0
   0.0
   0.0
   0.0
   0.0
   0.0
   0.0
   0.0
   0.0
   0.0
   0.0
   0.0
   0.0
   0.0
   0.0
   0.0
   0.0
   0.0
   0.0
   0.0
   0.0
   0.0
   0.0
   0.0
   0.0
   0.0
   0.0
   0.0
   0.0
   0.0
   0.0
   0.0
   0.0
   0.0
   0.0
   0.0
   0.0
   0.0
   0.0
   0.0
   0.0
   0.0
   0.0
   0.0
   0.0
   0.0
   0.0
   0.0
   0.0
   0.0
   0.0
   0.0
   0.0
   0.0
   0.0
   0.0
   0.0
   0.0
   0.0
   0.0
   0.0
   0.0
   0.0
   0.0
   0.0
   0.0
   0.0
   0.0
   0.0
   0.0
   0.0
   0.0
   0.0
   0.0
   0.0
   0.0
   0.0
   0.0
   0.0
   0.0
   0.0
   0.0
   0.0
   0.0
   0.0
   0.0
   0.0
   0.0
   0.0
   0.0
   0.0
   0.0
   0.0
   0.0
   0.0
   0.0
   0.0
   0.0
   0.0
   0.0
   0.0
   0.0
   0.0
   0.0
   0.0
   0.0
   0.0
   0.0
   0.0
   0.0
   0.0
   0.0
   0.0
   0.0
   0.0
   0.0
   0.0
   0.0
   0.0
   0.0
   0.0
   0.0
   0.0
   0.0
   0.0
   0.0
   0.0
   0.0
   0.0
   0.0
   0.0
   0.0
   0.0
   0.0
   0.0
   0.0
   0.0
   0.0
   0.0
   0.0
   0.0
   0.0
   0.0
   0.0
   0.0
   0.0
   0.0
   0.0
   0.0
   0.0
   0.0
   0.0
   0.0
   0.0
   0.0
   0.0
   0.0
   0.0
   0.0
   0.0
   0.0
   0.0
   0.0
   0.0
   0.0
   0.0
   0.0
   0.0
   0.0
   0.0
   0.0
   0.0
   0.0
   0.0
   0.0
   0.0
   0.0
   0.0
   0.0
   0.0
   0.0
   0.0
   0.0
   0.0
   0.0
   0.0
   0.0
   0.0
   0.0
   0.0
   0.0
   0.0
   0.0
   0.0
   0.0
   0.0
   0.0
   0.0
   0.0
   0.0
   0.0
   0.0
   0.0
   0.0
   0.0
   0.0
   0.0
   0.0
   0.0
   0.0
   0.0
   0.0
   0.0
   0.0
   0.0
   0.0
   0.0
   0.0
   0.0
   0.0
   0.0
   0.0
   0.0
   0.0
   0.0
   0.0
   0.0
   0.0
   0.0
   0.0
   0.0
   0.0
   0.0
   0.0
   0.0
   0.0
   0.0
   0.0
   0.0
   0.0
   0.0
   0.0
   0.0
   0.0
   0.0
   0.0
   0.0
   0.0
   0.0
   0.0
   0.0
   0.0
   0.0
   0.0
   0.0
   0.0
   0.0
   0.0
   0.0
   0.0
   0.0
   0.0
   0.0
   0.0
   0.0
   0.0
   0.0
   0.0
   0.0
   0.0
   0.0
   0.0
   0.0
   0.0
   0.0
   0.0
   0.0
   0.0
   0.0
   0.0
   0.0
   0.0
   0.0
   0.0
   0.0
   0.0
   0.0
   0.0
   0.0
   0.0
   0.0
   0.0
   0.0
   0.0
   0.0
   0.0
   0.0
   0.0
   0.0
   0.0
   0.0
   0.0
   0.0
   0.0
   0.0
   0.0
   0.0
   0.0
   0.0
   0.0
   0.0
   0.0
   0.0
   0.0
   0.0
   0.0
   0.0
   0.0
   0.0
   0.0
   0.0
   0.0
   0.0
   0.0
   0.0
   0.0
   0.0
   0.0
   0.0
   0.0
   0.0
   0.0
   0.0
   0.0
   0.0
   0.0
   0.0
   0.0
   0.0
   0.0
   0.0
   0.0
   0.0
   0.0
   0.0
   0.0
   0.0
   0.0
   0.0
   0.0
   0.0
   0.0
   0.0
   0.0
   0.0
   0.0
   0.0
   0.0
   0.0
   0.0
   0.0
   0.0
   0.0
   0.0
   0.0
   0.0
   0.0
   0.0
   0.0
   0.0
   0.0
   0.0
   0.0
   0.0
   0.0
   0.0
   0.0
   0.0
