   0.0
   0.0
   0.0
   0.0
   0.0
   0.0
   0.0
   0.0
   0.0
   0.0
   0.0
   0.0
   0.0
   0.0
   0.0
   0.0
   0.0
   0.0
   0.0
   0.0
   0.0
   0.0
   0.0
   0.0
   0.0
   0.0
   0.0
   0.0
   0.0
   0.0
   0.0
   0.0
   0.0
   0.0
   0.0
   0.0
   0.0
   0.0
   0.0
   0.0
   0.0
   0.0
   0.0
   0.0
   0.0
   0.0
   0.0
   0.0
   0.0
   0.0
   0.0
   0.0
   0.0
   0.0
   0.0
   0.0
   0.0
   0.0
   0.0
   0.0
   0.0
   0.0
   0.0
   0.0
   0.0
   0.0
   0.0
   0.0
   0.0
   0.0
   0.0
   0.0
   0.0
   0.0
   0.0
   0.0
   0.0
   0.0
   0.0
   0.0
   0.0
   0.0
   0.0
   0.0
   0.0
   0.0
   0.0
   0.0
   0.0
   0.0
   0.0
   0.0
   0.0
   0.0
   0.0
   0.0
   0.0
   0.0
   0.0
   0.0
   0.0
   0.0
   0.0
   1e-06
   1e-06
   0.0
   1e-06
   0.0
   2.9999999999999997e-06
   2.9999999999999997e-06
   1e-06
   0.0
   0.0
   4.9999999999999996e-06
   2.9999999999999997e-06
   1e-06
   2e-06
   2.9999999999999997e-06
   1e-06
   2e-06
   0.0
   4e-06
   2.9999999999999997e-06
   4.9999999999999996e-06
   6.999999999999999e-06
   4.9999999999999996e-06
   6.999999999999999e-06
   4.9999999999999996e-06
   4.9999999999999996e-06
   5.999999999999999e-06
   8.999999999999999e-06
   6.999999999999999e-06
   5.999999999999999e-06
   9.999999999999999e-06
   1.1e-05
   9.999999999999999e-06
   1.3999999999999998e-05
   8e-06
   1.3999999999999998e-05
   1.7e-05
   6.999999999999999e-06
   1.1999999999999999e-05
   1.8999999999999998e-05
   1.7999999999999997e-05
   1.7e-05
   2.2e-05
   2.3999999999999997e-05
   3.5999999999999994e-05
   3.7999999999999995e-05
   3.4e-05
   3.7999999999999995e-05
   4.4e-05
   4.3e-05
   5.1e-05
   4.6e-05
   5.2e-05
   7.099999999999999e-05
   6.8e-05
   7.099999999999999e-05
   7.199999999999999e-05
   7.999999999999999e-05
   0.00010699999999999999
   0.00012399999999999998
   0.00013299999999999998
   0.00012099999999999999
   0.000148
   0.00016399999999999997
   0.000206
   0.000186
   0.000204
   0.00024
   0.00022999999999999998
   0.000279
   0.00029099999999999997
   0.000332
   0.00037099999999999996
   0.00045899999999999994
   0.000457
   0.000544
   0.0005549999999999999
   0.0005989999999999999
   0.0006749999999999999
   0.0007449999999999999
   0.0008729999999999999
   0.000949
   0.001019
   0.001135
   0.0012540000000000001
   0.001382
   0.0015719999999999998
   0.0016579999999999998
   0.00182
   0.002035
   0.00218
   0.0025009999999999998
   0.002751
   0.0028949999999999996
   0.003299
   0.0037179999999999995
   0.004082
   0.0044989999999999995
   0.004985
   0.005513
   0.0060880000000000005
   0.006912
   0.007280999999999999
   0.008124999999999999
   0.008938999999999999
   0.010009999999999998
   0.011075
   0.012057
   0.013295999999999999
   0.014652
   0.016341
   0.017959
   0.019969999999999998
   0.022252
   0.024849
   0.026711999999999996
   0.030029
   0.033557
   0.037146
   0.0417
   0.045887
   0.050527
   0.056563999999999996
   0.063
   0.070173
   0.07825599999999999
   0.08751699999999998
   0.098117
   0.110049
   0.12394199999999998
   0.140115
   0.158571
   0.18048899999999998
   0.20483
   0.23570899999999997
   0.269899
   0.311791
   0.361778
   0.4218
   0.49316899999999997
   0.58028
   0.686139
   0.806785
   0.903718
   0.9738739999999999
   1.0162369999999998
   1.0381369999999999
   1.040228
   1.0168599999999999
   0.9722319999999999
   0.903447
   0.8066679999999999
   0.6863769999999999
   0.579788
   0.492517
   0.42115699999999995
   0.36237199999999997
   0.31202599999999997
   0.270549
   0.235401
   0.205832
   0.180072
   0.158755
   0.14088099999999998
   0.12426599999999999
   0.110078
   0.09847299999999999
   0.088071
   0.078921
   0.06995799999999999
   0.062523
   0.056179
   0.050991999999999996
   0.045694
   0.041209
   0.037091
   0.033221
   0.030203999999999998
   0.027246
   0.024572
   0.022382
   0.019919999999999997
   0.018186
   0.016145
   0.014969
   0.01356
   0.012216
   0.011161999999999998
   0.009793
   0.009033999999999999
   0.00817
   0.007305
   0.006673999999999999
   0.006181999999999999
   0.005409
   0.005035
   0.0045639999999999995
   0.004108
   0.0036479999999999998
   0.0034119999999999997
   0.0030499999999999998
   0.002885
   0.002472
   0.002221
   0.002123
   0.001832
   0.0016449999999999998
   0.001544
   0.001363
   0.0012129999999999999
   0.0011129999999999998
   0.000998
   0.0009390000000000001
   0.00082
   0.0007399999999999999
   0.000691
   0.000646
   0.0005189999999999999
   0.00053
   0.000493
   0.00040399999999999995
   0.00040399999999999995
   0.000376
   0.00033999999999999997
   0.00026999999999999995
   0.000265
   0.000218
   0.00020899999999999998
   0.00017499999999999997
   0.000177
   0.000125
   0.000145
   0.00013099999999999999
   0.00010999999999999999
   0.000137
   0.00011899999999999999
   8.399999999999998e-05
   7e-05
   7.7e-05
   5.9e-05
   6.199999999999999e-05
   4.199999999999999e-05
   4.199999999999999e-05
   4.3e-05
   3.3e-05
   4.6e-05
   3.3e-05
   2.9e-05
   3.2e-05
   2.5e-05
   2.3e-05
   2.2e-05
   1.6e-05
   1.5e-05
   1.7999999999999997e-05
   6.999999999999999e-06
   1.5e-05
   8e-06
   4.9999999999999996e-06
   4.9999999999999996e-06
   9.999999999999999e-06
   4.9999999999999996e-06
   4.9999999999999996e-06
   1.6e-05
   5.999999999999999e-06
   5.999999999999999e-06
   6.999999999999999e-06
   4e-06
   4.9999999999999996e-06
   2.9999999999999997e-06
   2e-06
   2.9999999999999997e-06
   0.0
   2e-06
   1e-06
   0.0
   0.0
   1e-06
   2e-06
   1e-06
   1e-06
   0.0
   0.0
   1e-06
   0.0
   0.0
   2e-06
   0.0
   0.0
   0.0
   2e-06
   1e-06
   1e-06
   4e-06
   1e-06
   0.0
   0.0
   0.0
   0.0
   0.0
   0.0
   0.0
   0.0
   0.0
   0.0
   0.0
   0.0
   0.0
   0.0
   0.0
   0.0
   0.0
   0.0
   0.0
   0.0
   0.0
   0.0
   0.0
   0.0
   0.0
   0.0
   0.0
   0.0
   0.0
   0.0
   0.0
   0.0
   0.0
   0.0
   0.0
   0.0
   0.0
   0.0
   0.0
   0.0
   0.0
   0.0
   0.0
   0.0
   0.0
   0.0
   0.0
   0.0
   0.0
   0.0
   0.0
   0.0
   0.0
   0.0
   0.0
   0.0
   0.0
   0.0
   0.0
   0.0
   0.0
   0.0
   0.0
   0.0
   0.0
   0.0
   0.0
   0.0
   0.0
   0.0
   0.0
   0.0
   0.0
   0.0
   0.0
   0.0
   0.0
   0.0
   0.0
   0.0
   0.0
   0.0
   0.0
   0.0
   0.0
   0.0
   0.0
   0.0
   0.0
   0.0
   0.0
   0.0
   0.0
   0.0
   0.0
   0.0
   0.0
   0.0
   0.0
   0.0
   0.0
   0.0
