   2.03984
   2.6666
   2.8062199999999997
   2.83622
   2.8695399999999998
   2.84346
   2.8525
   2.84824
   2.86896
   2.8693
   2.8556399999999997
   2.85496
   2.83718
   2.8685
   2.8535999999999997
   2.8579
   2.84716
   2.86906
   2.8659
   2.85634
   2.84754
   2.8493
   2.8607400000000003
   2.86592
   2.8548400000000003
   2.84098
   2.8556600000000003
   2.87408
   2.8552
   2.8400600000000003
   2.8582
   2.86274
   2.8493
   2.85672
   2.85914
   2.86146
   2.8578
   2.8557200000000003
   2.84884
   2.85168
   2.87238
   2.8566000000000003
   2.85766
   2.86234
   2.8637200000000003
   2.86224
   2.85078
   2.85986
   2.84966
   2.8607400000000003
   2.85106
   2.8588
   2.84962
   2.86678
   2.84494
   2.85424
   2.85486
   2.85114
   2.86316
   2.84564
   2.85342
   2.86386
   2.84442
   2.8693199999999996
   2.83664
   2.86726
   2.8604000000000003
   2.86446
   2.85256
   2.86028
   2.8606
   2.8556600000000003
   2.8678
   2.86626
   2.86176
   2.86596
   2.8594399999999998
   2.87718
   2.85306
   2.86428
   2.8525
   2.8540200000000002
   2.8557200000000003
   2.85804
   2.85674
   2.85968
   2.85784
   2.84994
   2.8471
   2.86824
   2.8665800000000004
   2.8665
   2.8533
   2.85514
   2.8508999999999998
   2.8527400000000003
   2.84726
   2.80138
   2.6611200000000004
   2.03452
