   0.0
   0.0
   0.0
   0.0
   0.0
   0.0
   0.0
   0.0
   0.0
   0.0
   0.0
   0.0
   0.0
   0.0
   0.0
   0.0
   0.0
   0.0
   0.0
   0.0
   0.0
   0.0
   0.0
   0.0
   0.0
   0.0
   0.0
   0.0
   0.0
   0.0
   0.0
   0.0
   0.0
   0.0
   0.0
   0.0
   0.0
   0.0
   0.0
   0.0
   0.0
   0.0
   0.0
   0.0
   0.0
   0.0
   0.0
   0.0
   0.0
   0.0
   0.0
   0.0
   0.0
   0.0
   0.0
   0.0
   0.0
   0.0
   0.0
   0.0
   0.0
   0.0
   0.0
   0.0
   0.0
   0.0
   0.0
   0.0
   0.0
   0.0
   0.0
   0.0
   0.0
   0.0
   0.0
   0.0
   0.0
   0.0
   0.0
   0.0
   0.0
   0.0
   0.0
   0.0
   0.0
   0.0
   0.0
   0.0
   0.0
   0.0
   0.0
   0.0
   0.0
   0.0
   0.0
   0.0
   0.0
   0.0
   0.0
   0.0
   0.0
   0.0
   0.0
   0.0
   0.0
   0.0
   0.0
   0.0
   0.0
   0.0
   0.0
   0.0
   0.0
   0.0
   0.0
   0.0
   0.0
   0.0
   0.0
   0.0
   0.0
   0.0
   0.0
   0.0
   9.999999999999999e-06
   0.0
   0.0
   0.0
   0.0
   0.0
   3e-05
   1.9999999999999998e-05
   9.999999999999999e-06
   9.999999999999999e-06
   9.999999999999999e-06
   0.0
   0.0
   1.9999999999999998e-05
   9.999999999999999e-06
   9.999999999999999e-06
   0.0
   1.9999999999999998e-05
   9.999999999999999e-06
   9.999999999999999e-06
   9.999999999999999e-06
   0.0
   0.0
   0.0
   0.0
   0.0
   3e-05
   9.999999999999999e-06
   9.999999999999999e-06
   1.9999999999999998e-05
   9.999999999999999e-06
   1.9999999999999998e-05
   9.999999999999999e-06
   9.999999999999999e-06
   9.999999999999999e-06
   0.0
   9.999999999999999e-06
   3e-05
   9.999999999999999e-06
   3e-05
   1.9999999999999998e-05
   9.999999999999999e-06
   3.9999999999999996e-05
   1.9999999999999998e-05
   1.9999999999999998e-05
   9.999999999999999e-06
   1.9999999999999998e-05
   9.999999999999999e-06
   1.9999999999999998e-05
   7e-05
   7e-05
   3.9999999999999996e-05
   1.9999999999999998e-05
   5e-05
   7e-05
   9.999999999999999e-06
   8.999999999999999e-05
   5e-05
   7e-05
   0.0001
   7e-05
   1.9999999999999998e-05
   6e-05
   9.999999999999999e-06
   3.9999999999999996e-05
   3.9999999999999996e-05
   1.9999999999999998e-05
   3.9999999999999996e-05
   3e-05
   3.9999999999999996e-05
   6e-05
   3.9999999999999996e-05
   7e-05
   3e-05
   1.9999999999999998e-05
   5e-05
   5e-05
   7e-05
   3e-05
   0.0001
   7e-05
   7e-05
   6e-05
   1.9999999999999998e-05
   8.999999999999999e-05
   7e-05
   7e-05
   3.9999999999999996e-05
   8.999999999999999e-05
   3e-05
   3.9999999999999996e-05
   0.00012
   6e-05
   8.999999999999999e-05
   0.00016999999999999999
   0.00013
   0.00019
   7e-05
   0.0002
   0.00015
   0.00016999999999999999
   0.00012
   0.00015999999999999999
   0.00012
   0.00013
   0.00013
   0.00031
   0.0002
   0.00020999999999999998
   0.00016999999999999999
   0.00019
   0.0001
   0.00014
   0.00022999999999999998
   0.00012
   0.00014
   0.00021999999999999998
   0.00019
   0.00026999999999999995
   0.0002
   0.00014
   0.00010999999999999999
   0.00025
   0.00019
   0.00034999999999999994
   0.00020999999999999998
   0.00026999999999999995
   0.00028
   0.00019
   0.00021999999999999998
   0.00015
   0.00024
   0.00026
   0.00031
   0.00031999999999999997
   0.00033999999999999997
   0.00038
   0.00033999999999999997
   0.00049
   0.00053
   0.00043
   0.0005
   0.00029
   0.00043999999999999996
   0.00045999999999999996
   0.00049
   0.00034999999999999994
   0.00043999999999999996
   0.00052
   0.0006
   0.0005899999999999999
   0.00056
   0.0006799999999999999
   0.0007499999999999999
   0.00082
   0.0008
   0.00091
   0.0007499999999999999
   0.00098
   0.00095
   0.0010799999999999998
   0.001
   0.0013499999999999999
   0.00131
   0.00131
   0.00113
   0.00132
   0.0011799999999999998
   0.0012
   0.0013999999999999998
   0.0013599999999999999
   0.0013999999999999998
   0.00133
   0.00142
   0.0014799999999999998
   0.00165
   0.00145
   0.00178
   0.0017599999999999998
   0.00183
   0.00164
   0.00201
   0.0021699999999999996
   0.00189
   0.00233
   0.0022099999999999997
   0.00258
   0.0028499999999999997
   0.0027199999999999998
   0.0031799999999999997
   0.0034000000000000002
   0.0033799999999999998
   0.00339
   0.00348
   0.00405
   0.0038499999999999997
   0.00399
   0.00428
   0.00427
   0.00417
   0.00505
   0.00506
   0.00516
   0.00548
   0.00559
   0.00595
   0.00568
   0.00586
   0.006059999999999999
   0.006359999999999999
   0.006449999999999999
   0.00678
   0.007749999999999999
   0.008029999999999999
   0.007699999999999999
   0.008249999999999999
   0.00898
   0.00974
   0.00974
   0.009529999999999999
   0.00972
   0.010839999999999999
   0.01113
   0.01149
   0.012069999999999999
   0.012429999999999998
   0.01281
   0.01345
   0.014189999999999998
   0.01483
   0.01495
   0.015449999999999998
   0.01575
   0.0169
   0.01694
   0.018029999999999997
   0.0186
   0.01951
   0.01991
   0.02012
   0.021859999999999997
   0.02213
   0.02298
   0.0237
   0.023889999999999998
   0.02532
   0.026679999999999995
   0.02869
   0.02772
   0.02952
   0.03157
   0.0336
   0.03421
   0.034129999999999994
   0.035469999999999995
   0.0378
   0.038279999999999995
   0.04062999999999999
   0.04166
   0.04263
   0.04496
   0.046759999999999996
   0.04822
   0.05186999999999999
   0.052599999999999994
   0.0549
   0.058809999999999994
   0.05873
   0.06275
   0.06612
   0.06731999999999999
   0.06712
   0.07107
   0.07415999999999999
   0.07726
   0.08091999999999999
   0.08312999999999998
   0.08664
   0.08826
   0.09317
   0.09568
   0.09983
   0.10462
   0.10893
   0.11211
   0.11478
   0.11964
   0.12533999999999998
   0.12886999999999998
   0.13615999999999998
   0.14098
   0.14676
   0.15252
   0.15599999999999997
   0.16243
   0.17114
   0.17461999999999997
   0.18244
   0.18955
   0.19775999999999996
   0.20615999999999998
   0.21325
   0.22377
   0.22884999999999997
   0.24034
   0.2512
   0.25723999999999997
   0.26848
   0.27747
   0.28895
   0.30034999999999995
   0.31346999999999997
   0.32481
   0.34282999999999997
   0.35467
   0.37018
   0.38344
   0.39907
   0.41375
   0.42643
   0.44706
   0.46226
   0.47957
   0.49849999999999994
   0.51936
   0.5406299999999999
   0.5591299999999999
   0.5780099999999999
   0.60332
   0.62368
   0.64933
   0.6763199999999999
   0.70164
   0.7340099999999999
   0.76235
   0.79175
   0.8155399999999999
   0.8529499999999999
   0.8834500000000001
   0.92304
   0.94958
   0.9878099999999999
   1.02849
   1.06548
   1.10833
   1.1551
   1.18665
   1.2387
   1.2898999999999998
   1.3473499999999998
   1.3992499999999999
   1.45594
   1.50843
   1.57146
   1.63327
   1.69823
   1.76742
   1.84208
   1.91146
   2.0026599999999997
   2.07672
   2.17089
   2.25994
   2.3660099999999997
   2.46483
   2.57649
   2.6957199999999997
   2.8245599999999995
   2.96929
   3.12878
   3.2978699999999996
   3.46691
   3.61691
   3.73284
   3.80388
   3.82732
   3.8342199999999997
   3.80369
   3.72404
   3.62541
   3.45966
   3.2988699999999995
   3.11912
   2.97584
   2.8339799999999995
   2.6980799999999996
   2.5813999999999995
   2.4613699999999996
   2.35505
   2.2662799999999996
   2.16687
   2.07274
   1.9967399999999997
   1.9167899999999998
   1.8489
   1.76241
   1.6905899999999998
   1.63283
   1.56701
   1.50972
   1.4561799999999998
   1.3976499999999998
   1.3445399999999998
   1.29589
   1.23907
   1.19595
   1.14672
   1.1066799999999999
   1.06971
   1.02491
   0.9870099999999999
   0.94582
   0.91338
   0.8824899999999999
   0.84586
   0.82225
   0.78963
   0.75897
   0.7258399999999999
   0.7055999999999999
   0.6726899999999999
   0.6497999999999999
   0.6256499999999999
   0.60195
   0.57902
   0.55985
   0.53492
   0.51579
   0.49531
   0.47580999999999996
   0.46146
   0.44773999999999997
   0.42634999999999995
   0.4110599999999999
   0.39692999999999995
   0.38015
   0.36290999999999995
   0.35446999999999995
   0.33952999999999994
   0.3296
   0.31579
   0.30430999999999997
   0.29446
   0.28396
   0.27022
   0.25945999999999997
   0.25368999999999997
   0.24594
   0.2348
   0.22784
   0.21883
   0.21051
   0.20344999999999996
   0.19421999999999998
   0.18748
   0.17905999999999997
   0.17166
   0.16493
   0.15857
   0.15542
   0.14595
   0.14316
   0.13777999999999999
   0.13116999999999998
   0.12685999999999997
   0.12357999999999998
   0.11879
   0.11452
   0.10921
   0.10669
   0.10274
   0.09552
   0.09258999999999999
   0.09057
   0.08635999999999999
   0.08474999999999999
   0.08165
   0.07808999999999999
   0.07570999999999999
   0.07225
   0.06795
   0.06655
   0.06387999999999999
   0.0627
   0.05845999999999999
   0.05674
   0.054209999999999994
   0.051179999999999996
   0.050749999999999997
   0.049179999999999995
   0.046889999999999994
   0.04742999999999999
   0.044449999999999996
   0.04231
   0.04171
   0.039939999999999996
   0.0386
   0.03673
   0.034129999999999994
   0.0344
   0.03312
   0.03091
   0.03089
   0.02879
   0.0278
   0.02758
   0.026369999999999998
   0.025709999999999997
   0.024079999999999997
   0.022109999999999998
   0.021619999999999997
   0.021320000000000002
   0.020279999999999996
   0.02012
   0.01934
   0.01875
   0.01782
   0.0169
   0.01686
   0.01475
   0.015579999999999998
   0.01525
   0.01359
   0.01283
   0.013179999999999999
   0.012039999999999999
   0.01203
   0.01129
   0.01109
   0.010669999999999999
   0.00955
   0.0101
   0.009229999999999999
   0.00863
   0.008639999999999998
   0.00828
   0.007649999999999999
   0.00682
   0.007389999999999999
   0.006999999999999999
   0.00663
   0.006449999999999999
   0.0062499999999999995
   0.006229999999999999
   0.00575
   0.005339999999999999
   0.00559
   0.00479
   0.00496
   0.00514
   0.00469
   0.0045
   0.00443
   0.00394
   0.00424
   0.00369
   0.00399
   0.0036
   0.00322
   0.0035799999999999994
   0.00313
   0.00313
   0.00304
   0.00279
   0.0025599999999999998
   0.00258
   0.0023
   0.00238
   0.00202
   0.0021599999999999996
   0.00209
   0.00183
   0.0022099999999999997
   0.0017899999999999997
   0.0017000000000000001
   0.00156
   0.0016
   0.0013999999999999998
   0.0013499999999999999
   0.00143
   0.0012699999999999999
   0.00125
   0.00143
   0.0014899999999999998
   0.00098
   0.00105
   0.00105
   0.0009899999999999998
   0.0011799999999999998
   0.0011099999999999999
   0.0009899999999999998
   0.0008500000000000001
   0.0009299999999999999
   0.0011
   0.00098
   0.00087
   0.00067
   0.0009399999999999999
   0.0009899999999999998
   0.00076
   0.0006499999999999999
   0.00069
   0.00053
   0.0006299999999999999
   0.00053
   0.00055
   0.00053
   0.00058
   0.0006
   0.0003
   0.0005099999999999999
   0.00049
   0.00049
   0.00046999999999999993
   0.00045999999999999996
   0.00025
   0.00043999999999999996
   0.00025
   0.0003
   0.00026999999999999995
   0.00025
   0.00028
   0.00017999999999999998
   0.00026
   0.00033999999999999997
   0.00013
   0.00031
   0.00020999999999999998
   0.00015999999999999999
   0.00026999999999999995
   0.00021999999999999998
   0.0003
   0.00014
   6e-05
   0.00019
   0.00010999999999999999
   0.00013
   0.00015999999999999999
   0.00015999999999999999
   0.00016999999999999999
   0.00015999999999999999
   0.00010999999999999999
   0.00013
   0.00012
   0.00015999999999999999
   6e-05
   8.999999999999999e-05
   7.999999999999999e-05
   5e-05
   7.999999999999999e-05
   0.00012
   6e-05
   0.00012
   8.999999999999999e-05
   5e-05
   3.9999999999999996e-05
   6e-05
   3.9999999999999996e-05
   3e-05
   7e-05
   5e-05
   3e-05
   3.9999999999999996e-05
   1.9999999999999998e-05
   5e-05
   3.9999999999999996e-05
   7.999999999999999e-05
   9.999999999999999e-06
   6e-05
   7e-05
   5e-05
   5e-05
   5e-05
   6e-05
   3e-05
   3e-05
   6e-05
   7e-05
   3e-05
   3.9999999999999996e-05
   0.0
   5e-05
   1.9999999999999998e-05
   6e-05
   3e-05
   3e-05
   0.0
   0.0
   1.9999999999999998e-05
   0.0
   1.9999999999999998e-05
   1.9999999999999998e-05
   3e-05
   3e-05
   1.9999999999999998e-05
   1.9999999999999998e-05
   7e-05
   3e-05
   1.9999999999999998e-05
   1.9999999999999998e-05
   9.999999999999999e-06
   3e-05
   5e-05
   1.9999999999999998e-05
   3e-05
   3e-05
   9.999999999999999e-06
   1.9999999999999998e-05
   5e-05
   0.0
   1.9999999999999998e-05
   5e-05
   0.0
   3e-05
   3e-05
   3e-05
   1.9999999999999998e-05
   9.999999999999999e-06
   5e-05
   1.9999999999999998e-05
   1.9999999999999998e-05
   0.0
   3e-05
   9.999999999999999e-06
   3e-05
   1.9999999999999998e-05
   9.999999999999999e-06
   0.0
   0.0
   1.9999999999999998e-05
   9.999999999999999e-06
   0.0
   0.0
   1.9999999999999998e-05
   9.999999999999999e-06
   9.999999999999999e-06
   3.9999999999999996e-05
   3.9999999999999996e-05
   9.999999999999999e-06
   9.999999999999999e-06
   3e-05
   1.9999999999999998e-05
   1.9999999999999998e-05
   6e-05
   5e-05
   9.999999999999999e-06
   1.9999999999999998e-05
   9.999999999999999e-06
   1.9999999999999998e-05
   3e-05
   1.9999999999999998e-05
   9.999999999999999e-06
   3e-05
   9.999999999999999e-06
   1.9999999999999998e-05
   0.0
   0.0
   0.0
   9.999999999999999e-06
   0.0
   0.0
   0.0
   0.0
   0.0
   0.0
   0.0
   0.0
   0.0
   0.0
   0.0
   0.0
   0.0
   0.0
   0.0
   0.0
   0.0
   9.999999999999999e-06
   9.999999999999999e-06
   0.0
   0.0
   0.0
   0.0
   0.0
   0.0
   0.0
   0.0
   0.0
   0.0
   0.0
   0.0
   0.0
   0.0
   0.0
   0.0
   0.0
   0.0
   0.0
   0.0
   0.0
   0.0
   0.0
   0.0
   0.0
   0.0
   0.0
   0.0
   0.0
   0.0
   0.0
   0.0
   0.0
   0.0
   0.0
   0.0
   0.0
   0.0
   0.0
   0.0
   0.0
   0.0
   0.0
   0.0
   0.0
   0.0
   0.0
   0.0
   0.0
   0.0
   0.0
   0.0
   0.0
   0.0
   0.0
   0.0
   0.0
   0.0
   0.0
   0.0
   0.0
   0.0
   0.0
   0.0
   0.0
   0.0
   0.0
   0.0
   0.0
   0.0
   0.0
   0.0
   0.0
   0.0
   0.0
   0.0
   0.0
   0.0
   0.0
   0.0
   0.0
   0.0
   0.0
   0.0
   0.0
   0.0
   0.0
   0.0
   0.0
   0.0
   0.0
   0.0
   0.0
   0.0
   0.0
   0.0
   0.0
   0.0
