   12.797
   21.4222
   27.4476
   31.333
   34.1554
   36.568
   37.4092
   38.2186
   39.046
   39.1682
   39.5192
   39.776
   39.9542
   40.1342
   40.2334
   40.6468
   40.4534
   40.6364
   40.2814
   40.0604
   39.7892
   39.5744
   39.6986
   39.812799999999996
   39.8694
   39.861999999999995
   40.1234
   40.205600000000004
   40.049
   40.1294
   40.1868
   40.218399999999995
   40.39
   40.0186
   39.989000000000004
   39.6892
   39.5674
   39.9324
   40.0726
   39.772
   40.0306
   40.132200000000005
   40.0488
   40.1496
   40.2886
   40.4056
   40.1958
   40.010400000000004
   39.9526
   39.9296
   39.9512
   40.0908
   39.825
   39.8162
   39.8996
   40.177600000000005
   40.261599999999994
   40.172000000000004
   39.927800000000005
   40.0692
   40.294000000000004
   40.0192
   39.6656
   39.8554
   39.5786
   39.5386
   39.628
   39.9298
   40.261
   40.2482
   40.0472
   39.8452
   39.915
   39.8792
   39.9646
   40.1496
   40.3642
   40.031800000000004
   39.614399999999996
   39.694
   39.4756
   39.699200000000005
   39.7994
   40.1132
   39.8104
   39.745999999999995
   39.8634
   39.8642
   39.8284
   39.6886
   39.1394
   38.779
   38.1382
   37.6164
   36.2178
   34.1842
   31.4318
   27.6262
   21.573800000000002
   12.8108
