   1e-06
   0.0
   1e-06
   4e-06
   2.9999999999999997e-06
   2e-06
   2e-06
   2e-06
   2e-06
   4e-06
   2.9999999999999997e-06
   4e-06
   1.6e-05
   8e-06
   2.9999999999999997e-06
   1.1e-05
   1.6e-05
   1.6e-05
   1.1999999999999999e-05
   1.7999999999999997e-05
   2.3e-05
   3e-05
   2.7999999999999996e-05
   3e-05
   3.7e-05
   3.2e-05
   5.4e-05
   3.5999999999999994e-05
   5.1e-05
   6.1e-05
   5.4999999999999995e-05
   8.499999999999999e-05
   8.499999999999999e-05
   0.000113
   0.000126
   0.000128
   0.000167
   0.00017399999999999997
   0.000195
   0.00021399999999999997
   0.000278
   0.00030599999999999996
   0.000296
   0.000369
   0.00042500000000000003
   0.00047599999999999997
   0.0005099999999999999
   0.0006
   0.000713
   0.0007639999999999999
   0.000894
   0.0009459999999999999
   0.001119
   0.00134
   0.0014889999999999999
   0.001688
   0.001851
   0.0021149999999999997
   0.002335
   0.0027119999999999996
   0.003031
   0.0034969999999999997
   0.004032
   0.00443
   0.0052239999999999995
   0.005613999999999999
   0.00643
   0.007299
   0.008487
   0.009366999999999999
   0.010591
   0.012163
   0.013628999999999999
   0.015725
   0.01755
   0.019922
   0.022796999999999998
   0.025858
   0.028801
   0.033243
   0.0377
   0.04217799999999999
   0.048205
   0.054625999999999994
   0.061821999999999995
   0.070561
   0.07909899999999999
   0.09011399999999999
   0.10217
   0.116162
   0.131693
   0.149086
   0.16881299999999996
   0.19102999999999998
   0.21628499999999998
   0.710108
   0.7311409999999999
   0.74864
   0.7594989999999999
   0.7665649999999999
   0.7655589999999999
   0.7587729999999999
   0.7480489999999999
   0.732003
   0.709881
   0.216876
   0.19059199999999998
   0.16972099999999998
   0.148862
   0.13042199999999998
   0.11560799999999999
   0.10213099999999999
   0.090151
   0.079342
   0.069991
   0.062476
   0.054285999999999994
   0.048302
   0.042515
   0.037494999999999994
   0.033192
   0.029358
   0.025768
   0.022366999999999998
   0.020097
   0.017381
   0.015829
   0.013826
   0.012249999999999999
   0.010713
   0.009355
   0.008421999999999999
   0.007376
   0.006378999999999999
   0.005572
   0.005104
   0.004446
   0.003912
   0.003482
   0.003005
   0.002714
   0.002356
   0.002061
   0.001895
   0.0016339999999999998
   0.0014999999999999998
   0.0011979999999999998
   0.0011259999999999998
   0.0010199999999999999
   0.000891
   0.000737
   0.000658
   0.0005989999999999999
   0.000507
   0.000457
   0.00040299999999999993
   0.000357
   0.000309
   0.000276
   0.00025899999999999995
   0.000236
   0.00020699999999999996
   0.00015099999999999998
   0.00013099999999999999
   0.00012
   0.000122
   8.199999999999999e-05
   8.999999999999999e-05
   0.000104
   7.199999999999999e-05
   5.9e-05
   6.3e-05
   4.4999999999999996e-05
   5.3e-05
   3.9999999999999996e-05
   3.5e-05
   2.7999999999999996e-05
   3e-05
   1.9999999999999998e-05
   2.3999999999999997e-05
   1.7999999999999997e-05
   1.7e-05
   1.3999999999999998e-05
   1.3e-05
   1.1999999999999999e-05
   9.999999999999999e-06
   1.1999999999999999e-05
   8.999999999999999e-06
   1.1999999999999999e-05
   8.999999999999999e-06
   6.999999999999999e-06
   2e-06
   6.999999999999999e-06
   8.999999999999999e-06
   2.9999999999999997e-06
   2.9999999999999997e-06
   1e-06
   0.0
   4e-06
   2e-06
