   1.9999999999999998e-05
   0.0
   1.9999999999999998e-05
   6e-05
   1.9999999999999998e-05
   6e-05
   7.999999999999999e-05
   1.9999999999999998e-05
   0.0
   7.999999999999999e-05
   7.999999999999999e-05
   0.0001
   0.0
   7.999999999999999e-05
   0.00012
   0.00014
   0.0002
   0.0001
   0.00014
   0.00014
   0.00012
   0.00014
   0.00012
   0.00015999999999999999
   0.0002
   0.00015999999999999999
   0.00015999999999999999
   0.0001
   0.00026
   0.00017999999999999998
   0.00014
   0.00024
   0.00026
   0.00012
   0.00026
   0.00014
   0.00017999999999999998
   0.00021999999999999998
   0.00014
   0.00021999999999999998
   0.00028
   0.00024
   0.00031999999999999997
   0.00028
   0.00021999999999999998
   0.00024
   0.0004
   0.0003
   0.0004
   0.00041999999999999996
   0.00024
   0.0003
   0.00031999999999999997
   0.00041999999999999996
   0.00043999999999999996
   0.00028
   0.00026
   0.00031999999999999997
   0.0005399999999999999
   0.00024
   0.0004
   0.0005399999999999999
   0.00082
   0.00048
   0.00048
   0.0006799999999999999
   0.00048
   0.0005399999999999999
   0.0006
   0.0005399999999999999
   0.0006799999999999999
   0.00076
   0.0007199999999999999
   0.0007199999999999999
   0.0005399999999999999
   0.0008399999999999999
   0.0007399999999999999
   0.00096
   0.0007399999999999999
   0.00076
   0.0012799999999999999
   0.00086
   0.00106
   0.00124
   0.00104
   0.0009399999999999999
   0.00124
   0.00112
   0.00134
   0.00114
   0.00124
   0.00134
   0.00132
   0.0014999999999999998
   0.00138
   0.002
   0.00202
   0.0016
   0.0017000000000000001
   0.0018799999999999997
   0.0018799999999999997
   0.0018399999999999998
   0.0018799999999999997
   0.0018
   0.0018
   0.0023399999999999996
   0.00244
   0.00212
   0.0020599999999999998
   0.0025399999999999997
   0.00276
   0.0024
   0.00304
   0.00292
   0.00286
   0.0033
   0.00308
   0.00328
   0.00302
   0.0026999999999999997
   0.0038599999999999997
   0.0033
   0.00404
   0.0037599999999999995
   0.00404
   0.0044399999999999995
   0.004339999999999999
   0.00464
   0.0047799999999999995
   0.005
   0.0045
   0.00506
   0.00518
   0.00562
   0.00554
   0.0059
   0.006579999999999999
   0.00624
   0.00624
   0.00646
   0.00706
   0.00724
   0.006379999999999999
   0.0075
   0.00756
   0.007659999999999999
   0.00852
   0.00876
   0.009219999999999999
   0.0087
   0.008899999999999998
   0.010079999999999999
   0.009899999999999999
   0.010419999999999999
   0.0107
   0.01108
   0.01154
   0.012199999999999999
   0.01224
   0.011999999999999999
   0.0134
   0.013819999999999999
   0.014339999999999999
   0.013799999999999998
   0.014319999999999998
   0.015560000000000001
   0.01634
   0.01712
   0.01652
   0.01788
   0.018979999999999997
   0.01948
   0.02046
   0.02148
   0.0217
   0.02208
   0.023019999999999995
   0.02334
   0.024199999999999996
   0.025119999999999996
   0.02818
   0.025779999999999997
   0.027039999999999998
   0.028279999999999996
   0.0311
   0.03024
   0.0331
   0.03304
   0.0353
   0.03526
   0.036199999999999996
   0.037559999999999996
   0.039979999999999995
   0.0408
   0.04302
   0.043899999999999995
   0.04384
   0.04694
   0.04982
   0.05098
   0.051179999999999996
   0.05498
   0.056519999999999994
   0.0573
   0.057699999999999994
   0.06133999999999999
   0.06263999999999999
   0.06662
   0.0693
   0.06906
   0.07334
   0.07579999999999999
   0.0757
   0.07632
   0.08016
   0.08661999999999999
   0.08671999999999999
   0.0895
   0.0939
   0.09721999999999999
   0.09931999999999999
   0.10224
   0.10923999999999999
   0.11209999999999999
   0.11746
   0.12054
   0.12122000000000001
   0.12791999999999998
   0.13365999999999997
   0.13735999999999998
   0.1396
   0.14751999999999998
   0.1527
   0.15584
   0.16056
   0.16776
   0.1712
   0.17500000000000002
   0.18325999999999998
   0.19061999999999998
   0.19688
   0.20532
   0.21158
   0.21635999999999997
   0.22726
   0.2334
   0.2438
   0.25154
   0.2563
   0.2663
   0.27762
   0.28675999999999996
   0.29784
   0.3071
   0.31933999999999996
   0.32626
   0.33947999999999995
   0.35423999999999994
   0.36529999999999996
   0.37895999999999996
   0.3916
   0.4075
   0.4225
   0.43973999999999996
   0.45338
   0.46308
   0.4861
   0.50598
   0.52262
   0.54492
   0.5623999999999999
   0.58096
   0.60498
   0.62964
   0.6539999999999999
   0.6836399999999999
   0.70532
   0.72822
   0.77028
   0.8027199999999999
   0.8376
   0.87586
   0.90576
   0.9538
   0.98776
   1.04508
   1.0837199999999998
   1.1516199999999999
   1.20538
   1.2813999999999999
   1.3325799999999999
   1.4141
   1.49558
   1.5765599999999997
   1.67936
   1.78398
   1.8758199999999998
   1.92586
   1.96244
   1.97772
   1.9908799999999998
   1.96484
   1.91616
   1.86792
   1.7768
   1.67696
   1.5887
   1.49012
   1.40884
   1.33416
   1.2545
   1.2024
   1.1514
   1.0931799999999998
   1.03982
   0.99274
   0.95018
   0.9064
   0.8693799999999999
   0.8254999999999999
   0.7914599999999999
   0.7610599999999998
   0.7350599999999999
   0.7086199999999999
   0.6867599999999999
   0.65334
   0.6267999999999999
   0.60244
   0.58092
   0.5545
   0.53808
   0.52308
   0.50484
   0.48474
   0.46355999999999997
   0.4493599999999999
   0.43215999999999993
   0.41596
   0.40357999999999994
   0.38548
   0.37533999999999995
   0.36819999999999997
   0.35557999999999995
   0.34059999999999996
   0.32908
   0.31966
   0.30363999999999997
   0.29546
   0.2845
   0.27527999999999997
   0.26616
   0.25749999999999995
   0.24939999999999998
   0.23878
   0.23303999999999997
   0.22141999999999998
   0.22166
   0.20629999999999998
   0.20034
   0.1944
   0.189
   0.18325999999999998
   0.17395999999999998
   0.17171999999999998
   0.16521999999999998
   0.15952
   0.15334
   0.15181999999999998
   0.14356
   0.13968
   0.13269999999999998
   0.12984
   0.12653999999999999
   0.12161999999999999
   0.11648
   0.11407999999999999
   0.10973999999999999
   0.10665999999999999
   0.10366
   0.10167999999999999
   0.0974
   0.0945
   0.09209999999999999
   0.08722
   0.08188000000000001
   0.07912
   0.07934
   0.07741999999999999
   0.07425999999999999
   0.07228
   0.06745999999999999
   0.06648
   0.06404
   0.06387999999999999
   0.062259999999999996
   0.057479999999999996
   0.05812
   0.0537
   0.050839999999999996
   0.05107999999999999
   0.04819999999999999
   0.049999999999999996
   0.047259999999999996
   0.044759999999999994
   0.04314
   0.04236
   0.04074
   0.03806
   0.03778
   0.03716
   0.03628
   0.03566
   0.0327
   0.03204
   0.03066
   0.02966
   0.02684
   0.02744
   0.02768
   0.02676
   0.02352
   0.0237
   0.0234
   0.02248
   0.02286
   0.021159999999999998
   0.0204
   0.01974
   0.01902
   0.018279999999999998
   0.01852
   0.0184
   0.01714
   0.016399999999999998
   0.015579999999999998
   0.014679999999999999
   0.01502
   0.0147
   0.014319999999999998
   0.01398
   0.013600000000000001
   0.0126
   0.01232
   0.010839999999999999
   0.01118
   0.01108
   0.01096
   0.010499999999999999
   0.00972
   0.009399999999999999
   0.00958
   0.0098
   0.00904
   0.00916
   0.00862
   0.007859999999999999
   0.008
   0.00714
   0.00696
   0.00706
   0.0067
   0.00656
   0.005919999999999999
   0.00616
   0.00604
   0.00558
   0.005599999999999999
   0.00458
   0.004739999999999999
   0.004939999999999999
   0.0044199999999999995
   0.004059999999999999
   0.00484
   0.0046
   0.0038799999999999998
   0.00384
   0.004079999999999999
   0.00394
   0.0037599999999999995
   0.004059999999999999
   0.0029
   0.0033799999999999998
   0.0034000000000000002
   0.0027199999999999998
   0.0031799999999999997
   0.00276
   0.00268
   0.00324
   0.00246
   0.00264
   0.00264
   0.0022199999999999998
   0.0024
   0.0020599999999999998
   0.0022199999999999998
   0.0022
   0.0019
   0.0018599999999999999
   0.0018399999999999998
   0.0012999999999999997
   0.0014999999999999998
   0.00152
   0.0019
   0.00174
   0.00138
   0.0014799999999999998
   0.00138
   0.00124
   0.0014399999999999999
   0.0012
   0.00142
   0.0012
   0.00106
   0.00124
   0.0012799999999999999
   0.00112
   0.0012
   0.00082
   0.0011
   0.0007399999999999999
   0.0011
   0.00078
   0.0008399999999999999
   0.00086
   0.0008799999999999999
   0.00078
   0.00066
   0.00082
   0.0006
   0.0006
   0.0007399999999999999
   0.0006399999999999999
   0.0007199999999999999
   0.00086
   0.0006
   0.00041999999999999996
   0.00048
   0.00048
   0.00041999999999999996
   0.00062
   0.00058
   0.0004
   0.00038
   0.00045999999999999996
   0.0004
   0.00045999999999999996
   0.0005399999999999999
   0.00033999999999999997
   0.00031999999999999997
   0.00031999999999999997
   0.0004
   0.00035999999999999997
   0.0002
   0.00033999999999999997
   0.00038
   0.00031999999999999997
   0.00038
   0.00021999999999999998
   0.00024
   0.00043999999999999996
   0.0001
   0.00028
   0.00021999999999999998
   0.00021999999999999998
   0.0004
   0.0002
   0.00026
   0.00012
   0.00012
   0.00015999999999999999
   0.0001
   0.0001
   0.0001
   0.00021999999999999998
   0.0002
   0.00017999999999999998
   0.00012
   0.00012
   6e-05
   0.00012
   3.9999999999999996e-05
   7.999999999999999e-05
   0.00012
   0.00015999999999999999
   7.999999999999999e-05
   0.00014
   1.9999999999999998e-05
   0.00012
   7.999999999999999e-05
   0.00012
   3.9999999999999996e-05
   3.9999999999999996e-05
   0.0
   6e-05
   0.0001
   1.9999999999999998e-05
   6e-05
   6e-05
   1.9999999999999998e-05
   6e-05
