   2.6590599999999998
   3.6113
   3.89228
   3.9694399999999996
   4.0006
   4.00902
   3.99538
   3.9904
   3.9957
   4.00446
   4.01264
   4.02246
   4.0050799999999995
   4.0087600000000005
   3.9961
   3.98872
   3.98014
   3.97992
   3.98762
   3.9741600000000004
   4.00622
   4.00224
   4.00222
   4.01018
   4.01354
   4.02468
   4.0093
   4.007560000000001
   4.01632
   4.01062
   4.0146
   4.0147200000000005
   3.98894
   3.9969799999999998
   3.98882
   4.0014199999999995
   4.00412
   4.0068600000000005
   3.9792
   4.007560000000001
   3.99632
   4.00606
   3.9936399999999996
   3.98216
   4.00144
   3.9977199999999997
   4.01416
   3.99842
   4.0147
   4.00024
   4.00224
   4.0042
   4.00798
   4.01194
   4.0151
   4.00218
   3.9849
   3.98298
   3.9946599999999997
   4.00222
   4.00774
   4.00128
   4.00092
   3.9967799999999998
   3.9830200000000002
   3.9901600000000004
   4.00386
   3.9885200000000003
   4.0105
   4.0091
   3.9930800000000004
   4.00608
   3.99516
   4.00868
   4.00504
   3.98904
   3.98864
   4.00376
   4.01244
   4.00328
   4.00322
   3.99224
   3.9886199999999996
   4.0167
   4.01742
   4.01238
   3.9806800000000004
   4.00144
   4.0068600000000005
   4.01812
   3.98962
   4.00462
   3.99134
   3.99768
   4.00358
   4.00648
   3.96448
   3.8748199999999997
   3.59436
   2.6608
