   0.0
   4e-06
   1e-06
   1e-06
   2e-06
   5.999999999999999e-06
   4.9999999999999996e-06
   6.999999999999999e-06
   2e-06
   4e-06
   4.9999999999999996e-06
   8e-06
   6.999999999999999e-06
   9.999999999999999e-06
   1.1999999999999999e-05
   1.5e-05
   2.7e-05
   1.1999999999999999e-05
   1.9999999999999998e-05
   1.7999999999999997e-05
   1.7999999999999997e-05
   1.6e-05
   2.0999999999999995e-05
   2.7e-05
   2.7999999999999996e-05
   3.3e-05
   4.899999999999999e-05
   4.899999999999999e-05
   5.4999999999999995e-05
   6e-05
   6.7e-05
   8.199999999999999e-05
   7.9e-05
   9.4e-05
   0.000106
   9.9e-05
   0.000143
   0.000167
   0.000166
   0.000186
   0.00021899999999999998
   0.000227
   0.00028
   0.00033
   0.00035299999999999996
   0.00039299999999999996
   0.00044199999999999996
   0.0005089999999999999
   0.00053
   0.0006289999999999999
   0.000659
   0.0008279999999999999
   0.000872
   0.0009969999999999998
   0.00107
   0.0011639999999999999
   0.0013599999999999999
   0.00155
   0.0016809999999999998
   0.002052
   0.0021609999999999997
   0.002486
   0.002812
   0.003267
   0.003541
   0.0039759999999999995
   0.004578
   0.005176999999999999
   0.005753
   0.006465
   0.007494
   0.008206
   0.00954
   0.010764
   0.012007
   0.013642999999999999
   0.015725999999999997
   0.017903
   0.020295999999999998
   0.023521
   0.027168
   0.031568
   0.036503999999999995
   0.042860999999999996
   0.050626000000000004
   0.059736
   0.071309
   0.08549599999999999
   0.10322100000000001
   0.126685
   0.155563
   0.192938
   0.24014
   0.302952
   0.383608
   0.479974
   0.555357
   0.609031
   0.641116
   0.6576799999999999
   0.657254
   0.6425759999999999
   0.6084219999999999
   0.555468
   0.478458
   0.383867
   0.302867
   0.24052400000000002
   0.193096
   0.155732
   0.12622299999999997
   0.10317099999999998
   0.086011
   0.07102699999999999
   0.059810999999999996
   0.050360999999999996
   0.04296
   0.036565999999999994
   0.031377
   0.026808
   0.023608
   0.020533
   0.018015999999999997
   0.015721
   0.01371
   0.011985999999999998
   0.010685
   0.00928
   0.008398
   0.007408999999999999
   0.006447
   0.005827999999999999
   0.005168
   0.004443
   0.004039
   0.003575
   0.003139
   0.002858
   0.0025009999999999998
   0.002326
   0.001963
   0.001734
   0.0015379999999999999
   0.001376
   0.0013109999999999999
   0.0011639999999999999
   0.0010249999999999999
   0.000891
   0.000752
   0.0006949999999999999
   0.000615
   0.000529
   0.00046999999999999993
   0.00046699999999999997
   0.000412
   0.000338
   0.000333
   0.00029899999999999995
   0.000249
   0.000232
   0.000172
   0.000159
   0.000126
   0.00014399999999999998
   0.00011499999999999999
   0.00010699999999999999
   0.00010499999999999999
   8.9e-05
   8.3e-05
   6.5e-05
   5.3e-05
   6e-05
   5.2e-05
   3.0999999999999995e-05
   3.5e-05
   2.9e-05
   2.3e-05
   3.2e-05
   2.0999999999999995e-05
   1.3999999999999998e-05
   1.5e-05
   1.1999999999999999e-05
   1.5e-05
   2.0999999999999995e-05
   1.3999999999999998e-05
   1.3999999999999998e-05
   6.999999999999999e-06
   8.999999999999999e-06
   4e-06
   8.999999999999999e-06
   4e-06
   6.999999999999999e-06
   2.9999999999999997e-06
   4e-06
   2e-06
   2.9999999999999997e-06
   4e-06
   4.9999999999999996e-06
   1e-06
   4e-06
