   0.0
   0.0
   0.0
   0.0
   0.0
   0.0
   0.0
   0.0
   0.0
   0.0
   0.0
   0.0
   0.0
   0.0
   0.0
   0.0
   0.0
   0.0
   0.0
   0.0
   0.0
   0.0
   0.0
   0.0
   0.0
   0.0
   0.0
   0.0
   0.0
   0.0
   0.0
   0.0
   0.0
   0.0
   0.0
   0.0
   0.0
   0.0
   0.0
   0.0
   0.0
   0.0
   0.0
   0.0
   0.0
   0.0
   0.0
   0.0
   0.0
   0.0
   0.0
   0.0
   0.0
   0.0
   0.0
   0.0
   0.0
   0.0
   0.0
   0.0
   0.0
   0.0
   0.0
   0.0
   0.0
   0.0
   0.0
   0.0
   0.0
   0.0
   0.0
   0.0
   0.0
   0.0
   0.0
   0.0
   0.0
   0.0
   0.0
   0.0
   0.0
   0.0
   0.0
   0.0
   0.0
   0.0
   0.0
   0.0
   0.0
   0.0
   0.0
   0.0
   0.0
   0.0
   0.0
   0.0
   0.0
   0.0
   0.0
   0.0
   0.0
   0.0
   0.0
   0.0
   0.0
   0.0
   2e-06
   0.0
   2e-06
   2e-06
   2e-06
   0.0
   0.0
   4e-06
   2e-06
   0.0
   2e-06
   0.0
   2e-06
   2e-06
   2e-06
   0.0
   4e-06
   2e-06
   5.999999999999999e-06
   2e-06
   2e-06
   5.999999999999999e-06
   2e-06
   2e-06
   5.999999999999999e-06
   1.3999999999999998e-05
   5.999999999999999e-06
   1.3999999999999998e-05
   1.3999999999999998e-05
   1.1999999999999999e-05
   8e-06
   9.999999999999999e-06
   1.1999999999999999e-05
   1.6e-05
   2.6e-05
   3e-05
   3.9999999999999996e-05
   3.5999999999999994e-05
   1.9999999999999998e-05
   4.199999999999999e-05
   4.4e-05
   3.2e-05
   5.2e-05
   8.199999999999999e-05
   7e-05
   8.399999999999998e-05
   0.00012
   9.599999999999999e-05
   0.00012399999999999998
   0.00015
   0.00015999999999999999
   0.00014
   0.00015999999999999999
   0.000198
   0.0002
   0.00024199999999999997
   0.000236
   0.00031999999999999997
   0.00034199999999999996
   0.000366
   0.000394
   0.000458
   0.00048199999999999995
   0.000508
   0.0005639999999999999
   0.0006739999999999999
   0.000744
   0.0008299999999999999
   0.00086
   0.001006
   0.001054
   0.0010799999999999998
   0.0012799999999999999
   0.0013239999999999999
   0.001488
   0.0016579999999999998
   0.0018479999999999998
   0.001932
   0.002168
   0.002366
   0.002748
   0.003288
   0.0037159999999999997
   0.004538
   0.005241999999999999
   0.006382
   0.0072900000000000005
   0.008547999999999998
   0.009947999999999999
   0.011671999999999998
   0.012683999999999999
   0.014767999999999998
   0.01622
   0.018664
   0.020385999999999998
   0.022858
   0.025297999999999998
   0.026971999999999996
   0.02984
   0.032515999999999996
   0.035406
   0.038335999999999995
   0.04225399999999999
   0.045203999999999994
   0.04891399999999999
   0.052586
   0.056266
   0.06088999999999999
   0.06497
   0.070092
   0.07582599999999999
   0.08108199999999999
   0.086802
   0.09339
   0.10087199999999999
   0.10849599999999998
   0.1158
   0.12420799999999999
   0.133078
   0.143114
   0.154966
   0.165356
   0.17953799999999998
   0.193594
   0.20687
   0.22425199999999998
   0.24304399999999998
   0.26288599999999995
   0.283038
   0.30729999999999996
   0.33560999999999996
   0.362052
   0.39375399999999994
   0.429678
   0.46746799999999994
   0.51261
   0.5596899999999999
   0.609578
   0.672192
   0.732716
   0.78697
   0.8237059999999999
   0.8480119999999999
   0.8615799999999999
   0.862866
   0.850418
   0.8218799999999999
   0.7865859999999999
   0.73159
   0.671562
   0.6116379999999999
   0.55847
   0.510334
   0.46870599999999996
   0.430814
   0.393586
   0.362294
   0.3341
   0.30502799999999997
   0.28287999999999996
   0.262058
   0.242126
   0.224794
   0.20721199999999998
   0.19364399999999998
   0.178744
   0.167016
   0.15462599999999999
   0.143554
   0.134512
   0.125072
   0.115078
   0.107226
   0.10075799999999999
   0.093426
   0.087404
   0.080954
   0.076218
   0.070004
   0.06505
   0.060576
   0.056184
   0.052112
   0.048436
   0.044888
   0.041581999999999994
   0.038326
   0.035455999999999994
   0.032314
   0.029711999999999995
   0.027285999999999998
   0.024824
   0.022466
   0.020471999999999997
   0.018718
   0.01667
   0.014905999999999999
   0.012934000000000001
   0.011594
   0.010143999999999999
   0.008487999999999999
   0.007343999999999999
   0.006154
   0.005194
   0.004572
   0.003884
   0.0031579999999999998
   0.002672
   0.00232
   0.00209
   0.001954
   0.0018819999999999998
   0.001544
   0.0014579999999999999
   0.0013559999999999998
   0.0012699999999999999
   0.001142
   0.001042
   0.0008339999999999999
   0.0008979999999999999
   0.0008059999999999999
   0.0007559999999999999
   0.000626
   0.0006
   0.000556
   0.000502
   0.00041
   0.00041
   0.00036999999999999994
   0.00028399999999999996
   0.00028799999999999995
   0.00028199999999999997
   0.000244
   0.000232
   0.000232
   0.00019
   0.000186
   0.00014399999999999998
   0.00014
   0.00011199999999999998
   8.999999999999999e-05
   9.799999999999998e-05
   0.00011399999999999999
   6e-05
   6e-05
   4.7999999999999994e-05
   3.5999999999999994e-05
   2.3999999999999997e-05
   4.7999999999999994e-05
   3e-05
   3.4e-05
   2.6e-05
   3.9999999999999996e-05
   3e-05
   9.999999999999999e-06
   1.7999999999999997e-05
   5.999999999999999e-06
   1.1999999999999999e-05
   1.3999999999999998e-05
   1.1999999999999999e-05
   8e-06
   5.999999999999999e-06
   8e-06
   4e-06
   4e-06
   5.999999999999999e-06
   2e-06
   4e-06
   4e-06
   5.999999999999999e-06
   4e-06
   2e-06
   2e-06
   4e-06
   5.999999999999999e-06
   2e-06
   0.0
   2e-06
   2e-06
   2e-06
   2e-06
   2e-06
   0.0
   2e-06
   5.999999999999999e-06
   2e-06
   0.0
   0.0
   0.0
   2e-06
   0.0
   0.0
   0.0
   0.0
   2e-06
   0.0
   0.0
   0.0
   0.0
   0.0
   0.0
   0.0
   0.0
   0.0
   2e-06
   0.0
   0.0
   0.0
   0.0
   0.0
   0.0
   0.0
   0.0
   0.0
   0.0
   0.0
   0.0
   0.0
   0.0
   0.0
   0.0
   0.0
   0.0
   0.0
   0.0
   0.0
   0.0
   0.0
   0.0
   0.0
   0.0
   0.0
   0.0
   0.0
   0.0
   0.0
   0.0
   0.0
   0.0
   0.0
   0.0
   0.0
   0.0
   0.0
   0.0
   0.0
   0.0
   0.0
   0.0
   0.0
   0.0
   0.0
   0.0
   0.0
   0.0
   0.0
   0.0
   0.0
   0.0
   0.0
   0.0
   0.0
   0.0
   0.0
   0.0
   0.0
   0.0
   0.0
   0.0
   0.0
   0.0
   0.0
   0.0
   0.0
   0.0
   0.0
   0.0
   0.0
   0.0
   0.0
   0.0
   0.0
   0.0
   0.0
   0.0
   0.0
   0.0
   0.0
   0.0
   0.0
   0.0
   0.0
   0.0
   0.0
