   0.0
   0.0
   0.0
   0.0
   0.0
   0.0
   0.0
   0.0
   0.0
   0.0
   0.0
   0.0
   0.0
   0.0
   0.0
   0.0
   0.0
   0.0
   0.0
   0.0
   0.0
   0.0
   0.0
   0.0
   0.0
   0.0
   0.0
   0.0
   0.0
   0.0
   0.0
   0.0
   0.0
   0.0
   0.0
   0.0
   0.0
   0.0
   0.0
   0.0
   0.0
   0.0
   0.0
   0.0
   0.0
   0.0
   0.0
   0.0
   0.0
   0.0
   0.0
   0.0
   0.0
   0.0
   0.0
   0.0
   0.0
   0.0
   0.0
   0.0
   0.0
   0.0
   0.0
   0.0
   0.0
   0.0
   0.0
   0.0
   0.0
   0.0
   0.0
   0.0
   0.0
   0.0
   0.0
   0.0
   0.0
   0.0
   0.0
   0.0
   1.9999999999999998e-05
   0.0
   0.0
   0.0
   0.0
   0.0
   0.0
   0.0
   0.0
   0.0
   0.0
   0.0
   0.0
   0.0
   0.0
   1.9999999999999998e-05
   0.0
   0.0
   0.0
   0.0
   0.0
   0.0
   0.0
   0.0
   0.0
   0.0
   0.0
   0.0
   0.0
   0.0
   0.0
   0.0
   0.0
   0.0
   0.0
   0.0
   0.0
   0.0
   0.0
   0.0
   0.0
   0.0
   0.0
   0.0
   0.0
   0.0
   0.0
   0.0
   0.0
   0.0
   0.0
   0.0
   0.0
   0.0
   0.0
   0.0
   0.0
   0.0
   1.9999999999999998e-05
   0.0
   0.0
   0.0
   0.0
   0.0
   0.0
   0.0
   0.0
   0.0
   0.0
   0.0
   3.9999999999999996e-05
   0.0
   0.0
   0.0
   0.0
   0.0
   0.0
   0.0
   0.0
   0.0
   0.0
   0.0
   0.0
   0.0
   1.9999999999999998e-05
   0.0
   0.0
   0.0
   0.0
   1.9999999999999998e-05
   1.9999999999999998e-05
   1.9999999999999998e-05
   0.0
   1.9999999999999998e-05
   0.0
   0.0
   0.0
   1.9999999999999998e-05
   0.0
   1.9999999999999998e-05
   0.0
   0.0
   0.0
   0.0
   0.0
   0.0
   0.0
   0.0
   0.0
   0.0
   1.9999999999999998e-05
   3.9999999999999996e-05
   0.0
   0.0
   1.9999999999999998e-05
   3.9999999999999996e-05
   6e-05
   1.9999999999999998e-05
   3.9999999999999996e-05
   1.9999999999999998e-05
   3.9999999999999996e-05
   3.9999999999999996e-05
   1.9999999999999998e-05
   0.0
   0.0
   3.9999999999999996e-05
   6e-05
   1.9999999999999998e-05
   6e-05
   3.9999999999999996e-05
   0.0001
   3.9999999999999996e-05
   1.9999999999999998e-05
   1.9999999999999998e-05
   1.9999999999999998e-05
   1.9999999999999998e-05
   3.9999999999999996e-05
   6e-05
   6e-05
   6e-05
   0.00012
   6e-05
   0.0001
   0.0001
   0.00015999999999999999
   0.00012
   6e-05
   0.00012
   6e-05
   0.00012
   0.0001
   0.00012
   0.00015999999999999999
   0.0001
   7.999999999999999e-05
   0.00014
   0.0002
   0.0002
   0.00015999999999999999
   0.0002
   0.00024
   0.0003
   0.00017999999999999998
   0.00014
   0.00024
   0.0002
   0.0003
   0.00026
   0.00031999999999999997
   0.00026
   0.0002
   0.0004
   0.00026
   0.00028
   0.00038
   0.0004
   0.0004
   0.00038
   0.00043999999999999996
   0.0005
   0.0005399999999999999
   0.0005
   0.0006399999999999999
   0.00058
   0.0007199999999999999
   0.00066
   0.00076
   0.0007399999999999999
   0.0008399999999999999
   0.00078
   0.00098
   0.0009199999999999999
   0.00114
   0.0009
   0.0010199999999999999
   0.00122
   0.00112
   0.0010799999999999998
   0.00114
   0.00146
   0.0013999999999999998
   0.0016
   0.00178
   0.0018599999999999999
   0.0019
   0.0020399999999999997
   0.0021599999999999996
   0.002
   0.00182
   0.0025199999999999997
   0.00242
   0.00226
   0.00284
   0.0031
   0.00274
   0.0033199999999999996
   0.0031399999999999996
   0.00312
   0.00342
   0.0038
   0.004319999999999999
   0.0044399999999999995
   0.004339999999999999
   0.004079999999999999
   0.0045
   0.00514
   0.00548
   0.00622
   0.00612
   0.006179999999999999
   0.006899999999999999
   0.007259999999999999
   0.007519999999999999
   0.00722
   0.007339999999999999
   0.00834
   0.00942
   0.009179999999999999
   0.00976
   0.01046
   0.011019999999999999
   0.01172
   0.0124
   0.012979999999999998
   0.01234
   0.014259999999999998
   0.01466
   0.015439999999999999
   0.015399999999999999
   0.01636
   0.01706
   0.017619999999999997
   0.019319999999999997
   0.0213
   0.02148
   0.02144
   0.02432
   0.024979999999999995
   0.025519999999999998
   0.02556
   0.02846
   0.02938
   0.03192
   0.03216
   0.0337
   0.035699999999999996
   0.0384
   0.03972
   0.04248
   0.04597999999999999
   0.04694
   0.051879999999999996
   0.05256
   0.05564
   0.05798
   0.06078
   0.06466
   0.06662
   0.07061999999999999
   0.074
   0.07939999999999998
   0.08266
   0.08621999999999999
   0.09322
   0.09945999999999999
   0.10465999999999999
   0.10912
   0.11997999999999999
   0.12359999999999999
   0.12935999999999998
   0.14218
   0.14601999999999998
   0.153
   0.16958
   0.17639999999999997
   0.18516
   0.20221999999999998
   0.21666
   0.23054
   0.24619999999999997
   0.26464
   0.28568
   0.30054
   0.32738
   0.35083999999999993
   0.38328
   0.40792
   0.44279999999999997
   0.48397999999999997
   0.5290799999999999
   0.5690599999999999
   0.62232
   0.6894799999999999
   0.75618
   0.82612
   0.91072
   0.96764
   1.0181
   1.0486
   1.05204
   1.0647
   1.0541
   1.01338
   0.96132
   0.9035
   0.8210199999999999
   0.7556999999999999
   0.68658
   0.6315999999999999
   0.57082
   0.52372
   0.48708
   0.44383999999999996
   0.40688
   0.3794
   0.35274
   0.32882
   0.3056
   0.28356
   0.25888
   0.24308
   0.22918
   0.21402
   0.20179999999999998
   0.18725999999999998
   0.17908
   0.16518
   0.15774
   0.15062
   0.14118
   0.13174
   0.1253
   0.12224
   0.11220000000000001
   0.10368
   0.09964
   0.09254
   0.088
   0.08217999999999999
   0.08018
   0.07665999999999999
   0.07056
   0.06849999999999999
   0.06395999999999999
   0.06182
   0.058719999999999994
   0.05456
   0.05263999999999999
   0.049139999999999996
   0.0481
   0.04616
   0.04308
   0.041479999999999996
   0.03916
   0.03682
   0.03564
   0.03422
   0.03172
   0.029199999999999997
   0.02888
   0.02732
   0.025439999999999997
   0.02404
   0.02452
   0.022499999999999996
   0.02124
   0.0206
   0.01882
   0.01778
   0.01662
   0.017099999999999997
   0.01594
   0.014599999999999998
   0.01412
   0.014459999999999999
   0.013799999999999998
   0.012099999999999998
   0.010859999999999998
   0.01036
   0.010799999999999999
   0.00924
   0.009479999999999999
   0.008919999999999999
   0.00898
   0.008579999999999999
   0.0072
   0.007359999999999999
   0.00706
   0.006899999999999999
   0.00648
   0.00624
   0.00622
   0.00588
   0.00484
   0.005599999999999999
   0.00428
   0.004739999999999999
   0.00428
   0.004079999999999999
   0.0038599999999999997
   0.00362
   0.0036999999999999997
   0.00304
   0.0028799999999999997
   0.00304
   0.00242
   0.00284
   0.00258
   0.0025999999999999994
   0.0024
   0.00212
   0.0020399999999999997
   0.00214
   0.0019799999999999996
   0.00192
   0.00172
   0.0014999999999999998
   0.00146
   0.0016
   0.00134
   0.00146
   0.0012
   0.0011
   0.00106
   0.0012999999999999997
   0.0008399999999999999
   0.00098
   0.0009199999999999999
   0.0009399999999999999
   0.0009199999999999999
   0.0007399999999999999
   0.00082
   0.0007199999999999999
   0.00086
   0.0006999999999999999
   0.00056
   0.0006399999999999999
   0.00058
   0.00058
   0.00045999999999999996
   0.0006399999999999999
   0.00035999999999999997
   0.00045999999999999996
   0.00035999999999999997
   0.00031999999999999997
   0.00043999999999999996
   0.00035999999999999997
   0.00035999999999999997
   0.00043999999999999996
   0.00035999999999999997
   0.00028
   0.00045999999999999996
   0.00026
   0.00031999999999999997
   0.00026
   0.00033999999999999997
   0.00017999999999999998
   0.00017999999999999998
   0.00014
   0.0001
   0.00015999999999999999
   0.00021999999999999998
   0.0001
   0.00026
   0.0001
   0.00021999999999999998
   3.9999999999999996e-05
   0.00014
   0.00015999999999999999
   7.999999999999999e-05
   6e-05
   6e-05
   7.999999999999999e-05
   0.0001
   0.00015999999999999999
   6e-05
   3.9999999999999996e-05
   6e-05
   1.9999999999999998e-05
   0.00012
   7.999999999999999e-05
   1.9999999999999998e-05
   6e-05
   6e-05
   3.9999999999999996e-05
   0.0001
   0.0
   1.9999999999999998e-05
   0.0001
   7.999999999999999e-05
   3.9999999999999996e-05
   3.9999999999999996e-05
   1.9999999999999998e-05
   7.999999999999999e-05
   0.0
   0.0
   1.9999999999999998e-05
   3.9999999999999996e-05
   3.9999999999999996e-05
   1.9999999999999998e-05
   1.9999999999999998e-05
   6e-05
   3.9999999999999996e-05
   3.9999999999999996e-05
   1.9999999999999998e-05
   1.9999999999999998e-05
   0.0
   0.0
   1.9999999999999998e-05
   0.0
   0.0
   1.9999999999999998e-05
   0.0
   0.0
   0.0
   1.9999999999999998e-05
   1.9999999999999998e-05
   0.0
   1.9999999999999998e-05
   0.0
   1.9999999999999998e-05
   1.9999999999999998e-05
   1.9999999999999998e-05
   0.0
   0.0
   0.0
   0.0
   1.9999999999999998e-05
   0.0
   0.0
   0.0
   1.9999999999999998e-05
   0.0
   0.0
   0.0
   0.0
   0.0
   0.0
   0.0
   0.0
   0.0
   0.0
   0.0
   0.0
   0.0
   0.0
   0.0
   0.0
   0.0
   1.9999999999999998e-05
   0.0
   0.0
   0.0
   0.0
   0.0
   1.9999999999999998e-05
   0.0
   0.0
   1.9999999999999998e-05
   0.0
   0.0
   0.0
   0.0
   0.0
   0.0
   0.0
   0.0
   0.0
   0.0
   0.0
   0.0
   0.0
   0.0
   0.0
   0.0
   0.0
   0.0
   0.0
   0.0
   0.0
   0.0
   0.0
   0.0
   0.0
   0.0
   0.0
   0.0
   0.0
   0.0
   0.0
   0.0
   0.0
   0.0
   0.0
   0.0
   3.9999999999999996e-05
   0.0
   0.0
   0.0
   0.0
   0.0
   0.0
   0.0
   0.0
   0.0
   0.0
   0.0
   0.0
   0.0
   0.0
   0.0
   0.0
   0.0
   0.0
   0.0
   0.0
   0.0
   0.0
   0.0
   0.0
   0.0
   0.0
   0.0
   0.0
   0.0
   0.0
   0.0
   0.0
   0.0
   0.0
   0.0
   0.0
   0.0
   0.0
   0.0
   0.0
   0.0
   0.0
   0.0
   0.0
   0.0
   0.0
   0.0
   0.0
   0.0
   0.0
   0.0
   0.0
   0.0
   0.0
   0.0
   0.0
   0.0
   0.0
   0.0
   0.0
   0.0
   0.0
   0.0
   0.0
   0.0
   0.0
   0.0
   0.0
   0.0
   0.0
   0.0
   0.0
   0.0
   0.0
   0.0
   0.0
   0.0
   0.0
   0.0
   0.0
   0.0
   0.0
   0.0
   0.0
   0.0
   0.0
   0.0
   0.0
   0.0
   0.0
   0.0
   0.0
   0.0
   0.0
   0.0
   0.0
   0.0
   0.0
   0.0
   0.0
   0.0
   0.0
   0.0
   0.0
