   2.2887399999999998
   3.0589600000000003
   3.2655000000000003
   3.3227399999999996
   3.3171399999999998
   3.33142
   3.33186
   3.33462
   3.33406
   3.32996
   3.3365
   3.33134
   3.3271599999999997
   3.3316
   3.33588
   3.3355799999999998
   3.34178
   3.33534
   3.3532399999999996
   3.34524
   3.32612
   3.3280200000000004
   3.31998
   3.325
   3.3260199999999998
   3.3346599999999995
   3.3422599999999996
   3.34468
   3.32552
   3.3352
   3.32464
   3.3278000000000003
   3.31336
   3.31834
   3.32972
   3.3319799999999997
   3.34126
   3.33206
   3.3172
   3.3318
   3.33052
   3.3309800000000003
   3.34116
   3.33388
   3.34134
   3.32702
   3.3411000000000004
   3.3457
   3.33236
   3.32786
   3.3304599999999995
   3.3201599999999996
   3.32662
   3.3352600000000003
   3.33186
   3.33138
   3.3405400000000003
   3.33164
   3.3446
   3.33336
   3.33064
   3.33998
   3.35172
   3.34886
   3.3502799999999997
   3.33112
   3.3483
   3.3392
   3.3309400000000005
   3.3268
   3.3415
   3.34648
   3.3211
   3.33064
   3.3386
   3.33216
   3.3209400000000002
   3.3536200000000003
   3.32872
   3.343
   3.32456
   3.3376200000000003
   3.33378
   3.3270800000000005
   3.34198
   3.33026
   3.3213399999999997
   3.3484399999999996
   3.321
   3.33872
   3.32318
   3.3206399999999996
   3.34382
   3.3457800000000004
   3.3408599999999997
   3.33468
   3.3123
   3.27772
   3.0488399999999998
   2.29386
