   0.0
   0.0
   0.0
   0.0
   0.0
   0.0
   0.0
   0.0
   0.0
   0.0
   0.0
   0.0
   0.0
   0.0
   0.0
   0.0
   0.0
   0.0
   0.0
   0.0
   0.0
   0.0
   0.0
   0.0
   0.0
   0.0
   0.0
   0.0
   0.0
   0.0
   0.0
   0.0
   0.0
   0.0
   0.0
   0.0
   0.0
   0.0
   0.0
   0.0
   0.0
   0.0
   0.0
   0.0
   0.0
   0.0
   0.0
   0.0
   0.0
   0.0
   0.0
   0.0
   0.0
   0.0
   0.0
   0.0
   0.0
   0.0
   0.0
   0.0
   0.0
   0.0
   0.0
   0.0
   0.0
   0.0
   0.0
   0.0
   0.0
   0.0
   0.0
   0.0
   0.0
   0.0
   0.0
   0.0
   0.0
   0.0
   0.0
   0.0
   0.0
   0.0
   0.0
   0.0
   0.0
   0.0
   0.0
   0.0
   0.0
   0.0
   0.0
   0.0
   0.0
   0.0
   0.0
   0.0
   0.0
   0.0
   0.0
   0.0
   0.0
   0.0
   0.0
   0.0
   0.0
   0.0
   0.0
   1e-06
   1e-06
   0.0
   1e-06
   2e-06
   0.0
   1e-06
   1e-06
   0.0
   2e-06
   0.0
   1e-06
   0.0
   1e-06
   0.0
   2e-06
   2e-06
   1e-06
   0.0
   1e-06
   1e-06
   1e-06
   2e-06
   0.0
   1e-06
   2e-06
   1e-06
   2e-06
   0.0
   1e-06
   2e-06
   2.9999999999999997e-06
   2.9999999999999997e-06
   1e-06
   4e-06
   2e-06
   1e-06
   2e-06
   2e-06
   6.999999999999999e-06
   2.9999999999999997e-06
   8e-06
   4e-06
   4.9999999999999996e-06
   4.9999999999999996e-06
   2e-06
   9.999999999999999e-06
   2.9999999999999997e-06
   8e-06
   5.999999999999999e-06
   4e-06
   4e-06
   4e-06
   2.9999999999999997e-06
   1.1e-05
   6.999999999999999e-06
   1.1e-05
   1.1e-05
   8.999999999999999e-06
   1.1e-05
   6.999999999999999e-06
   1.3e-05
   9.999999999999999e-06
   1.5e-05
   1.7999999999999997e-05
   8e-06
   4.9999999999999996e-06
   1.6e-05
   1.7999999999999997e-05
   4.9999999999999996e-06
   1.9999999999999998e-05
   1.3e-05
   1.1999999999999999e-05
   1.9999999999999998e-05
   2.7e-05
   2.3999999999999997e-05
   1.9999999999999998e-05
   2.3e-05
   2.7999999999999996e-05
   2.0999999999999995e-05
   3.2e-05
   4.0999999999999994e-05
   3.9e-05
   3.7e-05
   3.9e-05
   3.4e-05
   4.7999999999999994e-05
   3.7e-05
   5.4999999999999995e-05
   4.7999999999999994e-05
   5.2e-05
   5.8e-05
   6.199999999999999e-05
   6.8e-05
   6.5e-05
   7.4e-05
   6.8e-05
   9.4e-05
   0.0001
   0.0001
   7.099999999999999e-05
   9.3e-05
   7.599999999999999e-05
   0.00011499999999999999
   0.00013499999999999997
   0.00012099999999999999
   0.000123
   0.000145
   0.00013099999999999999
   0.00015099999999999998
   0.000159
   0.000165
   0.000198
   0.000194
   0.00021999999999999998
   0.000247
   0.000246
   0.00024099999999999998
   0.000272
   0.000283
   0.00026
   0.000275
   0.000333
   0.00031699999999999995
   0.000335
   0.000365
   0.000402
   0.0004139999999999999
   0.000468
   0.00047299999999999995
   0.000493
   0.000548
   0.000556
   0.0005819999999999999
   0.00057
   0.000637
   0.0006349999999999999
   0.0006940000000000001
   0.00076
   0.000781
   0.000849
   0.000889
   0.000931
   0.000949
   0.0010119999999999999
   0.001095
   0.001109
   0.001179
   0.00124
   0.0013109999999999999
   0.001374
   0.001539
   0.001537
   0.0016409999999999999
   0.001749
   0.0018340000000000001
   0.0018780000000000001
   0.002021
   0.002165
   0.0022099999999999997
   0.002387
   0.002598
   0.0026239999999999996
   0.00279
   0.002923
   0.003058
   0.0033009999999999997
   0.003422
   0.003599
   0.003805
   0.004032
   0.004189999999999999
   0.004334
   0.004592
   0.0049510000000000005
   0.005073
   0.005312999999999999
   0.005553999999999999
   0.005927
   0.006214
   0.006560999999999999
   0.006999
   0.007332
   0.007699
   0.008122999999999998
   0.008348999999999999
   0.009004
   0.009489999999999998
   0.010017999999999999
   0.010460999999999998
   0.011052
   0.011738
   0.012367
   0.012872999999999999
   0.013726
   0.014369
   0.015231
   0.016207999999999997
   0.016812999999999998
   0.017741
   0.018805
   0.019775
   0.020795
   0.022032
   0.023246999999999997
   0.024618
   0.026017000000000002
   0.027188999999999998
   0.028655999999999997
   0.030247999999999997
   0.032215
   0.033762
   0.035486
   0.037562
   0.03940899999999999
   0.041509
   0.04391
   0.04656999999999999
   0.048738
   0.051737
   0.054535
   0.057067999999999994
   0.059805
   0.06314299999999999
   0.066839
   0.069541
   0.07372
   0.07796299999999999
   0.082606
   0.086151
   0.091479
   0.09662899999999999
   0.102237
   0.106859
   0.11279199999999999
   0.118524
   0.12586699999999998
   0.13169599999999998
   0.138932
   0.146144
   0.15477899999999997
   0.162797
   0.17149399999999998
   0.180641
   0.19016899999999998
   0.20029399999999997
   0.21195399999999998
   0.22388399999999997
   0.23437199999999997
   0.24826399999999998
   0.261889
   0.275151
   0.2894
   0.30542199999999997
   0.32259099999999996
   0.33938599999999997
   0.359075
   0.37738099999999997
   0.39831199999999994
   0.4199979999999999
   0.44298499999999996
   0.466497
   0.49266099999999996
   0.518747
   0.546982
   0.5756089999999999
   0.6102869999999999
   0.640127
   0.677422
   0.7152459999999999
   0.7547769999999999
   0.7953469999999999
   0.8414849999999999
   0.89034
   0.941792
   0.9961109999999999
   1.0565259999999999
   1.118466
   1.186204
   1.2610729999999999
   1.339895
   1.4225689999999998
   1.5179429999999998
   1.623403
   1.733323
   1.8601229999999997
   1.996789
   2.156386
   2.316382
   2.4572119999999997
   2.556453
   2.620428
   2.6511059999999995
   2.653594
   2.620405
   2.555811
   2.4539449999999996
   2.317503
   2.156869
   1.9986629999999999
   1.858199
   1.7372679999999998
   1.6238199999999998
   1.521463
   1.4233069999999999
   1.338244
   1.260848
   1.187743
   1.118787
   1.0562559999999999
   0.9967669999999998
   0.942955
   0.890742
   0.842215
   0.798952
   0.7566999999999999
   0.7156199999999999
   0.677929
   0.642313
   0.608971
   0.5777089999999999
   0.548145
   0.51847
   0.49179399999999995
   0.466906
   0.442007
   0.419049
   0.39861399999999997
   0.377612
   0.357917
   0.339708
   0.322001
   0.30559
   0.28954599999999997
   0.274821
   0.261364
   0.246501
   0.234269
   0.222873
   0.21135999999999996
   0.200069
   0.189042
   0.180545
   0.17213599999999998
   0.16215899999999997
   0.15320899999999998
   0.146292
   0.13811199999999998
   0.13188399999999997
   0.12488
   0.118278
   0.111869
   0.105947
   0.101121
   0.096147
   0.09100199999999999
   0.08658799999999998
   0.082105
   0.077844
   0.073727
   0.069823
   0.066214
   0.062785
   0.060490999999999996
   0.056913
   0.054237
   0.051413999999999994
   0.04847599999999999
   0.045919999999999996
   0.043664
   0.041169
   0.039094000000000004
   0.037482
   0.035155
   0.033741
   0.032198
   0.030019
   0.028554
   0.027671
   0.025799
   0.024434
   0.023536999999999995
   0.022165
   0.021172999999999997
   0.019919999999999997
   0.019037
   0.017839999999999998
   0.016963
   0.016249
   0.015328999999999999
   0.014431999999999999
   0.013638
   0.012778999999999999
   0.012244999999999999
   0.011512
   0.011043999999999998
   0.010555
   0.009959999999999998
   0.00938
   0.008967
   0.008582999999999999
   0.008218
   0.007637
   0.007320999999999999
   0.007035
   0.006627999999999999
   0.006116999999999999
   0.005816
   0.005594999999999999
   0.005142999999999999
   0.005092
   0.004694
   0.004463
   0.00416
   0.003993
   0.003843
   0.003662
   0.0034549999999999997
   0.0032129999999999997
   0.0030249999999999995
   0.002985
   0.002789
   0.002595
   0.002583
   0.002355
   0.0023
   0.002133
   0.0020109999999999998
   0.0019909999999999997
   0.0018239999999999999
   0.001687
   0.00164
   0.001564
   0.0015259999999999998
   0.001431
   0.0013689999999999998
   0.0013289999999999999
   0.0012829999999999999
   0.001121
   0.001096
   0.001083
   0.000955
   0.0009519999999999999
   0.0008969999999999999
   0.0008449999999999999
   0.000825
   0.000776
   0.00069
   0.000703
   0.0006739999999999999
   0.0006039999999999999
   0.000596
   0.0005319999999999999
   0.000536
   0.000517
   0.000474
   0.000491
   0.00041
   0.000408
   0.00038899999999999997
   0.00039
   0.000377
   0.000333
   0.000313
   0.00029899999999999995
   0.00028199999999999997
   0.000297
   0.000268
   0.00021999999999999998
   0.00023099999999999998
   0.0002
   0.000216
   0.000206
   0.000195
   0.000177
   0.000178
   0.000166
   0.00016099999999999998
   0.000146
   0.00014399999999999998
   0.000137
   0.000132
   0.000127
   0.00015199999999999998
   0.000116
   0.00011199999999999998
   0.000102
   8.9e-05
   9.5e-05
   8.499999999999999e-05
   7.5e-05
   7.8e-05
   8.8e-05
   6.7e-05
   6.1e-05
   7.999999999999999e-05
   6.1e-05
   7e-05
   5.8e-05
   6.4e-05
   5.4999999999999995e-05
   6.1e-05
   2.9e-05
   3.0999999999999995e-05
   3.7e-05
   4.4e-05
   3.9e-05
   3e-05
   3.5e-05
   3.7e-05
   3.3e-05
   2.9e-05
   3.0999999999999995e-05
   2.9e-05
   2.3999999999999997e-05
   2.6e-05
   2.7999999999999996e-05
   1.5e-05
   1.6e-05
   1.7e-05
   1.9999999999999998e-05
   2.3999999999999997e-05
   1.7999999999999997e-05
   1.5e-05
   1.3e-05
   1.1999999999999999e-05
   1.1e-05
   8.999999999999999e-06
   5.999999999999999e-06
   1.3999999999999998e-05
   8e-06
   8.999999999999999e-06
   6.999999999999999e-06
   8.999999999999999e-06
   4e-06
   4.9999999999999996e-06
   4.9999999999999996e-06
   2e-06
   2.9999999999999997e-06
   4.9999999999999996e-06
   4.9999999999999996e-06
   1e-06
   2e-06
   8.999999999999999e-06
   5.999999999999999e-06
   4.9999999999999996e-06
   5.999999999999999e-06
   2.9999999999999997e-06
   2e-06
   4.9999999999999996e-06
   2.9999999999999997e-06
   0.0
   2.9999999999999997e-06
   4e-06
   2.9999999999999997e-06
   2e-06
   1e-06
   2e-06
   1e-06
   4.9999999999999996e-06
   2.9999999999999997e-06
   2.9999999999999997e-06
   2e-06
   0.0
   1e-06
   0.0
   1e-06
   0.0
   4e-06
   2.9999999999999997e-06
   1e-06
   2e-06
   2.9999999999999997e-06
   2e-06
   4e-06
   1e-06
   1e-06
   0.0
   2.9999999999999997e-06
   2.9999999999999997e-06
   1e-06
   1e-06
   2.9999999999999997e-06
   1e-06
   1e-06
   2.9999999999999997e-06
   1e-06
   2.9999999999999997e-06
   0.0
   0.0
   0.0
   0.0
   0.0
   0.0
   0.0
   0.0
   0.0
   0.0
   0.0
   0.0
   0.0
   0.0
   0.0
   0.0
   0.0
   0.0
   0.0
   0.0
   0.0
   0.0
   0.0
   0.0
   0.0
   0.0
   0.0
   0.0
   0.0
   0.0
   0.0
   0.0
   0.0
   0.0
   0.0
   0.0
   0.0
   0.0
   0.0
   0.0
   0.0
   0.0
   0.0
   0.0
   0.0
   0.0
   0.0
   0.0
   0.0
   0.0
   0.0
   0.0
   0.0
   0.0
   0.0
   0.0
   0.0
   0.0
   0.0
   0.0
   0.0
   0.0
   0.0
   0.0
   0.0
   0.0
   0.0
   0.0
   0.0
   0.0
   0.0
   0.0
   0.0
   0.0
   0.0
   0.0
   0.0
   0.0
   0.0
   0.0
   0.0
   0.0
   0.0
   0.0
   0.0
   0.0
   0.0
   0.0
   0.0
   0.0
   0.0
   0.0
   0.0
   0.0
   0.0
   0.0
   0.0
   0.0
   0.0
   0.0
   0.0
   0.0
   0.0
   0.0
   0.0
