   5.16808
   7.75376
   8.94926
   9.50614
   9.796000000000001
   9.93338
   9.95318
   10.03206
   10.061580000000001
   10.04346
   10.06718
   10.009120000000001
   10.04012
   9.99956
   9.995940000000001
   9.98948
   10.00188
   10.00042
   10.00958
   10.00114
   9.9977
   9.975299999999999
   9.97088
   10.01208
   10.013959999999999
   9.99886
   9.98222
   10.0012
   10.009640000000001
   9.9844
   9.99626
   9.97116
   9.975480000000001
   9.97748
   9.98062
   10.038120000000001
   10.019540000000001
   10.039380000000001
   10.031519999999999
   10.01684
   10.02832
   10.024
   10.05368
   10.03984
   9.973899999999999
   10.0099
   9.995859999999999
   9.9887
   9.982439999999999
   9.99878
   10.0329
   10.0002
   10.02614
   10.039240000000001
   10.02176
   9.99208
   9.99672
   9.9798
   9.96732
   9.97978
   9.957040000000001
   9.98034
   9.95106
   9.942960000000001
   9.9124
   9.95712
   9.978380000000001
   10.03432
   10.00056
   9.981539999999999
   10.01236
   9.99802
   9.96968
   9.97842
   10.03734
   10.00982
   9.99936
   10.020199999999999
   9.968399999999999
   9.99568
   10.03736
   10.00028
   10.04936
   9.98766
   10.0159
   10.04544
   10.003860000000001
   10.0334
   9.9869
   9.97324
   9.95924
   9.98982
   9.94816
   9.92014
   9.8927
   9.774180000000001
   9.54986
   8.94264
   7.77048
   5.1729400000000005
