   1.66306
   2.11912
   2.2080599999999997
   2.2352600000000002
   2.2218999999999998
   2.2177599999999997
   2.2130400000000003
   2.21902
   2.21586
   2.2157799999999996
   2.2296
   2.21658
   2.2236
   2.2296
   2.23668
   2.22246
   2.2227
   2.2220400000000002
   2.23826
   2.22756
   2.21958
   2.22784
   2.23082
   2.2224399999999997
   2.22554
   2.22328
   2.2198800000000003
   2.221
   2.2316
   2.21748
   2.2206
   2.2240200000000003
   2.22354
   2.21562
   2.2166200000000003
   2.22768
   2.22898
   2.22098
   2.22058
   2.23068
   2.2240800000000003
   2.2245
   2.21434
   2.2210799999999997
   2.2089999999999996
   2.2381
   2.21428
   2.22982
   2.23236
   2.21134
   2.22026
   2.22644
   2.21882
   2.21854
   2.2206799999999998
   2.21706
   2.22338
   2.2275799999999997
   2.22202
   2.22112
   2.23228
   2.22052
   2.22262
   2.2160200000000003
   2.2223
   2.21744
   2.2255000000000003
   2.2314
   2.22456
   2.21728
   2.2018400000000002
   2.22792
   2.2222399999999998
   2.22062
   2.23644
   2.22722
   2.22692
   2.21826
   2.22812
   2.21896
   2.2213
   2.22038
   2.21938
   2.22066
   2.2194599999999998
   2.22422
   2.21032
   2.22798
   2.21434
   2.22448
   2.21892
   2.21918
   2.21742
   2.21094
   2.2290799999999997
   2.21732
   2.2157
   2.1921
   2.10682
   1.66728
