   0.0
   0.0
   0.0
   0.0
   0.0
   0.0
   0.0
   0.0
   0.0
   0.0
   0.0
   0.0
   0.0
   0.0
   0.0
   0.0
   0.0
   0.0
   0.0
   0.0
   0.0
   0.0
   0.0
   0.0
   0.0
   0.0
   0.0
   0.0
   0.0
   0.0
   0.0
   0.0
   0.0
   0.0
   0.0
   0.0
   0.0
   0.0
   0.0
   0.0
   0.0
   0.0
   0.0
   0.0
   0.0
   0.0
   0.0
   0.0
   0.0
   0.0
   0.0
   0.0
   0.0
   0.0
   0.0
   0.0
   0.0
   0.0
   0.0
   0.0
   0.0
   0.0
   0.0
   0.0
   0.0
   0.0
   0.0
   0.0
   2e-06
   1e-06
   0.0
   2e-06
   0.0
   0.0
   1e-06
   2e-06
   1e-06
   1e-06
   0.0
   2e-06
   2e-06
   1e-06
   1e-06
   2.9999999999999997e-06
   2.9999999999999997e-06
   4e-06
   1e-06
   2e-06
   4.9999999999999996e-06
   2.9999999999999997e-06
   2e-06
   1e-06
   2.9999999999999997e-06
   5.999999999999999e-06
   4.9999999999999996e-06
   8e-06
   2.9999999999999997e-06
   9.999999999999999e-06
   1.1e-05
   6.999999999999999e-06
   4.9999999999999996e-06
   8.999999999999999e-06
   1.1999999999999999e-05
   1.1e-05
   9.999999999999999e-06
   1.3e-05
   1.7999999999999997e-05
   1.9999999999999998e-05
   1.3e-05
   1.9999999999999998e-05
   2.7999999999999996e-05
   2.6e-05
   2.3999999999999997e-05
   2.2e-05
   4.199999999999999e-05
   2.7e-05
   5.6999999999999996e-05
   6.8e-05
   6.199999999999999e-05
   7.5e-05
   6.8e-05
   0.00010099999999999999
   8.6e-05
   9.5e-05
   0.000109
   0.000122
   0.000137
   0.00014099999999999998
   0.00016999999999999999
   0.00016999999999999999
   0.000201
   0.000232
   0.00028799999999999995
   0.00029299999999999997
   0.00037299999999999996
   0.00037299999999999996
   0.000408
   0.000457
   0.000529
   0.0005589999999999999
   0.000626
   0.0006499999999999999
   0.000735
   0.000866
   0.0009199999999999999
   0.001073
   0.001181
   0.0012369999999999998
   0.001428
   0.001581
   0.001749
   0.001939
   0.002251
   0.002486
   0.002754
   0.003131
   0.003456
   0.003823
   0.004337
   0.004836
   0.005245
   0.0059
   0.006571
   0.007370999999999999
   0.008199
   0.009134999999999999
   0.010307
   0.011414
   0.012794999999999999
   0.014383
   0.016262
   0.018307999999999998
   0.020276
   0.022623
   0.025561999999999998
   0.028852
   0.032680999999999995
   0.036775
   0.041794
   0.047438999999999995
   0.054321999999999995
   0.061652
   0.070255
   0.080602
   0.09318999999999998
   0.10800499999999999
   0.12486799999999999
   0.14701799999999998
   0.17321499999999998
   0.204491
   0.242579
   0.29153799999999996
   0.35117899999999996
   0.424963
   0.520299
   0.6274949999999999
   0.7149519999999999
   0.774485
   0.8148829999999999
   0.8350369999999999
   0.833258
   0.8146559999999999
   0.774413
   0.7160259999999999
   0.628327
   0.520672
   0.42582
   0.35101599999999994
   0.291158
   0.243997
   0.204778
   0.17260699999999998
   0.146987
   0.125646
   0.10721599999999999
   0.09325
   0.08054099999999999
   0.07042999999999999
   0.061589
   0.053752
   0.047169
   0.041932
   0.036824
   0.03259
   0.028884
   0.025422
   0.022791999999999996
   0.020328999999999996
   0.018243999999999996
   0.016197
   0.014447999999999999
   0.012924
   0.011509999999999998
   0.010476000000000001
   0.009073
   0.008256999999999999
   0.007473999999999999
   0.006709
   0.005812
   0.005259
   0.004692
   0.0042829999999999995
   0.0038139999999999997
   0.003613
   0.003038
   0.002851
   0.0024159999999999997
   0.0022709999999999996
   0.002044
   0.001782
   0.001585
   0.001485
   0.001264
   0.00119
   0.001034
   0.000936
   0.0008729999999999999
   0.0007389999999999999
   0.0006729999999999999
   0.000589
   0.000538
   0.0004959999999999999
   0.00043799999999999997
   0.000376
   0.00034899999999999997
   0.00029299999999999997
   0.00028799999999999995
   0.00029
   0.000243
   0.000195
   0.00020299999999999997
   0.000159
   0.000162
   0.000147
   0.000118
   0.00011399999999999999
   8.999999999999999e-05
   0.0001
   7.3e-05
   6.1e-05
   5.4999999999999995e-05
   6.1e-05
   5.4e-05
   4.7e-05
   3.9e-05
   2.7e-05
   3.3e-05
   3.3e-05
   1.7999999999999997e-05
   3.2e-05
   3.3e-05
   2.0999999999999995e-05
   2.3999999999999997e-05
   1.9999999999999998e-05
   2.3e-05
   1.3e-05
   1.5e-05
   1.7e-05
   1.1999999999999999e-05
   5.999999999999999e-06
   1.1e-05
   8.999999999999999e-06
   4e-06
   6.999999999999999e-06
   4e-06
   2.9999999999999997e-06
   6.999999999999999e-06
   5.999999999999999e-06
   4.9999999999999996e-06
   4e-06
   2.9999999999999997e-06
   4.9999999999999996e-06
   1e-06
   4.9999999999999996e-06
   0.0
   2e-06
   1e-06
   0.0
   0.0
   0.0
   0.0
   1e-06
   2e-06
   1e-06
   0.0
   0.0
   0.0
   0.0
   0.0
   0.0
   0.0
   0.0
   0.0
   0.0
   0.0
   0.0
   0.0
   0.0
   0.0
   0.0
   0.0
   0.0
   0.0
   1e-06
   1e-06
   0.0
   0.0
   0.0
   0.0
   0.0
   0.0
   0.0
   0.0
   0.0
   0.0
   0.0
   0.0
   0.0
   0.0
   0.0
   0.0
   1e-06
   1e-06
   0.0
   0.0
   0.0
   0.0
   0.0
   0.0
   0.0
   0.0
   0.0
   0.0
   0.0
   0.0
   0.0
   0.0
   0.0
   0.0
   0.0
   0.0
   0.0
   0.0
   0.0
   0.0
   0.0
   0.0
   0.0
   0.0
   0.0
   0.0
   0.0
   0.0
   0.0
   0.0
   0.0
   0.0
   0.0
   0.0
   0.0
