   0.0
   0.0
   0.0
   0.0
   0.0
   0.0
   0.0
   0.0
   0.0
   0.0
   0.0
   0.0
   0.0
   0.0
   0.0
   0.0
   0.0
   0.0
   0.0
   0.0
   0.0
   0.0
   0.0
   0.0
   0.0
   0.0
   0.0
   0.0
   0.0
   0.0
   0.0
   0.0
   0.0
   0.0
   0.0
   0.0
   0.0
   0.0
   0.0
   0.0
   0.0
   0.0
   0.0
   0.0
   0.0
   0.0
   0.0
   0.0
   0.0
   0.0
   0.0
   0.0
   0.0
   0.0
   0.0
   0.0
   0.0
   0.0
   0.0
   0.0
   0.0
   0.0
   0.0
   0.0
   0.0
   0.0
   0.0
   0.0
   0.0
   0.0
   0.0
   0.0
   0.0
   0.0
   0.0
   0.0
   0.0
   0.0
   0.0
   0.0
   0.0
   0.0
   0.0
   0.0
   0.0
   0.0
   0.0
   0.0
   0.0
   0.0
   0.0
   0.0
   0.0
   0.0
   0.0
   0.0
   0.0
   0.0
   0.0
   0.0
   0.0
   0.0
   0.0
   0.0
   0.0
   0.0
   0.0
   0.0
   0.0
   0.0
   0.0
   0.0
   0.0
   0.0
   0.0
   0.0
   0.0
   0.0
   0.0
   0.0
   0.0
   0.0
   0.0
   0.0
   0.0
   0.0
   0.0
   0.0
   0.0
   0.0
   0.0
   0.0
   0.0
   0.0
   0.0
   2e-06
   0.0
   0.0
   1e-06
   0.0
   0.0
   0.0
   1e-06
   0.0
   0.0
   0.0
   2.9999999999999997e-06
   0.0
   0.0
   2e-06
   1e-06
   2.9999999999999997e-06
   2e-06
   1e-06
   4.9999999999999996e-06
   2.9999999999999997e-06
   4.9999999999999996e-06
   2e-06
   1e-06
   2.9999999999999997e-06
   4e-06
   2e-06
   1e-06
   2.9999999999999997e-06
   2.9999999999999997e-06
   4e-06
   4e-06
   6.999999999999999e-06
   2.9999999999999997e-06
   4.9999999999999996e-06
   4.9999999999999996e-06
   2e-06
   8e-06
   6.999999999999999e-06
   9.999999999999999e-06
   8.999999999999999e-06
   1.1e-05
   6.999999999999999e-06
   2.0999999999999995e-05
   1.6e-05
   1.3e-05
   1.3999999999999998e-05
   1.3999999999999998e-05
   2.6e-05
   1.1e-05
   1.3e-05
   1.8999999999999998e-05
   2.3e-05
   2.2e-05
   2.5e-05
   3.7999999999999995e-05
   3.5e-05
   4.0999999999999994e-05
   3.7e-05
   4.899999999999999e-05
   5e-05
   4.899999999999999e-05
   5.3e-05
   6.8e-05
   8.1e-05
   7.4e-05
   7.4e-05
   8.3e-05
   0.00010999999999999999
   0.000108
   0.00012099999999999999
   0.00013099999999999999
   0.000158
   0.00015299999999999998
   0.00017099999999999998
   0.000211
   0.00022399999999999997
   0.00024199999999999997
   0.00029899999999999995
   0.000289
   0.000332
   0.000338
   0.00038099999999999994
   0.000446
   0.00047599999999999997
   0.000499
   0.000575
   0.0006309999999999999
   0.0007109999999999999
   0.0007409999999999999
   0.000841
   0.0009299999999999999
   0.0009969999999999998
   0.0010969999999999999
   0.001178
   0.0012549999999999998
   0.001393
   0.001576
   0.0016559999999999997
   0.0018269999999999998
   0.001966
   0.002177
   0.002431
   0.0026049999999999997
   0.0028659999999999996
   0.0031379999999999997
   0.003614
   0.003939
   0.004222
   0.004726999999999999
   0.005117
   0.00568
   0.006103
   0.006849
   0.007366999999999999
   0.008138
   0.008985
   0.00992
   0.010744
   0.011670999999999999
   0.01301
   0.014249
   0.015506999999999998
   0.016961999999999998
   0.018834999999999998
   0.02037
   0.022487
   0.024770999999999998
   0.027239999999999997
   0.030062
   0.032846
   0.035741
   0.039698
   0.043575
   0.047918999999999996
   0.052780999999999995
   0.058288
   0.064159
   0.069918
   0.077431
   0.08535999999999999
   0.094357
   0.10456299999999999
   0.11597299999999999
   0.12882
   0.142418
   0.1586
   0.17642899999999997
   0.196658
   0.221072
   0.248221
   0.279059
   0.315965
   0.35597799999999996
   0.404981
   0.46138199999999996
   0.529784
   0.609933
   0.7039629999999999
   0.8190799999999999
   0.9465239999999999
   1.04852
   1.1236899999999999
   1.1718149999999998
   1.1951559999999999
   1.194634
   1.173099
   1.123802
   1.048411
   0.946395
   0.819797
   0.7041749999999999
   0.6096469999999999
   0.528995
   0.46196699999999996
   0.40471899999999994
   0.35631299999999994
   0.31382599999999994
   0.278988
   0.248167
   0.22183499999999998
   0.19733199999999998
   0.17745
   0.15905499999999997
   0.14313199999999998
   0.12917499999999998
   0.116473
   0.104971
   0.09506
   0.085914
   0.078123
   0.071208
   0.06337599999999999
   0.058228
   0.05254199999999999
   0.048267
   0.043507
   0.039944
   0.035886999999999995
   0.03261
   0.030059
   0.027148
   0.024635999999999998
   0.022615
   0.020680999999999998
   0.018637
   0.016867
   0.015541000000000001
   0.014334
   0.012765
   0.011693
   0.010777
   0.009718
   0.008877999999999999
   0.008199
   0.007462
   0.0068650000000000004
   0.006289
   0.0055049999999999995
   0.005044999999999999
   0.004715
   0.004267
   0.003866
   0.003624
   0.0031709999999999998
   0.002932
   0.002685
   0.00248
   0.0021939999999999998
   0.001982
   0.001876
   0.001646
   0.0015559999999999999
   0.0013959999999999999
   0.001282
   0.001192
   0.001099
   0.000959
   0.00086
   0.000843
   0.000749
   0.000703
   0.000616
   0.0005679999999999999
   0.0005099999999999999
   0.00040299999999999993
   0.000402
   0.000387
   0.000332
   0.000287
   0.000267
   0.000258
   0.00024799999999999996
   0.00021299999999999997
   0.000215
   0.00018099999999999998
   0.00017399999999999997
   0.000186
   0.000143
   0.00012399999999999998
   0.00012399999999999998
   0.000104
   9.099999999999999e-05
   0.000109
   8.3e-05
   6.6e-05
   5.9e-05
   6.6e-05
   4.4e-05
   4.4e-05
   5.1e-05
   3.7999999999999995e-05
   3.7e-05
   3.4e-05
   3.4e-05
   3.5e-05
   1.9999999999999998e-05
   1.7999999999999997e-05
   2.7e-05
   2.0999999999999995e-05
   2.3e-05
   1.1999999999999999e-05
   2.0999999999999995e-05
   1.5e-05
   1.5e-05
   1.7999999999999997e-05
   8.999999999999999e-06
   9.999999999999999e-06
   1.3e-05
   8e-06
   9.999999999999999e-06
   4e-06
   1e-06
   4.9999999999999996e-06
   8.999999999999999e-06
   2.9999999999999997e-06
   4.9999999999999996e-06
   2e-06
   4.9999999999999996e-06
   4e-06
   4.9999999999999996e-06
   4e-06
   2.9999999999999997e-06
   0.0
   1e-06
   2.9999999999999997e-06
   0.0
   1e-06
   0.0
   0.0
   2.9999999999999997e-06
   1e-06
   0.0
   0.0
   1e-06
   1e-06
   0.0
   0.0
   0.0
   1e-06
   0.0
   0.0
   0.0
   0.0
   0.0
   0.0
   0.0
   0.0
   0.0
   0.0
   0.0
   0.0
   0.0
   0.0
   0.0
   0.0
   0.0
   0.0
   0.0
   0.0
   0.0
   0.0
   0.0
   0.0
   0.0
   0.0
   0.0
   0.0
   0.0
   0.0
   0.0
   0.0
   0.0
   0.0
   0.0
   0.0
   0.0
   0.0
   0.0
   0.0
   0.0
   0.0
   0.0
   0.0
   0.0
   0.0
   0.0
   0.0
   0.0
   0.0
   0.0
   0.0
   0.0
   0.0
   0.0
   0.0
   0.0
   0.0
   0.0
   0.0
   0.0
   0.0
   0.0
   0.0
   0.0
   0.0
   0.0
   0.0
   0.0
   0.0
   0.0
   0.0
   0.0
   0.0
   0.0
   0.0
   0.0
   0.0
   0.0
   0.0
   0.0
   0.0
   0.0
   0.0
   0.0
   0.0
   0.0
   0.0
   0.0
   0.0
   0.0
   0.0
   0.0
   0.0
   0.0
   0.0
   0.0
   0.0
   0.0
   0.0
   0.0
   0.0
   0.0
   0.0
   0.0
   0.0
   0.0
   0.0
   0.0
   0.0
   0.0
   0.0
   0.0
   0.0
   0.0
   0.0
   0.0
   0.0
   0.0
   0.0
   0.0
   0.0
   0.0
   0.0
   0.0
   0.0
   0.0
   0.0
   0.0
   0.0
   0.0
   0.0
   0.0
   0.0
   0.0
   0.0
   0.0
   0.0
   0.0
   0.0
   0.0
   0.0
   0.0
   0.0
   0.0
