   0.0
   0.0
   0.0
   0.0
   0.0
   0.0
   0.0
   0.0
   0.0
   0.0
   0.0
   0.0
   0.0
   0.0
   0.0
   0.0
   0.0
   0.0
   0.0
   0.0
   0.0
   0.0
   0.0
   0.0
   0.0
   0.0
   0.0
   0.0
   0.0
   0.0
   0.0
   0.0
   0.0
   0.0
   0.0
   0.0
   0.0
   0.0
   0.0
   0.0
   0.0
   0.0
   0.0
   0.0
   0.0
   0.0
   0.0
   0.0
   0.0
   0.0
   0.0
   0.0
   0.0
   0.0
   0.0
   0.0
   0.0
   0.0
   0.0
   0.0
   0.0
   0.0
   0.0
   0.0
   0.0
   0.0
   0.0
   0.0
   0.0
   0.0
   0.0
   0.0
   0.0
   0.0
   0.0
   0.0
   0.0
   1.9999999999999998e-05
   0.0
   0.0
   0.0
   0.0
   0.0
   0.0
   0.0
   0.0
   0.0
   0.0
   0.0
   0.0
   0.0
   0.0
   0.0
   0.0
   0.0
   0.0
   0.0
   0.0
   0.0
   0.0
   0.0
   0.0
   0.0
   0.0
   0.0
   0.0
   0.0
   0.0
   0.0
   0.0
   0.0
   0.0
   0.0
   0.0
   0.0
   0.0
   0.0
   1.9999999999999998e-05
   0.0
   0.0
   0.0
   1.9999999999999998e-05
   0.0
   0.0
   0.0
   0.0
   0.0
   0.0
   1.9999999999999998e-05
   0.0
   1.9999999999999998e-05
   0.0
   0.0
   1.9999999999999998e-05
   0.0
   0.0
   0.0
   1.9999999999999998e-05
   0.0
   0.0
   0.0
   0.0
   0.0
   0.0
   1.9999999999999998e-05
   0.0
   0.0
   0.0
   0.0
   0.0
   0.0
   1.9999999999999998e-05
   0.0
   0.0
   0.0
   0.0
   3.9999999999999996e-05
   0.0
   0.0
   0.0
   1.9999999999999998e-05
   1.9999999999999998e-05
   0.0
   1.9999999999999998e-05
   0.0
   0.0
   0.0
   0.0
   0.0
   1.9999999999999998e-05
   1.9999999999999998e-05
   0.0
   0.0
   0.0
   3.9999999999999996e-05
   3.9999999999999996e-05
   1.9999999999999998e-05
   0.0
   3.9999999999999996e-05
   6e-05
   1.9999999999999998e-05
   1.9999999999999998e-05
   3.9999999999999996e-05
   1.9999999999999998e-05
   0.0
   3.9999999999999996e-05
   3.9999999999999996e-05
   0.00015999999999999999
   7.999999999999999e-05
   1.9999999999999998e-05
   3.9999999999999996e-05
   3.9999999999999996e-05
   0.0001
   3.9999999999999996e-05
   7.999999999999999e-05
   6e-05
   6e-05
   3.9999999999999996e-05
   0.0
   1.9999999999999998e-05
   6e-05
   3.9999999999999996e-05
   3.9999999999999996e-05
   7.999999999999999e-05
   6e-05
   6e-05
   0.00012
   3.9999999999999996e-05
   0.00014
   0.00015999999999999999
   0.00012
   0.00012
   3.9999999999999996e-05
   0.00015999999999999999
   0.00014
   0.00014
   6e-05
   0.00028
   0.00012
   0.00014
   0.0002
   0.0001
   0.00031999999999999997
   0.0002
   0.00017999999999999998
   0.00017999999999999998
   0.0002
   0.00035999999999999997
   0.00024
   0.00021999999999999998
   0.00024
   0.00021999999999999998
   0.00033999999999999997
   0.00033999999999999997
   0.00012
   0.00033999999999999997
   0.00028
   0.00033999999999999997
   0.00056
   0.00052
   0.00033999999999999997
   0.00031999999999999997
   0.00035999999999999997
   0.00041999999999999996
   0.00045999999999999996
   0.00045999999999999996
   0.00056
   0.00076
   0.00056
   0.00043999999999999996
   0.0006399999999999999
   0.0007199999999999999
   0.0008
   0.0006399999999999999
   0.00082
   0.00086
   0.0006999999999999999
   0.0009199999999999999
   0.00086
   0.0008799999999999999
   0.00122
   0.00078
   0.00114
   0.0010199999999999999
   0.00124
   0.00112
   0.00132
   0.00152
   0.0012999999999999997
   0.0012999999999999997
   0.0015799999999999998
   0.00164
   0.00182
   0.0014999999999999998
   0.00214
   0.00164
   0.00224
   0.00208
   0.0024
   0.00244
   0.00242
   0.00266
   0.00308
   0.00268
   0.0026999999999999997
   0.00306
   0.0033799999999999998
   0.0033799999999999998
   0.0034999999999999996
   0.004079999999999999
   0.0036999999999999997
   0.00402
   0.004319999999999999
   0.0044599999999999996
   0.00464
   0.004719999999999999
   0.005019999999999999
   0.00558
   0.0057799999999999995
   0.0063
   0.00652
   0.00644
   0.00686
   0.00666
   0.0076
   0.00724
   0.00822
   0.0086
   0.01006
   0.0098
   0.010159999999999999
   0.010539999999999999
   0.0118
   0.012459999999999999
   0.012199999999999999
   0.01372
   0.014519999999999998
   0.0139
   0.01464
   0.016319999999999998
   0.01516
   0.017359999999999997
   0.01778
   0.0185
   0.01868
   0.019379999999999998
   0.02122
   0.023159999999999997
   0.022759999999999996
   0.024659999999999998
   0.02602
   0.02608
   0.02872
   0.02948
   0.0317
   0.03224
   0.033659999999999995
   0.03532
   0.03564
   0.03794
   0.04076
   0.042640000000000004
   0.04378
   0.04706
   0.049179999999999995
   0.051399999999999994
   0.05386
   0.05678
   0.06012
   0.06298
   0.06534
   0.07008
   0.07322
   0.07866
   0.08
   0.08423999999999998
   0.08583999999999999
   0.0905
   0.09763999999999999
   0.10382
   0.10732
   0.11157999999999998
   0.118
   0.12732
   0.12985999999999998
   0.14098
   0.14543999999999999
   0.15395999999999999
   0.16278
   0.16912
   0.1787
   0.19172
   0.20256
   0.21116
   0.22433999999999998
   0.23523999999999998
   0.25342
   0.27203999999999995
   0.28916
   0.30513999999999997
   0.32498
   0.3449
   0.36716
   0.39753999999999995
   0.42551999999999995
   0.45047999999999994
   0.48883999999999994
   0.5283199999999999
   0.57376
   0.6145599999999999
   0.66764
   0.72268
   0.78536
   0.86094
   0.93604
   1.01578
   1.08964
   1.1442199999999998
   1.16878
   1.18678
   1.19546
   1.17532
   1.13272
   1.08808
   1.0165799999999998
   0.9298199999999999
   0.85804
   0.78422
   0.7283000000000001
   0.6714
   0.6123999999999999
   0.56376
   0.52442
   0.4886
   0.45577999999999996
   0.42694
   0.39798
   0.37302
   0.34723999999999994
   0.3275
   0.30247999999999997
   0.28757999999999995
   0.27018
   0.25567999999999996
   0.23992
   0.2238
   0.21548
   0.20066
   0.18783999999999998
   0.17937999999999998
   0.17094
   0.15991999999999998
   0.15488
   0.1465
   0.13774
   0.12846
   0.12589999999999998
   0.1182
   0.11162
   0.10776000000000001
   0.10116
   0.09804
   0.09322
   0.08671999999999999
   0.08478
   0.08035999999999999
   0.07411999999999999
   0.07278
   0.0689
   0.06552
   0.06284
   0.05852
   0.056179999999999994
   0.05576
   0.05263999999999999
   0.048780000000000004
   0.044879999999999996
   0.045079999999999995
   0.04211999999999999
   0.04176
   0.03956
   0.036719999999999996
   0.035339999999999996
   0.03167999999999999
   0.03102
   0.03285999999999999
   0.029459999999999997
   0.0282
   0.02792
   0.02684
   0.02334
   0.024339999999999997
   0.022379999999999997
   0.022119999999999997
   0.02078
   0.018959999999999998
   0.018539999999999997
   0.017359999999999997
   0.017359999999999997
   0.01534
   0.01594
   0.0143
   0.014059999999999998
   0.01342
   0.01258
   0.01222
   0.01134
   0.01162
   0.010499999999999999
   0.00992
   0.00952
   0.00942
   0.008499999999999999
   0.00804
   0.00818
   0.007719999999999999
   0.0072
   0.00634
   0.0064
   0.006319999999999999
   0.00634
   0.00552
   0.005599999999999999
   0.0048
   0.00488
   0.004719999999999999
   0.004739999999999999
   0.00452
   0.0044
   0.004319999999999999
   0.004
   0.00384
   0.00364
   0.0033199999999999996
   0.0028799999999999997
   0.00264
   0.0025599999999999998
   0.0025
   0.00246
   0.00246
   0.0022199999999999998
   0.00226
   0.0021
   0.002
   0.0017000000000000001
   0.002
   0.0019
   0.00174
   0.0016599999999999998
   0.0014799999999999998
   0.00152
   0.00138
   0.00178
   0.0012
   0.00116
   0.00106
   0.0011799999999999998
   0.0014399999999999999
   0.0009399999999999999
   0.0010799999999999998
   0.0007399999999999999
   0.00086
   0.0006
   0.0007199999999999999
   0.00048
   0.00052
   0.0006799999999999999
   0.00066
   0.00062
   0.00052
   0.0006
   0.00045999999999999996
   0.00052
   0.0005399999999999999
   0.0006
   0.0005
   0.00031999999999999997
   0.00045999999999999996
   0.00041999999999999996
   0.0002
   0.00045999999999999996
   0.00031999999999999997
   0.0003
   0.00035999999999999997
   0.0002
   0.00026
   0.00038
   0.0003
   0.0002
   0.00024
   0.00015999999999999999
   0.0002
   0.0002
   0.00021999999999999998
   0.00015999999999999999
   0.00015999999999999999
   0.00015999999999999999
   0.00014
   0.00012
   0.00014
   7.999999999999999e-05
   0.0002
   6e-05
   3.9999999999999996e-05
   6e-05
   7.999999999999999e-05
   6e-05
   0.00017999999999999998
   7.999999999999999e-05
   7.999999999999999e-05
   7.999999999999999e-05
   0.0001
   0.0001
   6e-05
   3.9999999999999996e-05
   6e-05
   6e-05
   3.9999999999999996e-05
   0.0001
   0.0001
   6e-05
   0.0001
   3.9999999999999996e-05
   6e-05
   1.9999999999999998e-05
   1.9999999999999998e-05
   3.9999999999999996e-05
   6e-05
   0.0
   1.9999999999999998e-05
   1.9999999999999998e-05
   0.0
   3.9999999999999996e-05
   1.9999999999999998e-05
   0.0
   0.0
   3.9999999999999996e-05
   6e-05
   0.0
   0.0
   1.9999999999999998e-05
   1.9999999999999998e-05
   3.9999999999999996e-05
   0.0
   1.9999999999999998e-05
   0.0
   1.9999999999999998e-05
   1.9999999999999998e-05
   0.0
   1.9999999999999998e-05
   0.0
   1.9999999999999998e-05
   0.0
   0.0
   0.0
   0.0001
   1.9999999999999998e-05
   1.9999999999999998e-05
   1.9999999999999998e-05
   1.9999999999999998e-05
   0.0
   1.9999999999999998e-05
   0.0
   0.0
   0.0
   0.0
   1.9999999999999998e-05
   0.0
   0.0
   0.0
   1.9999999999999998e-05
   0.0
   0.0
   0.0
   0.0
   0.0
   0.0
   0.0
   0.0
   0.0
   1.9999999999999998e-05
   0.0
   0.0
   0.0
   0.0
   1.9999999999999998e-05
   0.0
   0.0
   0.0
   0.0
   0.0
   0.0
   0.0
   0.0
   0.0
   0.0
   0.0
   0.0
   0.0
   0.0
   0.0
   0.0
   0.0
   0.0
   0.0
   0.0
   0.0
   0.0
   0.0
   0.0
   0.0
   0.0
   0.0
   0.0
   0.0
   0.0
   0.0
   0.0
   0.0
   0.0
   0.0
   0.0
   0.0
   0.0
   0.0
   0.0
   0.0
   0.0
   0.0
   0.0
   0.0
   0.0
   0.0
   0.0
   0.0
   0.0
   0.0
   0.0
   0.0
   0.0
   0.0
   0.0
   0.0
   0.0
   0.0
   0.0
   0.0
   0.0
   0.0
   0.0
   1.9999999999999998e-05
   0.0
   0.0
   0.0
   0.0
   0.0
   0.0
   0.0
   0.0
   0.0
   0.0
   0.0
   0.0
   0.0
   0.0
   0.0
   0.0
   0.0
   0.0
   0.0
   0.0
   0.0
   0.0
   0.0
   0.0
   0.0
   0.0
   0.0
   0.0
   0.0
   0.0
   0.0
   0.0
   0.0
   0.0
   0.0
   0.0
   0.0
   0.0
   0.0
   0.0
   0.0
   0.0
   0.0
   0.0
   0.0
   0.0
   0.0
   0.0
   0.0
   0.0
   0.0
   0.0
   0.0
   0.0
   0.0
   0.0
   0.0
   0.0
   0.0
   0.0
   0.0
   0.0
   0.0
   0.0
   0.0
   0.0
   0.0
   0.0
   0.0
