   0.0
   0.0
   0.0
   0.0
   0.0
   0.0
   0.0
   0.0
   0.0
   0.0
   0.0
   0.0
   0.0
   0.0
   0.0
   0.0
   0.0
   0.0
   0.0
   0.0
   0.0
   0.0
   0.0
   0.0
   0.0
   0.0
   0.0
   0.0
   0.0
   0.0
   0.0
   0.0
   0.0
   0.0
   0.0
   0.0
   0.0
   0.0
   0.0
   0.0
   0.0
   0.0
   0.0
   0.0
   0.0
   0.0
   0.0
   0.0
   0.0
   0.0
   0.0
   0.0
   0.0
   0.0
   1e-06
   0.0
   0.0
   1e-06
   0.0
   0.0
   0.0
   0.0
   0.0
   0.0
   0.0
   0.0
   0.0
   0.0
   0.0
   0.0
   0.0
   0.0
   0.0
   0.0
   0.0
   0.0
   1e-06
   0.0
   0.0
   1e-06
   0.0
   0.0
   1e-06
   1e-06
   0.0
   1e-06
   0.0
   1e-06
   2.9999999999999997e-06
   0.0
   1e-06
   0.0
   2.9999999999999997e-06
   4.9999999999999996e-06
   4e-06
   1e-06
   2e-06
   0.0
   4.9999999999999996e-06
   8e-06
   2.9999999999999997e-06
   2.9999999999999997e-06
   4.9999999999999996e-06
   4.9999999999999996e-06
   4.9999999999999996e-06
   1.6e-05
   9.999999999999999e-06
   9.999999999999999e-06
   1.1999999999999999e-05
   1.3999999999999998e-05
   1.1999999999999999e-05
   2.0999999999999995e-05
   1.9999999999999998e-05
   2.6e-05
   1.7e-05
   2.6e-05
   3.2e-05
   2.3e-05
   3.7e-05
   3.9999999999999996e-05
   3.5999999999999994e-05
   5.8e-05
   4.899999999999999e-05
   6.8e-05
   7.7e-05
   7.199999999999999e-05
   9.4e-05
   0.00010099999999999999
   0.000106
   0.00011399999999999999
   0.000132
   0.000138
   0.00016399999999999997
   0.0002
   0.00019899999999999999
   0.000257
   0.000272
   0.000289
   0.00035800000000000003
   0.000369
   0.00037499999999999995
   0.000454
   0.000513
   0.0005819999999999999
   0.0006529999999999999
   0.000691
   0.0007779999999999999
   0.0009119999999999999
   0.0010149999999999998
   0.00109
   0.001284
   0.001399
   0.0015699999999999998
   0.001759
   0.001964
   0.002227
   0.002378
   0.0026899999999999997
   0.0030289999999999996
   0.003374
   0.003847
   0.004208999999999999
   0.00486
   0.005387
   0.005872
   0.006663
   0.007642
   0.008461
   0.009633
   0.010764
   0.011869
   0.013460999999999999
   0.015045
   0.016987
   0.019358999999999998
   0.021686999999999998
   0.024508
   0.028027
   0.031744999999999995
   0.03615
   0.041765
   0.04790199999999999
   0.05487299999999999
   0.06329399999999999
   0.07383999999999999
   0.086502
   0.101613
   0.12093599999999999
   0.143062
   0.17067100000000002
   0.206205
   0.24907100000000001
   0.30508599999999997
   0.373925
   0.463755
   0.566116
   0.649145
   0.708067
   0.7455639999999999
   0.761792
   0.763086
   0.744045
   0.70687
   0.6497749999999999
   0.566024
   0.462107
   0.37511
   0.30449099999999996
   0.24938499999999997
   0.205542
   0.17055099999999998
   0.142819
   0.120334
   0.10094799999999998
   0.08651799999999998
   0.074067
   0.06430899999999999
   0.055351
   0.047800999999999996
   0.041279
   0.035967
   0.031646
   0.028045
   0.024803
   0.021879
   0.019555
   0.017041999999999998
   0.015002999999999999
   0.013345
   0.011942
   0.010525
   0.009432
   0.008416
   0.007533
   0.006830999999999999
   0.006024999999999999
   0.005375
   0.004887
   0.004315
   0.00384
   0.003476
   0.0031090000000000002
   0.00277
   0.0025239999999999998
   0.002113
   0.0019069999999999998
   0.001734
   0.001565
   0.001352
   0.001269
   0.0011489999999999998
   0.000948
   0.0008849999999999999
   0.0007610000000000001
   0.0007679999999999999
   0.0006270000000000001
   0.0005329999999999999
   0.000553
   0.000494
   0.00040899999999999997
   0.000357
   0.00031399999999999993
   0.000267
   0.00026999999999999995
   0.000212
   0.000232
   0.000177
   0.00015199999999999998
   0.00016099999999999998
   0.00013099999999999999
   0.00011499999999999999
   0.00011499999999999999
   9.2e-05
   9.799999999999998e-05
   9.2e-05
   5.6999999999999996e-05
   6.199999999999999e-05
   4.899999999999999e-05
   5.4999999999999995e-05
   3.3e-05
   3.3e-05
   3.9999999999999996e-05
   2.3999999999999997e-05
   3.9999999999999996e-05
   3e-05
   1.7999999999999997e-05
   1.7999999999999997e-05
   1.9999999999999998e-05
   1.5e-05
   1.7e-05
   1.3999999999999998e-05
   1.3999999999999998e-05
   1.1e-05
   9.999999999999999e-06
   8e-06
   8.999999999999999e-06
   5.999999999999999e-06
   8.999999999999999e-06
   4e-06
   2.9999999999999997e-06
   4.9999999999999996e-06
   2.9999999999999997e-06
   4.9999999999999996e-06
   2e-06
   4e-06
   1e-06
   1e-06
   0.0
   2.9999999999999997e-06
   4.9999999999999996e-06
   1e-06
   1e-06
   1e-06
   1e-06
   0.0
   0.0
   1e-06
   0.0
   1e-06
   0.0
   2e-06
   0.0
   1e-06
   0.0
   0.0
   1e-06
   1e-06
   1e-06
   0.0
   0.0
   0.0
   0.0
   0.0
   0.0
   0.0
   0.0
   0.0
   0.0
   0.0
   0.0
   0.0
   0.0
   0.0
   0.0
   0.0
   0.0
   0.0
   0.0
   0.0
   0.0
   0.0
   0.0
   0.0
   0.0
   1e-06
   0.0
   0.0
   0.0
   0.0
   0.0
   0.0
   0.0
   0.0
   0.0
   0.0
   0.0
   0.0
   0.0
   0.0
   0.0
   0.0
   0.0
   0.0
   0.0
   0.0
   0.0
   0.0
   0.0
   0.0
   0.0
   0.0
   0.0
   0.0
   0.0
   0.0
   0.0
   0.0
   0.0
   0.0
   0.0
   0.0
   0.0
   0.0
   0.0
   0.0
   0.0
   0.0
   0.0
   0.0
   0.0
