   0.0
   0.0
   0.0
   0.0
   0.0
   0.0
   0.0
   0.0
   0.0
   0.0
   0.0
   0.0
   0.0
   0.0
   0.0
   0.0
   0.0
   0.0
   0.0
   0.0
   0.0
   0.0
   0.0
   0.0
   0.0
   0.0
   0.0
   0.0
   0.0
   0.0
   0.0
   0.0
   0.0
   0.0
   0.0
   0.0
   0.0
   0.0
   0.0
   0.0
   0.0
   0.0
   0.0
   0.0
   0.0
   0.0
   0.0
   0.0
   0.0
   0.0
   0.0
   0.0
   0.0
   0.0
   0.0
   0.0
   0.0
   0.0
   0.0
   0.0
   0.0
   0.0
   0.0
   0.0
   0.0
   0.0
   0.0
   0.0
   0.0
   0.0
   0.0
   0.0
   0.0
   0.0
   0.0
   0.0
   0.0
   0.0
   0.0
   0.0
   0.0
   0.0
   0.0
   0.0
   0.0
   0.0
   0.0
   0.0
   0.0
   0.0
   0.0
   0.0
   0.0
   0.0
   0.0
   0.0
   0.0
   0.0
   0.0
   0.0
   0.0
   0.0
   0.0
   0.0
   0.0
   0.0
   0.0
   0.0
   0.0
   0.0
   0.0
   0.0
   0.0
   0.0
   0.0
   0.0
   0.0
   0.0
   0.0
   0.0
   0.0
   0.0
   0.0
   0.0
   0.0
   0.0
   0.0
   0.0
   0.0
   0.0
   0.0
   0.0
   0.0
   0.0
   0.0
   0.0
   0.0
   0.0
   0.0
   0.0
   0.0
   0.0
   0.0
   0.0
   0.0
   0.0
   0.0
   0.0
   0.0
   0.0
   0.0
   0.0
   0.0
   0.0
   0.0
   0.0
   0.0
   0.0
   0.0
   0.0
   0.0
   0.0
   0.0
   0.0
   0.0
   0.0
   0.0
   0.0
   0.0
   0.0
   0.0
   0.0
   0.0
   0.0
   0.0
   0.0
   0.0
   9.999999999999999e-06
   0.0
   9.999999999999999e-06
   0.0
   0.0
   0.0
   9.999999999999999e-06
   9.999999999999999e-06
   9.999999999999999e-06
   9.999999999999999e-06
   3e-05
   0.0
   9.999999999999999e-06
   9.999999999999999e-06
   5e-05
   3.9999999999999996e-05
   3e-05
   0.0
   1.9999999999999998e-05
   0.0
   0.0
   0.0
   0.0
   9.999999999999999e-06
   1.9999999999999998e-05
   3.9999999999999996e-05
   1.9999999999999998e-05
   0.0
   0.0
   9.999999999999999e-06
   3e-05
   3e-05
   9.999999999999999e-06
   9.999999999999999e-06
   1.9999999999999998e-05
   6e-05
   1.9999999999999998e-05
   3e-05
   6e-05
   8.999999999999999e-05
   7e-05
   7e-05
   5e-05
   3e-05
   5e-05
   7e-05
   0.00014
   0.00013
   6e-05
   3e-05
   0.00015999999999999999
   0.00015999999999999999
   6e-05
   6e-05
   6e-05
   0.00014
   0.0002
   0.0001
   0.00020999999999999998
   0.00012
   8.999999999999999e-05
   7.999999999999999e-05
   7e-05
   8.999999999999999e-05
   0.00015999999999999999
   0.00010999999999999999
   0.00019
   0.00024
   0.00022999999999999998
   0.00021999999999999998
   0.00013
   0.00015
   0.00029
   0.0003
   0.00022999999999999998
   0.0005399999999999999
   0.00033
   0.00043999999999999996
   0.00015
   0.00026999999999999995
   0.00026
   0.00020999999999999998
   0.00038
   0.00031
   0.00031
   0.00036999999999999994
   0.00031
   0.0005399999999999999
   0.00039
   0.00041
   0.00056
   0.00045
   0.00049
   0.00056
   0.00057
   0.0007199999999999999
   0.0006399999999999999
   0.0005099999999999999
   0.0006299999999999999
   0.00061
   0.0008399999999999999
   0.0009299999999999999
   0.00113
   0.00062
   0.0006399999999999999
   0.0010199999999999999
   0.00087
   0.0012
   0.0011
   0.0010299999999999999
   0.0012799999999999999
   0.0011
   0.0010199999999999999
   0.0012599999999999998
   0.0012799999999999999
   0.00189
   0.0015899999999999998
   0.00141
   0.00165
   0.00165
   0.0018399999999999998
   0.0019299999999999999
   0.0020499999999999997
   0.00225
   0.00162
   0.0023899999999999998
   0.00218
   0.0025399999999999997
   0.00255
   0.00207
   0.00233
   0.00229
   0.00277
   0.0028499999999999997
   0.00308
   0.0027999999999999995
   0.00375
   0.00295
   0.0036699999999999997
   0.00346
   0.00331
   0.00366
   0.00402
   0.00311
   0.0034699999999999996
   0.0038099999999999996
   0.00488
   0.004939999999999999
   0.00464
   0.00513
   0.005019999999999999
   0.005299999999999999
   0.00469
   0.0059
   0.00614
   0.00555
   0.00612
   0.005699999999999999
   0.00695
   0.006809999999999999
   0.006679999999999999
   0.007429999999999999
   0.00805
   0.00836
   0.00805
   0.00844
   0.00924
   0.010349999999999998
   0.01039
   0.01013
   0.010709999999999999
   0.011009999999999999
   0.01118
   0.012049999999999998
   0.012489999999999998
   0.013479999999999999
   0.01449
   0.01435
   0.01384
   0.01516
   0.0169
   0.016479999999999998
   0.01874
   0.01668
   0.01933
   0.020279999999999996
   0.02056
   0.0202
   0.021269999999999997
   0.02318
   0.02326
   0.024719999999999995
   0.02555
   0.02791
   0.027989999999999998
   0.02939
   0.029009999999999998
   0.03068
   0.03265
   0.0341
   0.03635
   0.03609
   0.037559999999999996
   0.03963
   0.038259999999999995
   0.041679999999999995
   0.04418
   0.04745
   0.04772
   0.04989999999999999
   0.0511
   0.05512
   0.055619999999999996
   0.05727
   0.05866
   0.059829999999999994
   0.06280999999999999
   0.06311
   0.06825
   0.07178999999999999
   0.07459999999999999
   0.07646
   0.08226
   0.08399
   0.08513
   0.09136999999999999
   0.09568
   0.09665
   0.10307999999999999
   0.10467
   0.11009
   0.11112999999999999
   0.11653999999999999
   0.12244
   0.12406
   0.13254999999999997
   0.13585
   0.14053
   0.14795
   0.15641999999999998
   0.15973999999999997
   0.16702
   0.17264999999999997
   0.18131999999999998
   0.18792999999999999
   0.19437
   0.20473999999999998
   0.20994
   0.21638
   0.22481
   0.23575
   0.24507
   0.25336
   0.25954999999999995
   0.27447
   0.28608999999999996
   0.29416
   0.31205
   0.31901999999999997
   0.32715
   0.34332
   0.35374
   0.37456
   0.38481
   0.39599
   0.41870999999999997
   0.43166999999999994
   0.44487
   0.45516
   0.47724999999999995
   0.49867
   0.52324
   0.53848
   0.55668
   0.58324
   0.60888
   0.6239399999999999
   0.66358
   0.68487
   0.70288
   0.73314
   0.7654299999999999
   0.79571
   0.8304699999999999
   0.8572799999999999
   0.8882599999999999
   0.9230499999999999
   0.96404
   0.99931
   1.02281
   1.07713
   1.10253
   1.1593799999999999
   1.20328
   1.2587899999999999
   1.29659
   1.34832
   1.3969
   1.4524
   1.5046599999999999
   1.57072
   1.61476
   1.6836699999999998
   1.74577
   1.8084
   1.89052
   1.94583
   2.0385299999999997
   2.11547
   2.19952
   2.2807399999999998
   2.37793
   2.45464
   2.5746999999999995
   2.6601
   2.7715899999999998
   2.87485
   2.9673899999999995
   3.8664599999999996
   3.95341
   4.01514
   4.07267
   4.10036
   4.08885
   4.07494
   4.0319199999999995
   3.96554
   3.85343
   2.9831499999999997
   2.8762999999999996
   2.76851
   2.66497
   2.5532199999999996
   2.4879599999999997
   2.3816599999999997
   2.27837
   2.1962
   2.1279799999999995
   2.02892
   1.96882
   1.88719
   1.8109
   1.7611299999999999
   1.6846299999999998
   1.61828
   1.56454
   1.48843
   1.43989
   1.3965699999999999
   1.33777
   1.28897
   1.24806
   1.19659
   1.14898
   1.09726
   1.0671799999999998
   1.02884
   0.9831599999999999
   0.95153
   0.9145599999999999
   0.88039
   0.85414
   0.82364
   0.78367
   0.75823
   0.7264099999999999
   0.6997
   0.66984
   0.65438
   0.6268799999999999
   0.6121
   0.58114
   0.5601799999999999
   0.54102
   0.52816
   0.49929
   0.48016000000000003
   0.47240999999999994
   0.44213
   0.43565
   0.41361
   0.40043
   0.38625
   0.36841999999999997
   0.35842999999999997
   0.34423
   0.33347
   0.31816999999999995
   0.31024999999999997
   0.29324
   0.28743
   0.27329
   0.26034999999999997
   0.2546
   0.24355000000000002
   0.23956999999999998
   0.22746999999999998
   0.21155
   0.20509
   0.20036
   0.19307
   0.18514999999999998
   0.17834999999999998
   0.17156
   0.16937
   0.15925
   0.15483
   0.14862999999999998
   0.1462
   0.14048
   0.13429999999999997
   0.13302
   0.12405
   0.1195
   0.11645
   0.10879
   0.10869999999999999
   0.10234999999999998
   0.09924999999999999
   0.09674999999999999
   0.09286
   0.08973999999999999
   0.08507
   0.07884
   0.07877999999999999
   0.07603
   0.07309
   0.067
   0.07002
   0.06582
   0.0629
   0.062139999999999994
   0.05941
   0.05583
   0.05479
   0.050679999999999996
   0.04903
   0.04555
   0.0455
   0.04647
   0.04214
   0.04276
   0.04069
   0.03772
   0.03589
   0.03337
   0.033159999999999995
   0.03249
   0.03217
   0.030549999999999997
   0.0298
   0.029129999999999996
   0.02687
   0.02772
   0.026699999999999998
   0.02319
   0.02326
   0.022399999999999996
   0.02128
   0.02071
   0.01851
   0.020279999999999996
   0.019239999999999997
   0.0179
   0.01608
   0.017169999999999998
   0.01586
   0.015799999999999998
   0.01444
   0.013869999999999999
   0.0134
   0.0134
   0.01449
   0.01202
   0.01209
   0.01167
   0.011069999999999998
   0.00997
   0.009489999999999998
   0.00967
   0.010349999999999998
   0.01062
   0.009749999999999998
   0.00882
   0.00874
   0.00748
   0.00719
   0.007899999999999999
   0.00688
   0.006059999999999999
   0.0062699999999999995
   0.006379999999999999
   0.0057799999999999995
   0.00555
   0.00541
   0.00506
   0.00526
   0.00513
   0.0048
   0.004979999999999999
   0.00411
   0.00414
   0.004209999999999999
   0.00356
   0.00405
   0.00375
   0.0035199999999999997
   0.00322
   0.00311
   0.00409
   0.0034000000000000002
   0.00307
   0.0029599999999999995
   0.0027799999999999995
   0.00277
   0.00244
   0.00226
   0.0021599999999999996
   0.0023
   0.00241
   0.0025099999999999996
   0.0017699999999999999
   0.00178
   0.00219
   0.0016899999999999999
   0.00171
   0.0016899999999999999
   0.00162
   0.00105
   0.00142
   0.0013999999999999998
   0.0014399999999999999
   0.00138
   0.0013599999999999999
   0.0011699999999999998
   0.00143
   0.0012999999999999997
   0.00112
   0.0008500000000000001
   0.00109
   0.00089
   0.00056
   0.00081
   0.00098
   0.00105
   0.0005099999999999999
   0.0009699999999999999
   0.00071
   0.00046999999999999993
   0.00069
   0.00077
   0.0005899999999999999
   0.0006499999999999999
   0.0006299999999999999
   0.0008
   0.0007199999999999999
   0.00078
   0.00036999999999999994
   0.0006
   0.00052
   0.00045999999999999996
   0.00031999999999999997
   0.00031999999999999997
   0.00045999999999999996
   0.00041
   0.00038
   0.0003
   0.00021999999999999998
   0.00025
   0.00033999999999999997
   0.00017999999999999998
   0.00020999999999999998
   0.00026
   0.00026
   0.00033999999999999997
   0.00022999999999999998
   0.00019
   0.00015
   0.00015
   0.00016999999999999999
   0.00034999999999999994
   0.00020999999999999998
   0.00019
   0.00015999999999999999
   0.00019
   0.00010999999999999999
   0.00014
   0.0002
   0.00012
   7.999999999999999e-05
   0.00015
   7.999999999999999e-05
   0.00020999999999999998
   7.999999999999999e-05
   0.00017999999999999998
   0.00014
   1.9999999999999998e-05
   0.00019
   0.00015999999999999999
   7e-05
   3.9999999999999996e-05
   3e-05
   3.9999999999999996e-05
   5e-05
   6e-05
   0.00015
   1.9999999999999998e-05
   1.9999999999999998e-05
   3e-05
   3e-05
   5e-05
   5e-05
   5e-05
   8.999999999999999e-05
   3.9999999999999996e-05
   5e-05
   8.999999999999999e-05
   9.999999999999999e-06
   3e-05
   0.00012
   7e-05
   9.999999999999999e-06
   7e-05
   1.9999999999999998e-05
   1.9999999999999998e-05
   6e-05
   8.999999999999999e-05
   7e-05
   3e-05
   6e-05
   0.0
   3.9999999999999996e-05
   3e-05
   3e-05
   3e-05
   6e-05
   3e-05
   3e-05
   0.0
   3e-05
   9.999999999999999e-06
   6e-05
   0.0
   9.999999999999999e-06
   9.999999999999999e-06
   9.999999999999999e-06
   6e-05
   1.9999999999999998e-05
   1.9999999999999998e-05
   0.0
   0.0
   0.0
   0.0
   3.9999999999999996e-05
   0.0
   0.0
   6e-05
   0.0
   0.0
   9.999999999999999e-06
   0.0
   0.0
   0.0
   3.9999999999999996e-05
   0.0
   0.0
   0.0
   1.9999999999999998e-05
   0.0
   0.0
   0.0
   0.0
   0.0
   9.999999999999999e-06
   0.0
   3e-05
   0.0
   0.0
   0.0
   0.0
   0.0
   0.0
   0.0
   0.0
   0.0
   0.0
   0.0
   0.0
   0.0
   0.0
   0.0
   0.0
   0.0
   0.0
   0.0
   0.0
   0.0
   0.0
   0.0
   0.0
   0.0
   0.0
   0.0
   0.0
   0.0
   0.0
   0.0
   0.0
   0.0
   0.0
   0.0
   0.0
   0.0
   0.0
   0.0
   0.0
   0.0
   0.0
   0.0
   0.0
   0.0
   0.0
   0.0
   0.0
   0.0
   0.0
   0.0
   0.0
   0.0
   0.0
   0.0
   0.0
   0.0
   0.0
   0.0
   0.0
   0.0
   0.0
   0.0
   0.0
   0.0
   0.0
   0.0
   0.0
   0.0
   0.0
   0.0
   0.0
   0.0
   0.0
   0.0
   0.0
   0.0
   0.0
   0.0
   0.0
   0.0
   0.0
   0.0
   0.0
   0.0
   0.0
   0.0
   0.0
   0.0
   0.0
   0.0
   0.0
   0.0
   0.0
   0.0
   0.0
   0.0
   0.0
   0.0
   0.0
   0.0
   0.0
   0.0
   0.0
   0.0
   0.0
   0.0
   0.0
   0.0
   0.0
   0.0
   0.0
   0.0
   0.0
   0.0
   0.0
   0.0
   0.0
   0.0
   0.0
   0.0
   0.0
   0.0
   0.0
   0.0
   0.0
   0.0
   0.0
   0.0
   0.0
   0.0
   0.0
   0.0
   0.0
   0.0
   0.0
   0.0
   0.0
   0.0
   0.0
   0.0
   0.0
   0.0
   0.0
   0.0
   0.0
   0.0
