   0.0
   0.0
   0.0
   0.0
   0.0
   0.0
   0.0
   0.0
   0.0
   0.0
   0.0
   0.0
   0.0
   0.0
   0.0
   0.0
   0.0
   0.0
   0.0
   0.0
   0.0
   0.0
   0.0
   0.0
   0.0
   0.0
   0.0
   0.0
   0.0
   0.0
   0.0
   0.0
   0.0
   0.0
   0.0
   0.0
   0.0
   0.0
   0.0
   0.0
   0.0
   0.0
   0.0
   0.0
   0.0
   0.0
   0.0
   0.0
   0.0
   0.0
   0.0
   0.0
   0.0
   0.0
   0.0
   0.0
   0.0
   0.0
   0.0
   0.0
   0.0
   0.0
   0.0
   0.0
   0.0
   0.0
   0.0
   0.0
   0.0
   0.0
   0.0
   0.0
   0.0
   0.0
   0.0
   0.0
   0.0
   0.0
   0.0
   0.0
   0.0
   0.0
   0.0
   0.0
   0.0
   0.0
   0.0
   0.0
   0.0
   0.0
   1e-06
   0.0
   0.0
   0.0
   0.0
   0.0
   0.0
   0.0
   0.0
   2e-06
   2e-06
   0.0
   1e-06
   0.0
   0.0
   1e-06
   2.9999999999999997e-06
   2.9999999999999997e-06
   5.999999999999999e-06
   1e-06
   2e-06
   2e-06
   2e-06
   5.999999999999999e-06
   4e-06
   2e-06
   1e-06
   8.999999999999999e-06
   9.999999999999999e-06
   1.1e-05
   2e-06
   1.3e-05
   2.9999999999999997e-06
   4e-06
   4e-06
   4e-06
   4.9999999999999996e-06
   2e-06
   6.999999999999999e-06
   4.9999999999999996e-06
   6.999999999999999e-06
   8e-06
   1.1e-05
   2.0999999999999995e-05
   1.8999999999999998e-05
   1.3999999999999998e-05
   6.999999999999999e-06
   1.3e-05
   6.999999999999999e-06
   1.8999999999999998e-05
   1.5e-05
   2.0999999999999995e-05
   1.3999999999999998e-05
   1.3999999999999998e-05
   1.6e-05
   2.5e-05
   3.2e-05
   1.9999999999999998e-05
   1.6e-05
   2.2e-05
   4.199999999999999e-05
   3.0999999999999995e-05
   5.4999999999999995e-05
   2.5e-05
   4.4e-05
   4.6e-05
   3.4e-05
   4.199999999999999e-05
   6.4e-05
   3.7999999999999995e-05
   7.9e-05
   6.7e-05
   5.9e-05
   8.699999999999999e-05
   0.000102
   7.4e-05
   8.999999999999999e-05
   0.00013
   0.000148
   0.000159
   0.000156
   0.00017099999999999998
   0.000145
   0.00014199999999999998
   0.000198
   0.00018899999999999999
   0.000211
   0.000208
   0.00024
   0.000225
   0.000308
   0.00026999999999999995
   0.000343
   0.00038199999999999996
   0.000434
   0.000422
   0.00045
   0.000478
   0.000526
   0.000511
   0.000525
   0.000574
   0.0006439999999999999
   0.0007169999999999999
   0.000805
   0.00078
   0.000821
   0.001017
   0.001086
   0.0011539999999999999
   0.00119
   0.001313
   0.0014709999999999999
   0.001462
   0.0016239999999999998
   0.001765
   0.0018059999999999999
   0.0020859999999999997
   0.002297
   0.0023369999999999997
   0.002484
   0.0025989999999999997
   0.002936
   0.003012
   0.003376
   0.0035269999999999998
   0.0038919999999999996
   0.0043089999999999995
   0.004489
   0.005008
   0.005279
   0.005741
   0.006055
   0.006566999999999999
   0.006769999999999999
   0.007442
   0.008027999999999999
   0.008983
   0.009359999999999999
   0.009997
   0.010593
   0.011391
   0.012355
   0.013332
   0.014423
   0.015472
   0.016655
   0.01809
   0.019101999999999997
   0.020491
   0.022033999999999998
   0.023641999999999996
   0.025190999999999998
   0.027266
   0.029286
   0.031693
   0.034044
   0.036034
   0.039015
   0.042031
   0.04543799999999999
   0.048063999999999996
   0.051363
   0.055744
   0.059801999999999994
   0.063559
   0.069724
   0.07407799999999999
   0.08072499999999999
   0.08696699999999999
   0.092303
   0.098899
   0.10660599999999999
   0.11474399999999998
   0.12352999999999999
   0.132039
   0.14224099999999998
   0.152913
   0.164598
   0.178126
   0.18960999999999997
   0.203645
   0.218992
   0.23522
   0.253559
   0.27011999999999997
   0.29216499999999995
   0.31446099999999994
   0.339549
   0.360446
   0.388746
   0.41848
   0.450342
   0.482466
   0.518867
   0.5581539999999999
   0.599648
   0.645412
   0.6909299999999999
   0.7448319999999999
   0.80063
   0.859335
   0.925356
   0.991704
   1.067361
   1.831005
   1.8951149999999999
   1.941641
   1.9744359999999999
   1.991748
   1.988677
   1.9777439999999997
   1.941739
   1.8980789999999998
   1.8326129999999998
   1.067372
   0.99137
   0.924025
   0.8602849999999999
   0.800574
   0.7439089999999999
   0.692228
   0.642662
   0.599924
   0.5581719999999999
   0.5213949999999999
   0.482619
   0.45206399999999997
   0.418767
   0.389428
   0.362456
   0.337763
   0.31387
   0.291587
   0.27310799999999996
   0.253816
   0.23587299999999997
   0.219049
   0.203236
   0.189936
   0.17593799999999998
   0.16545899999999997
   0.152206
   0.142555
   0.132341
   0.12262699999999999
   0.11349599999999999
   0.106386
   0.09887
   0.092108
   0.08628
   0.079704
   0.073879
   0.068769
   0.06406099999999999
   0.06018899999999999
   0.055855999999999996
   0.051348
   0.048443999999999994
   0.04451
   0.041632999999999996
   0.038964
   0.036288999999999995
   0.033513
   0.032139999999999995
   0.029185
   0.027794999999999997
   0.024973999999999996
   0.023965
   0.022019
   0.020447999999999997
   0.018967
   0.017568
   0.016221
   0.015084
   0.014181
   0.013382999999999999
   0.01268
   0.011379999999999998
   0.010818
   0.009856
   0.00924
   0.008771999999999999
   0.008138999999999999
   0.007697
   0.006937999999999999
   0.006524
   0.0060420000000000005
   0.005561999999999999
   0.005134
   0.004704
   0.004595
   0.004235999999999999
   0.003897
   0.0037839999999999996
   0.0033009999999999997
   0.003062
   0.0028029999999999995
   0.0027349999999999996
   0.002526
   0.002222
   0.002085
   0.002093
   0.001816
   0.001753
   0.001544
   0.001429
   0.001352
   0.0012
   0.0012449999999999998
   0.0011129999999999998
   0.0010799999999999998
   0.00101
   0.00087
   0.0008279999999999999
   0.000847
   0.000738
   0.000638
   0.000707
   0.0006119999999999999
   0.00055
   0.00052
   0.00042500000000000003
   0.00043
   0.000387
   0.000383
   0.000352
   0.000313
   0.000298
   0.00030599999999999996
   0.00025499999999999996
   0.000251
   0.00023799999999999998
   0.000275
   0.000167
   0.000173
   0.000227
   0.00016299999999999998
   0.00014
   0.000129
   0.000104
   0.000116
   0.00010099999999999999
   9.4e-05
   9.2e-05
   8.6e-05
   7.599999999999999e-05
   6.8e-05
   7.099999999999999e-05
   7.099999999999999e-05
   5e-05
   4.7999999999999994e-05
   5.4e-05
   5.4e-05
   5e-05
   4.4e-05
   3.9999999999999996e-05
   2.5e-05
   2.7e-05
   2.2e-05
   3.0999999999999995e-05
   3.5999999999999994e-05
   1.1999999999999999e-05
   1.3e-05
   1.3999999999999998e-05
   1.7e-05
   1.9999999999999998e-05
   9.999999999999999e-06
   9.999999999999999e-06
   1.3e-05
   1.3999999999999998e-05
   1.7e-05
   1.7e-05
   5.999999999999999e-06
   8e-06
   5.999999999999999e-06
   6.999999999999999e-06
   4e-06
   2.9999999999999997e-06
   5.999999999999999e-06
   4.9999999999999996e-06
   2e-06
   1e-06
   2.9999999999999997e-06
   0.0
   2.9999999999999997e-06
   2.9999999999999997e-06
   6.999999999999999e-06
   2e-06
   0.0
   0.0
   2.9999999999999997e-06
   2e-06
   2.9999999999999997e-06
   2e-06
   2e-06
   0.0
   0.0
   0.0
   0.0
   2e-06
   0.0
   0.0
   0.0
   0.0
   0.0
   0.0
   1e-06
   0.0
   0.0
   0.0
   0.0
   0.0
   0.0
   0.0
   0.0
   0.0
   1e-06
   0.0
   0.0
   0.0
   0.0
   0.0
   0.0
   0.0
   0.0
   0.0
   0.0
   0.0
   0.0
   0.0
   0.0
   1e-06
   0.0
   0.0
   0.0
   0.0
   0.0
   0.0
   0.0
   0.0
   0.0
   0.0
   0.0
   0.0
   0.0
   0.0
   0.0
   0.0
   0.0
   0.0
   0.0
   0.0
   0.0
   0.0
   0.0
   0.0
   0.0
   0.0
   0.0
   0.0
   0.0
   0.0
   0.0
   0.0
   0.0
   0.0
   0.0
   0.0
   0.0
   0.0
   0.0
   0.0
   0.0
   0.0
   0.0
   0.0
   0.0
   0.0
   0.0
   0.0
   0.0
   0.0
   0.0
   0.0
   0.0
   0.0
   0.0
   0.0
   0.0
   0.0
   0.0
   0.0
   0.0
   0.0
   0.0
   0.0
   0.0
   0.0
   0.0
   0.0
   0.0
   0.0
   0.0
   0.0
   0.0
   0.0
   0.0
   0.0
   0.0
