   0.0
   0.0
   0.0
   0.0
   0.0
   0.0
   0.0
   0.0
   0.0
   0.0
   0.0
   0.0
   0.0
   0.0
   0.0
   0.0
   0.0
   0.0
   0.0
   0.0
   0.0
   0.0
   0.0
   0.0
   0.0
   0.0
   0.0
   0.0
   0.0
   0.0
   0.0
   0.0
   0.0
   0.0
   0.0
   0.0
   0.0
   0.0
   0.0
   0.0
   0.0
   0.0
   0.0
   0.0
   0.0
   0.0
   0.0
   0.0
   0.0
   0.0
   0.0
   0.0
   0.0
   0.0
   0.0
   0.0
   0.0
   0.0
   0.0
   0.0
   0.0
   0.0
   0.0
   0.0
   0.0
   0.0
   0.0
   0.0
   0.0
   0.0
   0.0
   0.0
   0.0
   0.0
   0.0
   0.0
   0.0
   0.0
   0.0
   0.0
   0.0
   1e-06
   0.0
   0.0
   0.0
   0.0
   0.0
   0.0
   0.0
   0.0
   0.0
   0.0
   0.0
   0.0
   0.0
   0.0
   1e-06
   0.0
   0.0
   5.999999999999999e-06
   0.0
   0.0
   0.0
   1e-06
   0.0
   1e-06
   1e-06
   0.0
   0.0
   2.9999999999999997e-06
   0.0
   0.0
   1e-06
   2e-06
   1e-06
   0.0
   2.9999999999999997e-06
   0.0
   0.0
   1e-06
   0.0
   1e-06
   0.0
   4.9999999999999996e-06
   2.9999999999999997e-06
   4e-06
   1e-06
   1e-06
   2.9999999999999997e-06
   0.0
   0.0
   0.0
   2e-06
   1e-06
   0.0
   1e-06
   4e-06
   2e-06
   5.999999999999999e-06
   4e-06
   5.999999999999999e-06
   0.0
   0.0
   2e-06
   2.9999999999999997e-06
   2.9999999999999997e-06
   2.9999999999999997e-06
   5.999999999999999e-06
   4.9999999999999996e-06
   4e-06
   2e-06
   8.999999999999999e-06
   6.999999999999999e-06
   1.1999999999999999e-05
   1.3e-05
   1.1e-05
   9.999999999999999e-06
   8e-06
   1.3999999999999998e-05
   4e-06
   8.999999999999999e-06
   1.3e-05
   6.999999999999999e-06
   4.9999999999999996e-06
   8.999999999999999e-06
   3e-05
   5.999999999999999e-06
   9.999999999999999e-06
   9.999999999999999e-06
   8e-06
   8.999999999999999e-06
   6.999999999999999e-06
   8.999999999999999e-06
   3.5999999999999994e-05
   9.999999999999999e-06
   1.3e-05
   1.8999999999999998e-05
   2.5e-05
   2.0999999999999995e-05
   4.6e-05
   2.6e-05
   2.7999999999999996e-05
   2.3999999999999997e-05
   2.0999999999999995e-05
   2.2e-05
   3.0999999999999995e-05
   4.899999999999999e-05
   3.0999999999999995e-05
   2.9e-05
   4.4e-05
   6.1e-05
   4.7999999999999994e-05
   5.1e-05
   6.3e-05
   5.9e-05
   4.4e-05
   4.899999999999999e-05
   3.2e-05
   6.7e-05
   7.199999999999999e-05
   7.5e-05
   6.6e-05
   7e-05
   6.8e-05
   7.599999999999999e-05
   8.999999999999999e-05
   9.5e-05
   8.499999999999999e-05
   9.3e-05
   0.00010499999999999999
   0.00011199999999999998
   0.000116
   0.00012099999999999999
   0.00011399999999999999
   0.00015299999999999998
   0.000136
   0.00017999999999999998
   0.000166
   0.000178
   0.00020999999999999998
   0.000183
   0.000208
   0.00020199999999999998
   0.000232
   0.00025
   0.00025499999999999996
   0.00024799999999999996
   0.00027299999999999997
   0.00030599999999999996
   0.00029099999999999997
   0.000355
   0.000374
   0.000365
   0.000387
   0.00040399999999999995
   0.00044899999999999996
   0.000466
   0.000503
   0.000545
   0.0005729999999999999
   0.0005729999999999999
   0.000621
   0.000687
   0.0007059999999999999
   0.0006889999999999999
   0.000721
   0.0008449999999999999
   0.000797
   0.000905
   0.000922
   0.000927
   0.000989
   0.001022
   0.001171
   0.0012079999999999999
   0.001249
   0.0013669999999999997
   0.0013019999999999998
   0.001517
   0.0014349999999999999
   0.0016279999999999999
   0.0016559999999999997
   0.001763
   0.0018110000000000001
   0.0018780000000000001
   0.0019939999999999997
   0.0021449999999999998
   0.00242
   0.002414
   0.002482
   0.0026049999999999997
   0.002809
   0.0029409999999999996
   0.003105
   0.003322
   0.003365
   0.003671
   0.003821
   0.004067
   0.004435
   0.0046229999999999995
   0.004906999999999999
   0.005199999999999999
   0.00537
   0.005856999999999999
   0.005932999999999999
   0.00603
   0.006581
   0.006807
   0.007077999999999999
   0.007864999999999999
   0.008043999999999999
   0.00861
   0.009049999999999999
   0.009538
   0.010085999999999998
   0.010614
   0.011386
   0.011624
   0.012291999999999999
   0.012968
   0.013711000000000001
   0.014632
   0.015312
   0.016336
   0.016786
   0.0179
   0.019013
   0.019999
   0.021399
   0.022128999999999996
   0.023086999999999996
   0.024570999999999996
   0.025858999999999997
   0.027501
   0.028666999999999998
   0.029692999999999997
   0.032011
   0.033332999999999995
   0.035206999999999995
   0.037634
   0.039281
   0.041821
   0.04385
   0.046277
   0.048343
   0.051713999999999996
   0.054636
   0.057207999999999995
   0.05934
   0.06359899999999999
   0.066213
   0.070832
   0.074105
   0.078405
   0.082104
   0.08614999999999999
   0.09170899999999998
   0.096755
   0.10197599999999998
   0.108263
   0.11295299999999998
   0.120056
   0.12475999999999998
   0.13250499999999998
   0.139301
   0.147053
   0.156099
   0.163175
   0.17175699999999997
   0.18136099999999997
   0.190785
   0.20266699999999999
   0.21308299999999997
   0.22346999999999997
   0.23742699999999997
   0.248506
   0.26291499999999995
   0.277298
   0.292462
   0.30816
   0.32477899999999993
   0.342338
   0.361389
   0.37976999999999994
   0.400894
   0.421464
   0.44551199999999996
   0.46814599999999995
   0.495931
   0.522014
   0.550206
   0.579548
   0.6101319999999999
   0.6446219999999999
   0.679705
   0.71845
   0.7581559999999999
   0.7970869999999999
   0.838912
   0.88555
   0.9314509999999999
   0.983147
   1.0348659999999998
   1.091496
   1.1512529999999999
   1.216634
   1.280117
   1.344776
   1.4169559999999999
   1.496627
   1.577736
   1.6615479999999998
   1.750041
   1.846916
   2.683125
   2.763166
   2.818586
   2.867944
   2.8858499999999996
   2.8857019999999998
   2.8630519999999997
   2.820443
   2.760471
   2.683255
   1.8488229999999999
   1.750558
   1.66132
   1.57581
   1.492378
   1.4208319999999999
   1.348935
   1.27717
   1.211952
   1.145744
   1.0907769999999999
   1.0325
   0.98196
   0.931112
   0.882018
   0.8388519999999999
   0.796283
   0.753158
   0.71707
   0.679167
   0.644417
   0.61073
   0.580058
   0.54848
   0.525365
   0.494985
   0.46952699999999997
   0.44461100000000003
   0.421969
   0.40143699999999993
   0.38029199999999996
   0.36249000000000003
   0.342894
   0.32485899999999995
   0.309243
   0.292303
   0.27767
   0.264354
   0.248274
   0.23493799999999998
   0.22408899999999998
   0.21288499999999996
   0.201559
   0.191172
   0.182464
   0.17230299999999998
   0.16333899999999998
   0.155167
   0.147777
   0.13928
   0.13330399999999998
   0.12612399999999999
   0.11816
   0.112405
   0.10764599999999999
   0.10165099999999999
   0.096588
   0.09120400000000001
   0.08697899999999999
   0.08216599999999999
   0.078209
   0.073699
   0.070116
   0.066844
   0.063592
   0.06137
   0.057327
   0.054046
   0.051989
   0.049104999999999996
   0.046165
   0.043747999999999995
   0.041359999999999994
   0.039122
   0.038069
   0.035404
   0.03351
   0.031802
   0.030914999999999998
   0.028519999999999997
   0.02709
   0.026091999999999997
   0.02447
   0.023348
   0.022311
   0.021015
   0.020113
   0.019319999999999997
   0.018247
   0.016909999999999998
   0.015854
   0.015652999999999997
   0.014365
   0.013881
   0.012943
   0.012291999999999999
   0.011798
   0.011132999999999999
   0.010537999999999999
   0.010085999999999998
   0.009526
   0.009045
   0.008551999999999999
   0.008140999999999999
   0.007956
   0.007412
   0.006834999999999999
   0.0067339999999999995
   0.006183999999999999
   0.006018
   0.005894999999999999
   0.005643
   0.0051270000000000005
   0.004804
   0.004443
   0.004287
   0.004063
   0.003915999999999999
   0.0037489999999999997
   0.003567
   0.0033159999999999995
   0.0032059999999999996
   0.003036
   0.003057
   0.002722
   0.0025109999999999998
   0.002421
   0.0023279999999999998
   0.002258
   0.0021049999999999997
   0.001883
   0.0017729999999999998
   0.001711
   0.001715
   0.0015259999999999998
   0.0014459999999999998
   0.00137
   0.001205
   0.0013009999999999999
   0.001252
   0.001109
   0.001116
   0.001019
   0.000953
   0.000986
   0.000886
   0.000844
   0.000838
   0.000749
   0.000685
   0.000722
   0.0006490000000000001
   0.0006289999999999999
   0.0005819999999999999
   0.000527
   0.0005759999999999999
   0.000514
   0.000516
   0.000464
   0.000436
   0.000388
   0.000464
   0.000372
   0.00031
   0.00035999999999999997
   0.000305
   0.000355
   0.00029899999999999995
   0.00025299999999999997
   0.000246
   0.000257
   0.000195
   0.000208
   0.000216
   0.00015999999999999999
   0.000186
   0.000178
   0.000166
   0.00015999999999999999
   0.00013499999999999997
   0.000138
   0.000137
   0.00014399999999999998
   0.000123
   9.5e-05
   0.000139
   0.000134
   0.0001
   0.000111
   9.7e-05
   7.9e-05
   8.399999999999998e-05
   6.4e-05
   5.4e-05
   6e-05
   6.5e-05
   3.9e-05
   4.199999999999999e-05
   5.599999999999999e-05
   5.3e-05
   3.5999999999999994e-05
   3.3e-05
   4.7999999999999994e-05
   3.0999999999999995e-05
   3.4e-05
   3.4e-05
   2.0999999999999995e-05
   2.6e-05
   3.4e-05
   2.2e-05
   2.7e-05
   2.3999999999999997e-05
   2.5e-05
   3.4e-05
   2.7e-05
   2.9e-05
   1.1999999999999999e-05
   2.3999999999999997e-05
   1.8999999999999998e-05
   1.1999999999999999e-05
   2.3999999999999997e-05
   1.1e-05
   1.3e-05
   1.8999999999999998e-05
   1.7999999999999997e-05
   1.3e-05
   1.1e-05
   1.7999999999999997e-05
   8e-06
   1.3e-05
   1.3999999999999998e-05
   9.999999999999999e-06
   4e-06
   1.1999999999999999e-05
   5.999999999999999e-06
   8.999999999999999e-06
   8e-06
   9.999999999999999e-06
   2e-06
   2.9999999999999997e-06
   8e-06
   0.0
   5.999999999999999e-06
   4.9999999999999996e-06
   2.9999999999999997e-06
   6.999999999999999e-06
   2.9999999999999997e-06
   2.9999999999999997e-06
   2.9999999999999997e-06
   4e-06
   2.9999999999999997e-06
   1e-06
   2e-06
   2.9999999999999997e-06
   0.0
   2.9999999999999997e-06
   1e-06
   9.999999999999999e-06
   2e-06
   0.0
   0.0
   1e-06
   2.9999999999999997e-06
   2.9999999999999997e-06
   2.9999999999999997e-06
   2e-06
   2e-06
   5.999999999999999e-06
   5.999999999999999e-06
   0.0
   2e-06
   0.0
   0.0
   0.0
   0.0
   0.0
   0.0
   0.0
   0.0
   0.0
   0.0
   0.0
   0.0
   2e-06
   0.0
   0.0
   1e-06
   1e-06
   0.0
   0.0
   0.0
   2.9999999999999997e-06
   0.0
   0.0
   0.0
   2.9999999999999997e-06
   0.0
   0.0
   0.0
   0.0
   0.0
   0.0
   0.0
   0.0
   0.0
   0.0
   0.0
   0.0
   0.0
   0.0
   0.0
   0.0
   0.0
   0.0
   0.0
   0.0
   0.0
   0.0
   0.0
   0.0
   0.0
   0.0
   0.0
   0.0
   0.0
   0.0
   0.0
   0.0
   0.0
   0.0
   0.0
   0.0
   0.0
   0.0
   0.0
   0.0
   0.0
   0.0
   0.0
   0.0
   0.0
   0.0
   0.0
   0.0
   0.0
   0.0
   0.0
   0.0
   0.0
   0.0
   0.0
   0.0
   0.0
   0.0
   0.0
   0.0
   0.0
   0.0
   0.0
   0.0
   0.0
   0.0
   0.0
   0.0
   0.0
   0.0
   0.0
   0.0
   0.0
   0.0
   0.0
   0.0
   0.0
   0.0
   0.0
   0.0
   0.0
   0.0
   0.0
   0.0
   0.0
   0.0
   0.0
   0.0
   0.0
   0.0
   0.0
   0.0
   0.0
   0.0
   0.0
   0.0
   0.0
   0.0
   0.0
