   0.0
   0.0
   0.0
   0.0
   0.0
   0.0
   0.0
   0.0
   0.0
   0.0
   0.0
   0.0
   0.0
   0.0
   0.0
   0.0
   0.0
   0.0
   0.0
   0.0
   0.0
   0.0
   0.0
   0.0
   0.0
   0.0
   0.0
   0.0
   0.0
   0.0
   0.0
   0.0
   0.0
   0.0
   0.0
   0.0
   0.0
   0.0
   0.0
   0.0
   0.0
   0.0
   0.0
   0.0
   0.0
   0.0
   0.0
   0.0
   0.0
   0.0
   0.0
   0.0
   0.0
   0.0
   0.0
   0.0
   0.0
   0.0
   0.0
   0.0
   0.0
   0.0
   0.0
   0.0
   0.0
   0.0
   0.0
   0.0
   0.0
   0.0
   0.0
   0.0
   0.0
   0.0
   0.0
   0.0
   2e-06
   0.0
   0.0
   0.0
   0.0
   2e-06
   1e-06
   1e-06
   2e-06
   0.0
   2e-06
   0.0
   0.0
   0.0
   2e-06
   4e-06
   1e-06
   2e-06
   2e-06
   0.0
   1e-06
   4.9999999999999996e-06
   4.9999999999999996e-06
   2e-06
   5.999999999999999e-06
   8e-06
   2e-06
   1.1999999999999999e-05
   1.3999999999999998e-05
   9.999999999999999e-06
   4e-06
   1.3999999999999998e-05
   1.1e-05
   1.6e-05
   1.7e-05
   2.2e-05
   2.2e-05
   2.6e-05
   2.2e-05
   2.9e-05
   4.4e-05
   2.7e-05
   4.7e-05
   5.3e-05
   5.3e-05
   7e-05
   5.6999999999999996e-05
   7.099999999999999e-05
   0.000103
   8.3e-05
   0.00013299999999999998
   0.000118
   0.000158
   0.000167
   0.00016799999999999996
   0.000176
   0.00018499999999999997
   0.00026199999999999997
   0.00026599999999999996
   0.000301
   0.00033999999999999997
   0.000422
   0.000493
   0.000517
   0.000557
   0.000638
   0.000687
   0.000797
   0.000904
   0.000996
   0.0011589999999999999
   0.001184
   0.0014589999999999998
   0.0015890000000000001
   0.001772
   0.002039
   0.002244
   0.002463
   0.002708
   0.0033119999999999994
   0.0036220000000000002
   0.004046
   0.004684
   0.0050799999999999994
   0.005693999999999999
   0.006359
   0.007094999999999999
   0.008102
   0.009172999999999999
   0.01023
   0.011425
   0.013064999999999998
   0.014641
   0.016288999999999998
   0.018209
   0.020523999999999997
   0.023003
   0.026270999999999996
   0.029280999999999998
   0.032736999999999995
   0.03689
   0.041425000000000003
   0.046224999999999995
   0.052069000000000004
   0.05848899999999999
   0.065676
   0.07380199999999999
   0.082663
   0.093355
   0.10488499999999999
   0.11693999999999999
   0.131996
   0.148134
   0.165905
   0.18595799999999998
   0.20989299999999997
   0.23573899999999998
   0.264644
   0.297633
   0.842065
   0.873042
   0.8934409999999999
   0.906426
   0.9131889999999999
   0.915447
   0.9076639999999999
   0.896262
   0.871056
   0.8440169999999999
   0.29754099999999994
   0.264127
   0.23589100000000002
   0.20935700000000002
   0.18677
   0.16605899999999998
   0.147419
   0.131399
   0.11785
   0.10515899999999999
   0.092234
   0.08232099999999999
   0.07395399999999999
   0.065907
   0.058563
   0.052242
   0.046440999999999996
   0.041394999999999994
   0.036652
   0.03311
   0.029229999999999996
   0.026161999999999998
   0.023448999999999998
   0.020720999999999996
   0.018028
   0.016347999999999998
   0.014445
   0.013003999999999998
   0.011697999999999998
   0.010405
   0.009101
   0.007947
   0.007226
   0.0063750000000000005
   0.0056619999999999995
   0.005119
   0.004409
   0.004137999999999999
   0.003623
   0.0032059999999999996
   0.0028049999999999998
   0.0025329999999999997
   0.002335
   0.0020959999999999998
   0.00182
   0.0016
   0.0014269999999999999
   0.0012879999999999999
   0.001101
   0.001033
   0.000911
   0.0008179999999999999
   0.000748
   0.000692
   0.000601
   0.0005189999999999999
   0.000441
   0.000394
   0.00035099999999999997
   0.000316
   0.000301
   0.000254
   0.00024099999999999998
   0.000205
   0.00020299999999999997
   0.00017399999999999997
   0.000148
   0.000137
   0.000109
   8.9e-05
   8.9e-05
   9.9e-05
   8.1e-05
   7.9e-05
   5.2e-05
   3.9999999999999996e-05
   2.5e-05
   4.7999999999999994e-05
   3e-05
   2.6e-05
   2.2e-05
   3.4e-05
   2.0999999999999995e-05
   1.7e-05
   9.999999999999999e-06
   1.8999999999999998e-05
   1.3e-05
   1.5e-05
   8.999999999999999e-06
   1.3999999999999998e-05
   8.999999999999999e-06
   5.999999999999999e-06
   4e-06
   4.9999999999999996e-06
   6.999999999999999e-06
   2e-06
   2e-06
   5.999999999999999e-06
   6.999999999999999e-06
   1e-06
   2e-06
   2.9999999999999997e-06
   4.9999999999999996e-06
   4.9999999999999996e-06
   2.9999999999999997e-06
   2.9999999999999997e-06
   0.0
   0.0
   2e-06
   1e-06
   0.0
   0.0
   0.0
   2.9999999999999997e-06
   1e-06
   0.0
   0.0
   0.0
   0.0
   0.0
   0.0
   0.0
   0.0
   0.0
   0.0
   0.0
   0.0
   0.0
   0.0
   0.0
   0.0
   0.0
   0.0
   0.0
   0.0
   0.0
   0.0
   0.0
   0.0
   0.0
   0.0
   0.0
   0.0
   0.0
   0.0
   0.0
   0.0
   0.0
   0.0
   0.0
   0.0
   0.0
   0.0
   0.0
   0.0
   0.0
   0.0
   0.0
   0.0
   0.0
   0.0
   0.0
   0.0
   0.0
   0.0
   0.0
   0.0
   0.0
   0.0
   0.0
   0.0
   0.0
   0.0
   0.0
   0.0
   0.0
   0.0
   0.0
   0.0
   0.0
   0.0
   0.0
   0.0
   0.0
   0.0
   0.0
   0.0
   0.0
   0.0
   0.0
   0.0
   0.0
   0.0
   0.0
   0.0
