   1.53928
   1.93276
   2.0075
   2.01574
   2.01668
   2.0241
   2.00752
   2.01542
   2.0331200000000003
   2.0243
   2.03066
   2.02936
   2.02164
   2.03862
   2.01008
   2.0172
   2.02144
   2.01224
   2.01332
   2.0186800000000003
   2.0254600000000003
   2.02006
   2.01914
   2.0126999999999997
   2.0254600000000003
   2.0288
   2.01584
   2.0186200000000003
   2.01776
   2.02612
   2.0265600000000004
   2.02776
   2.01704
   2.02084
   2.0173
   2.01296
   2.02552
   2.02192
   2.0122
   2.0201000000000002
   2.01758
   2.01422
   2.02262
   2.02056
   2.02648
   2.0138
   2.02584
   2.01874
   2.01434
   2.01008
   2.0263
   2.023
   2.01792
   2.01286
   2.0254399999999997
   2.0153
   2.01044
   2.02312
   2.02384
   2.0274199999999998
   2.02002
   2.01756
   2.01514
   2.03244
   2.0262
   2.02588
   2.01516
   2.02562
   2.0153
   2.02772
   2.02432
   2.0114199999999998
   2.0248
   2.01962
   2.02612
   2.01292
   2.01972
   2.0164999999999997
   2.01112
   2.01282
   2.02548
   2.0162
   2.01606
   2.02734
   2.0216600000000002
   2.0262599999999997
   2.01676
   2.01492
   2.0201000000000002
   2.03024
   2.01382
   2.02366
   2.02404
   2.00714
   2.02766
   2.02718
   2.01672
   2.0013
   1.93782
   1.5321
