   1e-06
   0.0
   1e-06
   0.0
   0.0
   1e-06
   2.9999999999999997e-06
   2e-06
   1e-06
   4e-06
   2.9999999999999997e-06
   6.999999999999999e-06
   4e-06
   8e-06
   2.9999999999999997e-06
   9.999999999999999e-06
   1.1999999999999999e-05
   1.3e-05
   8.999999999999999e-06
   1.1e-05
   1.1999999999999999e-05
   2.3e-05
   1.5e-05
   1.9999999999999998e-05
   2.3999999999999997e-05
   1.8999999999999998e-05
   1.9999999999999998e-05
   3.3e-05
   4.6e-05
   3.9999999999999996e-05
   6e-05
   5.6999999999999996e-05
   7e-05
   7.8e-05
   9.4e-05
   0.0001
   0.00010699999999999999
   0.00014399999999999998
   0.000125
   0.00014199999999999998
   0.000169
   0.000195
   0.000236
   0.000268
   0.000261
   0.000332
   0.000421
   0.000469
   0.0005009999999999999
   0.0005909999999999999
   0.000691
   0.0007059999999999999
   0.0008619999999999999
   0.000932
   0.001122
   0.001303
   0.001399
   0.0015779999999999998
   0.001896
   0.002116
   0.002348
   0.002699
   0.003116
   0.003518
   0.004141
   0.004595999999999999
   0.005088
   0.006110999999999999
   0.0066489999999999995
   0.007592999999999999
   0.008697
   0.009902999999999999
   0.011429
   0.01293
   0.014343999999999999
   0.016574
   0.018726999999999997
   0.021275999999999996
   0.024512
   0.027840999999999998
   0.031660999999999995
   0.035879999999999995
   0.040663
   0.046535999999999994
   0.052695
   0.059630999999999997
   0.068673
   0.07825599999999999
   0.088242
   0.100395
   0.11485999999999999
   0.13051
   0.147942
   0.168145
   0.191236
   0.66071
   0.683062
   0.698259
   0.708955
   0.7141519999999999
   0.714785
   0.7085729999999999
   0.6990959999999999
   0.682769
   0.6628779999999999
   0.19113399999999997
   0.167764
   0.14807099999999998
   0.130054
   0.114055
   0.10078899999999999
   0.087836
   0.077577
   0.068009
   0.060383
   0.052846000000000004
   0.046345
   0.041026999999999994
   0.035677
   0.031701
   0.027788999999999998
   0.024099
   0.021481999999999998
   0.019006
   0.016516
   0.014561000000000001
   0.012759
   0.011138999999999998
   0.009968
   0.008617999999999999
   0.007736
   0.006822
   0.005919999999999999
   0.005176999999999999
   0.004633999999999999
   0.00401
   0.003518
   0.0031149999999999997
   0.00276
   0.00245
   0.0021139999999999996
   0.001922
   0.001743
   0.001452
   0.00131
   0.001102
   0.000978
   0.0008509999999999999
   0.000792
   0.000669
   0.0006069999999999999
   0.000478
   0.000447
   0.00040299999999999993
   0.000303
   0.00032599999999999996
   0.000267
   0.000236
   0.0002
   0.000169
   0.000158
   0.000139
   0.000122
   0.00010699999999999999
   8.1e-05
   7.999999999999999e-05
   7.8e-05
   5.6999999999999996e-05
   6.6e-05
   4.3e-05
   4.3e-05
   3.4e-05
   3.5999999999999994e-05
   2.3e-05
   3.4e-05
   1.6e-05
   1.7e-05
   1.7999999999999997e-05
   1.8999999999999998e-05
   1.7e-05
   1.5e-05
   1.3999999999999998e-05
   1.5e-05
   4.9999999999999996e-06
   6.999999999999999e-06
   4.9999999999999996e-06
   9.999999999999999e-06
   8e-06
   4e-06
   0.0
   4.9999999999999996e-06
   4e-06
   2.9999999999999997e-06
   1e-06
   2e-06
   2e-06
   1e-06
   2e-06
   0.0
   0.0
