   3.1419
   4.37436
   4.78882
   4.92098
   5.00162
   4.99412
   5.0107800000000005
   4.9986999999999995
   5.008859999999999
   4.9905
   5.00848
   5.008979999999999
   5.0106
   5.00836
   5.020779999999999
   5.006399999999999
   5.0055000000000005
   4.99566
   5.01072
   5.009799999999999
   5.0046
   4.96626
   4.97738
   4.97638
   4.9896
   5.002560000000001
   4.99712
   4.99842
   5.01642
   4.980919999999999
   4.97818
   4.9865
   4.9934
   5.0067
   4.962960000000001
   4.9933
   4.9939
   4.9897
   4.983420000000001
   4.96874
   4.98544
   4.9961400000000005
   5.00472
   4.98402
   4.98916
   4.97354
   5.0314
   5.03042
   5.03546
   5.0259
   5.0275
   4.99864
   4.99352
   5.02018
   4.9870600000000005
   5.02946
   5.012239999999999
   5.00566
   5.00242
   5.02562
   5.01942
   4.9896
   4.997920000000001
   4.97772
   4.9869200000000005
   5.00296
   4.99128
   4.98704
   5.00474
   4.97014
   4.9912
   5.014819999999999
   4.98324
   5.01128
   5.013920000000001
   5.00474
   5.00094
   4.9961400000000005
   5.00536
   5.00082
   4.99404
   5.0161999999999995
   5.00506
   5.00132
   5.02076
   5.02254
   4.99306
   5.01086
   4.97938
   5.0077799999999995
   5.024760000000001
   4.9806799999999996
   4.97692
   5.0092
   4.99144
   4.97178
   4.92252
   4.80288
   4.37932
   3.14336
