   0.0
   0.0
   0.0
   0.0
   0.0
   0.0
   0.0
   0.0
   0.0
   0.0
   0.0
   0.0
   0.0
   0.0
   0.0
   0.0
   0.0
   0.0
   0.0
   0.0
   0.0
   0.0
   0.0
   0.0
   0.0
   0.0
   0.0
   0.0
   0.0
   0.0
   0.0
   0.0
   0.0
   0.0
   0.0
   0.0
   0.0
   0.0
   0.0
   0.0
   0.0
   0.0
   0.0
   0.0
   0.0
   0.0
   0.0
   0.0
   0.0
   0.0
   0.0
   0.0
   0.0
   0.0
   0.0
   0.0
   0.0
   0.0
   0.0
   0.0
   0.0
   0.0
   0.0
   0.0
   0.0
   0.0
   0.0
   0.0
   0.0
   0.0
   0.0
   0.0
   0.0
   0.0
   0.0
   0.0
   0.0
   0.0
   0.0
   0.0
   0.0
   0.0
   0.0
   0.0
   0.0
   0.0
   0.0
   0.0
   0.0
   0.0
   0.0
   0.0
   0.0
   0.0
   0.0
   0.0
   0.0
   0.0
   0.0
   0.0
   0.0
   0.0
   0.0
   0.0
   1.9999999999999998e-05
   0.0
   0.0
   0.0
   0.0
   0.0
   0.0
   0.0
   0.0
   0.0
   0.0
   1.9999999999999998e-05
   0.0
   0.0
   0.0
   0.0
   0.0
   0.0
   0.0
   0.0
   0.0
   0.0
   0.0
   0.0
   0.0
   0.0
   0.0
   0.0
   0.0
   0.0
   1.9999999999999998e-05
   0.0
   0.0
   0.0
   0.0
   0.0
   0.0
   0.0
   0.0
   0.0
   0.0
   0.0
   0.0
   0.0
   0.0
   0.0
   0.0
   0.0
   0.0
   0.0
   0.0
   0.0
   0.0
   0.0
   0.0
   0.0
   0.0
   0.0
   0.0
   0.0
   0.0
   0.0
   0.0
   0.0
   1.9999999999999998e-05
   0.0
   0.0
   0.0
   0.0
   0.0
   0.0
   0.0
   0.0
   0.0
   1.9999999999999998e-05
   0.0
   0.0
   0.0
   0.0
   0.0
   1.9999999999999998e-05
   0.0
   0.0
   1.9999999999999998e-05
   0.0
   1.9999999999999998e-05
   0.0
   1.9999999999999998e-05
   0.0
   0.0
   0.0
   0.0
   0.0
   1.9999999999999998e-05
   1.9999999999999998e-05
   1.9999999999999998e-05
   0.0
   0.0
   1.9999999999999998e-05
   1.9999999999999998e-05
   0.0
   1.9999999999999998e-05
   3.9999999999999996e-05
   0.0
   1.9999999999999998e-05
   0.0
   1.9999999999999998e-05
   1.9999999999999998e-05
   3.9999999999999996e-05
   0.0
   0.0
   1.9999999999999998e-05
   1.9999999999999998e-05
   6e-05
   1.9999999999999998e-05
   1.9999999999999998e-05
   0.0001
   7.999999999999999e-05
   1.9999999999999998e-05
   1.9999999999999998e-05
   3.9999999999999996e-05
   7.999999999999999e-05
   7.999999999999999e-05
   0.00015999999999999999
   3.9999999999999996e-05
   0.0
   7.999999999999999e-05
   7.999999999999999e-05
   6e-05
   6e-05
   6e-05
   0.0
   6e-05
   0.00015999999999999999
   6e-05
   0.0002
   0.00017999999999999998
   0.0001
   0.00015999999999999999
   0.00012
   0.00014
   0.00021999999999999998
   0.00026
   0.0002
   0.0001
   0.0002
   0.00015999999999999999
   0.00028
   0.0003
   0.00021999999999999998
   0.0002
   0.00035999999999999997
   0.0003
   0.00028
   0.00038
   0.00035999999999999997
   0.00041999999999999996
   0.00038
   0.0004
   0.00038
   0.0005
   0.00038
   0.00045999999999999996
   0.0005
   0.00058
   0.0005399999999999999
   0.0005
   0.00062
   0.0006999999999999999
   0.00062
   0.0007399999999999999
   0.0006
   0.0007199999999999999
   0.00066
   0.00096
   0.001
   0.0009199999999999999
   0.00124
   0.0011799999999999998
   0.00132
   0.00124
   0.00142
   0.0014799999999999998
   0.00124
   0.0018
   0.00162
   0.00154
   0.00152
   0.0016599999999999998
   0.0014999999999999998
   0.0018799999999999997
   0.0022199999999999998
   0.00208
   0.0025
   0.0019
   0.0026999999999999997
   0.00244
   0.00312
   0.00322
   0.0025399999999999997
   0.0031799999999999997
   0.00374
   0.0038799999999999998
   0.00364
   0.00392
   0.004059999999999999
   0.00456
   0.00454
   0.0054399999999999995
   0.005599999999999999
   0.00496
   0.006359999999999999
   0.00692
   0.00634
   0.00684
   0.00652
   0.007699999999999999
   0.008159999999999999
   0.0081
   0.008639999999999998
   0.00968
   0.0103
   0.00992
   0.0103
   0.010859999999999998
   0.01198
   0.012199999999999999
   0.012719999999999999
   0.013519999999999999
   0.01496
   0.0152
   0.01704
   0.016839999999999997
   0.019659999999999997
   0.019799999999999998
   0.0206
   0.02166
   0.0219
   0.02352
   0.024999999999999998
   0.02598
   0.0271
   0.029959999999999997
   0.03167999999999999
   0.033819999999999996
   0.033839999999999995
   0.036419999999999994
   0.03888
   0.04054
   0.04224
   0.04314
   0.04704
   0.05023999999999999
   0.05348
   0.05669999999999999
   0.06061999999999999
   0.0625
   0.06566
   0.06964
   0.07564
   0.07877999999999999
   0.0824
   0.08687999999999999
   0.092
   0.0972
   0.10746
   0.11136
   0.11879999999999999
   0.12583999999999998
   0.13682
   0.14368
   0.15594
   0.16262
   0.17498
   0.1883
   0.20646
   0.21812
   0.23123999999999997
   0.25251999999999997
   0.27443999999999996
   0.29481999999999997
   0.31918
   0.35124
   0.3815
   0.41988
   0.45226
   0.49827999999999995
   0.54926
   0.6047
   0.6718599999999999
   0.7408199999999999
   0.81256
   0.8787799999999999
   0.92296
   0.95182
   0.9605199999999999
   0.96688
   0.9600799999999999
   0.9132999999999999
   0.8687599999999999
   0.8147
   0.7383199999999999
   0.66884
   0.60588
   0.55638
   0.5042399999999999
   0.45596
   0.42144
   0.3816399999999999
   0.35212
   0.32155999999999996
   0.299
   0.27537999999999996
   0.25598
   0.23335999999999998
   0.21787999999999996
   0.20545999999999998
   0.18692
   0.17667999999999998
   0.16393999999999997
   0.15372
   0.14239999999999997
   0.13608
   0.12739999999999999
   0.12045999999999998
   0.11223999999999999
   0.10512
   0.0995
   0.09573999999999999
   0.08942
   0.08397999999999999
   0.07762
   0.07424
   0.0698
   0.06504
   0.06098
   0.057039999999999993
   0.05623999999999999
   0.05148
   0.051039999999999995
   0.047999999999999994
   0.04402
   0.04282
   0.04041999999999999
   0.03712
   0.03632
   0.03402
   0.031979999999999995
   0.03166
   0.02876
   0.027139999999999997
   0.02602
   0.024239999999999998
   0.023039999999999998
   0.02284
   0.02072
   0.01916
   0.018979999999999997
   0.017179999999999997
   0.01706
   0.01618
   0.01542
   0.0151
   0.014079999999999999
   0.0141
   0.013339999999999998
   0.01224
   0.0109
   0.010219999999999998
   0.0111
   0.010039999999999999
   0.00942
   0.00804
   0.00836
   0.008119999999999999
   0.008379999999999999
   0.00656
   0.00686
   0.0067
   0.005919999999999999
   0.006579999999999999
   0.005699999999999999
   0.005339999999999999
   0.005299999999999999
   0.00506
   0.0042
   0.004339999999999999
   0.004059999999999999
   0.00392
   0.00384
   0.0033799999999999998
   0.00326
   0.0027199999999999998
   0.00286
   0.00304
   0.00266
   0.00226
   0.0025399999999999997
   0.0025199999999999997
   0.0020399999999999997
   0.00182
   0.00212
   0.0020399999999999997
   0.0013999999999999998
   0.00154
   0.00192
   0.0014399999999999999
   0.00152
   0.0013599999999999999
   0.0012799999999999999
   0.0013999999999999998
   0.00112
   0.0012
   0.0010199999999999999
   0.00104
   0.001
   0.0008399999999999999
   0.0009
   0.0008799999999999999
   0.0006799999999999999
   0.0007199999999999999
   0.00066
   0.00066
   0.00066
   0.0006
   0.0005399999999999999
   0.00052
   0.00056
   0.00056
   0.00041999999999999996
   0.00038
   0.00028
   0.00033999999999999997
   0.00045999999999999996
   0.00035999999999999997
   0.00028
   0.00038
   0.0003
   0.0002
   0.00028
   0.00028
   0.0002
   0.0002
   0.0003
   0.00021999999999999998
   0.00024
   0.00026
   0.00017999999999999998
   0.00014
   0.0002
   0.00021999999999999998
   0.0001
   0.00015999999999999999
   0.0001
   0.0001
   7.999999999999999e-05
   6e-05
   0.0001
   0.00012
   0.00014
   7.999999999999999e-05
   6e-05
   3.9999999999999996e-05
   3.9999999999999996e-05
   6e-05
   3.9999999999999996e-05
   3.9999999999999996e-05
   0.0001
   1.9999999999999998e-05
   7.999999999999999e-05
   3.9999999999999996e-05
   1.9999999999999998e-05
   3.9999999999999996e-05
   6e-05
   3.9999999999999996e-05
   0.0
   1.9999999999999998e-05
   3.9999999999999996e-05
   0.0
   1.9999999999999998e-05
   0.0
   3.9999999999999996e-05
   1.9999999999999998e-05
   1.9999999999999998e-05
   3.9999999999999996e-05
   1.9999999999999998e-05
   3.9999999999999996e-05
   0.0
   0.0
   1.9999999999999998e-05
   0.0
   3.9999999999999996e-05
   0.0
   1.9999999999999998e-05
   1.9999999999999998e-05
   1.9999999999999998e-05
   1.9999999999999998e-05
   1.9999999999999998e-05
   0.0
   0.0
   3.9999999999999996e-05
   1.9999999999999998e-05
   0.0
   0.0
   0.0
   1.9999999999999998e-05
   1.9999999999999998e-05
   0.0
   1.9999999999999998e-05
   0.0
   0.0
   0.0
   0.0
   1.9999999999999998e-05
   0.0
   0.0
   0.0
   0.0
   1.9999999999999998e-05
   1.9999999999999998e-05
   0.0
   0.0
   1.9999999999999998e-05
   0.0
   0.0
   1.9999999999999998e-05
   0.0
   0.0
   0.0
   0.0
   0.0
   0.0
   0.0
   0.0
   0.0
   0.0
   0.0
   0.0
   0.0
   0.0
   0.0
   0.0
   0.0
   0.0
   0.0
   0.0
   0.0
   0.0
   0.0
   0.0
   0.0
   0.0
   0.0
   0.0
   1.9999999999999998e-05
   0.0
   0.0
   0.0
   0.0
   0.0
   0.0
   0.0
   0.0
   0.0
   0.0
   0.0
   0.0
   0.0
   0.0
   0.0
   0.0
   0.0
   0.0
   0.0
   0.0
   0.0
   0.0
   0.0
   0.0
   0.0
   0.0
   0.0
   0.0
   0.0
   0.0
   0.0
   0.0
   0.0
   0.0
   0.0
   0.0
   0.0
   0.0
   0.0
   0.0
   0.0
   0.0
   0.0
   0.0
   0.0
   0.0
   0.0
   0.0
   0.0
   0.0
   0.0
   0.0
   0.0
   0.0
   0.0
   0.0
   0.0
   0.0
   0.0
   0.0
   0.0
   0.0
   0.0
   0.0
   0.0
   0.0
   0.0
   0.0
   0.0
   0.0
   0.0
   0.0
   0.0
   0.0
   0.0
   0.0
   0.0
   0.0
   0.0
   0.0
   0.0
   0.0
   0.0
   0.0
   0.0
   0.0
   0.0
   0.0
   0.0
   0.0
   0.0
   0.0
   0.0
   0.0
   0.0
   0.0
   0.0
   0.0
   0.0
   0.0
   0.0
   0.0
   0.0
   0.0
   0.0
   0.0
   0.0
   0.0
   0.0
   0.0
   0.0
   0.0
   0.0
   0.0
   0.0
   0.0
   0.0
   0.0
   0.0
   0.0
   0.0
   0.0
   0.0
   0.0
   0.0
   0.0
   0.0
   0.0
   0.0
   0.0
   0.0
   0.0
   0.0
   0.0
   0.0
   0.0
   0.0
   0.0
   0.0
   0.0
   0.0
