   0.0
   0.0
   0.0
   0.0
   0.0
   0.0
   0.0
   0.0
   0.0
   0.0
   0.0
   0.0
   0.0
   0.0
   0.0
   0.0
   0.0
   0.0
   0.0
   0.0
   0.0
   0.0
   0.0
   0.0
   0.0
   0.0
   0.0
   0.0
   0.0
   0.0
   0.0
   0.0
   0.0
   0.0
   0.0
   0.0
   0.0
   0.0
   0.0
   0.0
   0.0
   0.0
   0.0
   0.0
   0.0
   0.0
   0.0
   0.0
   0.0
   0.0
   0.0
   0.0
   0.0
   0.0
   0.0
   0.0
   0.0
   0.0
   0.0
   0.0
   0.0
   0.0
   0.0
   0.0
   0.0
   0.0
   0.0
   0.0
   0.0
   0.0
   0.0
   0.0
   0.0
   0.0
   0.0
   0.0
   0.0
   0.0
   0.0
   0.0
   0.0
   0.0
   0.0
   0.0
   0.0
   0.0
   0.0
   0.0
   0.0
   0.0
   0.0
   0.0
   0.0
   0.0
   0.0
   0.0
   0.0
   0.0
   0.0
   0.0
   0.0
   0.0
   0.0
   0.0
   0.0
   0.0
   0.0
   0.0
   0.0
   0.0
   0.0
   0.0
   0.0
   0.0
   0.0
   0.0
   0.0
   0.0
   0.0
   0.0
   0.0
   0.0
   0.0
   0.0
   0.0
   0.0
   0.0
   0.0
   0.0
   0.0
   0.0
   0.0
   0.0
   0.0
   0.0
   0.0
   0.0
   0.0
   0.0
   0.0
   0.0
   0.0
   0.0
   0.0
   0.0
   1e-06
   0.0
   0.0
   0.0
   1e-06
   0.0
   1e-06
   1e-06
   0.0
   0.0
   2.9999999999999997e-06
   2.9999999999999997e-06
   0.0
   0.0
   2.9999999999999997e-06
   1e-06
   0.0
   0.0
   2e-06
   2.9999999999999997e-06
   1e-06
   2.9999999999999997e-06
   1.1999999999999999e-05
   1e-06
   6.999999999999999e-06
   2e-06
   5.999999999999999e-06
   4e-06
   4.9999999999999996e-06
   4e-06
   2.9999999999999997e-06
   1.1999999999999999e-05
   8e-06
   1.1999999999999999e-05
   1.1e-05
   8e-06
   4.9999999999999996e-06
   1.7999999999999997e-05
   1.8999999999999998e-05
   1.7e-05
   1.3999999999999998e-05
   1.1e-05
   2.3e-05
   3.5e-05
   3.2e-05
   2.0999999999999995e-05
   3.7999999999999995e-05
   3.3e-05
   3.5999999999999994e-05
   4.899999999999999e-05
   4.6e-05
   5.3e-05
   5.2e-05
   7.8e-05
   5.2e-05
   5.3e-05
   7.099999999999999e-05
   7.599999999999999e-05
   6.9e-05
   0.000103
   0.00010499999999999999
   0.000116
   0.000127
   0.00017900000000000001
   0.000169
   0.000177
   0.000183
   0.000232
   0.00025499999999999996
   0.000274
   0.00031
   0.000335
   0.00034799999999999995
   0.00035999999999999997
   0.000445
   0.000512
   0.000538
   0.000597
   0.000609
   0.0007419999999999999
   0.000788
   0.000815
   0.0008749999999999999
   0.00096
   0.001138
   0.0011699999999999998
   0.001398
   0.0015149999999999999
   0.0016449999999999998
   0.001765
   0.0021249999999999997
   0.0021969999999999997
   0.002329
   0.0027760000000000003
   0.003016
   0.003303
   0.003548
   0.0038109999999999997
   0.004404
   0.004712
   0.005366999999999999
   0.005611
   0.006148
   0.00688
   0.007556
   0.008336
   0.009262
   0.009901
   0.011276999999999999
   0.012001999999999999
   0.013108999999999999
   0.014957999999999999
   0.016235
   0.017629
   0.019476
   0.021332
   0.024265
   0.026695999999999998
   0.028842
   0.031802
   0.035035
   0.038107
   0.042259
   0.046395
   0.051319
   0.055951999999999995
   0.061458
   0.068183
   0.075349
   0.08312699999999999
   0.09036799999999999
   0.099647
   0.10975499999999999
   0.120616
   0.1328
   0.146738
   0.160907
   0.17688299999999998
   0.194449
   0.21379599999999999
   0.23570799999999997
   0.25894799999999996
   0.286514
   0.315075
   0.345005
   0.37778199999999995
   0.417582
   0.4597649999999999
   0.504362
   0.554703
   1.2145659999999998
   1.2583259999999998
   1.2905069999999998
   1.309654
   1.318828
   1.3212329999999999
   1.312047
   1.2896569999999998
   1.258226
   1.2110709999999998
   0.554994
   0.504906
   0.456624
   0.416249
   0.378107
   0.344662
   0.314127
   0.284544
   0.258501
   0.235541
   0.215113
   0.194375
   0.176394
   0.161073
   0.146091
   0.133186
   0.12099599999999999
   0.109177
   0.09981999999999999
   0.09099299999999999
   0.08272399999999999
   0.07501899999999999
   0.068357
   0.06215799999999999
   0.055986999999999995
   0.050975999999999994
   0.04632599999999999
   0.041901
   0.038472
   0.035087
   0.031851
   0.028843999999999998
   0.026029
   0.024136
   0.021981
   0.019699
   0.017446
   0.016465999999999998
   0.014859
   0.013542999999999998
   0.012347
   0.011188
   0.009963
   0.009092
   0.008074999999999999
   0.007316999999999999
   0.006934999999999999
   0.006145
   0.0056229999999999995
   0.0050810000000000004
   0.004625
   0.004225
   0.00397
   0.003489
   0.0030899999999999994
   0.002897
   0.0027129999999999997
   0.0024659999999999994
   0.002195
   0.001956
   0.001867
   0.001654
   0.001473
   0.0013889999999999998
   0.0012829999999999999
   0.001138
   0.0010409999999999998
   0.000868
   0.0008509999999999999
   0.0007729999999999999
   0.0007009999999999999
   0.0006789999999999999
   0.0005769999999999999
   0.000526
   0.000512
   0.000411
   0.000369
   0.00035099999999999997
   0.00031
   0.00024199999999999997
   0.000254
   0.000251
   0.000187
   0.000211
   0.000201
   0.000127
   0.000145
   0.000136
   8.499999999999999e-05
   0.00012399999999999998
   7.199999999999999e-05
   9.4e-05
   7.4e-05
   5.4e-05
   7.599999999999999e-05
   6.7e-05
   7.9e-05
   4.4e-05
   7.099999999999999e-05
   4.7999999999999994e-05
   4.6e-05
   3e-05
   2.7e-05
   3.4e-05
   2.3999999999999997e-05
   2.5e-05
   9.999999999999999e-06
   2.3e-05
   1.3e-05
   1.7999999999999997e-05
   1.1e-05
   1.5e-05
   9.999999999999999e-06
   1.3e-05
   6.999999999999999e-06
   4e-06
   6.999999999999999e-06
   4.9999999999999996e-06
   1.1999999999999999e-05
   4.9999999999999996e-06
   4.9999999999999996e-06
   9.999999999999999e-06
   2e-06
   1e-06
   4e-06
   5.999999999999999e-06
   4e-06
   2.9999999999999997e-06
   0.0
   1e-06
   1e-06
   0.0
   6.999999999999999e-06
   1e-06
   1e-06
   2e-06
   1e-06
   2.9999999999999997e-06
   0.0
   2e-06
   0.0
   4e-06
   0.0
   0.0
   1e-06
   1e-06
   1e-06
   0.0
   1e-06
   0.0
   1e-06
   0.0
   0.0
   0.0
   0.0
   2e-06
   0.0
   0.0
   0.0
   0.0
   0.0
   0.0
   1e-06
   0.0
   0.0
   0.0
   0.0
   0.0
   0.0
   0.0
   0.0
   0.0
   0.0
   0.0
   0.0
   0.0
   0.0
   0.0
   0.0
   0.0
   0.0
   0.0
   0.0
   0.0
   0.0
   0.0
   0.0
   0.0
   0.0
   0.0
   0.0
   0.0
   0.0
   0.0
   0.0
   0.0
   0.0
   0.0
   0.0
   0.0
   0.0
   0.0
   0.0
   0.0
   0.0
   0.0
   0.0
   0.0
   0.0
   0.0
   0.0
   0.0
   0.0
   0.0
   0.0
   0.0
   0.0
   0.0
   0.0
   0.0
   0.0
   0.0
   0.0
   0.0
   0.0
   0.0
   0.0
   0.0
   0.0
   0.0
   0.0
   0.0
   0.0
   0.0
   0.0
   0.0
   0.0
   0.0
   0.0
   0.0
   0.0
   0.0
   0.0
   0.0
   0.0
   0.0
   0.0
   0.0
   0.0
   0.0
   0.0
   0.0
   0.0
   0.0
   0.0
   0.0
   0.0
   0.0
   0.0
   0.0
   0.0
   0.0
   0.0
   0.0
   0.0
   0.0
   0.0
   0.0
   0.0
   0.0
   0.0
   0.0
   0.0
   0.0
   0.0
   0.0
   0.0
   0.0
   0.0
   0.0
   0.0
   0.0
   0.0
   0.0
   0.0
   0.0
   0.0
   0.0
   0.0
   0.0
   0.0
   0.0
   0.0
   0.0
   0.0
