   0.0
   0.0
   0.0
   0.0
   0.0
   0.0
   0.0
   0.0
   0.0
   0.0
   0.0
   0.0
   0.0
   0.0
   0.0
   0.0
   0.0
   0.0
   0.0
   0.0
   0.0
   0.0
   0.0
   0.0
   0.0
   0.0
   0.0
   0.0
   0.0
   0.0
   0.0
   0.0
   0.0
   0.0
   0.0
   0.0
   0.0
   0.0
   0.0
   0.0
   0.0
   0.0
   0.0
   0.0
   0.0
   0.0
   0.0
   0.0
   0.0
   0.0
   0.0
   0.0
   0.0
   0.0
   0.0
   0.0
   0.0
   0.0
   0.0
   0.0
   0.0
   0.0
   0.0
   0.0
   0.0
   0.0
   0.0
   0.0
   0.0
   0.0
   0.0
   0.0
   0.0
   0.0
   0.0
   0.0
   0.0
   0.0
   0.0
   0.0
   0.0
   0.0
   0.0
   0.0
   0.0
   0.0
   0.0
   0.0
   0.0
   0.0
   0.0
   0.0
   0.0
   0.0
   0.0
   0.0
   0.0
   0.0
   0.0
   0.0
   0.0
   0.0
   0.0
   0.0
   0.0
   0.0
   0.0
   0.0
   0.0
   0.0
   0.0
   0.0
   0.0
   0.0
   0.0
   0.0
   0.0
   0.0
   0.0
   0.0
   0.0
   0.0
   0.0
   0.0
   0.0
   0.0
   0.0
   0.0
   0.0
   0.0
   0.0
   0.0
   0.0
   0.0
   0.0
   0.0
   0.0
   0.0
   0.0
   0.0
   0.0
   0.0
   0.0
   0.0
   0.0
   0.0
   0.0
   0.0
   0.0
   0.0
   0.0
   0.0
   0.0
   0.0
   0.0
   0.0
   0.0
   0.0
   0.0
   0.0
   0.0
   0.0
   0.0
   0.0
   0.0
   0.0
   0.0
   0.0
   0.0
   0.0
   0.0
   0.0
   0.0
   0.0
   0.0
   0.0
   0.0
   0.0
   0.0
   0.0
   0.0
   0.0
   0.0
   0.0
   0.0
   0.0
   0.0
   0.0
   0.0
   0.0
   0.0
   0.0
   0.0
   0.0
   0.0
   0.0
   0.0
   0.0
   0.0
   0.0
   0.0
   0.0
   0.0
   0.0
   0.0
   0.0
   0.0
   0.0
   0.0
   0.0
   0.0
   0.0
   0.0
   0.0
   0.0
   0.0
   0.0
   0.0
   0.0
   0.0
   0.0
   0.0
   0.0
   0.0
   0.0
   0.0
   0.0
   0.0
   0.0
   0.0
   9.999999999999999e-06
   0.0
   0.0
   0.0
   0.0
   0.0
   0.0
   0.0
   9.999999999999999e-06
   0.0
   0.0
   0.0
   3e-05
   0.0
   0.0
   9.999999999999999e-06
   9.999999999999999e-06
   9.999999999999999e-06
   0.0
   7e-05
   0.0
   3.9999999999999996e-05
   0.0001
   3e-05
   3.9999999999999996e-05
   3.9999999999999996e-05
   9.999999999999999e-06
   7.999999999999999e-05
   7e-05
   7.999999999999999e-05
   3e-05
   1.9999999999999998e-05
   3.9999999999999996e-05
   6e-05
   8.999999999999999e-05
   7.999999999999999e-05
   7e-05
   8.999999999999999e-05
   0.0001
   5e-05
   5e-05
   0.00010999999999999999
   7e-05
   3.9999999999999996e-05
   0.00012
   9.999999999999999e-06
   7.999999999999999e-05
   3.9999999999999996e-05
   7e-05
   0.00014
   3e-05
   0.0
   6e-05
   7.999999999999999e-05
   7e-05
   6e-05
   0.0001
   3.9999999999999996e-05
   3.9999999999999996e-05
   1.9999999999999998e-05
   5e-05
   0.00013
   7.999999999999999e-05
   3e-05
   5e-05
   7.999999999999999e-05
   5e-05
   6e-05
   0.00025
   6e-05
   0.00010999999999999999
   0.00010999999999999999
   6e-05
   7e-05
   7e-05
   6e-05
   8.999999999999999e-05
   7.999999999999999e-05
   0.00016999999999999999
   0.00013
   7.999999999999999e-05
   6e-05
   7e-05
   7e-05
   0.00014
   0.00015999999999999999
   8.999999999999999e-05
   0.00014
   0.00015
   0.00010999999999999999
   0.00013
   0.00016999999999999999
   0.00015
   0.00019
   0.00025
   0.00013
   0.00031
   0.00021999999999999998
   0.00034999999999999994
   0.00015999999999999999
   0.00013
   0.00022999999999999998
   0.0002
   0.00016999999999999999
   0.00015999999999999999
   0.00052
   0.00016999999999999999
   0.00026999999999999995
   0.00031
   0.00033
   0.00021999999999999998
   0.00028
   0.00025
   0.00036999999999999994
   0.00025
   0.00016999999999999999
   0.0003
   0.0003
   0.00045
   0.00028
   0.00020999999999999998
   0.0003
   0.00017999999999999998
   0.00025
   0.00031999999999999997
   0.00019
   0.00021999999999999998
   0.00016999999999999999
   0.00017999999999999998
   0.00015999999999999999
   0.00031999999999999997
   0.00029
   0.00022999999999999998
   0.00026
   0.00039
   0.00026
   0.00026999999999999995
   0.00041
   0.00029
   0.00043
   0.00045999999999999996
   0.00052
   0.00039
   0.00049
   0.0006
   0.0006299999999999999
   0.0006999999999999999
   0.0007899999999999999
   0.0005899999999999999
   0.00061
   0.00046999999999999993
   0.00087
   0.00061
   0.00057
   0.00053
   0.00073
   0.00061
   0.00043
   0.00052
   0.0005099999999999999
   0.00046999999999999993
   0.0005399999999999999
   0.0005
   0.00036999999999999994
   0.00039
   0.00038
   0.00043999999999999996
   0.0004
   0.00057
   0.0004
   0.0007899999999999999
   0.00045999999999999996
   0.0005399999999999999
   0.0007199999999999999
   0.00078
   0.00043999999999999996
   0.00046999999999999993
   0.0004
   0.001
   0.00041999999999999996
   0.00048
   0.00039
   0.0005099999999999999
   0.00078
   0.0006499999999999999
   0.00058
   0.00056
   0.00045999999999999996
   0.0005399999999999999
   0.0011099999999999999
   0.00058
   0.00045999999999999996
   0.0005399999999999999
   0.00069
   0.00053
   0.00069
   0.00041999999999999996
   0.00045
   0.0008399999999999999
   0.00069
   0.0006399999999999999
   0.0004
   0.00078
   0.00058
   0.00057
   0.00066
   0.0008299999999999999
   0.0009899999999999998
   0.0007399999999999999
   0.0006499999999999999
   0.0007199999999999999
   0.0005399999999999999
   0.0009899999999999998
   0.0007499999999999999
   0.00057
   0.0008500000000000001
   0.00069
   0.0008299999999999999
   0.00086
   0.00077
   0.0009
   0.00087
   0.0006299999999999999
   0.00138
   0.0009199999999999999
   0.0008500000000000001
   0.0011
   0.00104
   0.00096
   0.00112
   0.0011799999999999998
   0.00134
   0.0009899999999999998
   0.0007399999999999999
   0.00089
   0.00143
   0.0009199999999999999
   0.0007899999999999999
   0.0009299999999999999
   0.00109
   0.00119
   0.0010799999999999998
   0.00107
   0.00124
   0.00165
   0.0013899999999999997
   0.0012999999999999997
   0.0015899999999999998
   0.00124
   0.00163
   0.0016
   0.0014399999999999999
   0.00145
   0.00155
   0.00129
   0.00173
   0.00154
   0.0013899999999999997
   0.0013999999999999998
   0.0017899999999999997
   0.00161
   0.00162
   0.0015899999999999998
   0.0017599999999999998
   0.00178
   0.0022
   0.00156
   0.00141
   0.00233
   0.00208
   0.0021699999999999996
   0.0023899999999999998
   0.00196
   0.0023499999999999997
   0.00224
   0.0023499999999999997
   0.00248
   0.00228
   0.00229
   0.00268
   0.00253
   0.0026899999999999997
   0.0023499999999999997
   0.00248
   0.00274
   0.0025
   0.0025999999999999994
   0.00232
   0.0024699999999999995
   0.0025599999999999998
   0.0026899999999999997
   0.00262
   0.00294
   0.0034699999999999996
   0.00356
   0.00255
   0.0026899999999999997
   0.0029799999999999996
   0.00324
   0.0031
   0.0031
   0.00375
   0.00308
   0.0035399999999999997
   0.00295
   0.00353
   0.00331
   0.00324
   0.0029799999999999996
   0.0034000000000000002
   0.00356
   0.00286
   0.00377
   0.00331
   0.00348
   0.00349
   0.0036
   0.00414
   0.0031899999999999997
   0.0042499999999999994
   0.00346
   0.00384
   0.0035499999999999998
   0.0042899999999999995
   0.004
   0.00371
   0.004679999999999999
   0.0036699999999999997
   0.0039299999999999995
   0.004229999999999999
   0.0047799999999999995
   0.0049299999999999995
   0.00426
   0.004569999999999999
   0.00447
   0.004569999999999999
   0.0049299999999999995
   0.004569999999999999
   0.00528
   0.00501
   0.00476
   0.005599999999999999
   0.00499
   0.005569999999999999
   0.00559
   0.00573
   0.00501
   0.00564
   0.005829999999999999
   0.00634
   0.006189999999999999
   0.00588
   0.0066099999999999996
   0.0064199999999999995
   0.00608
   0.0066
   0.0068000000000000005
   0.006509999999999999
   0.007039999999999999
   0.00731
   0.0075699999999999995
   0.007299999999999999
   0.00705
   0.00813
   0.007339999999999999
   0.00718
   0.008029999999999999
   0.00817
   0.00857
   0.009
   0.008499999999999999
   0.008029999999999999
   0.00926
   0.00787
   0.00929
   0.00951
   0.008329999999999999
   0.00968
   0.00878
   0.010219999999999998
   0.00917
   0.010879999999999999
   0.01002
   0.01046
   0.01051
   0.011379999999999998
   0.01113
   0.011199999999999998
   0.012069999999999999
   0.01146
   0.01211
   0.01198
   0.01363
   0.01291
   0.0126
   0.01358
   0.013099999999999999
   0.013439999999999999
   0.01379
   0.01448
   0.01461
   0.01425
   0.014029999999999999
   0.01483
   0.015579999999999998
   0.015139999999999999
   0.01534
   0.01616
   0.016579999999999998
   0.0174
   0.015839999999999996
   0.01773
   0.01783
   0.01697
   0.01731
   0.01902
   0.0194
   0.019459999999999998
   0.017839999999999998
   0.02056
   0.01953
   0.020929999999999997
   0.019949999999999996
   0.02151
   0.02081
   0.02124
   0.023299999999999998
   0.02284
   0.02232
   0.023059999999999997
   0.02416
   0.025419999999999998
   0.024199999999999996
   0.026819999999999997
   0.02692
   0.02737
   0.027149999999999997
   0.02811
   0.0265
   0.029169999999999998
   0.029229999999999996
   0.029819999999999996
   0.03161
   0.032029999999999996
   0.031509999999999996
   0.031209999999999998
   0.03159
   0.03059
   0.032339999999999994
   0.03372
   0.033479999999999996
   0.034559999999999994
   0.03458
   0.0371
   0.03527
   0.03808
   0.03896
   0.040119999999999996
   0.04041999999999999
   0.04137
   0.039979999999999995
   0.041269999999999994
   0.04239
   0.04385
   0.04248
   0.045399999999999996
   0.04616
   0.04595
   0.047549999999999995
   0.0472
   0.047499999999999994
   0.05086
   0.04978
   0.05168
   0.05120999999999999
   0.05172999999999999
   0.05574
   0.05439
   0.05538
   0.05776
   0.05859999999999999
   0.059919999999999994
   0.0604
   0.059469999999999995
   0.06156
   0.06395999999999999
   0.06642999999999999
   0.06762
   0.06710999999999999
   0.06648
   0.06906
   0.07085
   0.07165999999999999
   0.07234
   0.07269
   0.07715999999999999
   0.07583
   0.07688
   0.07837
   0.08095
   0.08234
   0.08162
   0.08515999999999999
   0.08331
   0.08909
   0.09090000000000001
   0.09069
   0.09297
   0.09523
   0.09866
   0.09598999999999999
   0.09959
   0.10083999999999999
   0.10113
   0.10264999999999999
   0.10581999999999998
   0.108
   0.10997
   0.10914999999999998
   0.11037999999999999
   0.11474
   0.11941
   0.12106
   0.12176
   0.12552
   0.12552
   0.12841999999999998
   0.13164
   0.13051
   0.13244
   0.13566
   0.13920999999999997
   0.14154999999999998
   0.14273
   0.14517
   0.14959
   0.15688
   0.15339
   0.15819
   0.15979
   0.16096
   0.16889
   0.16702999999999998
   0.1751
   0.17592
   0.17889999999999998
   0.17805999999999997
   0.18644
   0.18846000000000002
   0.19141999999999998
   0.19427
   0.1984
   0.20057999999999998
   0.20344
   0.21048999999999998
   0.21434
   0.21153999999999998
   0.22440000000000002
   0.22571
   0.22544999999999998
   0.23508999999999997
   0.23986
   0.24122999999999997
   0.24806
   0.24989
   0.25226
   0.25406
   0.26063
   0.25984999999999997
   0.26969
   0.27693999999999996
   0.28035999999999994
   0.28145
   0.29148999999999997
   0.2996
   0.30154
   0.30189
   0.30457999999999996
   0.3128
   0.31844999999999996
   0.32705999999999996
   0.3325199999999999
   0.33277
   0.34376999999999996
   0.34796
   0.35435
   0.35829
   0.36511
   0.3741499999999999
   0.37648
   0.39127
   0.38750999999999997
   0.40141
   0.4057
   0.4188
   0.42019
   0.43423999999999996
   0.43611999999999995
   0.44488
   0.45764
   0.46234
   0.46490999999999993
   0.47830999999999996
   0.48611
   0.49454
   0.50005
   0.51157
   0.51984
   0.5251999999999999
   0.5315799999999999
   0.5473399999999999
   0.5524699999999999
   0.5660999999999999
   0.57166
   0.5826899999999999
   0.5868099999999999
   0.59623
   0.61415
   0.62094
   0.6331499999999999
   0.6431299999999999
   0.6629599999999999
   0.6714499999999999
   0.6767799999999999
   0.6958
   0.70239
   0.71372
   0.72745
   0.7471800000000001
   0.75355
   0.7660899999999999
   0.7802099999999998
   0.7960200000000001
   0.81677
   0.82612
   0.84053
   0.8513499999999999
   0.87217
   0.88258
   0.8987999999999999
   0.91366
   0.9334099999999999
   0.93823
   0.9618899999999999
   0.9747699999999999
   0.99732
   1.01532
   1.0350199999999998
   1.03922
   1.0694599999999999
   1.08229
   1.1092899999999999
   1.12695
   1.14078
   1.16102
   1.1832799999999999
   1.19506
   1.23023
   1.2489899999999998
   1.2677699999999998
   1.28843
   1.3121299999999998
   1.3404699999999998
   1.35953
   1.3886899999999998
   1.41827
   1.4372599999999998
   1.45505
   1.47558
   1.5122499999999999
   1.53482
   1.5660699999999999
   1.60148
   1.63062
   1.66326
   1.6829699999999999
   1.70834
   1.73937
   1.76908
   1.8027399999999998
   1.83793
   1.8649799999999999
   1.89928
   1.91894
   1.96634
   2.00362
   2.0340599999999998
   2.06021
   2.10613
   2.1459099999999998
   2.17503
   2.21371
   2.25398
   2.2962399999999996
   2.33179
   2.36551
   2.4294399999999996
   2.44671
   2.4995
   2.5467699999999995
   2.57895
   2.63238
   2.66154
   2.7190499999999997
   2.7776199999999998
   2.8186
   2.87267
   2.94411
   2.96371
   3.01916
   3.0750699999999997
   3.1143599999999996
   3.17828
   3.2350299999999996
   3.29025
   3.35067
   3.4006199999999995
   3.45259
   3.5353099999999995
   3.58161
   3.65313
   3.70666
   3.7788699999999995
   3.8356
   3.9245699999999997
   3.9884299999999997
   4.075489999999999
   4.14231
   4.18666
   4.26337
   4.36242
   4.4163499999999996
   4.510739999999999
   4.551239999999999
   4.64596
   4.72554
   4.804539999999999
   4.89042
   4.985049999999999
   5.083149999999999
   5.16111
   5.24394
   5.32381
   5.42776
   5.501449999999999
   5.60098
   5.71747
   5.7962
   5.92624
   6.03487
   6.11008
   6.243659999999999
   6.34295
   6.45208
   6.55282
   6.6720299999999995
   6.805219999999999
   6.8993199999999995
   7.03079
   7.17759
   7.288289999999999
   7.396369999999999
   7.52255
   7.680909999999999
   7.78505
   8.73132
   8.82213
   8.926509999999999
   8.96284
   8.98682
   9.000119999999999
   8.9773
   8.90598
   8.81885
   8.73715
   7.80497
   7.671599999999999
   7.521989999999999
   7.41409
   7.265359999999999
   7.1620099999999995
   7.02474
   6.911129999999999
   6.7950099999999996
   6.66388
   6.56846
   6.444069999999999
   6.354699999999999
   6.220219999999999
   6.11858
   6.02574
   5.9063799999999995
   5.82632
   5.74354
   5.620819999999999
   5.50919
   5.431
   5.348409999999999
   5.245729999999999
   5.1653199999999995
   5.06475
   4.9896199999999995
   4.88769
   4.837759999999999
   4.747269999999999
   4.6319
   4.5896
   4.47904
   4.4189799999999995
   4.35696
   4.2745
   4.203069999999999
   4.118539999999999
   4.06034
   3.97444
   3.9125199999999998
   3.85996
   3.7993900000000003
   3.72443
   3.6795699999999996
   3.5905199999999997
   3.5331699999999997
   3.45432
   3.4026499999999995
   3.35141
   3.29421
   3.23962
   3.19591
   3.1287399999999996
   3.07184
   3.02978
   2.95526
   2.9226
   2.86245
   2.81805
   2.764
   2.73938
   2.69813
   2.6362200000000002
   2.5831199999999996
   2.53599
   2.5058399999999996
   2.46894
   2.40951
   2.3764399999999997
   2.3264099999999996
   2.28924
   2.25255
   2.20905
   2.18835
   2.13728
   2.10477
   2.07237
   2.04079
   1.99613
   1.97102
   1.93299
   1.90542
   1.87106
   1.8207
   1.81836
   1.7741999999999998
   1.7391400000000001
   1.70718
   1.6784
   1.64781
   1.62973
   1.60032
   1.5731600000000001
   1.53485
   1.5139399999999998
   1.49179
   1.4673399999999999
   1.4453299999999998
   1.40987
   1.39177
   1.36378
   1.341
   1.32141
   1.2946799999999998
   1.28748
   1.2579
   1.2377799999999999
   1.21139
   1.19663
   1.16491
   1.15227
   1.1285299999999998
   1.11165
   1.0875299999999999
   1.06711
   1.0498599999999998
   1.0394999999999999
   1.01678
   1.00399
   0.9809399999999999
   0.9671299999999999
   0.96267
   0.94377
   0.91642
   0.9037999999999999
   0.8876299999999999
   0.86416
   0.85982
   0.84439
   0.82848
   0.81045
   0.8038599999999999
   0.79005
   0.7691199999999999
   0.75816
   0.7511599999999999
   0.7296999999999999
   0.71293
   0.70052
   0.6859
   0.6786899999999999
   0.6702199999999999
   0.6628399999999999
   0.64935
   0.64004
   0.62152
   0.6143799999999999
   0.6009699999999999
   0.59066
   0.5854
   0.5748099999999999
   0.5577099999999999
   0.5546899999999999
   0.5466599999999999
   0.5398499999999999
   0.5273599999999999
   0.52557
   0.51208
   0.50167
   0.49777
   0.48329999999999995
   0.47864999999999996
   0.47173
   0.46514
   0.45186999999999994
   0.43971
   0.43756999999999996
   0.42794
   0.4221
   0.41445
   0.40914999999999996
   0.40168
   0.39291
   0.38802999999999993
   0.37802
   0.37012
   0.36785999999999996
   0.35590999999999995
   0.35468
   0.3472299999999999
   0.34581
   0.33341
   0.32555
   0.32952
   0.31565
   0.3107
   0.30547
   0.30194
   0.29828
   0.29118999999999995
   0.28362
   0.27859999999999996
   0.27554999999999996
   0.27047
   0.26405
   0.26047
   0.25517
   0.25471
   0.24561
   0.24452999999999997
   0.24533
   0.23931
   0.22856999999999997
   0.23324999999999999
   0.22688
   0.22133
   0.21774999999999997
   0.21087999999999998
   0.21156999999999998
   0.20804999999999998
   0.20421
   0.20378
   0.19519999999999998
   0.19687
   0.19041999999999998
   0.19036
   0.18025
   0.17779999999999999
   0.17756999999999998
   0.17846
   0.17094
   0.17031999999999997
   0.1665
   0.16282
   0.15863999999999998
   0.15818
   0.15464
   0.15433
   0.14948999999999998
   0.14645
   0.14479999999999998
   0.14184
   0.13917
   0.13815
   0.13399
   0.13185
   0.12833999999999998
   0.12711
   0.12775999999999998
   0.12550999999999998
   0.12271
   0.11941
   0.11575999999999999
   0.11426
   0.11247999999999998
   0.11088
   0.11018999999999998
   0.10762000000000001
   0.10349
   0.10439
   0.10359999999999998
   0.09832999999999999
   0.09764999999999999
   0.09523999999999999
   0.09247999999999999
   0.09247
   0.09145
   0.09005
   0.08854000000000001
   0.08817
   0.08541
   0.08401
   0.08257999999999999
   0.0791
   0.07849999999999999
   0.07896
   0.07868999999999998
   0.0779
   0.07522
   0.07165
   0.07350999999999999
   0.07191
   0.06595
   0.06892
   0.06723
   0.06710999999999999
   0.06405
   0.06398999999999999
   0.06289
   0.05988
   0.06032
   0.06067999999999999
   0.05878
   0.05747
   0.056659999999999995
   0.05413
   0.05321
   0.053689999999999995
   0.05012
   0.049890000000000004
   0.050449999999999995
   0.04905999999999999
   0.04614
   0.04780999999999999
   0.04747
   0.04629
   0.0444
   0.04295
   0.043
   0.04124
   0.04191
   0.039830000000000004
   0.039869999999999996
   0.04239
   0.03866
   0.04087999999999999
   0.03687
   0.03891
   0.034629999999999994
   0.0368
   0.03458
   0.03467
   0.03402
   0.03232
   0.03
   0.032299999999999995
   0.029789999999999997
   0.031889999999999995
   0.03025
   0.02888
   0.030049999999999997
   0.0281
   0.028919999999999998
   0.02788
   0.026629999999999997
   0.02626
   0.029719999999999996
   0.02548
   0.02669
   0.024269999999999996
   0.02503
   0.024999999999999998
   0.02624
   0.02215
   0.02144
   0.021949999999999997
   0.02215
   0.023459999999999998
   0.021079999999999998
   0.02125
   0.021320000000000002
   0.020929999999999997
   0.02081
   0.020349999999999997
   0.01954
   0.01877
   0.018779999999999998
   0.01791
   0.01747
   0.01863
   0.01781
   0.017949999999999997
   0.01763
   0.017099999999999997
   0.01693
   0.01577
   0.0166
   0.016169999999999997
   0.01605
   0.01407
   0.01516
   0.014669999999999999
   0.013829999999999999
   0.01443
   0.01345
   0.01274
   0.01333
   0.01356
   0.01141
   0.01299
   0.01222
   0.01239
   0.01232
   0.01203
   0.011379999999999998
   0.011389999999999999
   0.010790000000000001
   0.009389999999999999
   0.00989
   0.01046
   0.00993
   0.01038
   0.01056
   0.009009999999999999
   0.009909999999999999
   0.00951
   0.010089999999999998
   0.00828
   0.009439999999999999
   0.008409999999999999
   0.00903
   0.007659999999999999
   0.00887
   0.00797
   0.00761
   0.007899999999999999
   0.00747
   0.008709999999999999
   0.007359999999999999
   0.00705
   0.0073999999999999995
   0.007129999999999999
   0.006809999999999999
   0.0070999999999999995
   0.00647
   0.00689
   0.00683
   0.006809999999999999
   0.0058200000000000005
   0.0052499999999999995
   0.006229999999999999
   0.0059299999999999995
   0.00646
   0.00588
   0.00595
   0.005379999999999999
   0.005829999999999999
   0.0055
   0.00437
   0.005559999999999999
   0.00476
   0.00505
   0.005109999999999999
   0.00426
   0.00522
   0.0042899999999999995
   0.00439
   0.004209999999999999
   0.00438
   0.00454
   0.0038499999999999997
   0.00374
   0.00353
   0.00399
   0.0036799999999999997
   0.0038099999999999996
   0.00384
   0.00302
   0.0032099999999999997
   0.0033399999999999997
   0.0032699999999999995
   0.0033199999999999996
   0.0032899999999999995
   0.0033599999999999997
   0.0031
   0.00343
   0.0028699999999999997
   0.0029599999999999995
   0.0029999999999999996
   0.0027300000000000002
   0.0030099999999999997
   0.00261
   0.0025199999999999997
   0.0029799999999999996
   0.00266
   0.0025399999999999997
   0.00284
   0.00201
   0.0021
   0.00257
   0.0025399999999999997
   0.0021699999999999996
   0.00229
   0.00263
   0.002
   0.00232
   0.00244
   0.00192
   0.0021699999999999996
   0.00229
   0.00212
   0.00209
   0.0014899999999999998
   0.00202
   0.0019
   0.0016699999999999998
   0.00152
   0.0016799999999999999
   0.00174
   0.00115
   0.0012999999999999997
   0.0015899999999999998
   0.0013999999999999998
   0.0018799999999999997
   0.00132
   0.00155
   0.00141
   0.0010199999999999999
   0.00124
   0.00132
   0.0011699999999999998
   0.00132
   0.00101
   0.001
   0.00106
   0.00114
   0.00105
   0.00098
   0.0006
   0.00073
   0.0010799999999999998
   0.00098
   0.00069
   0.00078
   0.0009299999999999999
   0.00106
   0.0009899999999999998
   0.0010199999999999999
   0.00089
   0.00056
   0.0007399999999999999
   0.0009199999999999999
   0.00058
   0.00116
   0.00066
   0.00049
   0.0008299999999999999
   0.0009299999999999999
   0.00073
   0.00056
   0.0007399999999999999
   0.00124
   0.0005899999999999999
   0.00058
   0.00082
   0.00048
   0.0007199999999999999
   0.00077
   0.00082
   0.00061
   0.0006
   0.00067
   0.0006399999999999999
   0.00052
   0.00053
   0.00076
   0.00033999999999999997
   0.0006299999999999999
   0.0006
   0.00058
   0.0007399999999999999
   0.00055
   0.00048
   0.00046999999999999993
   0.0005
   0.0005399999999999999
   0.00055
   0.00033
   0.0006799999999999999
   0.00056
   0.0004
   0.00043999999999999996
   0.0005099999999999999
   0.00069
   0.00043
   0.00048
   0.00038
   0.00053
   0.00052
   0.0005099999999999999
   0.00041
   0.00052
   0.0003
   0.00045
   0.00057
   0.00033999999999999997
   0.00029
   0.00031
   0.00048
   0.00016999999999999999
   0.00024
   0.00031999999999999997
   0.00038
   0.00031999999999999997
   0.00026
   0.00033
   0.00036999999999999994
   0.0003
   0.00034999999999999994
   0.00020999999999999998
   0.0002
   0.00026999999999999995
   0.0003
   0.00021999999999999998
   0.00026
   0.00019
   0.00020999999999999998
   7.999999999999999e-05
   0.0001
   0.00012
   0.00016999999999999999
   0.00013
   0.00010999999999999999
   8.999999999999999e-05
   7.999999999999999e-05
   0.00015
   0.00017999999999999998
   0.00014
   0.00021999999999999998
   3.9999999999999996e-05
   0.00024
   0.00022999999999999998
   0.00016999999999999999
   0.00022999999999999998
   0.0001
   7e-05
   6e-05
   7e-05
   0.00020999999999999998
   5e-05
   0.00012
   0.00013
   0.00017999999999999998
   7e-05
   0.00021999999999999998
   0.0001
   0.00010999999999999999
   0.0001
   8.999999999999999e-05
   6e-05
   5e-05
   0.00019
   6e-05
   7.999999999999999e-05
   7.999999999999999e-05
   3e-05
   7.999999999999999e-05
   7e-05
   3.9999999999999996e-05
   0.00012
   0.00017999999999999998
   1.9999999999999998e-05
   0.0001
   1.9999999999999998e-05
   7.999999999999999e-05
   1.9999999999999998e-05
   3.9999999999999996e-05
   0.00012
   0.00015
   8.999999999999999e-05
   5e-05
   6e-05
   5e-05
   9.999999999999999e-06
   0.00015999999999999999
   3e-05
   3.9999999999999996e-05
   0.00014
   1.9999999999999998e-05
   3e-05
   7.999999999999999e-05
   0.0001
   3e-05
   3.9999999999999996e-05
   1.9999999999999998e-05
   7.999999999999999e-05
   0.00015
   1.9999999999999998e-05
   1.9999999999999998e-05
   9.999999999999999e-06
   0.0
   3.9999999999999996e-05
   0.00013
   3e-05
   1.9999999999999998e-05
   6e-05
   9.999999999999999e-06
   3e-05
   3e-05
   5e-05
   0.00015999999999999999
   3e-05
   3e-05
   3e-05
   6e-05
   3.9999999999999996e-05
   1.9999999999999998e-05
   3e-05
   0.0
   9.999999999999999e-06
   0.0
   1.9999999999999998e-05
   0.0
   0.0
   3e-05
   9.999999999999999e-06
   0.0
   9.999999999999999e-06
   0.0
   9.999999999999999e-06
   3e-05
   9.999999999999999e-06
   0.0
   9.999999999999999e-06
   9.999999999999999e-06
   0.0
   3.9999999999999996e-05
   0.0
   9.999999999999999e-06
   9.999999999999999e-06
   0.0001
   3e-05
   5e-05
   5e-05
   0.0
   6e-05
   0.00010999999999999999
   0.0
   0.0
   9.999999999999999e-06
   3.9999999999999996e-05
   6e-05
   3.9999999999999996e-05
   9.999999999999999e-06
   9.999999999999999e-06
   0.00010999999999999999
   3e-05
   0.0
   0.0
   0.0
   5e-05
   0.0
   1.9999999999999998e-05
   9.999999999999999e-06
   7.999999999999999e-05
   9.999999999999999e-06
   0.0
   6e-05
   0.0
   7e-05
   9.999999999999999e-06
   0.0
   1.9999999999999998e-05
   9.999999999999999e-06
   0.0
   0.0
   1.9999999999999998e-05
   9.999999999999999e-06
   3e-05
   0.0
   0.0
   5e-05
   3e-05
   9.999999999999999e-06
   0.0
   9.999999999999999e-06
   0.0
   3e-05
   3e-05
   9.999999999999999e-06
   7e-05
   7.999999999999999e-05
   0.0
   9.999999999999999e-06
   9.999999999999999e-06
   5e-05
   0.0
   0.0
   3e-05
   9.999999999999999e-06
   9.999999999999999e-06
   3e-05
   3.9999999999999996e-05
   0.0
   0.0
   0.0
   0.0
   3e-05
   1.9999999999999998e-05
   0.0
   0.0
   0.0
   0.0
   0.0
   0.0
   0.0
   0.0
   0.0
   9.999999999999999e-06
   0.0
   1.9999999999999998e-05
   1.9999999999999998e-05
   3e-05
   1.9999999999999998e-05
   0.0
   3e-05
   0.0
   0.0
   7e-05
   3e-05
   9.999999999999999e-06
   1.9999999999999998e-05
   3e-05
   1.9999999999999998e-05
   0.0
   0.0
   9.999999999999999e-06
   3e-05
   3e-05
   9.999999999999999e-06
   3.9999999999999996e-05
   3e-05
   1.9999999999999998e-05
   0.0
   7e-05
   9.999999999999999e-06
   3e-05
   0.0
   1.9999999999999998e-05
   3e-05
   1.9999999999999998e-05
   3e-05
   1.9999999999999998e-05
   0.0
   0.0
   3e-05
   0.0
   0.0
   0.0
   0.0
   0.0
   3e-05
   0.0
   0.0
   0.0
   0.0
   9.999999999999999e-06
   0.0
   0.0
   9.999999999999999e-06
   0.0
   0.0
   0.0
   1.9999999999999998e-05
   0.0
   1.9999999999999998e-05
   1.9999999999999998e-05
   0.0
   0.0
   3e-05
   0.0
   3e-05
   1.9999999999999998e-05
   9.999999999999999e-06
   0.0
   0.0
   0.0
   0.0
   9.999999999999999e-06
   1.9999999999999998e-05
   0.0
   0.0
   0.0
   3e-05
   0.0
   0.0
   0.0
   0.0
   0.0
   0.0
   0.0
   0.0
   0.0
   0.0
   0.0
   0.0
   0.0
   0.0
   0.0
   0.0
   0.0
   0.0
   0.0
   0.0
   0.0
   0.0
   0.0
   0.0
   0.0
   0.0
   0.0
   0.0
   0.0
   0.0
   0.0
   0.0
   0.0
   0.0
   0.0
   0.0
   0.0
   0.0
   0.0
   0.0
   0.0
   0.0
   0.0
   0.0
   0.0
   0.0
   0.0
   0.0
   0.0
   0.0
   0.0
   0.0
   0.0
   0.0
   0.0
   0.0
   0.0
   0.0
   0.0
   0.0
   0.0
   0.0
   0.0
   0.0
   0.0
   0.0
   0.0
   0.0
   0.0
   0.0
   0.0
   0.0
   0.0
   0.0
   0.0
   0.0
   0.0
   0.0
   0.0
   0.0
   0.0
   0.0
   0.0
   0.0
   0.0
   0.0
   0.0
   0.0
   0.0
   0.0
   0.0
   0.0
   0.0
   0.0
   0.0
   0.0
   0.0
   0.0
   0.0
   0.0
   0.0
   0.0
   0.0
   0.0
   0.0
   0.0
   0.0
   0.0
   0.0
   0.0
   0.0
   0.0
   0.0
   0.0
   0.0
   0.0
   0.0
   0.0
   0.0
   0.0
   0.0
   0.0
   0.0
   0.0
   0.0
   0.0
   0.0
   0.0
   0.0
   0.0
   0.0
   0.0
   0.0
   0.0
   0.0
   0.0
   0.0
   0.0
   0.0
   0.0
