   1e-06
   2e-06
   6.999999999999999e-06
   8e-06
   4.9999999999999996e-06
   2.9999999999999997e-06
   8.999999999999999e-06
   1.1e-05
   9.999999999999999e-06
   9.999999999999999e-06
   8e-06
   9.999999999999999e-06
   1.1999999999999999e-05
   1.6e-05
   2.0999999999999995e-05
   1.7999999999999997e-05
   2.7999999999999996e-05
   2.7999999999999996e-05
   3.0999999999999995e-05
   2.3e-05
   3.3e-05
   3.7e-05
   4.6e-05
   5.1e-05
   3.7999999999999995e-05
   6.6e-05
   5.8e-05
   7.599999999999999e-05
   7.7e-05
   8.1e-05
   0.000109
   9.799999999999998e-05
   0.00010699999999999999
   0.000134
   0.00013099999999999999
   0.000166
   0.00017499999999999997
   0.00019899999999999999
   0.000239
   0.000257
   0.000275
   0.000344
   0.000372
   0.000412
   0.000433
   0.000503
   0.0006129999999999999
   0.000646
   0.0007449999999999999
   0.000779
   0.0009209999999999999
   0.0009939999999999999
   0.001134
   0.0013019999999999998
   0.001473
   0.0016139999999999998
   0.0017959999999999999
   0.00202
   0.002276
   0.002546
   0.002835
   0.003174
   0.003591
   0.004003
   0.0043619999999999996
   0.005050999999999999
   0.005691
   0.006329
   0.007155
   0.00809
   0.009158999999999999
   0.010269
   0.011597
   0.013245999999999999
   0.015186999999999999
   0.016777
   0.019367
   0.021973999999999997
   0.024835
   0.028582999999999997
   0.032839
   0.03788
   0.044060999999999996
   0.051333000000000004
   0.059584
   0.071189
   0.08330699999999999
   0.10001899999999998
   0.119986
   0.145587
   0.176339
   0.217603
   0.268088
   0.333761
   0.41699899999999995
   0.516761
   0.596084
   0.650942
   0.686207
   0.7031419999999999
   0.702442
   0.6855609999999999
   0.650271
   0.595625
   0.517404
   0.417516
   0.33380399999999993
   0.26796699999999996
   0.216357
   0.17643499999999998
   0.145742
   0.11995
   0.09900199999999999
   0.08357399999999998
   0.07087
   0.059791
   0.051139
   0.044273
   0.037762
   0.033209999999999996
   0.028619
   0.025052999999999995
   0.021938999999999997
   0.019354999999999997
   0.016831
   0.014924
   0.013227
   0.011674
   0.010487999999999999
   0.009127
   0.008121999999999999
   0.007228999999999999
   0.006319
   0.0058390000000000004
   0.00514
   0.004574
   0.003971
   0.0035349999999999995
   0.003172
   0.0028009999999999997
   0.002521
   0.002335
   0.002008
   0.001803
   0.0016239999999999998
   0.0014569999999999997
   0.0012079999999999999
   0.001143
   0.001055
   0.000855
   0.0008500000000000001
   0.0007279999999999999
   0.000666
   0.0005589999999999999
   0.0005549999999999999
   0.0004139999999999999
   0.00040299999999999993
   0.00035299999999999996
   0.000321
   0.00029299999999999997
   0.00025
   0.000249
   0.000194
   0.00017900000000000001
   0.000177
   0.00015
   0.000125
   0.000117
   8.199999999999999e-05
   8.699999999999999e-05
   8.999999999999999e-05
   9.9e-05
   5.4e-05
   6.199999999999999e-05
   6e-05
   5.2e-05
   3.5999999999999994e-05
   3.5999999999999994e-05
   3e-05
   2.3e-05
   3.2e-05
   1.6e-05
   2.3e-05
   1.3e-05
   2.0999999999999995e-05
   1.6e-05
   1.7e-05
   1.6e-05
   1.1e-05
   9.999999999999999e-06
   6.999999999999999e-06
   5.999999999999999e-06
   4e-06
   2e-06
   5.999999999999999e-06
   4e-06
   4e-06
   2.9999999999999997e-06
   2e-06
   4e-06
