   0.0
   0.0
   0.0
   0.0
   0.0
   0.0
   0.0
   0.0
   0.0
   0.0
   0.0
   0.0
   0.0
   0.0
   0.0
   0.0
   0.0
   0.0
   0.0
   0.0
   0.0
   0.0
   0.0
   0.0
   0.0
   0.0
   0.0
   0.0
   0.0
   0.0
   0.0
   0.0
   0.0
   0.0
   0.0
   0.0
   0.0
   0.0
   0.0
   0.0
   0.0
   0.0
   1e-06
   1e-06
   0.0
   0.0
   0.0
   0.0
   0.0
   0.0
   0.0
   0.0
   0.0
   1e-06
   0.0
   0.0
   0.0
   0.0
   0.0
   0.0
   0.0
   0.0
   0.0
   0.0
   1e-06
   0.0
   0.0
   0.0
   0.0
   1e-06
   1e-06
   0.0
   0.0
   0.0
   0.0
   2e-06
   2e-06
   0.0
   0.0
   1e-06
   2e-06
   4e-06
   4e-06
   4e-06
   2e-06
   5.999999999999999e-06
   2.9999999999999997e-06
   2e-06
   8.999999999999999e-06
   4e-06
   6.999999999999999e-06
   1.1e-05
   8.999999999999999e-06
   1.1e-05
   1.1999999999999999e-05
   1.1e-05
   1.1999999999999999e-05
   8e-06
   8.999999999999999e-06
   1.1e-05
   1.3999999999999998e-05
   2.3e-05
   1.6e-05
   1.9999999999999998e-05
   3.2e-05
   2.9e-05
   1.7999999999999997e-05
   3e-05
   3e-05
   4.4e-05
   4.7999999999999994e-05
   4.6e-05
   4.7e-05
   6.1e-05
   7e-05
   8.3e-05
   8.199999999999999e-05
   8.8e-05
   0.000108
   9.599999999999999e-05
   0.00012
   0.000139
   0.000158
   0.000155
   0.000162
   0.00018899999999999999
   0.000229
   0.000279
   0.000269
   0.00031999999999999997
   0.00034999999999999994
   0.000399
   0.000447
   0.00048699999999999997
   0.0005179999999999999
   0.0005979999999999999
   0.000677
   0.0007229999999999999
   0.00082
   0.000926
   0.001045
   0.0010969999999999999
   0.001209
   0.001259
   0.00152
   0.001622
   0.0017670000000000001
   0.002044
   0.00213
   0.002457
   0.0026739999999999997
   0.002996
   0.0033589999999999996
   0.003711
   0.004156
   0.004588999999999999
   0.005033
   0.0057339999999999995
   0.006303
   0.006879
   0.007702
   0.008674999999999999
   0.009688
   0.010688999999999999
   0.011567999999999998
   0.012981
   0.014719999999999999
   0.016554
   0.0184
   0.020224
   0.022628
   0.025387
   0.0285
   0.031564999999999996
   0.035243
   0.039389999999999994
   0.044306
   0.049295
   0.05641499999999999
   0.062532
   0.070407
   0.080736
   0.092125
   0.10474399999999999
   0.118945
   0.13688999999999998
   0.15886899999999998
   0.183367
   0.213166
   0.250201
   0.292548
   0.34652799999999995
   0.41237799999999997
   0.490293
   0.5906819999999999
   0.703865
   0.7952509999999999
   0.8628049999999999
   0.9029729999999999
   0.9246409999999999
   0.925599
   0.903338
   0.861933
   0.7973159999999999
   0.7044599999999999
   0.592147
   0.492049
   0.412838
   0.345169
   0.292647
   0.249446
   0.212559
   0.18289699999999998
   0.158943
   0.13736299999999999
   0.119936
   0.10415
   0.091836
   0.080704
   0.071469
   0.062827
   0.055938999999999996
   0.04949699999999999
   0.04411799999999999
   0.03969
   0.035514
   0.032038
   0.028249
   0.025414999999999997
   0.022653
   0.020655
   0.01822
   0.016318999999999997
   0.014837999999999999
   0.013408999999999999
   0.011992000000000001
   0.010981999999999999
   0.009628
   0.00885
   0.007883
   0.007142
   0.006489
   0.005680999999999999
   0.005247
   0.004619
   0.004265
   0.003859
   0.003388
   0.003009
   0.002798
   0.0025389999999999996
   0.002336
   0.0020359999999999996
   0.001805
   0.0016229999999999999
   0.0014839999999999999
   0.0012980000000000001
   0.001215
   0.0010849999999999998
   0.0009509999999999999
   0.000866
   0.0008289999999999999
   0.000732
   0.00067
   0.000589
   0.000492
   0.000435
   0.000416
   0.000361
   0.00035099999999999997
   0.00031699999999999995
   0.000285
   0.00028
   0.000236
   0.00022099999999999998
   0.00018099999999999998
   0.000165
   0.000143
   0.000127
   0.000118
   0.00010999999999999999
   0.000103
   0.00010099999999999999
   7.8e-05
   6.9e-05
   5.9e-05
   5e-05
   5.2e-05
   5.599999999999999e-05
   3.5e-05
   4.3e-05
   4.0999999999999994e-05
   2.9e-05
   2.7e-05
   3.3e-05
   2.0999999999999995e-05
   1.3999999999999998e-05
   1.7999999999999997e-05
   2.5e-05
   1.1999999999999999e-05
   1.7e-05
   1.1999999999999999e-05
   1.6e-05
   5.999999999999999e-06
   9.999999999999999e-06
   8.999999999999999e-06
   4.9999999999999996e-06
   6.999999999999999e-06
   8e-06
   4e-06
   2.9999999999999997e-06
   2.9999999999999997e-06
   0.0
   1e-06
   5.999999999999999e-06
   2.9999999999999997e-06
   4.9999999999999996e-06
   1e-06
   0.0
   1e-06
   4e-06
   2e-06
   0.0
   0.0
   1e-06
   1e-06
   2e-06
   2e-06
   2e-06
   2e-06
   1e-06
   2e-06
   0.0
   0.0
   1e-06
   0.0
   0.0
   0.0
   0.0
   0.0
   0.0
   0.0
   0.0
   0.0
   0.0
   0.0
   1e-06
   0.0
   0.0
   0.0
   0.0
   0.0
   0.0
   0.0
   0.0
   0.0
   1e-06
   0.0
   0.0
   0.0
   0.0
   0.0
   0.0
   0.0
   0.0
   0.0
   0.0
   0.0
   0.0
   0.0
   0.0
   0.0
   0.0
   0.0
   0.0
   0.0
   0.0
   0.0
   0.0
   0.0
   0.0
   0.0
   0.0
   0.0
   0.0
   0.0
   0.0
   0.0
   0.0
   0.0
   0.0
   0.0
   0.0
   0.0
   0.0
   0.0
   0.0
   0.0
   0.0
   0.0
