   0.0
   0.0
   0.0
   0.0
   0.0
   0.0
   0.0
   0.0
   0.0
   0.0
   0.0
   0.0
   0.0
   0.0
   0.0
   0.0
   0.0
   0.0
   0.0
   0.0
   0.0
   0.0
   0.0
   0.0
   0.0
   0.0
   0.0
   0.0
   0.0
   0.0
   0.0
   0.0
   0.0
   1.9999999999999998e-05
   1.9999999999999998e-05
   0.0
   0.0
   0.0
   0.0
   0.0
   0.0
   1.9999999999999998e-05
   1.9999999999999998e-05
   0.0
   0.0
   0.0
   0.0
   0.0
   1.9999999999999998e-05
   1.9999999999999998e-05
   0.0
   0.0
   1.9999999999999998e-05
   1.9999999999999998e-05
   0.0
   1.9999999999999998e-05
   6e-05
   3.9999999999999996e-05
   0.0
   0.0
   1.9999999999999998e-05
   1.9999999999999998e-05
   0.0
   1.9999999999999998e-05
   1.9999999999999998e-05
   3.9999999999999996e-05
   1.9999999999999998e-05
   0.0
   1.9999999999999998e-05
   3.9999999999999996e-05
   3.9999999999999996e-05
   1.9999999999999998e-05
   7.999999999999999e-05
   1.9999999999999998e-05
   0.0
   0.0001
   3.9999999999999996e-05
   6e-05
   3.9999999999999996e-05
   3.9999999999999996e-05
   0.00012
   3.9999999999999996e-05
   1.9999999999999998e-05
   3.9999999999999996e-05
   0.0001
   0.0001
   1.9999999999999998e-05
   0.00012
   1.9999999999999998e-05
   0.0001
   0.0001
   3.9999999999999996e-05
   3.9999999999999996e-05
   1.9999999999999998e-05
   7.999999999999999e-05
   0.00014
   6e-05
   0.00014
   0.00012
   0.0001
   7.999999999999999e-05
   0.00012
   0.0001
   0.00021999999999999998
   7.999999999999999e-05
   0.00012
   0.00028
   0.00024
   0.00015999999999999999
   0.00026
   0.00015999999999999999
   0.0002
   0.00026
   0.00017999999999999998
   0.00043999999999999996
   0.00033999999999999997
   0.00041999999999999996
   0.00035999999999999997
   0.00041999999999999996
   0.0005
   0.00048
   0.00038
   0.00043999999999999996
   0.00038
   0.00041999999999999996
   0.00045999999999999996
   0.0005
   0.0005
   0.00058
   0.0006399999999999999
   0.00056
   0.0006999999999999999
   0.001
   0.0007199999999999999
   0.00086
   0.0008399999999999999
   0.0008799999999999999
   0.00104
   0.0009399999999999999
   0.00124
   0.00116
   0.00146
   0.0014399999999999999
   0.00156
   0.00134
   0.00112
   0.0017599999999999998
   0.0014399999999999999
   0.0017000000000000001
   0.0018799999999999997
   0.0021599999999999996
   0.00174
   0.00208
   0.0019
   0.0025199999999999997
   0.00246
   0.0029
   0.0031399999999999996
   0.0031399999999999996
   0.0031799999999999997
   0.0029999999999999996
   0.0033399999999999997
   0.00362
   0.004
   0.00426
   0.004699999999999999
   0.0044
   0.0048
   0.00454
   0.00594
   0.005699999999999999
   0.00558
   0.00612
   0.00598
   0.006939999999999999
   0.0073999999999999995
   0.007659999999999999
   0.007919999999999998
   0.00862
   0.009
   0.00916
   0.00882
   0.01036
   0.01098
   0.011739999999999999
   0.01288
   0.013339999999999998
   0.013799999999999998
   0.014859999999999998
   0.01622
   0.0157
   0.0177
   0.017679999999999998
   0.0186
   0.019719999999999998
   0.022799999999999997
   0.022039999999999997
   0.0232
   0.02514
   0.026679999999999995
   0.02854
   0.030899999999999997
   0.03184
   0.03284
   0.034719999999999994
   0.03638
   0.04124
   0.042199999999999994
   0.04208
   0.04721999999999999
   0.050480000000000004
   0.05374
   0.05668
   0.05932
   0.0625
   0.0683
   0.07179999999999999
   0.07737999999999999
   0.08138
   0.08538
   0.09315999999999999
   0.09634
   0.10618
   0.11112
   0.12007999999999999
   0.12949999999999998
   0.13726
   0.14654
   0.15706
   0.17507999999999999
   0.18363999999999997
   0.20109999999999997
   0.21534
   0.23745999999999998
   0.25898
   0.27803999999999995
   0.30668
   0.33531999999999995
   0.36805999999999994
   0.40908
   0.44971999999999995
   0.494
   0.53884
   0.59614
   0.67624
   0.7410799999999998
   0.80794
   0.8449399999999999
   0.8787799999999999
   0.8833399999999999
   0.8849999999999999
   0.8726200000000001
   0.83776
   0.79518
   0.73598
   0.66496
   0.6010599999999999
   0.5394399999999999
   0.49514
   0.44137999999999994
   0.40387999999999996
   0.36484
   0.3363
   0.29966
   0.28234
   0.25864
   0.2366
   0.22179999999999997
   0.20233999999999996
   0.18734
   0.1745
   0.15872
   0.14866
   0.13771999999999998
   0.12864
   0.1191
   0.10998000000000001
   0.10463999999999998
   0.09802
   0.09566
   0.0833
   0.08076
   0.07408
   0.0688
   0.06735999999999999
   0.06381999999999999
   0.05968
   0.058679999999999996
   0.05262
   0.05014
   0.045799999999999993
   0.04409999999999999
   0.0409
   0.03968
   0.03742
   0.0346
   0.033019999999999994
   0.032119999999999996
   0.028919999999999998
   0.02808
   0.027499999999999997
   0.025519999999999998
   0.022779999999999998
   0.02206
   0.021459999999999996
   0.020699999999999996
   0.01892
   0.017939999999999998
   0.01626
   0.01732
   0.015139999999999999
   0.01444
   0.013219999999999999
   0.0126
   0.012559999999999998
   0.01232
   0.011059999999999999
   0.01082
   0.01018
   0.00882
   0.0092
   0.008459999999999999
   0.00808
   0.00756
   0.00742
   0.0067
   0.006999999999999999
   0.0060999999999999995
   0.00586
   0.0054199999999999995
   0.005339999999999999
   0.00514
   0.00476
   0.004699999999999999
   0.0042
   0.0044399999999999995
   0.0038
   0.00402
   0.0035799999999999994
   0.00344
   0.0033799999999999998
   0.0031
   0.0029
   0.00242
   0.00244
   0.00214
   0.0020399999999999997
   0.00228
   0.00226
   0.00164
   0.00224
   0.00208
   0.00154
   0.0016799999999999999
   0.0016
   0.0012599999999999998
   0.0012799999999999999
   0.00106
   0.0012799999999999999
   0.0014399999999999999
   0.00142
   0.00116
   0.0011
   0.00112
   0.0009399999999999999
   0.0009
   0.0006399999999999999
   0.0006999999999999999
   0.00082
   0.00066
   0.00076
   0.00058
   0.0005399999999999999
   0.00052
   0.0005399999999999999
   0.0005399999999999999
   0.00038
   0.00035999999999999997
   0.00043999999999999996
   0.00052
   0.00041999999999999996
   0.0003
   0.00024
   0.00035999999999999997
   0.0004
   0.00035999999999999997
   0.00052
   0.00031999999999999997
   0.00026
   0.00024
   0.0002
   0.0002
   0.00017999999999999998
   0.00021999999999999998
   0.00014
   0.00028
   0.00021999999999999998
   0.00017999999999999998
   0.0001
   0.00024
   0.00014
   0.0001
   0.00017999999999999998
   6e-05
   0.00012
   7.999999999999999e-05
   0.00014
   0.00012
   0.00012
   0.0001
   1.9999999999999998e-05
   6e-05
   7.999999999999999e-05
   3.9999999999999996e-05
   6e-05
   0.0001
   0.0001
   7.999999999999999e-05
   0.00012
   7.999999999999999e-05
   3.9999999999999996e-05
   0.0001
   1.9999999999999998e-05
   7.999999999999999e-05
   3.9999999999999996e-05
   0.0001
   1.9999999999999998e-05
   1.9999999999999998e-05
   3.9999999999999996e-05
   3.9999999999999996e-05
   1.9999999999999998e-05
   1.9999999999999998e-05
   0.0
   1.9999999999999998e-05
   0.0
   1.9999999999999998e-05
   0.0
   0.0
   3.9999999999999996e-05
   1.9999999999999998e-05
   0.0
   1.9999999999999998e-05
   0.0
   0.0
   0.0
   0.0
   3.9999999999999996e-05
   0.0
   0.0
   1.9999999999999998e-05
   1.9999999999999998e-05
   0.0
   0.0
   0.0
   0.0
   1.9999999999999998e-05
   1.9999999999999998e-05
   0.0
   1.9999999999999998e-05
   0.0
   0.0
   0.0
   0.0
   0.0
   0.0
   0.0
   0.0
   0.0
   0.0
   0.0
   0.0
   0.0
   0.0
   0.0
   0.0
   0.0
   0.0
   0.0
   0.0
   0.0
   0.0
   0.0
   0.0
   0.0
   0.0
   0.0
   0.0
   0.0
   1.9999999999999998e-05
   0.0
   0.0
   0.0
   0.0
   0.0
   0.0
   0.0
   0.0
   0.0
   0.0
   0.0
