   3.88774
   5.6208
   6.2762
   6.52278
   6.6092200000000005
   6.657240000000001
   6.65254
   6.6611199999999995
   6.65202
   6.65256
   6.6800999999999995
   6.676659999999999
   6.70862
   6.6661600000000005
   6.66252
   6.6568000000000005
   6.64696
   6.63014
   6.6717200000000005
   6.65974
   6.6618200000000005
   6.64734
   6.635960000000001
   6.651459999999999
   6.65662
   6.680840000000001
   6.6912
   6.6872
   6.632499999999999
   6.644279999999999
   6.68862
   6.682440000000001
   6.65616
   6.63668
   6.66268
   6.65876
   6.665939999999999
   6.660019999999999
   6.675820000000001
   6.6411999999999995
   6.6816
   6.67766
   6.6511000000000005
   6.62632
   6.654839999999999
   6.69574
   6.668200000000001
   6.6843200000000005
   6.64754
   6.666980000000001
   6.68468
   6.63608
   6.6818
   6.6836199999999995
   6.67846
   6.6713
   6.67886
   6.71278
   6.71072
   6.73054
   6.6944
   6.665260000000001
   6.673360000000001
   6.644419999999999
   6.685720000000001
   6.67362
   6.64864
   6.65302
   6.663819999999999
   6.64882
   6.66184
   6.6924600000000005
   6.67552
   6.69168
   6.6757
   6.670819999999999
   6.68374
   6.64178
   6.65152
   6.68936
   6.681239999999999
   6.681760000000001
   6.63052
   6.62626
   6.66774
   6.67296
   6.65894
   6.640600000000001
   6.64312
   6.654999999999999
   6.6517599999999995
   6.651459999999999
   6.629599999999999
   6.61742
   6.6111
   6.56218
   6.4955
   6.22196
   5.5814200000000005
   3.8993
