   8.30734
   13.25914
   16.11236
   17.67712
   18.71824
   19.245260000000002
   19.49136
   19.73762
   19.82594
   19.91564
   19.94826
   19.924020000000002
   19.91872
   19.88844
   19.930680000000002
   19.97486
   19.94532
   19.9688
   20.00666
   20.03324
   20.0119
   20.01474
   20.04348
   19.97672
   19.957459999999998
   20.01436
   20.051859999999998
   20.06722
   20.04086
   20.008219999999998
   19.99126
   20.0013
   19.990199999999998
   19.951520000000002
   20.011480000000002
   20.00732
   20.02558
   20.02062
   20.01916
   20.03198
   19.98662
   20.065440000000002
   20.132939999999998
   20.05832
   20.09112
   20.048560000000002
   20.04304
   20.06298
   20.020760000000003
   20.045560000000002
   20.06356
   20.04264
   19.99822
   19.94922
   19.99416
   20.01766
   19.98656
   19.9745
   19.9457
   20.03054
   20.02354
   20.08522
   20.0371
   20.0601
   20.044600000000003
   20.07098
   20.005020000000002
   19.95238
   20.0057
   20.01548
   19.94208
   19.961380000000002
   19.991020000000002
   19.97938
   19.96574
   20.00986
   20.02844
   19.967660000000002
   19.9845
   19.988500000000002
   20.0181
   20.09374
   20.09504
   20.1296
   19.982059999999997
   20.00194
   19.97788
   19.98332
   19.9467
   19.92524
   19.90906
   19.7795
   19.70808
   19.510559999999998
   19.19662
   18.6044
   17.718400000000003
   16.0857
   13.196840000000002
   8.27056
