   0.0
   0.0
   0.0
   0.0
   0.0
   0.0
   0.0
   0.0
   0.0
   0.0
   0.0
   0.0
   0.0
   0.0
   0.0
   0.0
   0.0
   0.0
   0.0
   0.0
   0.0
   0.0
   0.0
   0.0
   0.0
   0.0
   0.0
   0.0
   0.0
   0.0
   0.0
   0.0
   0.0
   0.0
   0.0
   0.0
   0.0
   0.0
   0.0
   0.0
   0.0
   0.0
   0.0
   0.0
   0.0
   0.0
   0.0
   0.0
   0.0
   0.0
   0.0
   0.0
   0.0
   0.0
   0.0
   0.0
   0.0
   0.0
   0.0
   0.0
   0.0
   0.0
   0.0
   0.0
   0.0
   0.0
   0.0
   0.0
   0.0
   0.0
   0.0
   0.0
   0.0
   0.0
   0.0
   0.0
   0.0
   0.0
   0.0
   0.0
   0.0
   0.0
   0.0
   0.0
   0.0
   0.0
   0.0
   0.0
   0.0
   0.0
   0.0
   0.0
   0.0
   0.0
   0.0
   0.0
   0.0
   0.0
   0.0
   0.0
   0.0
   0.0
   0.0
   0.0
   1e-06
   0.0
   0.0
   0.0
   0.0
   0.0
   0.0
   0.0
   0.0
   0.0
   0.0
   0.0
   0.0
   0.0
   0.0
   0.0
   0.0
   0.0
   0.0
   0.0
   0.0
   0.0
   0.0
   0.0
   0.0
   2.9999999999999997e-06
   2e-06
   0.0
   2.9999999999999997e-06
   2.9999999999999997e-06
   1e-06
   2e-06
   1e-06
   2e-06
   0.0
   1e-06
   2e-06
   1e-06
   2.9999999999999997e-06
   2e-06
   0.0
   1e-06
   6.999999999999999e-06
   6.999999999999999e-06
   4e-06
   6.999999999999999e-06
   1e-06
   2.9999999999999997e-06
   4.9999999999999996e-06
   4e-06
   6.999999999999999e-06
   9.999999999999999e-06
   6.999999999999999e-06
   6.999999999999999e-06
   8.999999999999999e-06
   1.3e-05
   8e-06
   1.3e-05
   1.5e-05
   1.3999999999999998e-05
   1.8999999999999998e-05
   1.8999999999999998e-05
   1.8999999999999998e-05
   1.1999999999999999e-05
   1.1e-05
   2.7999999999999996e-05
   1.1e-05
   1.9999999999999998e-05
   2.5e-05
   2.3e-05
   1.9999999999999998e-05
   3.5e-05
   2.5e-05
   2.7999999999999996e-05
   3e-05
   4.199999999999999e-05
   4.0999999999999994e-05
   5.1e-05
   7.999999999999999e-05
   5.8e-05
   7.7e-05
   7.099999999999999e-05
   7.999999999999999e-05
   7.999999999999999e-05
   0.000117
   9.5e-05
   9.9e-05
   0.000127
   0.000136
   0.000139
   0.000165
   0.000183
   0.00019
   0.000225
   0.000232
   0.000251
   0.00025499999999999996
   0.000303
   0.000286
   0.000321
   0.000368
   0.00040699999999999997
   0.00039799999999999997
   0.00042799999999999994
   0.000475
   0.0005409999999999999
   0.0006519999999999999
   0.000623
   0.000665
   0.000757
   0.000824
   0.000926
   0.000976
   0.001071
   0.001223
   0.001307
   0.001352
   0.001521
   0.0016259999999999998
   0.0018169999999999998
   0.0019939999999999997
   0.002041
   0.0022299999999999998
   0.002521
   0.0026889999999999996
   0.002946
   0.0032589999999999997
   0.0034939999999999997
   0.003928
   0.004305
   0.004606999999999999
   0.0048189999999999995
   0.005383999999999999
   0.0058519999999999996
   0.006227999999999999
   0.006722
   0.007358
   0.008074
   0.008568999999999998
   0.009554
   0.010355
   0.011201
   0.012365
   0.013064000000000001
   0.014135
   0.015659999999999997
   0.017006
   0.018605999999999998
   0.020082
   0.021827
   0.023270999999999997
   0.025711
   0.028057
   0.030455
   0.03333
   0.036243
   0.03945599999999999
   0.042881
   0.046872
   0.050669
   0.055285999999999995
   0.06034699999999999
   0.06471
   0.071142
   0.07796
   0.08445599999999999
   0.091737
   0.100337
   0.108877
   0.11916299999999999
   0.12947399999999998
   0.141267
   0.15572999999999998
   0.170076
   0.18549
   0.203288
   0.222865
   0.24435199999999999
   0.26970099999999997
   0.296099
   0.32706799999999997
   0.361896
   0.40073499999999995
   0.445592
   0.496571
   0.5539379999999999
   0.621111
   0.6978249999999999
   0.789879
   0.893034
   1.019681
   1.153996
   1.2662609999999999
   1.3468949999999997
   1.398172
   1.4217279999999999
   1.4244809999999999
   1.3970589999999998
   1.345378
   1.2643929999999999
   1.154064
   1.017976
   0.893994
   0.790837
   0.699903
   0.620316
   0.5539639999999999
   0.49568
   0.44470799999999994
   0.399708
   0.36135599999999996
   0.326802
   0.296649
   0.26865799999999995
   0.24379199999999998
   0.22287499999999996
   0.20476899999999998
   0.185224
   0.169211
   0.155196
   0.141622
   0.130554
   0.118478
   0.10853700000000001
   0.100233
   0.09141099999999999
   0.08378399999999998
   0.077517
   0.070948
   0.065178
   0.059802999999999995
   0.054693
   0.04982999999999999
   0.046479
   0.042501
   0.039087
   0.035654
   0.03282
   0.030211
   0.028097999999999998
   0.025736
   0.023862
   0.021911999999999997
   0.020179
   0.018220999999999998
   0.01704
   0.015439
   0.014186999999999998
   0.013328
   0.012221
   0.011000999999999999
   0.010215
   0.009491
   0.008607
   0.007931
   0.007226999999999999
   0.006657
   0.0062309999999999996
   0.0056949999999999995
   0.005196999999999999
   0.0047989999999999994
   0.004488
   0.004104
   0.0037369999999999994
   0.0034289999999999998
   0.003242
   0.00299
   0.0026899999999999997
   0.002526
   0.0022849999999999997
   0.0021409999999999997
   0.001968
   0.0018169999999999998
   0.001711
   0.0015679999999999997
   0.001408
   0.0012599999999999998
   0.001166
   0.0010789999999999999
   0.000955
   0.000926
   0.000826
   0.000704
   0.000712
   0.0006509999999999999
   0.000569
   0.0005589999999999999
   0.00055
   0.000491
   0.0005
   0.000435
   0.000408
   0.00032599999999999996
   0.00032199999999999997
   0.00030199999999999997
   0.000268
   0.000225
   0.000247
   0.000206
   0.000177
   0.000194
   0.000165
   0.00014199999999999998
   0.000113
   0.000129
   8.999999999999999e-05
   9.4e-05
   8.8e-05
   6.7e-05
   5.8e-05
   5.6999999999999996e-05
   7.099999999999999e-05
   5.4999999999999995e-05
   5.4e-05
   4.7e-05
   5.1e-05
   5e-05
   4.7e-05
   3.7e-05
   3.0999999999999995e-05
   2.9e-05
   2.7999999999999996e-05
   2.0999999999999995e-05
   1.6e-05
   2.7e-05
   2.5e-05
   2.3e-05
   1.8999999999999998e-05
   2.5e-05
   1.3999999999999998e-05
   1.1999999999999999e-05
   1.8999999999999998e-05
   9.999999999999999e-06
   1.6e-05
   5.999999999999999e-06
   5.999999999999999e-06
   5.999999999999999e-06
   6.999999999999999e-06
   1.1999999999999999e-05
   4e-06
   8e-06
   4e-06
   2.9999999999999997e-06
   4e-06
   1e-06
   4.9999999999999996e-06
   1e-06
   1e-06
   1e-06
   1e-06
   1e-06
   1e-06
   1e-06
   0.0
   1e-06
   0.0
   2.9999999999999997e-06
   1e-06
   0.0
   0.0
   2.9999999999999997e-06
   0.0
   0.0
   0.0
   1e-06
   1e-06
   1e-06
   0.0
   2e-06
   0.0
   0.0
   0.0
   0.0
   0.0
   0.0
   0.0
   0.0
   0.0
   0.0
   0.0
   0.0
   0.0
   0.0
   0.0
   0.0
   0.0
   0.0
   0.0
   0.0
   0.0
   0.0
   0.0
   0.0
   0.0
   0.0
   0.0
   0.0
   0.0
   0.0
   0.0
   0.0
   0.0
   0.0
   0.0
   0.0
   0.0
   0.0
   0.0
   0.0
   0.0
   0.0
   0.0
   0.0
   0.0
   0.0
   0.0
   0.0
   0.0
   0.0
   0.0
   0.0
   0.0
   0.0
   0.0
   0.0
   0.0
   0.0
   0.0
   0.0
   0.0
   0.0
   0.0
   0.0
   0.0
   0.0
   0.0
   0.0
   0.0
   0.0
   0.0
   0.0
   0.0
   0.0
   0.0
   0.0
   0.0
   0.0
   0.0
   0.0
   0.0
   0.0
   0.0
   0.0
   0.0
   0.0
   0.0
   0.0
   0.0
   0.0
   0.0
   0.0
   0.0
   0.0
   0.0
   0.0
   0.0
   0.0
   0.0
   0.0
   0.0
   0.0
   0.0
   0.0
   0.0
   0.0
   0.0
   0.0
   0.0
   0.0
   0.0
   0.0
   0.0
   0.0
   0.0
   0.0
   0.0
   0.0
   0.0
   0.0
   0.0
   0.0
   0.0
   0.0
   0.0
   0.0
   0.0
