   0.0
   0.0
   0.0
   0.0
   0.0
   0.0
   0.0
   0.0
   0.0
   0.0
   0.0
   0.0
   0.0
   0.0
   0.0
   0.0
   0.0
   0.0
   0.0
   0.0
   0.0
   1.9999999999999998e-05
   0.0
   0.0
   0.0
   0.0
   0.0
   0.0
   0.0
   0.0
   0.0
   0.0
   0.0
   0.0
   0.0
   0.0
   0.0
   1.9999999999999998e-05
   0.0
   0.0
   0.0
   1.9999999999999998e-05
   0.0
   0.0
   0.0
   0.0
   0.0
   0.0
   0.0
   1.9999999999999998e-05
   0.0
   0.0
   1.9999999999999998e-05
   0.0
   3.9999999999999996e-05
   0.0
   0.0
   0.0
   0.0
   1.9999999999999998e-05
   0.0
   0.0
   0.0
   1.9999999999999998e-05
   1.9999999999999998e-05
   1.9999999999999998e-05
   1.9999999999999998e-05
   1.9999999999999998e-05
   0.0
   3.9999999999999996e-05
   0.0
   1.9999999999999998e-05
   1.9999999999999998e-05
   7.999999999999999e-05
   0.0
   0.0
   3.9999999999999996e-05
   0.0
   6e-05
   3.9999999999999996e-05
   3.9999999999999996e-05
   0.0
   1.9999999999999998e-05
   7.999999999999999e-05
   1.9999999999999998e-05
   0.00012
   3.9999999999999996e-05
   0.00014
   0.0
   6e-05
   3.9999999999999996e-05
   0.00012
   1.9999999999999998e-05
   7.999999999999999e-05
   1.9999999999999998e-05
   0.0001
   0.00012
   1.9999999999999998e-05
   7.999999999999999e-05
   6e-05
   0.0001
   0.0001
   3.9999999999999996e-05
   6e-05
   6e-05
   0.0001
   0.00021999999999999998
   0.00017999999999999998
   0.00012
   0.0002
   0.00017999999999999998
   0.00015999999999999999
   0.0002
   0.00015999999999999999
   0.00015999999999999999
   0.00017999999999999998
   0.00015999999999999999
   0.0001
   0.00021999999999999998
   0.00028
   0.00021999999999999998
   0.00031999999999999997
   0.0003
   0.0005
   0.00052
   0.00041999999999999996
   0.00031999999999999997
   0.0004
   0.00058
   0.0004
   0.00048
   0.0005
   0.00045999999999999996
   0.00076
   0.0005399999999999999
   0.00076
   0.0007399999999999999
   0.00076
   0.0007399999999999999
   0.0006999999999999999
   0.00106
   0.00086
   0.001
   0.0010199999999999999
   0.00132
   0.00122
   0.00134
   0.00114
   0.0014799999999999998
   0.0016799999999999999
   0.0013999999999999998
   0.0017599999999999998
   0.0016
   0.0015799999999999998
   0.0018799999999999997
   0.0020399999999999997
   0.0020399999999999997
   0.00212
   0.0025199999999999997
   0.0025
   0.0025
   0.00246
   0.00262
   0.0035399999999999997
   0.00284
   0.0032
   0.0031399999999999996
   0.0035199999999999997
   0.00356
   0.00378
   0.00436
   0.00486
   0.00438
   0.00476
   0.005299999999999999
   0.0058
   0.0057799999999999995
   0.0067
   0.0075
   0.00714
   0.00724
   0.007659999999999999
   0.00854
   0.00886
   0.00954
   0.010419999999999999
   0.0109
   0.010920000000000001
   0.012459999999999999
   0.012379999999999999
   0.012819999999999998
   0.01356
   0.01422
   0.01612
   0.016579999999999998
   0.01724
   0.0177
   0.01934
   0.0202
   0.0222
   0.022539999999999998
   0.023159999999999997
   0.02484
   0.027479999999999997
   0.02716
   0.0305
   0.03276
   0.03462
   0.0363
   0.03704
   0.04026
   0.04392
   0.04468
   0.04974
   0.05335999999999999
   0.05606
   0.060059999999999995
   0.06309999999999999
   0.06708
   0.07193999999999999
   0.07744
   0.08574
   0.08765999999999999
   0.09173999999999999
   0.10297999999999999
   0.10729999999999999
   0.11952
   0.1261
   0.13907999999999998
   0.14784
   0.16008
   0.17695999999999998
   0.19319999999999998
   0.20298
   0.22107999999999997
   0.24826
   0.27055999999999997
   0.29766
   0.33202
   0.36332000000000003
   0.39971999999999996
   0.44715999999999995
   0.49655999999999995
   0.5469999999999999
   0.6134999999999999
   0.68068
   0.74376
   0.7796599999999999
   0.80502
   0.8145399999999999
   0.8150799999999999
   0.8047799999999999
   0.78184
   0.73352
   0.67886
   0.6123799999999999
   0.5473999999999999
   0.49163999999999997
   0.44732
   0.3999599999999999
   0.36246
   0.32944
   0.29806
   0.26952
   0.24257999999999996
   0.22693999999999998
   0.20615999999999998
   0.18989999999999999
   0.17198
   0.15838
   0.14984
   0.1369
   0.12574
   0.11962
   0.10697999999999999
   0.1003
   0.09372
   0.08592
   0.08410000000000001
   0.07594
   0.0713
   0.0673
   0.06184
   0.060239999999999995
   0.05518
   0.051539999999999996
   0.04842
   0.045419999999999995
   0.04332
   0.0401
   0.0387
   0.03576
   0.03426
   0.031939999999999996
   0.030359999999999998
   0.029759999999999998
   0.02586
   0.025279999999999997
   0.023540000000000002
   0.021679999999999998
   0.02154
   0.020439999999999996
   0.01874
   0.01852
   0.01824
   0.01594
   0.01508
   0.015059999999999999
   0.013519999999999999
   0.01286
   0.01168
   0.012199999999999999
   0.010859999999999998
   0.0097
   0.01018
   0.0095
   0.00834
   0.00898
   0.00784
   0.007359999999999999
   0.00718
   0.00644
   0.006179999999999999
   0.0057599999999999995
   0.0057799999999999995
   0.0055
   0.004979999999999999
   0.0044399999999999995
   0.0047799999999999995
   0.00418
   0.0037599999999999995
   0.0036999999999999997
   0.0036
   0.0029
   0.00324
   0.0029999999999999996
   0.0027799999999999995
   0.00308
   0.00262
   0.0026999999999999997
   0.0022
   0.0025
   0.0025199999999999997
   0.00218
   0.00162
   0.0016
   0.00174
   0.0020599999999999998
   0.00124
   0.0014799999999999998
   0.00124
   0.0013599999999999999
   0.00124
   0.001
   0.00114
   0.0012599999999999998
   0.00122
   0.0009199999999999999
   0.00078
   0.00098
   0.00078
   0.0006399999999999999
   0.0009199999999999999
   0.0008399999999999999
   0.00043999999999999996
   0.00052
   0.00052
   0.0005
   0.00045999999999999996
   0.0006799999999999999
   0.00062
   0.0004
   0.0004
   0.00043999999999999996
   0.0004
   0.00045999999999999996
   0.00015999999999999999
   0.0004
   0.00017999999999999998
   0.00026
   0.00024
   0.00024
   0.00021999999999999998
   0.00026
   0.00028
   0.00024
   0.00012
   0.0002
   0.00015999999999999999
   0.00015999999999999999
   0.00014
   0.00017999999999999998
   0.00014
   0.00017999999999999998
   0.00012
   0.0001
   0.0001
   3.9999999999999996e-05
   0.0001
   0.00012
   7.999999999999999e-05
   6e-05
   0.0001
   6e-05
   3.9999999999999996e-05
   0.00012
   3.9999999999999996e-05
   6e-05
   6e-05
   1.9999999999999998e-05
   6e-05
   0.00012
   1.9999999999999998e-05
   6e-05
   3.9999999999999996e-05
   1.9999999999999998e-05
   1.9999999999999998e-05
   0.0
   6e-05
   1.9999999999999998e-05
   6e-05
   6e-05
   3.9999999999999996e-05
   1.9999999999999998e-05
   3.9999999999999996e-05
   0.0
   1.9999999999999998e-05
   3.9999999999999996e-05
   0.0
   1.9999999999999998e-05
   0.0
   3.9999999999999996e-05
   0.0
   0.0
   0.0
   1.9999999999999998e-05
   0.0
   0.0
   1.9999999999999998e-05
   0.0
   0.0
   0.0
   0.0
   0.0
   0.0
   0.0
   0.0
   0.0
   0.0
   0.0
   0.0
   0.0
   0.0
   1.9999999999999998e-05
   0.0
   0.0
   0.0
   3.9999999999999996e-05
   0.0
   0.0
   0.0
   0.0
   0.0
   0.0
   0.0
   0.0
   0.0
   0.0
   0.0
   0.0
   0.0
   0.0
   0.0
   0.0
   0.0
   0.0
   0.0
   1.9999999999999998e-05
   0.0
   0.0
   0.0
   0.0
   0.0
   0.0
   0.0
   0.0
   0.0
   0.0
   0.0
   0.0
   0.0
   1.9999999999999998e-05
   0.0
   0.0
   0.0
   0.0
   0.0
   0.0
   0.0
   0.0
