   0.0
   0.0
   0.0
   0.0
   0.0
   0.0
   0.0
   0.0
   0.0
   0.0
   0.0
   0.0
   0.0
   0.0
   0.0
   0.0
   0.0
   0.0
   0.0
   0.0
   0.0
   0.0
   0.0
   0.0
   0.0
   0.0
   0.0
   0.0
   0.0
   0.0
   0.0
   0.0
   0.0
   0.0
   0.0
   0.0
   0.0
   0.0
   0.0
   0.0
   0.0
   0.0
   0.0
   0.0
   0.0
   0.0
   0.0
   0.0
   0.0
   0.0
   0.0
   0.0
   0.0
   0.0
   0.0
   0.0
   0.0
   0.0
   0.0
   0.0
   0.0
   0.0
   0.0
   0.0
   0.0
   0.0
   0.0
   0.0
   0.0
   0.0
   0.0
   0.0
   0.0
   0.0
   0.0
   0.0
   0.0
   0.0
   0.0
   0.0
   0.0
   0.0
   0.0
   0.0
   0.0
   0.0
   0.0
   0.0
   0.0
   0.0
   0.0
   0.0
   0.0
   0.0
   0.0
   0.0
   0.0
   0.0
   0.0
   0.0
   0.0
   0.0
   2e-06
   0.0
   1e-06
   0.0
   0.0
   0.0
   0.0
   0.0
   0.0
   1e-06
   0.0
   1e-06
   0.0
   1e-06
   1e-06
   1e-06
   0.0
   0.0
   0.0
   1e-06
   1e-06
   0.0
   0.0
   0.0
   0.0
   0.0
   1e-06
   1e-06
   1e-06
   2e-06
   1e-06
   1e-06
   0.0
   1e-06
   2.9999999999999997e-06
   0.0
   2e-06
   0.0
   2.9999999999999997e-06
   1e-06
   1e-06
   2e-06
   2.9999999999999997e-06
   8e-06
   1e-06
   1e-06
   2e-06
   2e-06
   8.999999999999999e-06
   2.9999999999999997e-06
   8e-06
   1e-06
   2e-06
   2.9999999999999997e-06
   1.1999999999999999e-05
   1.6e-05
   6.999999999999999e-06
   6.999999999999999e-06
   4e-06
   8e-06
   9.999999999999999e-06
   1.3e-05
   1.3e-05
   6.999999999999999e-06
   1.9999999999999998e-05
   2.2e-05
   2.7e-05
   1.3e-05
   2.5e-05
   2.7999999999999996e-05
   2.5e-05
   2.9e-05
   2.0999999999999995e-05
   1.5e-05
   2.9e-05
   4.199999999999999e-05
   4.3e-05
   6.7e-05
   5.599999999999999e-05
   3.5e-05
   6.199999999999999e-05
   6.5e-05
   6.7e-05
   6.3e-05
   6.4e-05
   6.9e-05
   7.3e-05
   0.0001
   8.9e-05
   9.099999999999999e-05
   0.000109
   0.00010699999999999999
   0.00015299999999999998
   0.00013
   0.000167
   0.00019199999999999998
   0.000233
   0.000227
   0.00027299999999999997
   0.00025499999999999996
   0.000324
   0.000252
   0.00031399999999999993
   0.000356
   0.000388
   0.000405
   0.00048099999999999993
   0.000502
   0.0005729999999999999
   0.0006499999999999999
   0.000655
   0.000726
   0.000799
   0.000821
   0.000958
   0.000957
   0.001187
   0.0011719999999999999
   0.0012980000000000001
   0.0014709999999999999
   0.001654
   0.001777
   0.0019149999999999998
   0.002119
   0.002369
   0.002507
   0.0027879999999999997
   0.0028989999999999997
   0.003267
   0.003476
   0.003854
   0.0041919999999999995
   0.004378
   0.0047409999999999996
   0.005314
   0.0057859999999999995
   0.006192
   0.006880999999999999
   0.007337
   0.008064
   0.008938
   0.009619999999999998
   0.010346999999999999
   0.011574999999999998
   0.012176000000000001
   0.013198999999999999
   0.014687
   0.015675
   0.017658
   0.019086
   0.020669999999999997
   0.022696
   0.024339
   0.026491999999999998
   0.029365
   0.031362
   0.034425
   0.037166
   0.040538
   0.044
   0.048339
   0.052841
   0.056965999999999996
   0.062947
   0.068358
   0.07396599999999999
   0.080697
   0.08767699999999999
   0.09583599999999999
   0.104285
   0.113283
   0.123271
   0.134047
   0.1464
   0.15812099999999998
   0.172932
   0.18872199999999997
   0.205037
   0.223408
   0.24428399999999997
   0.266119
   0.289106
   0.315026
   0.342062
   0.373341
   0.406221
   0.44339499999999993
   0.48321099999999995
   0.5253549999999999
   0.5714359999999999
   0.62447
   0.6789259999999999
   0.7391599999999999
   1.4449609999999997
   1.498052
   1.53752
   1.563594
   1.573817
   1.577021
   1.5613139999999999
   1.53808
   1.5008789999999999
   1.447071
   0.7392459999999998
   0.680782
   0.623598
   0.573297
   0.525149
   0.48240299999999997
   0.443042
   0.40578299999999995
   0.37340799999999996
   0.34299399999999997
   0.31522599999999995
   0.289429
   0.26531299999999997
   0.243509
   0.22433799999999998
   0.20472899999999997
   0.188918
   0.17348599999999997
   0.15947999999999998
   0.14534
   0.134148
   0.12341599999999998
   0.11266599999999999
   0.10356699999999999
   0.09582500000000001
   0.08729999999999999
   0.080884
   0.07475899999999999
   0.06765199999999999
   0.06272
   0.056896999999999996
   0.052643
   0.048566
   0.04466099999999999
   0.040318999999999994
   0.037235
   0.03441399999999999
   0.031775
   0.028895
   0.026806999999999997
   0.024114999999999998
   0.022709
   0.020757
   0.019525999999999998
   0.017478999999999998
   0.016027
   0.01466
   0.013692000000000001
   0.012501
   0.011141
   0.010554
   0.0095
   0.008756
   0.008154
   0.007607
   0.006925
   0.006304
   0.00584
   0.005391999999999999
   0.005095
   0.004565
   0.004077
   0.0038749999999999995
   0.0035189999999999996
   0.003265
   0.003039
   0.0027760000000000003
   0.0025779999999999996
   0.002264
   0.00211
   0.001906
   0.001805
   0.0016119999999999997
   0.0014990000000000001
   0.001353
   0.001359
   0.001151
   0.001137
   0.0010459999999999998
   0.000938
   0.0008559999999999999
   0.000765
   0.000722
   0.0006789999999999999
   0.000636
   0.0005239999999999999
   0.0004959999999999999
   0.00048499999999999997
   0.000411
   0.000324
   0.00033999999999999997
   0.000361
   0.000267
   0.00031099999999999997
   0.000215
   0.00021999999999999998
   0.000234
   0.00018099999999999998
   0.00015199999999999998
   0.00017900000000000001
   0.00015699999999999997
   0.000137
   9.5e-05
   8.999999999999999e-05
   0.0001
   7.4e-05
   6.5e-05
   6.8e-05
   5.2e-05
   7.599999999999999e-05
   4.0999999999999994e-05
   4.6e-05
   6.1e-05
   3.0999999999999995e-05
   3.9e-05
   3.5e-05
   3.7999999999999995e-05
   4.4999999999999996e-05
   3.7e-05
   1.3999999999999998e-05
   1.7e-05
   1.7999999999999997e-05
   2.2e-05
   1.3999999999999998e-05
   1.6e-05
   1.8999999999999998e-05
   1.1999999999999999e-05
   2.2e-05
   9.999999999999999e-06
   1.5e-05
   8.999999999999999e-06
   5.999999999999999e-06
   6.999999999999999e-06
   5.999999999999999e-06
   6.999999999999999e-06
   2.9999999999999997e-06
   2e-06
   2e-06
   2e-06
   2e-06
   4.9999999999999996e-06
   6.999999999999999e-06
   4e-06
   1e-06
   2.9999999999999997e-06
   4.9999999999999996e-06
   1e-06
   2e-06
   1e-06
   2e-06
   4.9999999999999996e-06
   1e-06
   2e-06
   5.999999999999999e-06
   0.0
   1e-06
   2.9999999999999997e-06
   2e-06
   0.0
   0.0
   0.0
   2e-06
   4e-06
   0.0
   0.0
   0.0
   0.0
   0.0
   2e-06
   0.0
   0.0
   0.0
   0.0
   0.0
   0.0
   0.0
   0.0
   0.0
   0.0
   0.0
   0.0
   1e-06
   0.0
   1e-06
   0.0
   0.0
   0.0
   0.0
   0.0
   0.0
   0.0
   0.0
   0.0
   0.0
   0.0
   0.0
   0.0
   0.0
   0.0
   0.0
   0.0
   0.0
   0.0
   0.0
   0.0
   0.0
   0.0
   0.0
   0.0
   0.0
   0.0
   0.0
   0.0
   0.0
   0.0
   0.0
   0.0
   0.0
   0.0
   0.0
   0.0
   0.0
   0.0
   0.0
   0.0
   0.0
   0.0
   0.0
   0.0
   0.0
   0.0
   0.0
   0.0
   0.0
   0.0
   0.0
   0.0
   0.0
   0.0
   0.0
   0.0
   0.0
   0.0
   0.0
   0.0
   0.0
   0.0
   0.0
   0.0
   0.0
   0.0
   0.0
   0.0
   0.0
   0.0
   0.0
   0.0
   0.0
   0.0
   0.0
   0.0
   0.0
   0.0
   0.0
   0.0
   0.0
   0.0
   0.0
   0.0
   0.0
   0.0
   0.0
   0.0
   0.0
   0.0
   0.0
   0.0
   0.0
   0.0
   0.0
   0.0
   0.0
   0.0
   0.0
   0.0
   0.0
   0.0
   0.0
   0.0
   0.0
   0.0
   0.0
   0.0
   0.0
   0.0
