   0.0
   0.0
   0.0
   0.0
   0.0
   0.0
   0.0
   0.0
   0.0
   0.0
   0.0
   0.0
   0.0
   0.0
   0.0
   0.0
   0.0
   0.0
   0.0
   0.0
   0.0
   0.0
   0.0
   0.0
   0.0
   0.0
   0.0
   0.0
   0.0
   0.0
   0.0
   0.0
   0.0
   0.0
   0.0
   0.0
   0.0
   0.0
   0.0
   0.0
   0.0
   0.0
   0.0
   0.0
   0.0
   0.0
   0.0
   0.0
   0.0
   0.0
   0.0
   0.0
   0.0
   0.0
   0.0
   0.0
   0.0
   0.0
   0.0
   0.0
   0.0
   0.0
   0.0
   0.0
   0.0
   0.0
   0.0
   0.0
   0.0
   0.0
   0.0
   0.0
   0.0
   0.0
   0.0
   0.0
   0.0
   0.0
   0.0
   0.0
   0.0
   0.0
   0.0
   0.0
   0.0
   0.0
   0.0
   0.0
   0.0
   0.0
   0.0
   0.0
   0.0
   0.0
   0.0
   0.0
   0.0
   0.0
   0.0
   0.0
   0.0
   0.0
   0.0
   0.0
   0.0
   0.0
   0.0
   0.0
   0.0
   0.0
   0.0
   0.0
   0.0
   0.0
   0.0
   0.0
   0.0
   0.0
   0.0
   0.0
   0.0
   1.9999999999999998e-05
   0.0
   1.9999999999999998e-05
   0.0
   0.0
   0.0
   6e-05
   1.9999999999999998e-05
   0.0
   0.0
   0.0
   0.0
   0.0
   0.0
   1.9999999999999998e-05
   0.0
   0.0
   6e-05
   1.9999999999999998e-05
   3.9999999999999996e-05
   0.0
   1.9999999999999998e-05
   1.9999999999999998e-05
   0.0
   1.9999999999999998e-05
   1.9999999999999998e-05
   1.9999999999999998e-05
   0.0
   0.0
   1.9999999999999998e-05
   0.0
   0.0
   3.9999999999999996e-05
   0.0
   1.9999999999999998e-05
   1.9999999999999998e-05
   1.9999999999999998e-05
   3.9999999999999996e-05
   0.0
   1.9999999999999998e-05
   1.9999999999999998e-05
   1.9999999999999998e-05
   3.9999999999999996e-05
   6e-05
   3.9999999999999996e-05
   6e-05
   0.0001
   3.9999999999999996e-05
   1.9999999999999998e-05
   7.999999999999999e-05
   6e-05
   3.9999999999999996e-05
   6e-05
   1.9999999999999998e-05
   7.999999999999999e-05
   1.9999999999999998e-05
   3.9999999999999996e-05
   0.0
   7.999999999999999e-05
   3.9999999999999996e-05
   0.0001
   3.9999999999999996e-05
   7.999999999999999e-05
   6e-05
   6e-05
   0.00015999999999999999
   0.00015999999999999999
   6e-05
   6e-05
   6e-05
   6e-05
   6e-05
   6e-05
   7.999999999999999e-05
   0.00014
   3.9999999999999996e-05
   0.00012
   6e-05
   0.00012
   0.0002
   0.00017999999999999998
   0.00015999999999999999
   0.00021999999999999998
   0.00021999999999999998
   0.0001
   0.00014
   0.0002
   0.0002
   0.00035999999999999997
   0.00026
   0.00014
   0.00017999999999999998
   0.00014
   0.00026
   0.00033999999999999997
   0.00031999999999999997
   0.00028
   0.00026
   0.00038
   0.00038
   0.00035999999999999997
   0.0003
   0.0003
   0.0004
   0.00031999999999999997
   0.00043999999999999996
   0.00048
   0.00043999999999999996
   0.0008
   0.00031999999999999997
   0.00048
   0.00052
   0.0007399999999999999
   0.00045999999999999996
   0.0007399999999999999
   0.00056
   0.0007399999999999999
   0.0006799999999999999
   0.00066
   0.00058
   0.0006399999999999999
   0.0008
   0.00076
   0.0008799999999999999
   0.0008799999999999999
   0.0007199999999999999
   0.00104
   0.0007199999999999999
   0.0009199999999999999
   0.0011
   0.00132
   0.0011
   0.00132
   0.0011799999999999998
   0.00154
   0.00172
   0.0018399999999999998
   0.0018599999999999999
   0.00182
   0.00178
   0.0018
   0.00174
   0.00212
   0.00246
   0.00232
   0.00266
   0.0023399999999999996
   0.00284
   0.00258
   0.00282
   0.0031599999999999996
   0.00326
   0.0026999999999999997
   0.0036
   0.0036799999999999997
   0.00384
   0.00394
   0.00342
   0.00448
   0.004699999999999999
   0.00378
   0.00458
   0.00422
   0.004339999999999999
   0.0051
   0.005659999999999999
   0.005999999999999999
   0.006019999999999999
   0.006059999999999999
   0.006379999999999999
   0.00706
   0.008239999999999999
   0.00844
   0.00806
   0.009139999999999999
   0.00822
   0.008899999999999998
   0.009819999999999999
   0.01032
   0.010759999999999999
   0.0107
   0.01154
   0.012099999999999998
   0.012620000000000001
   0.014319999999999998
   0.01384
   0.0149
   0.01526
   0.01708
   0.01748
   0.016839999999999997
   0.01822
   0.01882
   0.019639999999999998
   0.0214
   0.02102
   0.02256
   0.023679999999999996
   0.0251
   0.025799999999999997
   0.026619999999999998
   0.026299999999999997
   0.03014
   0.030699999999999998
   0.03142
   0.03186
   0.0353
   0.035019999999999996
   0.037759999999999995
   0.039799999999999995
   0.04158
   0.043160000000000004
   0.045779999999999994
   0.04634
   0.0506
   0.05058
   0.05404
   0.056459999999999996
   0.059019999999999996
   0.06217999999999999
   0.06349999999999999
   0.06596
   0.07139999999999999
   0.07346
   0.07799999999999999
   0.08068
   0.08607999999999999
   0.08678
   0.09048
   0.09468
   0.10153999999999999
   0.10475999999999999
   0.109
   0.11575999999999999
   0.12125999999999999
   0.12625999999999998
   0.13238
   0.13527999999999998
   0.1439
   0.15253999999999998
   0.15661999999999998
   0.16226
   0.17218
   0.18311999999999998
   0.19078
   0.20039999999999997
   0.20997999999999997
   0.22361999999999999
   0.23298
   0.24427999999999997
   0.25782
   0.26749999999999996
   0.28826
   0.29888
   0.31654
   0.33186
   0.35531999999999997
   0.37442000000000003
   0.39814
   0.41702
   0.44226
   0.47396
   0.50368
   0.5285799999999999
   0.5705399999999999
   0.6015
   0.64264
   0.7000199999999999
   0.73642
   0.80252
   0.8598799999999999
   0.9311999999999999
   1.00908
   1.07806
   1.16986
   1.24426
   1.3067999999999997
   1.3337999999999999
   1.3518999999999999
   1.3608799999999999
   1.3345999999999998
   1.30722
   1.2505199999999999
   1.16804
   1.0817599999999998
   1.00256
   0.9270799999999999
   0.8565399999999999
   0.8021399999999999
   0.7426
   0.69084
   0.64602
   0.60354
   0.5645
   0.5313199999999999
   0.50118
   0.46521999999999997
   0.44236
   0.4132799999999999
   0.39527999999999996
   0.37485999999999997
   0.35302
   0.33104
   0.31135999999999997
   0.29801999999999995
   0.27918
   0.26864
   0.25279999999999997
   0.23994000000000001
   0.23008
   0.21954
   0.20693999999999999
   0.1964
   0.18872
   0.18332
   0.17026
   0.16618
   0.1572
   0.14954
   0.14246
   0.13844
   0.13192
   0.12469999999999999
   0.12118
   0.11367999999999999
   0.10883999999999999
   0.10368
   0.09809999999999999
   0.09672
   0.09074
   0.08607999999999999
   0.08031999999999999
   0.07786
   0.07498
   0.07146
   0.07156
   0.06767999999999999
   0.06381999999999999
   0.061799999999999994
   0.06066
   0.05504
   0.0508
   0.05165999999999999
   0.0494
   0.04654
   0.04531999999999999
   0.04332
   0.0425
   0.03834
   0.03782
   0.03526
   0.03562
   0.03362
   0.03176
   0.029979999999999996
   0.02902
   0.027859999999999996
   0.02768
   0.025799999999999997
   0.0248
   0.022779999999999998
   0.02102
   0.02038
   0.0201
   0.019379999999999998
   0.0173
   0.019719999999999998
   0.017179999999999997
   0.017099999999999997
   0.016139999999999998
   0.01586
   0.01448
   0.014879999999999999
   0.01364
   0.01292
   0.012839999999999999
   0.01188
   0.011319999999999998
   0.010920000000000001
   0.01072
   0.01012
   0.00998
   0.00924
   0.007859999999999999
   0.008
   0.008159999999999999
   0.007619999999999999
   0.00722
   0.0059
   0.006359999999999999
   0.0064
   0.00568
   0.00548
   0.00568
   0.00528
   0.00462
   0.00554
   0.0044599999999999996
   0.0043
   0.0038599999999999997
   0.00404
   0.0036799999999999997
   0.00348
   0.00374
   0.00366
   0.0031399999999999996
   0.00292
   0.0031599999999999996
   0.00274
   0.00268
   0.0029999999999999996
   0.0023
   0.00224
   0.00228
   0.00244
   0.0023
   0.0019
   0.00212
   0.0018399999999999998
   0.00134
   0.00174
   0.0016
   0.00164
   0.00152
   0.0016599999999999998
   0.00164
   0.0012599999999999998
   0.00138
   0.0014999999999999998
   0.00116
   0.00142
   0.0012
   0.0012599999999999998
   0.00096
   0.00086
   0.00114
   0.00076
   0.0008799999999999999
   0.00098
   0.0008399999999999999
   0.00076
   0.0007199999999999999
   0.0008799999999999999
   0.0007199999999999999
   0.0006
   0.00041999999999999996
   0.00035999999999999997
   0.0005399999999999999
   0.00058
   0.00045999999999999996
   0.0005
   0.0005399999999999999
   0.00028
   0.0006399999999999999
   0.00033999999999999997
   0.0004
   0.00028
   0.00041999999999999996
   0.00033999999999999997
   0.00052
   0.00033999999999999997
   0.0003
   0.00031999999999999997
   0.0001
   0.00026
   0.00028
   0.0002
   0.00017999999999999998
   0.00031999999999999997
   0.00021999999999999998
   0.00014
   0.00017999999999999998
   0.00014
   0.00012
   0.00024
   0.00012
   0.00014
   0.00014
   0.00026
   0.00017999999999999998
   0.00014
   0.0002
   0.00012
   0.0002
   0.00015999999999999999
   7.999999999999999e-05
   0.0001
   0.00012
   7.999999999999999e-05
   0.0001
   7.999999999999999e-05
   6e-05
   0.00012
   7.999999999999999e-05
   0.0001
   6e-05
   7.999999999999999e-05
   7.999999999999999e-05
   6e-05
   6e-05
   3.9999999999999996e-05
   3.9999999999999996e-05
   6e-05
   3.9999999999999996e-05
   6e-05
   0.0
   1.9999999999999998e-05
   1.9999999999999998e-05
   6e-05
   3.9999999999999996e-05
   1.9999999999999998e-05
   1.9999999999999998e-05
   3.9999999999999996e-05
   0.0
   7.999999999999999e-05
   3.9999999999999996e-05
   1.9999999999999998e-05
   3.9999999999999996e-05
   3.9999999999999996e-05
   1.9999999999999998e-05
   0.0
   0.0
   1.9999999999999998e-05
   3.9999999999999996e-05
   3.9999999999999996e-05
   1.9999999999999998e-05
   0.0
   3.9999999999999996e-05
   1.9999999999999998e-05
   1.9999999999999998e-05
   1.9999999999999998e-05
   6e-05
   0.0
   0.0
   0.0
   1.9999999999999998e-05
   0.0
   1.9999999999999998e-05
   1.9999999999999998e-05
   1.9999999999999998e-05
   1.9999999999999998e-05
   0.0
   3.9999999999999996e-05
   1.9999999999999998e-05
   3.9999999999999996e-05
   0.0
   0.0
   1.9999999999999998e-05
   0.0
   0.0
   1.9999999999999998e-05
   0.0
   0.0
   1.9999999999999998e-05
   1.9999999999999998e-05
   0.0
   0.0
   3.9999999999999996e-05
   0.0
   0.0
   0.0
   0.0
   0.0
   0.0
   0.0
   0.0
   0.0
   1.9999999999999998e-05
   0.0
   0.0
   0.0
   0.0
   0.0
   0.0
   0.0
   0.0
   0.0
   0.0
   0.0
   0.0
   0.0
   0.0
   0.0
   0.0
   0.0
   0.0
   0.0
   0.0
   0.0
   0.0
   0.0
   0.0
   0.0
   0.0
   0.0
   0.0
   0.0
   0.0
   0.0
   0.0
   0.0
   0.0
   0.0
   0.0
   0.0
   0.0
   0.0
   0.0
   0.0
   0.0
   0.0
   0.0
   0.0
   0.0
   0.0
   0.0
   0.0
   0.0
   0.0
   0.0
   0.0
   0.0
   0.0
   0.0
   0.0
   0.0
   0.0
   0.0
   0.0
   0.0
   0.0
   0.0
   0.0
   0.0
   0.0
   0.0
   0.0
   0.0
   0.0
   0.0
   0.0
   0.0
   0.0
   0.0
   0.0
   0.0
   0.0
   0.0
   0.0
   0.0
   0.0
   0.0
   0.0
   0.0
   0.0
   0.0
   0.0
   0.0
   0.0
   0.0
   0.0
   0.0
   0.0
   0.0
   0.0
   0.0
   0.0
   0.0
   0.0
   0.0
   0.0
   0.0
   0.0
   0.0
   0.0
   0.0
   0.0
   0.0
   0.0
