   33.0036
   59.166
   81.6466
   100.27680000000001
   115.99619999999999
   129.7556
   141.2808
   151.019
   158.6312
   165.7772
   171.4184
   175.89600000000002
   180.27200000000002
   182.62259999999998
   185.6458
   188.2356
   190.633
   191.82319999999999
   193.1294
   194.237
   195.5806
   195.947
   196.2706
   196.7384
   197.7482
   197.8296
   198.2636
   198.0216
   198.9166
   199.2294
   200.0324
   199.4472
   199.4386
   199.69140000000002
   200.4924
   200.9722
   200.86560000000003
   200.5706
   200.5356
   199.4136
   199.5894
   199.8062
   199.184
   199.392
   199.4358
   200.26199999999997
   200.645
   200.4142
   200.2284
   199.9804
   199.602
   199.67
   199.8012
   199.6334
   199.0108
   197.8254
   197.3482
   197.053
   198.3052
   197.959
   198.61679999999998
   198.9688
   198.9174
   199.6396
   199.7114
   200.211
   200.2564
   200.83980000000003
   200.60039999999998
   200.74040000000002
   199.8134
   199.5904
   199.5874
   198.665
   198.47539999999998
   198.279
   198.1926
   197.357
   196.3518
   195.7584
   194.4672
   192.7562
   190.7464
   188.4454
   186.724
   184.5666
   181.7054
   178.6834
   174.6836
   169.8812
   164.4986
   157.6648
   149.78979999999999
   140.6196
   129.4512
   115.75880000000001
   100.21679999999999
   81.3
   59.071200000000005
   32.8282
