   0.0
   0.0
   0.0
   0.0
   0.0
   0.0
   0.0
   0.0
   0.0
   0.0
   0.0
   0.0
   0.0
   0.0
   0.0
   0.0
   0.0
   0.0
   0.0
   0.0
   0.0
   0.0
   0.0
   0.0
   0.0
   0.0
   0.0
   0.0
   0.0
   0.0
   0.0
   0.0
   0.0
   0.0
   0.0
   0.0
   0.0
   2e-06
   0.0
   2e-06
   1e-06
   1e-06
   0.0
   2e-06
   1e-06
   1e-06
   0.0
   0.0
   2e-06
   0.0
   1e-06
   0.0
   0.0
   1e-06
   0.0
   0.0
   0.0
   0.0
   1e-06
   1e-06
   0.0
   0.0
   0.0
   0.0
   0.0
   0.0
   0.0
   0.0
   0.0
   0.0
   1e-06
   1e-06
   0.0
   0.0
   0.0
   0.0
   0.0
   0.0
   0.0
   1e-06
   1e-06
   0.0
   0.0
   0.0
   0.0
   0.0
   0.0
   1e-06
   0.0
   0.0
   0.0
   0.0
   1e-06
   1e-06
   0.0
   1e-06
   4e-06
   0.0
   2.9999999999999997e-06
   0.0
   2e-06
   2e-06
   0.0
   0.0
   2e-06
   1e-06
   2.9999999999999997e-06
   1e-06
   4.9999999999999996e-06
   1e-06
   1e-06
   2.9999999999999997e-06
   2e-06
   5.999999999999999e-06
   2e-06
   4.9999999999999996e-06
   4.9999999999999996e-06
   5.999999999999999e-06
   2.9999999999999997e-06
   2e-06
   1e-06
   4.9999999999999996e-06
   6.999999999999999e-06
   2.9999999999999997e-06
   4.9999999999999996e-06
   8.999999999999999e-06
   9.999999999999999e-06
   1.5e-05
   8e-06
   4e-06
   8e-06
   8e-06
   5.999999999999999e-06
   8.999999999999999e-06
   1.1e-05
   8.999999999999999e-06
   1.3e-05
   1.1e-05
   8.999999999999999e-06
   1.8999999999999998e-05
   1.5e-05
   1.9999999999999998e-05
   1.6e-05
   1.8999999999999998e-05
   1.7e-05
   2.5e-05
   3.5999999999999994e-05
   2.6e-05
   3e-05
   3.2e-05
   3.9999999999999996e-05
   2.5e-05
   4.4999999999999996e-05
   4.7999999999999994e-05
   6.8e-05
   6.6e-05
   5.4e-05
   6.1e-05
   5.4e-05
   6.5e-05
   8.1e-05
   7.999999999999999e-05
   8.9e-05
   8.999999999999999e-05
   9.799999999999998e-05
   0.000102
   0.000111
   0.00011499999999999999
   0.00013299999999999998
   0.000145
   0.00013499999999999997
   0.000156
   0.00016999999999999999
   0.00019199999999999998
   0.00022999999999999998
   0.000257
   0.000264
   0.000278
   0.00028799999999999995
   0.000287
   0.00031
   0.000341
   0.00037499999999999995
   0.000387
   0.00038099999999999994
   0.00046999999999999993
   0.000491
   0.000502
   0.000552
   0.0005759999999999999
   0.000693
   0.0006619999999999999
   0.00076
   0.000823
   0.000843
   0.0009009999999999999
   0.0010299999999999999
   0.0010129999999999998
   0.0011179999999999999
   0.001252
   0.001286
   0.001374
   0.0015029999999999998
   0.001539
   0.001678
   0.0018609999999999998
   0.001972
   0.002139
   0.002263
   0.0024479999999999997
   0.002639
   0.002982
   0.002977
   0.0031839999999999998
   0.0034159999999999998
   0.003748
   0.004029
   0.004202
   0.0045449999999999996
   0.004752999999999999
   0.005274
   0.00568
   0.006021
   0.006562999999999999
   0.007037
   0.007651999999999999
   0.00813
   0.008641
   0.009324999999999998
   0.009863999999999998
   0.010469
   0.011593
   0.012218999999999999
   0.013196
   0.014208
   0.015487
   0.016255
   0.017639
   0.018913
   0.020251
   0.021752999999999998
   0.023362
   0.025039
   0.026873
   0.028817999999999996
   0.031162
   0.033037
   0.035396
   0.038238
   0.041525
   0.044534
   0.047486
   0.05098
   0.054877999999999996
   0.059211999999999994
   0.063206
   0.06843199999999999
   0.073185
   0.07864499999999999
   0.084739
   0.09114
   0.09752399999999999
   0.104682
   0.11195699999999999
   0.120738
   0.129521
   0.13891099999999998
   0.14898599999999998
   0.159894
   0.17173
   0.18525699999999998
   0.199093
   0.21443299999999998
   0.23027999999999998
   0.249341
   0.268241
   0.287874
   0.311027
   0.33548
   0.362928
   0.39276199999999994
   0.42367
   0.45792299999999997
   0.49641699999999994
   0.5395019999999999
   0.586089
   0.6369239999999999
   0.69263
   0.757369
   0.8296589999999999
   0.9099069999999999
   1.001158
   1.108282
   1.2225489999999999
   1.359256
   1.508206
   1.6308259999999999
   1.720163
   1.7781649999999998
   1.806852
   1.8054909999999997
   1.778972
   1.7184479999999998
   1.629364
   1.5089789999999998
   1.3608719999999999
   1.2248029999999999
   1.105986
   1.00065
   0.9091079999999999
   0.8278739999999999
   0.757442
   0.6936699999999999
   0.6361899999999999
   0.5843079999999999
   0.537455
   0.495437
   0.45762299999999995
   0.42297
   0.39137199999999994
   0.363384
   0.335128
   0.311488
   0.28941999999999996
   0.26758899999999997
   0.248476
   0.23138599999999998
   0.215818
   0.19975199999999999
   0.186297
   0.173004
   0.159812
   0.149466
   0.13930499999999998
   0.12922899999999998
   0.120598
   0.11280099999999998
   0.10442099999999999
   0.097342
   0.09028299999999999
   0.084004
   0.07875599999999999
   0.07291299999999999
   0.067684
   0.06374
   0.05878099999999999
   0.055392
   0.051025999999999995
   0.047789
   0.044198999999999995
   0.041200999999999995
   0.038557999999999995
   0.03585
   0.033398
   0.03102
   0.028661
   0.0268
   0.025025
   0.023178999999999998
   0.022054
   0.020362
   0.01884
   0.017528
   0.016277999999999997
   0.015401999999999999
   0.014518999999999999
   0.013271999999999999
   0.012489999999999998
   0.011532999999999998
   0.010637999999999998
   0.009879
   0.009443
   0.008775
   0.008145999999999999
   0.007542
   0.007077999999999999
   0.006497
   0.0060539999999999995
   0.005613
   0.005165
   0.004763999999999999
   0.0045179999999999994
   0.004175
   0.003886
   0.003771
   0.003384
   0.003172
   0.0028889999999999996
   0.0027839999999999996
   0.002705
   0.002435
   0.002222
   0.002005
   0.0018169999999999998
   0.001797
   0.0015149999999999999
   0.001607
   0.0014399999999999999
   0.0013369999999999999
   0.001189
   0.001241
   0.001095
   0.000986
   0.000906
   0.0008500000000000001
   0.000775
   0.000758
   0.000683
   0.0006349999999999999
   0.000638
   0.000553
   0.000527
   0.00047599999999999997
   0.00042799999999999994
   0.00045599999999999997
   0.000377
   0.000352
   0.000324
   0.00031
   0.00029299999999999997
   0.000267
   0.000265
   0.000232
   0.00019199999999999998
   0.000201
   0.00017999999999999998
   0.00017499999999999997
   0.000149
   0.000155
   0.000167
   0.000134
   0.000118
   9.2e-05
   0.00011399999999999999
   8.699999999999999e-05
   8.699999999999999e-05
   8.399999999999998e-05
   5.2e-05
   8.1e-05
   6.7e-05
   6.199999999999999e-05
   5.1e-05
   4.7e-05
   4.3e-05
   4.3e-05
   5.1e-05
   4.6e-05
   3.5999999999999994e-05
   3.9e-05
   4.199999999999999e-05
   3.7999999999999995e-05
   2.7e-05
   2.7999999999999996e-05
   2.0999999999999995e-05
   1.9999999999999998e-05
   1.5e-05
   1.7e-05
   1.7e-05
   9.999999999999999e-06
   1.1e-05
   1.5e-05
   1.1999999999999999e-05
   1.3e-05
   1.7e-05
   6.999999999999999e-06
   1.1e-05
   1.1999999999999999e-05
   5.999999999999999e-06
   1.1e-05
   1.1e-05
   8e-06
   5.999999999999999e-06
   8e-06
   8.999999999999999e-06
   2e-06
   4e-06
   1e-06
   8e-06
   2.9999999999999997e-06
   2.9999999999999997e-06
   4e-06
   1e-06
   1e-06
   1e-06
   2.9999999999999997e-06
   4.9999999999999996e-06
   2.9999999999999997e-06
   2.9999999999999997e-06
   2.9999999999999997e-06
   0.0
   2e-06
   2.9999999999999997e-06
   1e-06
   2e-06
   1e-06
   0.0
   2e-06
   2e-06
   1e-06
   2e-06
   1e-06
   2e-06
   2e-06
   0.0
   1e-06
   0.0
   0.0
   0.0
   0.0
   1e-06
   0.0
   1e-06
   0.0
   0.0
   0.0
   1e-06
   0.0
   0.0
   1e-06
   0.0
   0.0
   0.0
   0.0
   2.9999999999999997e-06
   0.0
   0.0
   0.0
   1e-06
   1e-06
   0.0
   0.0
   0.0
   0.0
   0.0
   0.0
   0.0
   0.0
   0.0
   0.0
   0.0
   0.0
   0.0
   0.0
   0.0
   0.0
   0.0
   0.0
   0.0
   0.0
   0.0
   0.0
   0.0
   0.0
   0.0
   0.0
   0.0
   0.0
   0.0
   0.0
   0.0
   0.0
   0.0
   0.0
   0.0
   0.0
   0.0
   0.0
   0.0
   0.0
   0.0
   0.0
   0.0
   0.0
   0.0
   0.0
   0.0
   0.0
   0.0
   0.0
   0.0
   0.0
   0.0
   0.0
   0.0
   0.0
   0.0
   0.0
   0.0
   0.0
   0.0
   0.0
   0.0
   0.0
   0.0
   0.0
   0.0
   0.0
   0.0
   0.0
   0.0
