   0.0
   0.0
   0.0
   0.0
   0.0
   0.0
   0.0
   0.0
   0.0
   0.0
   0.0
   0.0
   0.0
   0.0
   0.0
   0.0
   0.0
   0.0
   0.0
   0.0
   0.0
   0.0
   0.0
   0.0
   0.0
   0.0
   0.0
   0.0
   0.0
   0.0
   0.0
   0.0
   0.0
   0.0
   0.0
   0.0
   0.0
   0.0
   0.0
   0.0
   0.0
   0.0
   0.0
   0.0
   0.0
   0.0
   0.0
   0.0
   0.0
   0.0
   0.0
   0.0
   0.0
   0.0
   0.0
   0.0
   0.0
   0.0
   0.0
   0.0
   0.0
   1e-06
   0.0
   0.0
   0.0
   0.0
   0.0
   0.0
   0.0
   0.0
   0.0
   0.0
   0.0
   0.0
   0.0
   0.0
   0.0
   1e-06
   0.0
   0.0
   0.0
   0.0
   0.0
   1e-06
   0.0
   0.0
   0.0
   0.0
   0.0
   0.0
   0.0
   1e-06
   0.0
   1e-06
   1e-06
   1e-06
   0.0
   8e-06
   2e-06
   4.9999999999999996e-06
   4.9999999999999996e-06
   2.9999999999999997e-06
   4e-06
   6.999999999999999e-06
   6.999999999999999e-06
   8.999999999999999e-06
   6.999999999999999e-06
   2.9999999999999997e-06
   4.9999999999999996e-06
   5.999999999999999e-06
   8e-06
   1.3e-05
   1.3e-05
   1.3999999999999998e-05
   2.3999999999999997e-05
   1.7999999999999997e-05
   2.2e-05
   3.5999999999999994e-05
   2.9e-05
   2.9e-05
   3.7999999999999995e-05
   4.3e-05
   3.5999999999999994e-05
   3e-05
   5e-05
   4.6e-05
   6.8e-05
   7.9e-05
   6e-05
   0.000113
   0.00012
   0.000148
   0.000138
   0.000159
   0.000176
   0.00022099999999999998
   0.00026599999999999996
   0.000264
   0.000268
   0.000335
   0.000402
   0.000441
   0.000479
   0.000552
   0.0005909999999999999
   0.0006609999999999999
   0.0007389999999999999
   0.000822
   0.000894
   0.001053
   0.0012259999999999999
   0.001442
   0.0015489999999999998
   0.001738
   0.00196
   0.002245
   0.002615
   0.002888
   0.0033159999999999995
   0.0035889999999999997
   0.0042499999999999994
   0.004691
   0.005168
   0.00586
   0.006803
   0.007515
   0.008506
   0.009794999999999998
   0.010891
   0.012405999999999999
   0.013569999999999999
   0.015458999999999999
   0.017634
   0.019995
   0.022715
   0.024835999999999997
   0.028611
   0.032156
   0.036258
   0.041218
   0.046471
   0.052011
   0.059204
   0.066886
   0.075145
   0.084505
   0.09624
   0.10851
   0.122209
   0.138203
   0.154777
   0.175569
   0.19753099999999998
   0.22353
   0.25257
   0.7703169999999999
   0.7953499999999999
   0.815068
   0.8263739999999999
   0.8342149999999999
   0.83344
   0.826424
   0.814642
   0.7942109999999999
   0.768867
   0.252611
   0.22269
   0.19823
   0.175014
   0.15552
   0.137228
   0.121741
   0.107974
   0.095787
   0.084838
   0.07475599999999999
   0.06637799999999999
   0.059165999999999996
   0.05221499999999999
   0.046328999999999995
   0.041089
   0.036220999999999996
   0.032163
   0.028508
   0.025181
   0.022588
   0.019816
   0.017695
   0.015418999999999999
   0.013806999999999998
   0.012239
   0.010889999999999999
   0.009623999999999999
   0.008662999999999999
   0.0074399999999999996
   0.006868
   0.005875
   0.005314
   0.004572
   0.004143
   0.003578
   0.003217
   0.0027849999999999997
   0.0025579999999999995
   0.002276
   0.001972
   0.001761
   0.001472
   0.0013789999999999998
   0.001202
   0.00105
   0.0009789999999999998
   0.00091
   0.0007449999999999999
   0.000686
   0.000616
   0.000502
   0.000457
   0.000372
   0.000341
   0.00032199999999999997
   0.00031
   0.00025899999999999995
   0.00021899999999999998
   0.00020999999999999998
   0.00017399999999999997
   0.00015299999999999998
   0.000138
   0.00012099999999999999
   9.3e-05
   9.799999999999998e-05
   9.3e-05
   7.4e-05
   6.9e-05
   6.1e-05
   5.8e-05
   5e-05
   3.9999999999999996e-05
   4.4999999999999996e-05
   2.7e-05
   2.7e-05
   2.7e-05
   1.6e-05
   1.8999999999999998e-05
   2.7e-05
   8e-06
   1.1e-05
   6.999999999999999e-06
   1.3e-05
   1.1e-05
   8.999999999999999e-06
   1.1e-05
   9.999999999999999e-06
   5.999999999999999e-06
   8.999999999999999e-06
   5.999999999999999e-06
   2.9999999999999997e-06
   8e-06
   2.9999999999999997e-06
   4e-06
   5.999999999999999e-06
   0.0
   2.9999999999999997e-06
   2e-06
   2e-06
   2.9999999999999997e-06
   1e-06
   0.0
   2e-06
   1e-06
   0.0
   1e-06
   0.0
   0.0
   0.0
   0.0
   0.0
   0.0
   0.0
   1e-06
   0.0
   0.0
   0.0
   0.0
   0.0
   0.0
   0.0
   0.0
   0.0
   0.0
   0.0
   0.0
   0.0
   1e-06
   0.0
   0.0
   0.0
   0.0
   0.0
   0.0
   0.0
   0.0
   0.0
   0.0
   0.0
   0.0
   0.0
   0.0
   0.0
   0.0
   0.0
   0.0
   0.0
   0.0
   0.0
   0.0
   0.0
   0.0
   0.0
   0.0
   0.0
   0.0
   0.0
   0.0
   0.0
   0.0
   0.0
   0.0
   0.0
   0.0
   0.0
   0.0
   0.0
   0.0
   0.0
   0.0
   0.0
   0.0
   0.0
   0.0
   0.0
   0.0
   0.0
   0.0
   0.0
   0.0
   0.0
   0.0
   0.0
   0.0
   0.0
   0.0
   0.0
   0.0
   0.0
   0.0
   0.0
   0.0
   0.0
   0.0
