   0.0
   0.0
   0.0
   0.0
   0.0
   0.0
   0.0
   0.0
   0.0
   0.0
   0.0
   0.0
   0.0
   0.0
   0.0
   0.0
   0.0
   0.0
   0.0
   0.0
   0.0
   0.0
   0.0
   0.0
   0.0
   0.0
   0.0
   0.0
   0.0
   0.0
   0.0
   0.0
   0.0
   0.0
   0.0
   0.0
   0.0
   0.0
   0.0
   0.0
   0.0
   0.0
   0.0
   0.0
   0.0
   0.0
   0.0
   0.0
   0.0
   0.0
   0.0
   0.0
   0.0
   0.0
   0.0
   0.0
   0.0
   0.0
   0.0
   1e-06
   0.0
   0.0
   0.0
   0.0
   0.0
   0.0
   0.0
   0.0
   0.0
   0.0
   0.0
   0.0
   0.0
   2e-06
   0.0
   2e-06
   1e-06
   1e-06
   2.9999999999999997e-06
   0.0
   0.0
   0.0
   0.0
   2.9999999999999997e-06
   4e-06
   1e-06
   4.9999999999999996e-06
   1e-06
   4e-06
   2e-06
   4.9999999999999996e-06
   2.9999999999999997e-06
   4e-06
   6.999999999999999e-06
   9.999999999999999e-06
   2e-06
   4.9999999999999996e-06
   6.999999999999999e-06
   6.999999999999999e-06
   1.1999999999999999e-05
   1.1e-05
   8e-06
   9.999999999999999e-06
   9.999999999999999e-06
   1.7e-05
   5.999999999999999e-06
   1.7999999999999997e-05
   1.9999999999999998e-05
   1.7999999999999997e-05
   2.3e-05
   3.2e-05
   2.5e-05
   3.5e-05
   3.4e-05
   4.3e-05
   5.8e-05
   6.5e-05
   6e-05
   8.999999999999999e-05
   9.2e-05
   8.499999999999999e-05
   0.00010999999999999999
   0.000113
   0.000122
   0.00016299999999999998
   0.000186
   0.000201
   0.00024
   0.00025899999999999995
   0.000244
   0.00030599999999999996
   0.000356
   0.00040699999999999997
   0.00042500000000000003
   0.00045099999999999996
   0.000575
   0.000578
   0.000646
   0.000758
   0.0008079999999999999
   0.000913
   0.00101
   0.0011819999999999999
   0.0013210000000000001
   0.001409
   0.0015449999999999997
   0.0017899999999999997
   0.0020269999999999997
   0.002311
   0.002561
   0.002717
   0.0030909999999999996
   0.0035379999999999995
   0.0039169999999999995
   0.004391
   0.004887
   0.005318
   0.005879
   0.006591
   0.007581
   0.008527
   0.009432999999999999
   0.010487
   0.011708999999999999
   0.013177
   0.014518
   0.016332
   0.018328999999999998
   0.020568
   0.022732
   0.024952
   0.028533999999999997
   0.032246
   0.03516
   0.03929
   0.044239999999999995
   0.04886599999999999
   0.054813999999999995
   0.060611
   0.067869
   0.076011
   0.086056
   0.095422
   0.106149
   0.117903
   0.13228499999999999
   0.14684999999999998
   0.164289
   0.18344599999999997
   0.205486
   0.22890299999999997
   0.256685
   0.285188
   0.318811
   0.35586899999999994
   0.9366149999999999
   0.9687769999999999
   0.9923109999999999
   1.006449
   1.0155839999999998
   1.016417
   1.007653
   0.9933119999999999
   0.9682549999999999
   0.935875
   0.35592899999999994
   0.317713
   0.28707499999999997
   0.255293
   0.228963
   0.205818
   0.183466
   0.16508299999999998
   0.14733
   0.13258799999999998
   0.118382
   0.10513299999999999
   0.094442
   0.085031
   0.076289
   0.068414
   0.060561
   0.05418799999999999
   0.049045
   0.043857
   0.039065
   0.035231
   0.031488
   0.027904
   0.025075
   0.022701
   0.020273999999999997
   0.018047999999999998
   0.016228
   0.014617
   0.013087
   0.011709999999999998
   0.010514999999999998
   0.00938
   0.008440999999999999
   0.0076230000000000004
   0.0067209999999999995
   0.00598
   0.00539
   0.004824
   0.00428
   0.003824
   0.0034279999999999996
   0.0031399999999999996
   0.0028799999999999997
   0.002503
   0.002261
   0.002023
   0.001761
   0.001581
   0.00141
   0.001282
   0.00113
   0.000958
   0.000916
   0.0008289999999999999
   0.00073
   0.000691
   0.000619
   0.000556
   0.000486
   0.000411
   0.00039299999999999996
   0.00031399999999999993
   0.00030599999999999996
   0.000251
   0.000265
   0.000198
   0.000187
   0.000158
   0.000165
   0.000148
   0.00011499999999999999
   0.00013099999999999999
   9.3e-05
   0.000108
   7.9e-05
   8.499999999999999e-05
   6.3e-05
   6e-05
   6.4e-05
   3.4e-05
   4.4999999999999996e-05
   3.9e-05
   3e-05
   3.9e-05
   2.5e-05
   2.3e-05
   2.5e-05
   1.7999999999999997e-05
   1.1999999999999999e-05
   1.1e-05
   1.5e-05
   1.1e-05
   1.1e-05
   8.999999999999999e-06
   6.999999999999999e-06
   2.9999999999999997e-06
   9.999999999999999e-06
   8e-06
   6.999999999999999e-06
   4.9999999999999996e-06
   1e-06
   2e-06
   6.999999999999999e-06
   2.9999999999999997e-06
   0.0
   0.0
   0.0
   1e-06
   2.9999999999999997e-06
   1e-06
   0.0
   1e-06
   0.0
   2e-06
   0.0
   0.0
   0.0
   1e-06
   2e-06
   0.0
   0.0
   0.0
   2e-06
   0.0
   2e-06
   0.0
   1e-06
   0.0
   0.0
   1e-06
   0.0
   0.0
   0.0
   0.0
   0.0
   0.0
   0.0
   0.0
   0.0
   0.0
   0.0
   0.0
   0.0
   0.0
   0.0
   0.0
   0.0
   0.0
   0.0
   0.0
   0.0
   0.0
   0.0
   0.0
   0.0
   0.0
   0.0
   0.0
   0.0
   0.0
   0.0
   0.0
   0.0
   0.0
   0.0
   0.0
   0.0
   0.0
   0.0
   0.0
   0.0
   0.0
   0.0
   0.0
   0.0
   0.0
   0.0
   0.0
   0.0
   0.0
   0.0
   0.0
   0.0
   0.0
   0.0
   0.0
   0.0
   0.0
   0.0
   0.0
   0.0
   0.0
   0.0
