   0.0
   0.0
   0.0
   0.0
   0.0
   0.0
   0.0
   0.0
   0.0
   0.0
   0.0
   0.0
   0.0
   0.0
   0.0
   0.0
   0.0
   0.0
   0.0
   0.0
   0.0
   0.0
   0.0
   0.0
   0.0
   0.0
   0.0
   0.0
   0.0
   0.0
   0.0
   0.0
   0.0
   0.0
   0.0
   0.0
   0.0
   0.0
   0.0
   0.0
   0.0
   0.0
   0.0
   0.0
   0.0
   0.0
   0.0
   0.0
   0.0
   0.0
   0.0
   0.0
   0.0
   0.0
   0.0
   0.0
   0.0
   0.0
   0.0
   0.0
   0.0
   0.0
   0.0
   0.0
   0.0
   0.0
   0.0
   0.0
   0.0
   0.0
   0.0
   0.0
   0.0
   0.0
   0.0
   0.0
   0.0
   0.0
   0.0
   0.0
   1.9999999999999998e-05
   1.9999999999999998e-05
   0.0
   0.0
   0.0
   0.0
   0.0
   0.0
   0.0
   1.9999999999999998e-05
   1.9999999999999998e-05
   0.0
   0.0
   0.0
   0.0
   0.0
   1.9999999999999998e-05
   0.0
   3.9999999999999996e-05
   0.0
   0.0
   1.9999999999999998e-05
   0.0
   0.0
   0.0
   0.0
   0.0
   1.9999999999999998e-05
   0.0
   0.0
   0.0
   0.0
   1.9999999999999998e-05
   1.9999999999999998e-05
   1.9999999999999998e-05
   3.9999999999999996e-05
   1.9999999999999998e-05
   0.0
   1.9999999999999998e-05
   1.9999999999999998e-05
   3.9999999999999996e-05
   1.9999999999999998e-05
   6e-05
   1.9999999999999998e-05
   1.9999999999999998e-05
   6e-05
   6e-05
   1.9999999999999998e-05
   6e-05
   3.9999999999999996e-05
   3.9999999999999996e-05
   0.0
   0.0
   3.9999999999999996e-05
   3.9999999999999996e-05
   0.0
   3.9999999999999996e-05
   3.9999999999999996e-05
   0.0
   1.9999999999999998e-05
   1.9999999999999998e-05
   7.999999999999999e-05
   6e-05
   3.9999999999999996e-05
   0.0
   1.9999999999999998e-05
   3.9999999999999996e-05
   7.999999999999999e-05
   7.999999999999999e-05
   6e-05
   0.0
   7.999999999999999e-05
   7.999999999999999e-05
   3.9999999999999996e-05
   3.9999999999999996e-05
   3.9999999999999996e-05
   3.9999999999999996e-05
   0.0001
   6e-05
   0.0001
   0.00014
   0.00012
   7.999999999999999e-05
   0.0001
   0.00017999999999999998
   0.00012
   0.00012
   0.00017999999999999998
   0.00017999999999999998
   0.00014
   0.00014
   0.00014
   0.00012
   0.00015999999999999999
   0.00012
   0.00012
   0.00017999999999999998
   0.0001
   0.0001
   0.00015999999999999999
   0.00024
   0.0003
   0.00017999999999999998
   0.00015999999999999999
   0.00021999999999999998
   0.00028
   0.0002
   0.00024
   0.00031999999999999997
   0.00033999999999999997
   0.00024
   0.00028
   0.00021999999999999998
   0.0004
   0.00028
   0.00038
   0.00048
   0.00041999999999999996
   0.00033999999999999997
   0.00035999999999999997
   0.00041999999999999996
   0.00038
   0.0005
   0.00052
   0.0005399999999999999
   0.00038
   0.00058
   0.0006799999999999999
   0.00062
   0.00062
   0.00066
   0.0008799999999999999
   0.00062
   0.0006399999999999999
   0.0006399999999999999
   0.0009399999999999999
   0.0007399999999999999
   0.00096
   0.00086
   0.0006799999999999999
   0.0009399999999999999
   0.0010199999999999999
   0.00086
   0.0009199999999999999
   0.00098
   0.0010799999999999998
   0.00116
   0.0012
   0.0014399999999999999
   0.00156
   0.0012999999999999997
   0.0013599999999999999
   0.0015799999999999998
   0.0016599999999999998
   0.0016
   0.0016
   0.0020599999999999998
   0.00172
   0.00192
   0.002
   0.00242
   0.0020599999999999998
   0.0020399999999999997
   0.00218
   0.00248
   0.00264
   0.00248
   0.00226
   0.00258
   0.00302
   0.00302
   0.00294
   0.0033599999999999997
   0.00302
   0.00362
   0.0033599999999999997
   0.0038
   0.0040999999999999995
   0.00394
   0.00384
   0.004059999999999999
   0.0040999999999999995
   0.00422
   0.00506
   0.00514
   0.0057599999999999995
   0.0058
   0.005559999999999999
   0.00616
   0.0060999999999999995
   0.00686
   0.00722
   0.007159999999999999
   0.0076
   0.007699999999999999
   0.00848
   0.00802
   0.00926
   0.01006
   0.00952
   0.009219999999999999
   0.00916
   0.010759999999999999
   0.01108
   0.01224
   0.01144
   0.01226
   0.012719999999999999
   0.0127
   0.01418
   0.01436
   0.01464
   0.01484
   0.01588
   0.0167
   0.01752
   0.017359999999999997
   0.01838
   0.01918
   0.0191
   0.020839999999999997
   0.02226
   0.02318
   0.02396
   0.02426
   0.025419999999999998
   0.02664
   0.027899999999999998
   0.0287
   0.03032
   0.03084
   0.0326
   0.03324
   0.03438
   0.03544
   0.03764
   0.039979999999999995
   0.04208
   0.042859999999999995
   0.04516
   0.048159999999999994
   0.0494
   0.050159999999999996
   0.050899999999999994
   0.052
   0.05669999999999999
   0.0583
   0.06064
   0.0633
   0.06624
   0.06892
   0.07311999999999999
   0.07302
   0.07602
   0.08123999999999999
   0.08224
   0.08696
   0.09194000000000001
   0.09336
   0.09795999999999999
   0.10248
   0.10533999999999999
   0.11081999999999999
   0.11429999999999998
   0.11732
   0.12283999999999999
   0.1316
   0.13391999999999998
   0.1399
   0.14365999999999998
   0.15025999999999998
   0.15727999999999998
   0.16218
   0.17208
   0.181
   0.18610000000000002
   0.19438
   0.20258
   0.20573999999999998
   0.21534
   0.22843999999999998
   0.2385
   0.24539999999999998
   0.25658
   0.26992
   0.27871999999999997
   0.29544
   0.30526
   0.31936
   0.33702
   0.35363999999999995
   0.36608
   0.38477999999999996
   0.39798
   0.4199399999999999
   0.43613999999999997
   0.46454
   0.48113999999999996
   0.49874
   0.5407799999999999
   0.5594199999999999
   0.59482
   0.61912
   0.65716
   0.6973999999999999
   0.7342
   0.77712
   0.8329599999999999
   0.87676
   0.9467399999999999
   0.9984999999999999
   1.06178
   1.1410399999999998
   1.21662
   1.3067
   1.3998599999999999
   1.4784199999999998
   1.5286
   1.57644
   1.5882599999999998
   1.5901399999999999
   1.57114
   1.53646
   1.4754
   1.40602
   1.3050999999999997
   1.21964
   1.13056
   1.06436
   0.99832
   0.94014
   0.8755
   0.8200599999999999
   0.78294
   0.73744
   0.6941799999999999
   0.65748
   0.62334
   0.5982
   0.56392
   0.53088
   0.50264
   0.48175999999999997
   0.45609999999999995
   0.44116
   0.41855999999999993
   0.39803999999999995
   0.3737
   0.36484
   0.3508
   0.33472
   0.32101999999999997
   0.30663999999999997
   0.29617999999999994
   0.28175999999999995
   0.26876
   0.25812
   0.24506
   0.23761999999999997
   0.22752
   0.2178
   0.2117
   0.19613999999999998
   0.19283999999999998
   0.18211999999999998
   0.17746
   0.17106
   0.1629
   0.15954
   0.15218
   0.14415999999999998
   0.1399
   0.1354
   0.12704
   0.12114
   0.11696
   0.11324000000000001
   0.10977999999999999
   0.10386
   0.10283999999999999
   0.10033999999999998
   0.09043999999999999
   0.08937999999999999
   0.0842
   0.07972
   0.08212
   0.07712
   0.07411999999999999
   0.07236
   0.0704
   0.06744
   0.06266
   0.061239999999999996
   0.05956
   0.05538
   0.055139999999999995
   0.0513
   0.052199999999999996
   0.05026
   0.04683999999999999
   0.04464
   0.04225999999999999
   0.04198
   0.03917999999999999
   0.0388
   0.03677999999999999
   0.0353
   0.03244
   0.03216
   0.03158
   0.030119999999999997
   0.02792
   0.027039999999999998
   0.02608
   0.025519999999999998
   0.024599999999999997
   0.023119999999999998
   0.02386
   0.021759999999999998
   0.0222
   0.02076
   0.0201
   0.018979999999999997
   0.0162
   0.016739999999999998
   0.01698
   0.016139999999999998
   0.015579999999999998
   0.015499999999999998
   0.01368
   0.013359999999999999
   0.01326
   0.012819999999999998
   0.011839999999999998
   0.011859999999999999
   0.01146
   0.01078
   0.010599999999999998
   0.010399999999999998
   0.009959999999999998
   0.00998
   0.00894
   0.009359999999999999
   0.008879999999999999
   0.00818
   0.00798
   0.00682
   0.00746
   0.0073999999999999995
   0.006379999999999999
   0.005919999999999999
   0.0060999999999999995
   0.00564
   0.00528
   0.00558
   0.0050799999999999994
   0.00492
   0.0044599999999999996
   0.00462
   0.00448
   0.00374
   0.0037599999999999995
   0.00394
   0.00364
   0.00344
   0.0034999999999999996
   0.00306
   0.00284
   0.0029599999999999995
   0.0033599999999999997
   0.0029999999999999996
   0.0033
   0.0022199999999999998
   0.0025599999999999998
   0.0023399999999999996
   0.00248
   0.00248
   0.00202
   0.00224
   0.0022
   0.00202
   0.00196
   0.0020399999999999997
   0.00196
   0.00154
   0.0013999999999999998
   0.00164
   0.0016799999999999999
   0.0011799999999999998
   0.0014799999999999998
   0.00132
   0.00142
   0.00112
   0.0012
   0.0012
   0.0010199999999999999
   0.00132
   0.00086
   0.0009199999999999999
   0.0008
   0.001
   0.00098
   0.00104
   0.00066
   0.0009
   0.00066
   0.0009399999999999999
   0.00048
   0.00062
   0.00078
   0.00058
   0.0006
   0.00041999999999999996
   0.00043999999999999996
   0.00045999999999999996
   0.00041999999999999996
   0.0005
   0.0004
   0.00048
   0.00031999999999999997
   0.00035999999999999997
   0.00045999999999999996
   0.00033999999999999997
   0.00031999999999999997
   0.00031999999999999997
   0.00024
   0.0003
   0.00017999999999999998
   0.00026
   0.00026
   0.00021999999999999998
   0.00024
   0.00021999999999999998
   0.00021999999999999998
   0.00014
   0.00021999999999999998
   0.0002
   0.00021999999999999998
   0.0002
   0.00015999999999999999
   0.00021999999999999998
   0.00012
   0.00012
   0.0001
   7.999999999999999e-05
   7.999999999999999e-05
   0.00012
   7.999999999999999e-05
   0.00015999999999999999
   6e-05
   0.0001
   0.00015999999999999999
   7.999999999999999e-05
   0.0001
   1.9999999999999998e-05
   0.00024
   1.9999999999999998e-05
   0.00012
   1.9999999999999998e-05
   6e-05
   0.0001
   3.9999999999999996e-05
   7.999999999999999e-05
   7.999999999999999e-05
   1.9999999999999998e-05
   6e-05
   1.9999999999999998e-05
   0.0001
   3.9999999999999996e-05
   0.0
   0.0
   3.9999999999999996e-05
   0.0
   7.999999999999999e-05
   1.9999999999999998e-05
   0.0
   1.9999999999999998e-05
   0.0
   3.9999999999999996e-05
   1.9999999999999998e-05
   1.9999999999999998e-05
   0.0
   0.0
   3.9999999999999996e-05
   1.9999999999999998e-05
   1.9999999999999998e-05
   3.9999999999999996e-05
   0.0
   0.0
   0.0
   6e-05
   0.0
   1.9999999999999998e-05
   1.9999999999999998e-05
   1.9999999999999998e-05
   0.0
   3.9999999999999996e-05
   0.0
   1.9999999999999998e-05
   3.9999999999999996e-05
   1.9999999999999998e-05
   6e-05
   0.0
   6e-05
   3.9999999999999996e-05
   3.9999999999999996e-05
   0.0
   0.0
   1.9999999999999998e-05
   0.0
   3.9999999999999996e-05
   0.0
   0.0
   0.0
   6e-05
   0.0
   0.0
   0.0
   1.9999999999999998e-05
   0.0
   0.0
   3.9999999999999996e-05
   1.9999999999999998e-05
   0.0
   3.9999999999999996e-05
   0.0
   0.0
   0.0
   0.0
   0.0
   0.0
   1.9999999999999998e-05
   1.9999999999999998e-05
   1.9999999999999998e-05
   0.0
   0.0
   1.9999999999999998e-05
   0.0
   1.9999999999999998e-05
   0.0
   0.0
   0.0
   0.0
   0.0
   1.9999999999999998e-05
   0.0
   0.0
   0.0
   0.0
   0.0
   1.9999999999999998e-05
   0.0
   0.0
   0.0
   0.0
   0.0
   1.9999999999999998e-05
   0.0
   0.0
   0.0
   0.0
   0.0
   0.0
   0.0
   0.0
   3.9999999999999996e-05
   0.0
   0.0
   0.0
   0.0
   0.0
   0.0
   0.0
   0.0
   0.0
   0.0
   0.0
   0.0
   0.0
   0.0
   0.0
   0.0
   0.0
   0.0
   0.0
   0.0
   0.0
   0.0
   0.0
   0.0
   0.0
   0.0
   0.0
   0.0
   0.0
   0.0
   0.0
   0.0
   0.0
   0.0
   0.0
   0.0
   0.0
   0.0
   0.0
   0.0
   0.0
   0.0
   0.0
   0.0
   0.0
   0.0
   0.0
   0.0
   0.0
   0.0
   0.0
   0.0
   0.0
   0.0
