   112.07199999999999
   211.45200000000003
   306.212
   397.356
   486.362
   565.914
   644.162
   716.7620000000001
   783.278
   843.6379999999999
   902.614
   955.1080000000001
   1008.3119999999999
   1059.516
   1102.55
   1147.19
   1194.558
   1238.932
   1274.7
   1305.514
   1335.984
   1370.3120000000001
   1396.898
   1418.426
   1438.392
   1462.034
   1482.272
   1507.81
   1524.884
   1546.696
   1568.652
   1580.772
   1599.348
   1617.7140000000002
   1640.626
   1658.114
   1669.35
   1686.094
   1696.7259999999999
   1700.9319999999998
   1709.9419999999998
   1725.066
   1730.7759999999998
   1738.328
   1742.7980000000002
   1750.326
   1751.514
   1755.6999999999998
   1748.7559999999999
   1744.936
   1744.3139999999999
   1745.176
   1742.306
   1745.7999999999997
   1740.674
   1739.5720000000001
   1733.0439999999999
   1727.6
   1719.7019999999998
   1715.8560000000002
   1708.9759999999999
   1699.518
   1681.39
   1673.2099999999998
   1654.738
   1645.692
   1644.066
   1631.4340000000002
   1619.152
   1605.2019999999998
   1587.2540000000001
   1564.6599999999999
   1539.048
   1525.2459999999999
   1492.364
   1460.356
   1431.198
   1404.742
   1373.81
   1337.236
   1305.388
   1266.502
   1224.258
   1189.4479999999999
   1145.704
   1104.256
   1053.694
   999.6919999999999
   949.6600000000001
   890.8480000000001
   830.1539999999999
   767.1700000000001
   702.3240000000001
   635.4639999999999
   558.912
   479.48
   393.98
   304.23
   212.222
   112.962
