   0.3353880711042061
   0.40105812688276243
   0.427933413624024
   0.43835516308997663
   0.4408141228222957
   0.4464501600872263
   0.4483756364787788
   0.44745285258036965
   0.4494018017693743
   0.44839374097857343
   0.4496185375261011
   0.45020602683783567
   0.447448909058051
   0.44940848898968294
   0.448634398716271
   0.45096695294693157
   0.4500637232588181
   0.44899449465448904
   0.44957909337867347
   0.44822894483287223
   0.44724408841078045
   0.4495667748911056
   0.44648590783042635
   0.44886510552814196
   0.4499298902535705
   0.4482236269300292
   0.4502492808930515
   0.4495247702035562
   0.44754010404784955
   0.4479596620132219
   0.44887415828491395
   0.44951090462194576
   0.4492912166373943
   0.44802606494872593
   0.44918728744785286
   0.4504100965150648
   0.4500807238429569
   0.44868400370822226
   0.44852728774993167
   0.4489744732371318
   0.44906910379009596
   0.44821406563877486
   0.44893247900635347
   0.4488723859984149
   0.449405028717036
   0.44872647418716005
   0.4474227008245223
   0.44759222359817646
   0.44972882156222765
   0.44847090155075836
   0.44842833074986466
   0.44927481567303545
   0.4508744875558052
   0.447930499081766
   0.44938975910788176
   0.4491201842621193
   0.44628125561874094
   0.4482677212980542
   0.44944738288230135
   0.44783603246862574
   0.44891780706494594
   0.4499013668188173
   0.45033940272461165
   0.44836877667023156
   0.4494303259709563
   0.4501075461793437
   0.4486287512496719
   0.44772289375907504
   0.44945374496638696
   0.44871606835012046
   0.44923821950671117
   0.4490679752603608
   0.44736693764291524
   0.44834340821953655
   0.4481865982609364
   0.449271346953876
   0.44841807034720405
   0.44726070248118155
   0.4507498386216461
   0.4489522346334741
   0.4495781101986172
   0.4474810773088735
   0.45067002623825564
   0.44886182649870104
   0.44815832099716724
   0.45015289543336273
   0.44952006468121086
   0.4494812437541638
   0.44971815193603204
   0.4490639240557072
   0.4474563597107432
   0.4494298813527645
   0.44955215271395377
   0.4486827493726943
   0.4465607057890786
   0.44363548015404497
   0.4374075706311449
   0.4265457145225585
   0.4021268407633467
   0.33534535555714795
