   0.0
   0.0
   0.0
   0.0
   0.0
   0.00044721355077859614
   0.0
   0.0
   0.0
   0.0
   0.0
   0.0
   0.0
   0.0
   0.0
   0.0
   0.00031622775020544923
   0.0
   0.0
   0.0
   0.0
   0.0
   0.00044721355077859614
   0.00031622775020544923
   0.0
   0.0
   0.0
   0.0
   0.00031622775020544923
   0.0
   0.0
   0.0
   0.0
   0.0007071067175469343
   0.00031622775020544923
   0.00044721355077859614
   0.0
   0.0006324555004108985
   0.0
   0.00031622775020544923
   0.0
   0.00031622775020544923
   0.0
   0.0
   0.0005477224753467763
   0.0
   0.00031622775020544923
   0.0005477224753467763
   0.0006324555004108985
   0.00031622775020544923
   0.00044721355077859614
   0.00031622775020544923
   0.00031622775020544923
   0.00031622775020544923
   0.00044721355077859614
   0.0005477224753467763
   0.00044721355077859614
   0.00044721355077859614
   0.00044721355077859614
   0.0007071066044098301
   0.0007745964368624477
   0.00031622775020544923
   0.00044721355077859614
   0.000836659733703015
   0.00044721355077859614
   0.0007745964368624477
   0.0006324554055425568
   0.000894426833228968
   0.0005477224753467763
   0.0005477224753467763
   0.0009486828711429336
   0.0007071066044098301
   0.000836659733703015
   0.0010488084620177318
   0.0006324554055425568
   0.000836659733703015
   0.0007745964368624477
   0.000894426833228968
   0.0011832151283684637
   0.000894426833228968
   0.000836659733703015
   0.0012649102893090877
   0.0010488082713251265
   0.000894426833228968
   0.0010488084620177318
   0.001095444457743066
   0.0012247439528325912
   0.0014142124168596455
   0.0017029373417715638
   0.0013784040590479993
   0.0011401746839848708
   0.000999999499999875
   0.0015165736348756692
   0.0012247439528325912
   0.0014832380658545681
   0.0017606801839062085
   0.0014832380658545681
   0.0014832380658545681
   0.0012649100521380957
   0.0015491914794498452
   0.001643165770699962
   0.0017029368015284655
   0.001870826125004673
   0.0020976134915660703
   0.00204938624958791
   0.0017320482094907174
   0.002121315985420371
   0.002121315985420371
   0.0023874622489162
   0.0023452023345545262
   0.0025099740536507543
   0.0020976134915660703
   0.002846040532037448
   0.002645743078985562
   0.002880962809548225
   0.003146415063210828
   0.003146412800317212
   0.0028284169141058395
   0.003049579379193137
   0.0028982643081679076
   0.003346626904810275
   0.0031464133851101003
   0.0032093454145666524
   0.003591636617198349
   0.003286321901457616
   0.0037013299974468635
   0.003949659423292089
   0.003924256953870376
   0.003847052773227838
   0.0040124528645206535
   0.004582538754882494
   0.004527652282364449
   0.004732814536826897
   0.004604304903022822
   0.004847631288577958
   0.004732817237122093
   0.004847626709019579
   0.005449699220140503
   0.005477156035754323
   0.005813701388960393
   0.005787838089476934
   0.005830865181085908
   0.006008230787012097
   0.006403012662801784
   0.006441937875360178
   0.006774816779072331
   0.007014130640357364
   0.007327866559238098
   0.007489814891571086
   0.007476454260543563
   0.007569483019995487
   0.0076352576321955246
   0.008455518197603267
   0.00846142557965264
   0.008932784658772426
   0.009077124740797606
   0.009364476642610628
   0.009533779984350383
   0.009777134612963043
   0.009954472240656457
   0.010487607917919129
   0.010596665943116259
   0.010935619216121234
   0.011444875043441934
   0.011974261715863738
   0.012045004122456746
   0.012168866549929784
   0.012871538335024295
   0.013321923986797102
   0.013941629173091646
   0.014211479303717823
   0.014137413992311323
   0.015160997921970704
   0.015249716750156378
   0.015844417663959758
   0.01617843994333199
   0.017047878035403703
   0.017094611541360043
   0.01808345582874026
   0.018606435649796013
   0.01892595290044863
   0.019297212741481606
   0.020235050461019363
   0.020814402690444902
   0.021438778886867602
   0.02194774845832711
   0.022651342338810738
   0.02297082115010258
   0.023660816971313565
   0.02480490387322636
   0.025739652828855326
   0.02666983251522214
   0.026483458818666417
   0.027938831090616515
   0.028508590771029
   0.029611732625937307
   0.030968404150682353
   0.03171689891272474
   0.03246795050122505
   0.033256318588202154
   0.03398186045157033
   0.035438231953640126
   0.03629515558583542
   0.03725545275741526
   0.038661705619902495
   0.03962599867145306
   0.04112177767315027
   0.04255986460868972
   0.04329462293403189
   0.04447622680713821
   0.046254791021471495
   0.047281670867261025
   0.04921935969910621
   0.05042254742067283
   0.05152768099953655
   0.053539167067764515
   0.05510902590320391
   0.05666839451969678
   0.05804846931444446
   0.060225136782244004
   0.06183930010721338
   0.06373114417268845
   0.06605367366013794
   0.06782590032458102
   0.06978404239072139
   0.07235383449437909
   0.07406032441942177
   0.07620677233520654
   0.07854993408017603
   0.08121301785495968
   0.08378473483344087
   0.08594092718862184
   0.08872527081187186
   0.09085787427488054
   0.0935971281397031
   0.09640058560397856
   0.09946340924058455
   0.10251545621763579
   0.10541392766987671
   0.10840108316635955
   0.11189560105741422
   0.11493070404100028
   0.11872006921679248
   0.12209193010969234
   0.12567553222087424
   0.24662798149502418
   0.24778529012108447
   0.24890547269513782
   0.24976343459489822
   0.25012314678773734
   0.25042440234847324
   0.24971634819368554
   0.2493176927315027
   0.24811150172998833
   0.24706560331974584
   0.12591090655793089
   0.12252540912280195
   0.11913464815707478
   0.11528679486827623
   0.11206091968384875
   0.10820234484039613
   0.1056940096374435
   0.10254152506745742
   0.09954588684496211
   0.09676814738662717
   0.09357185657958272
   0.09126201783874822
   0.08852072163233872
   0.0857440677773104
   0.08325527645494908
   0.08095719638401518
   0.0784686756345486
   0.07635851761683173
   0.07415913874304367
   0.07176422472931761
   0.06986461934455808
   0.06772689961891065
   0.06582127296702792
   0.06408638877008128
   0.062044781765995434
   0.05989280629892041
   0.058567291789786556
   0.05710625695306951
   0.0549820263496172
   0.05351978921473813
   0.05167607161685184
   0.05058246224839198
   0.04876214888609812
   0.04790509342846541
   0.045503468428681346
   0.04472145468832605
   0.04335109936772077
   0.04194975656663576
   0.04069255613450696
   0.03947061285310883
   0.03889722637605412
   0.037554198047621785
   0.03650354995065548
   0.03525915360739676
   0.03425981773900731
   0.033114494938017706
   0.032521551684998054
   0.03156220828205783
   0.03062114531561483
   0.02934719062789486
   0.028726921154206553
   0.02791408321958649
   0.027299047747311626
   0.02629826136914758
   0.02580361281991342
   0.02489528955264429
   0.024242905429011596
   0.023135601630171625
   0.02273489429907252
   0.021956895370475307
   0.020898227053747883
   0.021181005678673523
   0.020279553090736493
   0.019359258921508332
   0.018729545235002372
   0.018292243719948628
   0.017476332990361564
   0.01761587360422412
   0.016841319418323494
   0.01664439057911103
   0.0160294911597343
   0.015415991071286984
   0.014770207657308004
   0.014569238565896297
   0.014486644425469965
   0.01354515668975446
   0.013321931283038506
   0.012910327663928597
   0.012596806039230739
   0.012392760460849713
   0.012086461417222163
   0.011652670210728525
   0.01113941918369176
   0.010497119330559218
   0.010554113342199807
   0.009797560177921848
   0.009994581747627062
   0.00926788087914384
   0.00950227827365627
   0.008977445293623347
   0.00860206590070083
   0.008270183163630658
   0.008080616555065584
   0.00803096432503594
   0.007974755680270085
   0.007409281324797973
   0.007321038109448686
   0.006964048103653506
   0.006877360708149602
   0.006465176721482561
   0.006640670320833583
   0.006115453785288546
   0.0062368784748462105
   0.0062127866823189735
   0.005805087870997303
   0.005839439828442451
   0.005522605934701479
   0.005347836463468194
   0.005486279758634261
   0.005049695910646502
   0.004837306424033938
   0.004593436377049322
   0.004449683489867566
   0.004358860947541227
   0.00434737860210035
   0.004183275002913387
   0.0044384344886457434
   0.00402489659991409
   0.003728248745724995
   0.00352134360152485
   0.0038078633260662073
   0.0035213468105257683
   0.0034058588579094114
   0.003016609207371747
   0.0031937300512097136
   0.0033316503282907707
   0.002645743078985562
   0.0028982659022249837
   0.0025690390343472793
   0.0024899731645140273
   0.0026645755365536177
   0.0023452027609569283
   0.0024899740641219537
   0.0024083128617353685
   0.0023021676719995874
   0.002190885400928127
   0.0024698121203848684
   0.002323785050300479
   0.00204938624958791
   0.001999996389996742
   0.0019493555447890978
   0.0018708257829097824
   0.001702936496173595
   0.0019999967599973758
   0.001702936496173595
   0.001760679297884768
   0.001612449453471333
   0.0014491361530235866
   0.0015165733447479552
   0.0010954446585747725
   0.0012649102893090877
   0.0011832153481087034
   0.001095444457743066
   0.0014142124168596455
   0.0014142124168596455
   0.0014832386052149532
   0.001095444457743066
   0.0010954446585747725
   0.000999999499999875
   0.0013784038268954421
   0.0010954446585747725
   0.0012649106687825824
   0.000836659733703015
   0.000894426833228968
   0.0011832151283684637
   0.0010488082713251265
   0.0006324554055425568
   0.0007745964368624477
   0.0006324554055425568
   0.000894426833228968
   0.0007745965659619206
   0.00044721355077859614
   0.0007071066044098301
   0.0007071066044098301
   0.0007071066044098301
   0.0011832156861705308
   0.0006324554055425568
   0.00031622775020544923
   0.0005477224753467763
   0.0007745964368624477
   0.00031622775020544923
   0.00044721355077859614
   0.0005477224753467763
   0.0
   0.00044721355077859614
   0.00044721355077859614
   0.0008944269897537752
   0.00044721355077859614
   0.0007745965659619206
   0.00044721355077859614
   0.0
   0.00031622775020544923
   0.0006324554055425568
   0.00031622775020544923
   0.00031622775020544923
   0.00031622775020544923
   0.0
   0.00031622775020544923
   0.0
   0.0
   0.0
   0.0
   0.00031622775020544923
   0.00044721355077859614
   0.0
   0.0
   0.0
   0.0
   0.0
   0.0
   0.0
   0.0
   0.0
   0.0
   0.00031622775020544923
   0.0
   0.00031622775020544923
   0.0
   0.00031622775020544923
   0.0
   0.00031622775020544923
   0.00031622775020544923
   0.00031622775020544923
   0.0
   0.0
   0.00031622775020544923
   0.0
   0.0
   0.0
   0.0
   0.0
   0.0
   0.0
   0.0
   0.00031622775020544923
   0.0
   0.0
   0.00031622775020544923
   0.0007071067175469343
   0.0
   0.0
   0.00031622775020544923
   0.0
   0.0
   0.0
