   0.2208695923255168
   0.2849982037564272
   0.30079003133455073
   0.30325042541752517
   0.3041659018922239
   0.30486187253141384
   0.30461779284143925
   0.30392249739825117
   0.3043918356209805
   0.3038253910124037
   0.3039171353536355
   0.3043173390685289
   0.304857656404936
   0.30363074494121967
   0.3039035166673627
   0.30465618346089746
   0.30301742322802167
   0.3025764195203585
   0.30233512635114035
   0.30309490289287283
   0.30327723343264656
   0.3040647151834458
   0.3041562584269967
   0.3045270942054089
   0.30456147821402163
   0.3055106431846688
   0.30531031284488247
   0.304193146199976
   0.30360215309116306
   0.3032643261768683
   0.3044476380699315
   0.3036820987018991
   0.30498937744241195
   0.3054540694178259
   0.3042664033273309
   0.3041374542464476
   0.303495283859173
   0.3042230150033853
   0.3039410082339006
   0.3032375625622756
   0.303632662560272
   0.3029364595302289
   0.30333197024776337
   0.30517069549638937
   0.30519868740471345
   0.3053185016913322
   0.3034344334922456
   0.3032930041870237
   0.30354620273586025
   0.3037937496785443
   0.30558926702224015
   0.3040028323699633
   0.30286861939512655
   0.30382439840908104
   0.3036629934013033
   0.3043114047891731
   0.30379212550420065
   0.3039657717248934
   0.3034816254565505
   0.30328233885434214
   0.30306136409907153
   0.30474550124581
   0.30496832283756947
   0.30465182627228743
   0.3033712920208338
   0.3042709084819645
   0.30318930970434954
   0.30392788734691656
   0.30345923489991206
   0.3025538223704999
   0.3039271871706116
   0.30427034735535763
   0.30496064493085007
   0.30418134336898445
   0.3032513361505766
   0.30404987076779033
   0.3039422308476399
   0.3045889078006453
   0.3040883463258005
   0.3046604067301165
   0.3044075619549554
   0.3039862085290055
   0.3031065623318637
   0.30361089847204104
   0.3044039026503931
   0.30335651696312704
   0.30520202361000165
   0.3041254200292866
   0.30361724440141735
   0.30564294734174713
   0.3057288312815133
   0.30520306645058465
   0.30503589029999406
   0.3050100784689581
   0.30501241920780864
   0.30438679946140895
   0.3031822684333469
   0.3000388496161789
   0.2860554964253615
   0.22203219511404196
