   0.0
   0.0
   0.0
   0.0
   0.0
   0.0
   0.0
   0.0
   0.0
   0.0
   0.0
   0.0
   0.0
   0.0
   0.0
   0.0
   0.0
   0.0
   0.0
   0.0
   0.0
   0.0
   0.0
   0.0
   0.0
   0.0
   0.0
   0.0
   0.0
   0.0
   0.0
   0.0
   0.0
   0.0
   0.0
   0.0
   0.0
   0.0
   0.0
   0.0
   0.0
   0.0
   0.0
   0.0
   0.0
   0.0
   0.0
   0.0
   0.0
   0.0
   0.0
   0.0
   0.0
   0.0
   0.0
   0.0
   0.0
   0.0
   0.0
   0.0
   0.0
   0.0
   0.0
   0.0
   0.0
   0.0
   0.0
   0.0
   0.0
   0.0
   0.0
   0.0
   0.0
   0.0
   0.0
   0.0
   0.0
   0.0
   0.0
   0.0
   0.0
   0.0
   0.0
   0.0
   0.0
   0.0
   0.0
   0.0
   0.0
   0.0
   0.0
   0.0
   0.0
   0.0
   0.0
   0.0
   0.0
   0.0
   0.0
   0.0
   0.0
   0.0
   0.0
   0.0
   0.0
   0.0
   0.0
   0.0
   0.0
   0.0
   0.0
   0.0
   0.0
   0.0
   0.0
   0.0
   0.0
   0.0
   0.0
   0.0
   0.0
   0.0
   0.0
   0.0
   0.0
   0.0
   0.0
   0.0
   0.0
   0.0
   0.0
   0.0
   0.0
   0.0
   0.0
   0.0
   0.0
   0.0
   0.0
   0.0
   0.0
   0.0
   0.0
   0.0
   0.0
   0.0
   0.0
   0.0
   0.0
   0.0
   0.0
   0.0
   0.0
   0.0
   0.0
   0.0
   0.0
   0.0
   0.0
   0.0
   0.0
   0.0
   0.0
   0.0
   0.0
   0.0
   0.0
   0.0
   0.0
   0.0
   0.0
   0.0
   0.0
   0.0
   0.0
   0.0
   0.0
   0.0
   0.0
   0.0
   0.0
   0.0
   0.0
   0.0
   0.0
   0.0
   0.0
   0.0
   0.0
   0.0
   0.0
   0.0
   0.0
   0.0
   0.0
   0.0
   0.0
   0.0
   0.0
   0.0
   0.0
   0.0
   0.0
   0.0
   0.0
   0.0
   0.0
   0.0
   0.0
   0.0
   0.0
   0.0
   0.0
   0.0
   0.0
   0.0
   0.0
   0.0
   0.0
   0.0
   0.0
   0.0
   0.0
   0.0
   0.0
   0.0
   0.0
   0.000999999499999875
   0.0
   0.0
   0.0
   0.0
   0.0
   0.0
   0.0
   0.0
   0.0
   0.0
   0.0
   0.0
   0.0
   0.0
   0.0
   0.0
   0.0
   0.0
   0.000999999499999875
   0.0
   0.0
   0.0
   0.0
   0.0
   0.0
   0.0
   0.0
   0.0
   0.0
   0.0
   0.0
   0.000999999499999875
   0.0
   0.0
   0.0
   0.000999999499999875
   0.0
   0.000999999499999875
   0.0
   0.000999999499999875
   0.000999999499999875
   0.0
   0.0
   0.0
   0.000999999499999875
   0.000999999499999875
   0.0
   0.000999999499999875
   0.000999999499999875
   0.0
   0.0
   0.0
   0.000999999499999875
   0.000999999499999875
   0.0022360659650377044
   0.000999999499999875
   0.0
   0.0
   0.000999999499999875
   0.000999999499999875
   0.00199999899999975
   0.000999999499999875
   0.0
   0.0022360659650377044
   0.000999999499999875
   0.0
   0.000999999499999875
   0.0
   0.000999999499999875
   0.000999999499999875
   0.000999999499999875
   0.000999999499999875
   0.0
   0.000999999499999875
   0.0
   0.0
   0.000999999499999875
   0.000999999499999875
   0.0
   0.000999999499999875
   0.0
   0.000999999499999875
   0.0
   0.0
   0.00199999899999975
   0.0
   0.0
   0.0014142121481588255
   0.0014142121481588255
   0.0
   0.0
   0.000999999499999875
   0.0014142121481588255
   0.000999999499999875
   0.0014142121481588255
   0.0014142121481588255
   0.0022360659650377044
   0.000999999499999875
   0.000999999499999875
   0.000999999499999875
   0.0031622751303452394
   0.0014142121481588255
   0.000999999499999875
   0.000999999499999875
   0.000999999499999875
   0.0017320482094907174
   0.003316621021461451
   0.0
   0.0
   0.0
   0.0026457465865044596
   0.0022360659650377044
   0.0014142121481588255
   0.000999999499999875
   0.0
   0.0014142121481588255
   0.0
   0.0017320482094907174
   0.0014142121481588255
   0.0
   0.0017320482094907174
   0.0022360659650377044
   0.000999999499999875
   0.0017320482094907174
   0.0024494864767946774
   0.0017320482094907174
   0.0022360659650377044
   0.0014142121481588255
   0.0014142121481588255
   0.0014142121481588255
   0.000999999499999875
   0.000999999499999875
   0.0014142121481588255
   0.0014142121481588255
   0.000999999499999875
   0.0
   0.0017320482094907174
   0.0024494864767946774
   0.0026457465865044596
   0.0022360659650377044
   0.0
   0.0014142121481588255
   0.0031622719680634683
   0.0014142121481588255
   0.0017320482094907174
   0.0022360623873228583
   0.0022360659650377044
   0.0031622719680634683
   0.0014142121481588255
   0.00199999899999975
   0.0017320482094907174
   0.0017320482094907174
   0.00299999583333044
   0.000999999499999875
   0.003999991999992
   0.0017320482094907174
   0.00199999899999975
   0.0017320482094907174
   0.002828420760778
   0.0038729770203294518
   0.0017320482094907174
   0.002828424296317651
   0.0017320482094907174
   0.004690408937395545
   0.0026457465865044596
   0.002828420760778
   0.003464092377521131
   0.0014142121481588255
   0.00199999899999975
   0.001999995999996
   0.0022360623873228583
   0.0026457465865044596
   0.0014142121481588255
   0.0017320482094907174
   0.001999995999996
   0.0024494864767946774
   0.000999999499999875
   0.002828420760778
   0.000999999499999875
   0.002828424296317651
   0.0017320482094907174
   0.0014142121481588255
   0.0017320482094907174
   0.0024494864767946774
   0.0024494864767946774
   0.0022360659650377044
   0.000999999499999875
   0.00199999899999975
   0.0022360623873228583
   0.0017320482094907174
   0.000999999499999875
   0.001999995999996
   0.0024494864767946774
   0.004123095802913146
   0.0014142121481588255
   0.001999995999996
   0.000999999499999875
   0.0022360659650377044
   0.000999999499999875
   0.0017320482094907174
   0.002828420760778
   0.002449482394302927
   0.004123095802913146
   0.002828420760778
   0.0028284158110150636
   0.003741644023687983
   0.0026457465865044596
   0.0029999918333222177
   0.0024494864767946774
   0.0029999918333222177
   0.0049999830999714395
   0.002449482394302927
   0.0017320482094907174
   0.0026457465865044596
   0.0017320482094907174
   0.0017320482094907174
   0.0017320482094907174
   0.0017320482094907174
   0.0024494864767946774
   0.002449482394302927
   0.001999995999996
   0.003464092377521131
   0.003316617403319231
   0.001999995999996
   0.002449482394302927
   0.0038729677251430846
   0.005477212429694507
   0.002999986499969625
   0.0038729728891382653
   0.0014142121481588255
   0.005477207682752225
   0.0024494864767946774
   0.0038729728891382653
   0.003741638143915042
   0.0029999918333222177
   0.0051961176853493225
   0.0038729677251430846
   0.0041230909521862355
   0.0051961361606486026
   0.003999981999959499
   0.005744516602813504
   0.00316226184874055
   0.002828420760778
   0.0043588850638666765
   0.00316226184874055
   0.005656831622030127
   0.003741638143915042
   0.003316606548868889
   0.0041230909521862355
   0.005744537492261671
   0.003741631195080563
   0.004123095802913146
   0.0026457420509187965
   0.0034640808304657097
   0.004123078340269561
   0.004358879557868054
   0.0036055400427675187
   0.004795818908174077
   0.00583091759502739
   0.0038729615283397793
   0.0039999874999804685
   0.004123078340269561
   0.0059999666665740735
   0.006999962214183731
   0.004242610517122683
   0.004690381221180214
   0.0055677319439786255
   0.004582536306457375
   0.004358879557868054
   0.004472107333237878
   0.004690381221180214
   0.004242623716522596
   0.005098972053267207
   0.0047957938863132975
   0.0055677168570249696
   0.004358865792841069
   0.005477202205506019
   0.004242610517122683
   0.004690388470052347
   0.005098972053267207
   0.00768106600674672
   0.005916018171033622
   0.00599994366640221
   0.006164359171884779
   0.005656784952603378
   0.0051961015194085655
   0.00599993466631096
   0.005385115690493566
   0.006403039200254829
   0.005098963031833041
   0.006557355488304718
   0.00538510677702866
   0.006999891356299753
   0.005567698896312551
   0.00670810189248792
   0.006928129329046911
   0.004472091233416421
   0.006708112625768891
   0.007348370975937456
   0.006928087759259405
   0.0064806616946111294
   0.006999912499453118
   0.006403039200254829
   0.0073483492023719175
   0.009055247097677677
   0.005744489446417323
   0.0067822120285346435
   0.007070965704909055
   0.006244888389715224
   0.00692809901776815
   0.006480629290431601
   0.007279982898331562
   0.008185229074375378
   0.006782223529197486
   0.009591475381816919
   0.008717642800665787
   0.0072109802384973986
   0.008306454779266543
   0.007810095966119751
   0.008062096439512492
   0.006708112625768891
   0.00692807592337151
   0.007549675423486761
   0.009380652216130816
   0.007416061960366836
   0.007873849122252724
   0.00818516798850213
   0.009486617099893934
   0.008062026978372126
   0.010582811724678844
   0.008999750607655748
   0.008774752361178063
   0.009746535743534726
   0.009591462662180363
   0.009273354301438072
   0.008717562962204517
   0.010723543024579143
   0.010049624818867618
   0.009539156723736118
   0.009219301003872256
   0.009273437118997465
   0.009164884069097655
   0.008999735496113204
   0.009746474183005874
   0.009949648787771355
   0.008999735496113204
   0.010246581429920907
   0.009899233101609438
   0.009219271066629944
   0.00877473822971375
   0.010343731193336378
   0.00894404293370733
   0.010197725236541725
   0.010770002042711042
   0.010197740730181367
   0.01170433043791912
   0.012727480661937775
   0.012165114056185417
   0.010723452382511893
   0.011957799755807923
   0.012328438506153162
   0.012368854069799675
   0.012206068941309482
   0.013855869370053977
   0.012328354959198734
   0.01236888802601107
   0.013114290830998068
   0.013783472857012488
   0.011957782026780718
   0.012409054113831561
   0.01153204747648916
   0.01204102616058947
   0.012529320452442741
   0.01462796978394473
   0.012328300937274366
   0.013341050033636783
   0.01252939898798023
   0.014070489828005277
   0.013037716211054757
   0.013674087867203429
   0.01166132685417916
   0.012844624361965594
   0.01378329655779052
   0.014211747112864062
   0.014559318528008102
   0.014456064436768397
   0.012883442862837559
   0.015967967153022327
   0.015328864243641797
   0.013673960618635699
   0.014932400711205147
   0.01574703222832798
   0.017145307929576532
   0.013783254187600257
   0.017831455240669505
   0.015619485138761777
   0.015683284222381483
   0.016308422854463888
   0.015131540536244154
   0.01545846949086487
   0.016123442684488943
   0.01676167578137699
   0.015683236273167603
   0.017261197061617713
   0.01602988306258034
   0.01816431666757657
   0.01676159774603841
   0.017519944948543646
   0.017576930078941545
   0.01799853049557102
   0.01743407869662174
   0.017970690331759655
   0.01615411647228037
   0.018572285131345578
   0.01964499977093408
   0.019491690947683323
   0.016671827254383365
   0.018081314968773705
   0.020122677729367926
   0.017998235913555528
   0.02114020319202254
   0.01967010358386554
   0.02004760245016845
   0.0201968115305362
   0.020072603194404057
   0.018081140423103846
   0.021974738018916175
   0.021257699216989594
   0.02111613364231246
   0.020806082548139617
   0.020925972283265596
   0.02113978332433897
   0.021115974995249448
   0.02255807560498014
   0.02061280609233008
   0.02118664614798671
   0.02132780792767977
   0.023126659745843107
   0.023554990787516772
   0.023320342964887972
   0.02382897866044619
   0.02290926343207044
   0.02273409771686574
   0.02306144522791232
   0.02340584405655989
   0.023147754189121676
   0.023723885832637116
   0.024203216645727072
   0.024935308299678192
   0.025015539490484708
   0.0247746034478859
   0.025411728866804793
   0.024754046760075414
   0.02669661924289291
   0.025956617345101036
   0.02768940185341677
   0.027958247441497473
   0.026205426441865052
   0.027561911109355245
   0.027453018486133723
   0.029216400257389686
   0.029607505112724374
   0.027652530426707785
   0.029301822042323577
   0.02972516213580676
   0.02955603329271369
   0.029199475594606148
   0.029471349324386217
   0.02859322094483236
   0.030224374203612552
   0.03206969970236703
   0.02994180019638098
   0.033172033024823785
   0.03169307367548942
   0.030958373326129395
   0.03292998291830714
   0.03387241733328166
   0.032624407657457936
   0.03423831361209252
   0.03333608255329351
   0.034586418013434116
   0.03277676114261444
   0.03395963715942796
   0.033619062434874655
   0.03400420525464461
   0.03438337934235086
   0.03575072753105872
   0.03544165276902306
   0.036056573311949655
   0.036768584076627156
   0.036427679805334845
   0.03746931244365181
   0.03777396134905631
   0.03881687875138855
   0.03876526280060539
   0.04043108823665275
   0.03979524281870887
   0.040182935233753145
   0.039353530972455315
   0.03965635404320473
   0.04205140168888547
   0.040895323497925774
   0.039781583226412696
   0.040760457786928744
   0.04171671008121326
   0.04229927232234616
   0.04231042538193158
   0.04287282360656923
   0.042263129273635194
   0.042214215615121876
   0.04347367957741787
   0.0451528833963015
   0.04387375287116432
   0.04612602176646063
   0.04717368041609643
   0.04642539128537314
   0.04814790868770938
   0.04687406105726279
   0.048031887366623435
   0.047957918543239546
   0.0482803608520069
   0.04884515712944324
   0.05042309117854636
   0.04945244300335424
   0.051092346785012725
   0.05120701514441161
   0.05060907980787637
   0.05283884748932361
   0.052610482263518554
   0.05284516037443732
   0.05310918751967497
   0.05440851733874027
   0.05453443659743814
   0.054962727697959096
   0.055846313360865645
   0.05601247460164566
   0.05772396517911776
   0.057533425936580555
   0.05792041932686606
   0.05954886490102057
   0.058021745707967115
   0.0588341451539835
   0.060604128704239285
   0.06180816567412432
   0.06184664963439814
   0.06211080112186607
   0.0614981708996292
   0.0620856710602374
   0.06323971903795905
   0.06299211060918661
   0.06316639928791255
   0.06520901483690733
   0.06500838481303778
   0.06608844873349654
   0.06595621207285937
   0.06753978731829113
   0.06859346160531629
   0.06988008674865824
   0.06825354319740477
   0.07035938370963747
   0.07158178885722262
   0.06940197161464506
   0.0697159235756079
   0.0714545378195115
   0.07350504743893442
   0.07209782143726674
   0.07518584967266115
   0.07637058972536483
   0.07618693950409086
   0.07697880668729543
   0.07848727269436746
   0.0758601278604248
   0.0787074227503353
   0.07917615155461902
   0.07980528263216664
   0.08040716579385199
   0.08205351617085035
   0.08311247258985861
   0.08403079420664784
   0.08275592063411535
   0.08406085355264958
   0.08531758341045532
   0.08810283636183343
   0.0879286162975399
   0.08863866307091957
   0.08847749508208287
   0.08944552664052015
   0.09026132352231492
   0.08952619714362943
   0.09243256480267113
   0.09389414571207302
   0.09342033558064325
   0.09433637090751372
   0.09554147450714795
   0.09574428356826323
   0.09869022371035543
   0.09817223947735938
   0.09756949305495033
   0.09975218042729692
   0.10046888346149767
   0.10076870131146873
   0.10279878403950117
   0.1026023202417957
   0.10472823632621721
   0.1070158519052201
   0.10660819538853475
   0.1084045312659946
   0.10790736478572721
   0.11082774524459117
   0.1114244387511106
   0.11122046989650781
   0.11437256890968218
   0.11458757398164951
   0.11448777106748127
   0.11518072364766598
   0.11835349003726084
   0.11688134913663514
   0.11715839473123554
   0.12092611608333412
   0.121347390890781
   0.12227068076607736
   0.12437868688404778
   0.12428285337889536
   0.1251669802743519
   0.12699825107063484
   0.1293047697457445
   0.12961124500212165
   0.13012278247486103
   0.13295506864726894
   0.13375236340341803
   0.1355320587573287
   0.13641739841750392
   0.13660488415499644
   0.13876338980797492
   0.13910081063387086
   0.14102457373096364
   0.14179688390088127
   0.14189375523609207
   0.1445486967219006
   0.1447904539636505
   0.14719796180314454
   0.1503196654832627
   0.14827093233334712
   0.15064851169527033
   0.15215059734026679
   0.15189146925025118
   0.15514889003470184
   0.1571205282545855
   0.1583814792171105
   0.16008547716766813
   0.1606490132431569
   0.16222400113423413
   0.16435136212091458
   0.1667673107536366
   0.16715507432022517
   0.16835879238994322
   0.17039786911519758
   0.1724089018119424
   0.17378428438728286
   0.1748537293597137
   0.17754658115266542
   0.17883898563791956
   0.1804898273449227
   0.18020710697417017
   0.18267370271607242
   0.18566462055006602
   0.18485866894468325
   0.18790395514464298
   0.18918370616678382
   0.19261957232846302
   0.19332446657109906
   0.1960404679753647
   0.19598161617610974
   0.20116742709494498
   0.19858956969337538
   0.20141721475583957
   0.20394420521064088
   0.20624475851764087
   0.2072464960958327
   0.2089533591594067
   0.21150000444208034
   0.21450014970624148
   0.2138032484294848
   0.2181074571765028
   0.21805423023642537
   0.2221404247677581
   0.22290660924252562
   0.22603229530091493
   0.22732740968919696
   0.2293154325378037
   0.23124045451434314
   0.23286321477640043
   0.23608465894886096
   0.2375930877698255
   0.24087930379964154
   0.24267063700415012
   0.24358570069690053
   0.24737095444696008
   0.2492151419456691
   0.25103753822088043
   0.2541931264826018
   0.2550626336804354
   0.2567896374836804
   0.2601987707580495
   0.2627318267435447
   0.2646038127540871
   0.2665193971158572
   0.269365646035273
   0.2713854776881033
   0.27581153887392024
   0.2770190041838285
   0.2791506658706011
   0.28319478553815214
   0.28417715012998496
   0.2873611233552653
   0.28981192994078075
   0.29059964178229813
   0.29438863757964573
   0.2975398727901859
   0.29900661515090265
   0.30206671685407516
   0.30525247189826327
   0.3080364222036089
   0.31090707578792737
   0.3121858052362407
   0.3166597920023949
   0.3200373064191111
   0.32104718511614455
   0.3229726582467934
   0.3258565966249571
   0.33010335563123255
   0.333128545609649
   0.33527213271460543
   0.3380834660494358
   0.3411170331704355
   0.3435584888763484
   0.34600556445092034
   0.34900296477823795
   0.35159925710387957
   0.35604725583972696
   0.35849064786127965
   0.36262058727959723
   0.36646654408827006
   0.3681606754543456
   0.3715149751544344
   0.37439016429254657
   0.3770813889387807
   0.38061451430023
   0.3842860882610767
   0.3861853852801786
   0.38890150505751453
   0.3941484239775671
   0.39595584762824254
   0.39976248946593274
   0.4034128752023167
   0.40622335382274616
   0.41157861245574945
   0.4135904481960385
   0.41627215423446234
   0.41909563355396584
   0.42404512821043
   0.4266657683937159
   0.4306683120163358
   0.4344881427507545
   0.43868067290912194
   0.4405836126945713
   0.44467047484176414
   0.4473770411800319
   0.45110319709685054
   0.45363894444701286
   0.45349031732110884
   0.4542587165823018
   0.4561115782075697
   0.45523741388312977
   0.4533487090485645
   0.45102527822728516
   0.44696268894729907
   0.4445939818576045
   0.4397439588840306
   0.4376738218856595
   0.4352564024066734
   0.43204818529418687
   0.4262769986757437
   0.4223956408108398
   0.4199152851218922
   0.41763292331783425
   0.41427186003396366
   0.40981528465395234
   0.4070966861275095
   0.4044552353178285
   0.400028059735814
   0.3965954804470167
   0.3935284349370449
   0.3910705941374268
   0.38667721872254124
   0.3831047999895068
   0.3809263123479395
   0.37752072599924896
   0.3739143831400445
   0.3710845290213538
   0.3690130585440033
   0.36522058988917916
   0.3609358359584152
   0.35874033876328987
   0.35535853663448136
   0.35400784300775034
   0.350553790308991
   0.34860572221924296
   0.3424799627189889
   0.34134899875493996
   0.3379016706913418
   0.3349947678979479
   0.3327426819631049
   0.3297631727027747
   0.3271953836777041
   0.3250468026300212
   0.320910902449574
   0.31763061210154164
   0.3173447191541085
   0.31297678276670937
   0.3109623917952137
   0.3082285774615975
   0.3050986452870612
   0.30227996146618785
   0.29878558995373256
   0.296647758016136
   0.29382486478172676
   0.2925201431970113
   0.28995171898783423
   0.28636460072955944
   0.28413476893720696
   0.28177074454066375
   0.27991644396140786
   0.2765653312311578
   0.27466111439189933
   0.27206988507367
   0.2700056852660699
   0.26771205558211236
   0.2663592347113199
   0.26217781337100204
   0.25959130923626855
   0.2589311653528791
   0.25501126676286284
   0.25292305731981024
   0.25166904217841335
   0.24842672866662316
   0.24746659974832966
   0.24479738482263247
   0.24283034077314145
   0.2410960453844069
   0.2389867158462997
   0.23626649113024892
   0.2321782433907191
   0.23231165105521506
   0.22854688158887662
   0.22739029684663328
   0.2258440183755151
   0.22334979718817746
   0.22020074339338638
   0.21700417234698507
   0.21766506328531457
   0.2155929812493904
   0.21337201100191186
   0.211405693925211
   0.20808425931578775
   0.20742155019187375
   0.20630724241043988
   0.20425664777186567
   0.2019623010267015
   0.1997806355756233
   0.1982762798117818
   0.19618206620381998
   0.1959495564450198
   0.1923864194375476
   0.19323374982388558
   0.1886410872291612
   0.18724249158778036
   0.18636436931720615
   0.1843318484039044
   0.18198488261391382
   0.18144472762800246
   0.17991422372897592
   0.17865996413298643
   0.177331327381825
   0.17616916841490737
   0.17573398985682878
   0.17298940670168217
   0.1710535236439168
   0.1689900960381998
   0.16668318964730666
   0.1676362351163972
   0.1636677338390191
   0.16250414887011347
   0.16035804287905236
   0.16106620029975252
   0.1588372638898064
   0.15751789053628162
   0.15734144270026254
   0.15508910521374478
   0.15406695736269993
   0.15188612101176327
   0.14947281103598742
   0.14898302915097408
   0.1488751325070779
   0.1445183571419216
   0.14503683115333152
   0.1430116715656453
   0.14373091358159523
   0.1407089897590058
   0.14162854626098512
   0.13978133271649687
   0.13633671323234986
   0.13573353592609308
   0.1358469900697104
   0.13379228966947238
   0.1332800714248008
   0.13070028385202537
   0.13143352141291811
   0.12816219947784915
   0.12823848907016958
   0.1262426157998954
   0.12397279620545791
   0.12455405643735575
   0.12284633855349536
   0.12185597557772865
   0.12124810424909743
   0.11925843446482098
   0.11984570373609561
   0.11609108422269128
   0.11783627607405116
   0.11665488776300802
   0.11456635359039756
   0.11423947492438855
   0.11179519495935414
   0.11212695568417079
   0.110638756857622
   0.10945561348784263
   0.10901970360902657
   0.10718412557370612
   0.108007210944455
   0.10442727074859326
   0.10620017775879662
   0.10375536554318528
   0.10279660390791127
   0.10082568001754315
   0.10021419519708773
   0.09943202356886839
   0.09798084692428413
   0.09815930227950889
   0.09747147967995562
   0.09715001759649868
   0.09598163344619635
   0.09442269006970729
   0.09362820877812413
   0.09316012707161793
   0.09144274072336196
   0.09142954305912285
   0.09004184226791453
   0.09036365886793207
   0.08873736348911883
   0.08693125784779604
   0.08658599179428507
   0.08602703597706944
   0.0858880725071881
   0.08591093413530085
   0.08397966601505391
   0.08297268947671878
   0.08142622102860969
   0.08224120716526478
   0.08026419814587324
   0.08145933203138853
   0.08026995811634637
   0.07960565447253104
   0.07780468880472435
   0.07832550526488802
   0.07584592592222736
   0.07630305183280679
   0.07512862013906552
   0.07388149819136047
   0.07338827971822204
   0.07195637372047038
   0.07215754915461028
   0.0727358776945738
   0.07119451264669209
   0.07056667479058369
   0.06943015033830763
   0.06938198163067988
   0.06755942735103666
   0.06878618393253111
   0.0680798700865388
   0.0672882135221318
   0.06497556386827281
   0.06470864980047104
   0.06475460779743786
   0.06424720693539915
   0.06442741400987625
   0.06454036007801629
   0.06347449878494513
   0.061783214540844344
   0.06242299697226976
   0.061839883538053336
   0.060039775615836545
   0.0599986139089896
   0.060105823345163484
   0.05922221849947873
   0.05804885652620558
   0.05655127231106299
   0.057018247175794526
   0.056332493917809104
   0.05453541490627902
   0.055206691396967454
   0.05468207339704667
   0.05479988229914367
   0.0539018722865913
   0.05350477099287502
   0.053295795096799145
   0.052892169514966954
   0.053354887601793334
   0.051295389412694785
   0.05116862941295184
   0.0486686392248643
   0.049956235156384636
   0.04892588246521467
   0.04996679213237527
   0.04875312400246778
   0.048487611572441885
   0.046511047074861686
   0.046521973034255544
   0.047066804607918726
   0.04549241866509188
   0.04579892330612151
   0.046093187945725776
   0.043941280807459404
   0.045351570810722754
   0.04414635204634693
   0.044191894268066856
   0.04469758646728031
   0.04209723862677931
   0.04130712597119291
   0.04039236500874887
   0.04089482974655843
   0.04227593829828026
   0.041885282904619375
   0.03916192945961677
   0.03842774081311572
   0.04036783867139781
   0.03850626084158263
   0.037467853834987665
   0.038662285705839995
   0.03881647299794251
   0.03885587439499979
   0.03793246836155011
   0.03615311084816907
   0.03588962121561051
   0.03652421003936978
   0.03566650247781523
   0.03448442454210306
   0.0343251107937032
   0.03354459145674605
   0.03347067335743337
   0.035202384862392494
   0.03381167129853241
   0.03338102333662046
   0.03180208697554297
   0.03467423791520154
   0.032944704946318765
   0.03300579046167506
   0.03335164929954739
   0.03020825978105988
   0.03339724389826202
   0.031535287774174504
   0.03004173415433936
   0.029010089003655263
   0.03194421686315068
   0.03095974468563977
   0.03060274548141065
   0.02955634449657129
   0.02931881573324543
   0.030274792798630348
   0.02957336597345659
   0.02854166566618003
   0.02715983438830215
   0.028348754822743096
   0.027361654025296056
   0.025994638216370696
   0.027886744593085797
   0.029216356788620994
   0.026827501635448652
   0.026976030768072607
   0.025627231122382303
   0.025470668915440756
   0.027289365676028455
   0.02719769924092845
   0.025725212457820442
   0.02609101222643537
   0.025686017908582093
   0.026396041350929877
   0.023490925907677627
   0.024429603332841898
   0.023954473820144744
   0.024306418391034087
   0.02357619104096334
   0.023299012318121985
   0.024162301546003434
   0.023018218784258696
   0.022557639925311335
   0.021882855732285034
   0.023427283047762922
   0.022357382315467973
   0.02246904250296394
   0.022019756560870515
   0.021951611877035364
   0.022402201320405993
   0.021092580662403545
   0.020997165880184878
   0.02070976520871253
   0.02099735961972362
   0.02109242610512124
   0.019542727649946925
   0.01910278720501278
   0.021561162283142345
   0.02049158695660246
   0.02009754203876683
   0.01931104551804485
   0.018599258049718004
   0.01862602241489041
   0.01771828151937992
   0.019181133960222477
   0.020418504328182315
   0.019259453756532142
   0.018053794171863154
   0.018383130418946604
   0.019337138464622938
   0.019155466034529153
   0.01769019160438914
   0.01878669675594941
   0.017434104966989272
   0.017405308816565133
   0.01757690413582551
   0.016460850494430718
   0.015778453631455778
   0.0158100201138392
   0.015619244411942595
   0.014931937282214924
   0.017831172591840392
   0.015778649340168503
   0.015230529340768167
   0.015587383070932721
   0.016400012164629635
   0.01658200081413579
   0.016339154170274543
   0.016491209779758428
   0.015778741109480184
   0.014316893203485176
   0.015230529340768167
   0.015619530210604927
   0.013415613441061874
   0.014696131599846268
   0.013114150982812421
   0.014141297111651392
   0.013452905968600243
   0.013819654083948701
   0.012805568163888706
   0.012368744439109411
   0.013527035114909698
   0.013378427074959148
   0.013783337767028711
   0.0134528640445074
   0.01170415443336254
   0.010908280845302801
   0.013378466242436014
   0.013637542887191958
   0.012041119175558392
   0.014662180976921544
   0.012449349822380284
   0.011915921449892158
   0.013600839643198503
   0.012449368457877693
   0.012409186113520902
   0.012648683093508195
   0.010439927154918276
   0.01264863233713432
   0.012164972009832164
   0.010862373773719996
   0.01228766759804317
   0.008999719940087025
   0.010535326810308259
   0.011401350095493076
   0.010954081431137894
   0.01029531932481941
   0.009273397651346566
   0.010343808534577581
   0.00994959170016539
   0.010246598215993443
   0.00911020169919415
   0.010862440057372007
   0.010535372371207389
   0.009999740796640682
   0.008602101836179342
   0.009695121247307844
   0.010676835486229054
   0.009746550107602177
   0.009055129816849673
   0.008543756492316479
   0.00943374321253234
   0.010343763290021674
   0.008717618023290536
   0.009848601880470141
   0.0089440838547053
   0.007141273765932797
   0.008425983088043792
   0.009273411238589605
   0.009164954991706178
   0.007141286648776956
   0.00799981774792401
   0.008366438668872198
   0.0075497119812612725
   0.007999889749240298
   0.008543851531949745
   0.007348337499053783
   0.007999843748474091
   0.007680976435323832
   0.007279970810381042
   0.00806214307737093
   0.0067822120285346435
   0.007483207868287504
   0.0072109916100353355
   0.0064806616946111294
   0.00761565729270954
   0.00670810189248792
   0.0064806515104578796
   0.00624493066414672
   0.007615697210367545
   0.0064806407090657325
   0.0059159985632182156
   0.006082683536071887
   0.006082683536071887
   0.006557355488304718
   0.005567698896312551
   0.0067822447611391905
   0.006557365248329545
   0.004358857533804013
   0.00781013130491415
   0.005477172993433748
   0.004690373119486338
   0.005830910392039994
   0.004582536306457375
   0.0051961176853493225
   0.00538510677702866
   0.005744479001615377
   0.006403075432946265
   0.007141369546522572
   0.005567708235890239
   0.006855584511914356
   0.0051961015194085655
   0.006999922213853522
   0.004999947099720156
   0.004358865792841069
   0.006244921056346509
   0.00599994366640221
   0.005656784952603378
   0.006403089801025752
   0.0047957855456640264
   0.006633181740311357
   0.004472107333237878
   0.004999963899869678
   0.005385131289021652
   0.0055677168570249696
   0.005291464825546892
   0.005098972053267207
   0.004123078340269561
   0.004358873134194204
   0.004999963899869678
   0.005830902503043589
   0.004690381221180214
   0.006244947958149851
   0.0049999710999164785
   0.004472107333237878
   0.003872954298723392
   0.003741631195080563
   0.004795801392885239
   0.003741638143915042
   0.0034640871813509545
   0.0041230851313064105
   0.002449482394302927
   0.0033166125791234645
   0.003999975499924968
   0.0049999710999164785
   0.003741644023687983
   0.0036055278393045307
   0.00316226184874055
   0.0038729615283397793
   0.0036055344957440084
   0.0022360623873228583
   0.0029999918333222177
   0.0036055344957440084
   0.003162267540863676
   0.002828420760778
   0.003464092377521131
   0.001999995999996
   0.004690400409346733
   0.0029999918333222177
   0.0022360623873228583
   0.002449482394302927
   0.0022360623873228583
   0.002828420760778
   0.0033166125791234645
   0.0036055400427675187
   0.004242628901989897
   0.002999986499969625
   0.0024494864767946774
   0.0038729677251430846
   0.0017320482094907174
   0.001999995999996
   0.0026457420509187965
   0.0038729728891382653
   0.0026457420509187965
   0.001999995999996
   0.0028284158110150636
   0.0036055444803801823
   0.0022360623873228583
   0.0036055400427675187
   0.00316226184874055
   0.0017320482094907174
   0.0017320482094907174
   0.001999995999996
   0.001999995999996
   0.000999999499999875
   0.0026457465865044596
   0.0024494864767946774
   0.0022360623873228583
   0.0043588850638666765
   0.001999995999996
   0.0022360623873228583
   0.0026457465865044596
   0.0043588850638666765
   0.0017320482094907174
   0.001999995999996
   0.000999999499999875
   0.0026457465865044596
   0.001999995999996
   0.0017320482094907174
   0.000999999499999875
   0.0014142121481588255
   0.0014142121481588255
   0.0022360659650377044
   0.0014142121481588255
   0.000999999499999875
   0.001999995999996
   0.0022360623873228583
   0.000999999499999875
   0.0022360623873228583
   0.000999999499999875
   0.001999995999996
   0.0014142121481588255
   0.0017320482094907174
   0.0026457465865044596
   0.000999999499999875
   0.0014142121481588255
   0.0022360659650377044
   0.0017320482094907174
   0.00199999899999975
   0.0017320482094907174
   0.0
   0.0017320482094907174
   0.0017320482094907174
   0.000999999499999875
   0.0014142121481588255
   0.0017320482094907174
   0.000999999499999875
   0.0014142121481588255
   0.0014142121481588255
   0.0
   0.000999999499999875
   0.0017320482094907174
   0.000999999499999875
   0.0
   0.0014142121481588255
   0.000999999499999875
   0.0
   0.000999999499999875
   0.0014142121481588255
   0.000999999499999875
   0.00199999899999975
   0.0026457465865044596
   0.0017320482094907174
   0.0022360659650377044
   0.0029999984999996253
   0.0024494864767946774
   0.000999999499999875
   0.0
   0.00199999899999975
   0.0014142121481588255
   0.0
   0.002828424296317651
   0.0031622751303452394
   0.000999999499999875
   0.0014142121481588255
   0.000999999499999875
   0.000999999499999875
   0.0
   0.0
   0.0
   0.0
   0.0
   0.0
   0.000999999499999875
   0.0
   0.000999999499999875
   0.0
   0.00199999899999975
   0.0
   0.0
   0.0014142121481588255
   0.000999999499999875
   0.0
   0.0014142121481588255
   0.0031622751303452394
   0.000999999499999875
   0.000999999499999875
   0.000999999499999875
   0.000999999499999875
   0.0
   0.0014142121481588255
   0.0
   0.000999999499999875
   0.000999999499999875
   0.0
   0.000999999499999875
   0.000999999499999875
   0.0
   0.0
   0.000999999499999875
   0.000999999499999875
   0.0
   0.0
   0.0014142121481588255
   0.0
   0.000999999499999875
   0.0
   0.000999999499999875
   0.00199999899999975
   0.0
   0.0
   0.0
   0.000999999499999875
   0.000999999499999875
   0.0
   0.0
   0.00199999899999975
   0.000999999499999875
   0.0
   0.000999999499999875
   0.0
   0.000999999499999875
   0.000999999499999875
   0.000999999499999875
   0.000999999499999875
   0.0
   0.0
   0.0
   0.000999999499999875
   0.0
   0.0
   0.0
   0.0
   0.000999999499999875
   0.0
   0.0
   0.0
   0.0
   0.0
   0.0
   0.0
   0.0
   0.0
   0.000999999499999875
   0.0
   0.0
   0.0
   0.0
   0.0
   0.0
   0.0
   0.0
   0.0
   0.0
   0.0
   0.0
   0.0
   0.0
   0.0
   0.0
   0.0
   0.0
   0.0
   0.0
   0.0
   0.0
   0.0
   0.0
   0.0
   0.0
   0.0
   0.0
   0.0
   0.0
   0.0
   0.0
   0.0
   0.0
   0.0
   0.0
   0.0
   0.0
   0.0
   0.0
   0.0
   0.0
   0.0
   0.0
   0.0
   0.0
   0.0
   0.0
   0.0
   0.0
   0.0
   0.0
   0.0
   0.0
   0.0
   0.0
   0.0
   0.0
   0.0
   0.0
   0.0
   0.0
   0.0
   0.0
   0.0
   0.0
   0.0
   0.0
   0.0
   0.0
   0.0
   0.0
   0.0
   0.0
   0.0
   0.0
   0.0
   0.0
   0.0
   0.0
   0.0
   0.0
   0.0
   0.0
   0.0
   0.0
   0.0
   0.0
   0.0
   0.0
   0.0
   0.0
   0.0
   0.0
   0.0
   0.0
   0.0
   0.0
   0.0
   0.0
   0.0
   0.0
   0.0
   0.0
   0.0
   0.0
   0.0
   0.0
   0.0
   0.0
   0.0
   0.0
   0.0
   0.0
   0.0
   0.0
   0.0
   0.0
   0.0
   0.0
   0.0
   0.0
   0.0
   0.0
   0.0
   0.0
   0.0
   0.0
   0.0
   0.0
   0.0
   0.0
   0.0
   0.0
   0.0
   0.0
   0.0
   0.0
   0.0
   0.0
   0.0
   0.0
   0.0
   0.0
   0.0
   0.0
   0.0
   0.0
   0.0
   0.0
   0.0
   0.0
   0.0
   0.0
   0.0
   0.0
   0.0
   0.0
   0.0
   0.0
   0.0
   0.0
   0.0
   0.0
   0.0
   0.0
   0.0
   0.0
   0.0
   0.0
   0.0
   0.0
   0.0
   0.0
   0.0
   0.0
   0.0
   0.0
   0.0
   0.0
   0.0
   0.0
   0.0
   0.0
   0.0
   0.0
   0.0
   0.0
   0.0
   0.0
   0.0
   0.0
   0.0
   0.0
   0.0
   0.0
   0.0
   0.0
   0.0
   0.0
   0.0
   0.0
   0.0
   0.0
   0.0
   0.0
   0.0
   0.0
   0.0
   0.0
   0.0
   0.0
   0.0
   0.0
   0.0
   0.0
   0.0
   0.0
   0.0
   0.0
   0.0
   0.0
   0.0
   0.0
   0.0
   0.0
   0.0
   0.0
   0.0
   0.0
   0.0
   0.0
   0.0
   0.0
   0.0
   0.0
   0.0
   0.0
   0.0
   0.0
   0.0
   0.0
   0.0
   0.0
   0.0
   0.0
   0.0
   0.0
   0.0
   0.0
   0.0
   0.0
   0.0
   0.0
   0.0
   0.0
   0.0
   0.0
   0.0
   0.0
   0.0
   0.0
   0.0
   0.0
   0.0
   0.0
   0.0
   0.0
   0.0
   0.0
   0.0
   0.0
   0.0
   0.0
   0.0
   0.0
   0.0
   0.0
   0.0
   0.0
   0.0
   0.0
   0.0
   0.0
   0.0
   0.0
   0.0
   0.0
   0.0
   0.0
   0.0
   0.0
   0.0
   0.0
   0.0
