   0.10978602108424368
   0.12227010696715694
   0.12501299457700388
   0.1253027196655763
   0.12559596618359206
   0.125648770790804
   0.12575553156167724
   0.12571677799498363
   0.12549699737758668
   0.1257410919611803
   0.12536635266765161
   0.1256903919915918
   0.12567851710391875
   0.1252780282205942
   0.12592132978931728
   0.12531896791132618
   0.1253462659106764
   0.1254175049791296
   0.12534234266823002
   0.12535934107532634
   0.1254895011052319
   0.12571957865722427
   0.1258197899797961
   0.12541006393284393
   0.12540700537434105
   0.12518515077675946
   0.1254315930778207
   0.1254673263602919
   0.12528521897554395
   0.12540701356527076
   0.12589184336369852
   0.12583557682114388
   0.12557621174585576
   0.12547536184729655
   0.12594987798957966
   0.12590352749625405
   0.12592118155084156
   0.12539714398007637
   0.1258622960991893
   0.1257039457801942
   0.1258940495227634
   0.12561539483992398
   0.12567924410577905
   0.12567811861354386
   0.1257009839569683
   0.1254539339097822
   0.1256352151886962
   0.1257369268552401
   0.12564826882114213
   0.12528493151069683
   0.12540696708680105
   0.12543476322678654
   0.12558475205278705
   0.12575305916720278
   0.1257000677370939
   0.1259082046047437
   0.12560733987454714
   0.1253705202139243
   0.12541144235898094
   0.1252223546298344
   0.12559313852177595
   0.12564234494787177
   0.12539370816077655
   0.12528423461489477
   0.1265577532992744
   0.12583713956439888
   0.12547075273799868
   0.1258313927628555
   0.125535243664837
   0.12515732003458688
   0.1252163201420246
   0.12545682479498674
   0.12625290571531414
   0.12583161352203984
   0.12551425186324458
   0.1261198567315631
   0.12551057644023472
   0.12554817695832943
   0.12502208317729313
   0.12599839280717037
   0.1251722287480334
   0.12558676275324562
   0.12549231018417026
   0.12555344479348227
   0.1253877152968344
   0.12567075795363056
   0.1256792146237396
   0.12507391492133763
   0.12545283692463874
   0.12572046309666537
   0.1258613004744111
   0.12611079116296908
   0.12568847359209195
   0.12561089594294755
   0.125684274051092
   0.12545832638434165
   0.125061209217087
   0.12441634969371991
   0.1225546109126866
   0.10925986556663887
