   0.18332675503493756
   0.22699467217571428
   0.23616707426563507
   0.2366076602604193
   0.23717543040365713
   0.23634448154486282
   0.23671420426900874
   0.23587641241963977
   0.2364014688329791
   0.23581545810296237
   0.2368734577750534
   0.23650686991290548
   0.23706691951664197
   0.23591606019090774
   0.23676708971474478
   0.2361642851399
   0.23714325629827637
   0.23698269114853093
   0.23678698698009146
   0.23638382969380542
   0.23717132891679804
   0.23696586943640216
   0.23688444380701743
   0.23687169249194806
   0.23682149847036693
   0.23596883463031723
   0.23669529827320188
   0.23613278008440505
   0.23611935702519182
   0.23589038551462838
   0.23557283628158404
   0.23620934836403068
   0.23612438886917209
   0.23726348961363608
   0.23598259555136689
   0.2362815496600401
   0.2358659270385615
   0.23644600851084377
   0.23615963773208581
   0.23662853741911605
   0.23761335818476198
   0.23542971120432102
   0.2355758789662261
   0.23537681760139423
   0.23641979172785005
   0.2370075502365062
   0.2359185599541503
   0.23517358833882687
   0.23730883650795645
   0.23748358871602054
   0.23705915034436026
   0.23604830358295312
   0.23579176929070278
   0.23601795515561946
   0.23647030279929443
   0.23707071330670518
   0.23647273602085717
   0.2363255558710272
   0.23714889495664954
   0.23717872800266046
   0.23703457467626954
   0.2363371753887018
   0.23679772976764368
   0.23567053744742894
   0.23659951805088278
   0.2364888546376763
   0.2362176750371572
   0.23671532644719057
   0.23637003738966156
   0.2371462468368201
   0.23597608160286077
   0.23553374455003256
   0.2360456780323461
   0.23490259975436628
   0.2372879293711334
   0.2357337110595555
   0.2365109721517376
   0.23741668958681064
   0.23760213908456296
   0.23683583957228688
   0.23664830595157446
   0.2359511258514356
   0.23670914362364628
   0.2357889483469486
   0.23715423143861464
   0.23686778003517067
   0.23639611756488302
   0.23612806698973757
   0.23660229283333245
   0.2363588161282756
   0.23704392869202537
   0.23717639286908382
   0.2369469127500082
   0.23780872049508614
   0.2376180544466266
   0.2369527876893412
   0.2363269867598705
   0.23387871835630963
   0.2272259715564222
   0.18289846784257105
