   0.08156676768758217
   0.09237607122106894
   0.0966072249252094
   0.09898563062985455
   0.09973950981306254
   0.10000030122149632
   0.10011289098767451
   0.10041441747951338
   0.10038540358832054
   0.10036673669054902
   0.10054669466267899
   0.1001161559501762
   0.10036705898645232
   0.10014424055486167
   0.10005250386627014
   0.10015648396539288
   0.10017109092567575
   0.10028609496256198
   0.1002509730182705
   0.10056025443240485
   0.10018844163749628
   0.1002072834074949
   0.10020610439364461
   0.10023606421622908
   0.10047387728753181
   0.1004145384290044
   0.10032803289365341
   0.10043207953233867
   0.10052034538340981
   0.10037239220896352
   0.10040707052712972
   0.10087462818325528
   0.10025557237201332
   0.10045416388935802
   0.10009772594614726
   0.10036519622613209
   0.10038885986881214
   0.1003613719574917
   0.10027218539555224
   0.10001901820109013
   0.10066543444082483
   0.10038050325431727
   0.10043964152858173
   0.1003150997559191
   0.10018028920381494
   0.10026568726817764
   0.10046879266672812
   0.10044786831859599
   0.10046184524479929
   0.10044752907642876
   0.10048736314104376
   0.10018842887434656
   0.10038518193433729
   0.10007689763197099
   0.10021592235962308
   0.10021619786661237
   0.10028946525687531
   0.10017799832677832
   0.10051914874291366
   0.10037033463807919
   0.10047166477325833
   0.10034775443023128
   0.10010779605160629
   0.10016613954326083
   0.10046770021534283
   0.10040317596391062
   0.10008259152839717
   0.10040062688046325
   0.10000930078942658
   0.1004760291997549
   0.10055339685878345
   0.1004346027836522
   0.10039532440860978
   0.10051185875661638
   0.10066067305556822
   0.10028732471833118
   0.1004959728028442
   0.10044565157417219
   0.10016849111591929
   0.10031533162263881
   0.10036898000233936
   0.10055512071848952
   0.10044998764156221
   0.10019715661414749
   0.10018122066130956
   0.10009179190997632
   0.10013284031600223
   0.10038285823660333
   0.10021768456589884
   0.1005415774196924
   0.10012671353035613
   0.10029499956109476
   0.10024865036497999
   0.10005399302356703
   0.10029925470186704
   0.09936199804507757
   0.09877547800947359
   0.09723122497176512
   0.09224063086248922
   0.08161977970051132
