   0.4154075485236035
   0.6252934027260403
   0.7066304773690348
   0.7376958582913151
   0.7485133127333875
   0.7509563630716235
   0.7549280865989819
   0.7582512864902768
   0.7561391006136107
   0.7574956145314045
   0.7576219512572481
   0.7574535736225092
   0.7598689155688302
   0.7571609160985464
   0.7586290265940263
   0.7604328830013535
   0.7587061593624768
   0.7580348033963612
   0.7577093999565797
   0.756617489284189
   0.7577519070495237
   0.7604054946080019
   0.7601335630739574
   0.75671455012864
   0.7601088524710063
   0.7602727931456182
   0.7585767681502249
   0.7602325956962118
   0.759162485882199
   0.7605194215738346
   0.7578341770371074
   0.7588525933990343
   0.7574159977712049
   0.7589968619721099
   0.7597739858776358
   0.7599521759413812
   0.759386405998942
   0.7606791850586619
   0.7618153167893056
   0.756892272068879
   0.7604997127926874
   0.7588368267647267
   0.7604372782864081
   0.759639702772729
   0.7600975443379883
   0.7568215857649344
   0.7574799483856388
   0.7573048014581646
   0.757815528092101
   0.7580203638475949
   0.758431670032146
   0.7604696665711197
   0.7578146179440919
   0.7579982766915503
   0.7601749002067814
   0.759610677135169
   0.7604895513892088
   0.7546603638702578
   0.7554548274121425
   0.758141545889051
   0.7584259030718755
   0.7576908400073475
   0.7574570153745755
   0.7600150132827574
   0.7595105920879314
   0.7601817243280649
   0.7587738228778322
   0.7590333940487138
   0.7574480892360611
   0.7581059531444863
   0.7582983855607172
   0.7595878614872608
   0.759134713641255
   0.7596295886272401
   0.7614945868770441
   0.7599205401118198
   0.7610258498461403
   0.7586430188434874
   0.7614095448517572
   0.7614303551090605
   0.7578364727490952
   0.7577656144225007
   0.7605744641986345
   0.7591054960896806
   0.7576544429417938
   0.7593156055053788
   0.7611865133807285
   0.7594079994419272
   0.7614289854605681
   0.759622224912331
   0.7609124811540156
   0.7589730165782642
   0.759295673457343
   0.7576851133537665
   0.7546164794781519
   0.750174946836243
   0.7367491637341979
   0.7041550716755223
   0.6235353655381465
   0.41769034313748504
