   0.09417286593408952
   0.10799161407720508
   0.11383634824602377
   0.11688726638535098
   0.11782551054911665
   0.11831852576291678
   0.11864085669211935
   0.1189119211246711
   0.11867815739991922
   0.11883563183620476
   0.11894207407267623
   0.11892085151124676
   0.11881044556351096
   0.11900709985139542
   0.11919049656327471
   0.11903592883491101
   0.11917964335300722
   0.11914494910721142
   0.11915822427977853
   0.1190451274227971
   0.11927794428543778
   0.11914452322079265
   0.1188050908000158
   0.1193029720819645
   0.11935668912796635
   0.11907114464785329
   0.11898406319969915
   0.11928369549100162
   0.11886367784567327
   0.1190491705000921
   0.11913838592141493
   0.1192431103458812
   0.11889592081749482
   0.11914207899999059
   0.11918423367841068
   0.11904224978682988
   0.11916666856113751
   0.11915162607971408
   0.11871913223250918
   0.11912053767335841
   0.11940842209823392
   0.11927956653693876
   0.1187391186701333
   0.11882451701357763
   0.11934005222053491
   0.11892958382164633
   0.11886760923582168
   0.119317852545208
   0.11884350787889088
   0.11854834463475228
   0.11921822406725407
   0.11937664272561864
   0.1187498798304655
   0.11905140666010629
   0.11862898146637693
   0.11875379156405913
   0.11935166337575694
   0.11911822848913595
   0.11898562225143003
   0.11907078750722194
   0.1193688644536757
   0.1193408624768147
   0.11921166976261174
   0.1188796018215068
   0.11936435554716492
   0.11864929549491646
   0.11942879071609995
   0.11905269595586654
   0.11912523749227114
   0.11896192009143094
   0.11916852221853723
   0.11921592361656223
   0.11974691669867746
   0.11895160192801103
   0.11917411627429843
   0.11897989278714281
   0.11885697162623655
   0.11943094628093676
   0.11913391127903088
   0.11888506990467726
   0.11914040971790386
   0.11926987264166923
   0.11911011708566153
   0.11890826768391674
   0.11882916634816555
   0.11918498860070424
   0.11922776516835329
   0.11879943169018108
   0.11886481010610331
   0.11894359294455502
   0.11881501673711115
   0.11912573165458419
   0.11897613483211665
   0.11909244295353084
   0.11853351275141559
   0.11777374847987136
   0.11701921808450952
   0.1139339015127192
   0.1080641815947819
   0.09426054703830229
