   0.27006026786915543
   0.3529878223089148
   0.40862917833604345
   0.44813706697481515
   0.476378717458274
   0.49618396366217843
   0.5120576859931993
   0.5218037714836488
   0.5295553845836996
   0.5356808313279092
   0.5390289916729526
   0.5422679974480423
   0.5452041346193552
   0.5471871129461201
   0.5477564388100883
   0.5488825935911613
   0.5495578664651704
   0.5509582178123854
   0.5521173387822194
   0.5525984014250855
   0.5532163097440186
   0.5538326684780883
   0.5538439475179268
   0.5520217177756687
   0.5528884796737856
   0.5535281935001957
   0.5535654967614582
   0.5532559153971967
   0.5525460993437561
   0.5539494756368671
   0.5533612542504128
   0.5533343605660506
   0.5530992956436575
   0.5530810358534815
   0.5526076280935326
   0.5529484073118486
   0.5533074747226898
   0.5530822933143945
   0.5531023898359507
   0.5525749576862763
   0.5522730078354726
   0.5534758513749177
   0.5531205961777232
   0.5526379511864797
   0.5519914728680507
   0.5531026032204062
   0.5512372556186583
   0.5523315518035793
   0.5527389901732552
   0.5523863618372108
   0.5523142442839946
   0.553033884899506
   0.5526978890868953
   0.5531582270692175
   0.5532344233383892
   0.5531054475017942
   0.5528142108017032
   0.5538001377010934
   0.5534463263326987
   0.5530772422350787
   0.5528363490469037
   0.5527872861632673
   0.5532397265469554
   0.5535533917066267
   0.5519854061799008
   0.5520867578132173
   0.5539033389417688
   0.5523607225172242
   0.5520509204713275
   0.5532026027078958
   0.5536173171542866
   0.5528360695797534
   0.5530707344605751
   0.5529037162063933
   0.5527248785345201
   0.5514908521517288
   0.5523724487689443
   0.5534167294290895
   0.5529893456263963
   0.5520970667971258
   0.5509260769028
   0.5517659979636205
   0.5508288878935
   0.5499518928872233
   0.5491270506449214
   0.549009578688742
   0.547175913330978
   0.5458630500810162
   0.5431740874153608
   0.5399393832404152
   0.5342201844763917
   0.5280267292240044
   0.5195842635944626
   0.5107172530713937
   0.49627666368749396
   0.4757254411241425
   0.44720406802581747
   0.4079315367622244
   0.3514108970756456
   0.2693616339491391
