   0.0
   0.0
   0.0
   0.00044721355077859614
   0.0
   0.00031622775020544923
   0.0
   0.0
   0.00031622775020544923
   0.0
   0.00031622775020544923
   0.0
   0.0
   0.0
   0.0
   0.00044721355077859614
   0.00031622775020544923
   0.00031622775020544923
   0.0
   0.00044721355077859614
   0.00031622775020544923
   0.00031622775020544923
   0.0
   0.0
   0.0006324554055425568
   0.0
   0.0
   0.0
   0.0
   0.0
   0.0007071067175469343
   0.0005477224753467763
   0.0
   0.0
   0.0
   0.0007071067175469343
   0.0
   0.00031622775020544923
   0.0
   0.00044721355077859614
   0.00031622775020544923
   0.00044721355077859614
   0.0
   0.00044721355077859614
   0.00044721355077859614
   0.00031622775020544923
   0.00031622775020544923
   0.00031622775020544923
   0.0
   0.0005477224753467763
   0.00044721355077859614
   0.00031622775020544923
   0.00031622775020544923
   0.00044721355077859614
   0.00044721355077859614
   0.00044721355077859614
   0.0005477224753467763
   0.00044721355077859614
   0.000948683039797803
   0.0
   0.0006324554055425568
   0.0008366598771304861
   0.0008366598771304861
   0.00044721355077859614
   0.0007745964368624477
   0.0009999996799999488
   0.0006324554055425568
   0.0005477224753467763
   0.0006324554055425568
   0.0009999996799999488
   0.0006324554055425568
   0.0010488084620177318
   0.000894426833228968
   0.0015811384474485465
   0.001612450544978047
   0.000999999499999875
   0.000836659733703015
   0.001303839832954953
   0.0013784040590479993
   0.001643166574027113
   0.000999999499999875
   0.0012247441814517838
   0.0013784040590479993
   0.0014491366774738675
   0.001303839832954953
   0.0014832388344430576
   0.0016431660628189715
   0.0014142121481588255
   0.0014491364290500739
   0.0014832386052149532
   0.0015491914794498452
   0.001816588205950925
   0.0015811371572384226
   0.0021679461224855196
   0.002049387332838768
   0.0019493559038821003
   0.0023452035625932347
   0.0017320482094907174
   0.0020976149408316104
   0.0024289873918981134
   0.0021679440744631767
   0.0023452023345545262
   0.002469812946358489
   0.002144756946602575
   0.0018708254194338926
   0.002683274410119099
   0.0024698116831046047
   0.0030659339523218692
   0.002469811229628694
   0.002302168088997847
   0.0029325663232056664
   0.003478492453635626
   0.002774878806362541
   0.0033015043707376795
   0.003224891092734761
   0.0037947142184886597
   0.0036193786745793814
   0.0034928331423072587
   0.0033911499509753323
   0.0037815153563088965
   0.004123081173103435
   0.004049669833455562
   0.004393147754173538
   0.004615161361209378
   0.004460909592224438
   0.004086536184839185
   0.004764411794754941
   0.005049707546977349
   0.00519610669251508
   0.005186473907193595
   0.0049899445197316575
   0.005576674434642926
   0.005647941549803787
   0.005916006730895427
   0.006090896511187823
   0.006156213900604819
   0.006204752751721861
   0.006745261180265742
   0.006534409101823974
   0.006840934436171713
   0.007293695425502768
   0.0072936966512187765
   0.008037243007399988
   0.00806828499186785
   0.008154556095214503
   0.00839026474910059
   0.008396219815488397
   0.008496827716271527
   0.008994169555328608
   0.00921384988753344
   0.009240931554773036
   0.010004633414073701
   0.00982818280456769
   0.010530484675930164
   0.010079296640143101
   0.010899080693342902
   0.011126018729087238
   0.011784994679252087
   0.011801971055294111
   0.012164868393862714
   0.012898874214442128
   0.013190089073239802
   0.013493581576067936
   0.014038271659645286
   0.014267848701188277
   0.01464471358511323
   0.01493536051088155
   0.015380512339970993
   0.015850987918423255
   0.01682988442473685
   0.017390774577056654
   0.017639035845533054
   0.01780804149927779
   0.01821049737898446
   0.019295190990503308
   0.01895000411609454
   0.0200295728159639
   0.020819892901741834
   0.021313262153879683
   0.021864169644420527
   0.022838750102402716
   0.023458070457520585
   0.023701919247183338
   0.02468678895097538
   0.02514387646147666
   0.026187310170958756
   0.02680173739722856
   0.02770900327619166
   0.02818960167136102
   0.029027401902168234
   0.029749710468507082
   0.0306198663609102
   0.03171085539290922
   0.03281570144290687
   0.03392142926175134
   0.034734229914451825
   0.035861171799594055
   0.037017402108197706
   0.03783452904094354
   0.03907356032101503
   0.040158098898105225
   0.04130554027294644
   0.042674915087788985
   0.04340569892122462
   0.04505098522507582
   0.04591943269150873
   0.047685626493105863
   0.04928751134922517
   0.05046571780169187
   0.051929145941754136
   0.05315969971284639
   0.054639884301122016
   0.056851599095803805
   0.0579094768202062
   0.05971205121882851
   0.06110949280594628
   0.06311048239199255
   0.06514768457098073
   0.06744801649974594
   0.06926779663588269
   0.0710748067094804
   0.07305682424414574
   0.07498994976901904
   0.07702692884952639
   0.07959801380411449
   0.08177239719098371
   0.08450515373484625
   0.08687014192667121
   0.08945366257314455
   0.09201315340754276
   0.09447425144826499
   0.09738318514076236
   0.1000170390211588
   0.10292650779925451
   0.1061121242458184
   0.10939133816344875
   0.11243163514883167
   0.11546420067704968
   0.11848865778086104
   0.12198152629275467
   0.1259135537420813
   0.12932646564412095
   0.13312619561889388
   0.13676570965995094
   0.14117457773660952
   0.2670572636852254
   0.26863787803195216
   0.26990487738431107
   0.27059925235669074
   0.2705298770368811
   0.2709109338029567
   0.2704817827514267
   0.26952504132269417
   0.2683129895141866
   0.2670626527225213
   0.140887235834869
   0.13711500162651788
   0.13334049799082046
   0.12957945477424265
   0.12569199930620087
   0.12246232742811153
   0.11878703320413386
   0.11555662925353959
   0.11241095036512234
   0.10868066683932337
   0.10624153944667783
   0.10290005977821393
   0.10011363443427673
   0.09721004886245042
   0.09454408597976925
   0.09175212895486404
   0.08956924051698775
   0.08674854558959476
   0.08463865033133504
   0.08186377403955916
   0.07957150595935708
   0.07726028741106261
   0.07521429268430303
   0.07302278964789007
   0.07108905433602279
   0.06892935278964978
   0.06713240648151979
   0.06504402336848482
   0.06319441697104262
   0.06172149830682985
   0.059608724193695006
   0.05864399600265999
   0.0563887325971244
   0.055005092643408936
   0.0534950762944591
   0.05183759006502906
   0.050342580839583505
   0.04895773995998998
   0.04792806863456945
   0.04662941286355641
   0.045069776849236784
   0.04388698547120775
   0.04246559241503644
   0.0411324608764173
   0.04010833217562156
   0.039278972816381034
   0.0380595851979498
   0.037075080342326976
   0.035811756522684
   0.03433058066272693
   0.0338611096745219
   0.032900821502053715
   0.031863145732334716
   0.03094422717341637
   0.02970417899471386
   0.029578162279627854
   0.02800812818433249
   0.027422647329534033
   0.026904153784127836
   0.025795073943487738
   0.02498246032719756
   0.024446858669162384
   0.02391582957290004
   0.023585575717162386
   0.022742299013951955
   0.022075507330750067
   0.02089166735232016
   0.020831978646062402
   0.019969595382731218
   0.019904574543305364
   0.018839036030540417
   0.018382520393025542
   0.018089382072088586
   0.017490923360417538
   0.016740440615169005
   0.01619416916022554
   0.0161075487815496
   0.0155807185649443
   0.015052016900070237
   0.015141433905347274
   0.014292364223948395
   0.01408448937519568
   0.013292023484405977
   0.013159785311318723
   0.012628640053069847
   0.011721166479493414
   0.012271294697789635
   0.011678505930126508
   0.011121553578075323
   0.010848506798172734
   0.010592024121951385
   0.010251431407857147
   0.010521015802193246
   0.009792510382430035
   0.009689876754118186
   0.00904961163310338
   0.009170346383316172
   0.008966349883871363
   0.008203454803313052
   0.008688858773740081
   0.008191276329730306
   0.007758694312833829
   0.007197079752232846
   0.007155287119326519
   0.007028380592995801
   0.006789588923491613
   0.006332352036171078
   0.006618048893745044
   0.006542080451966331
   0.005974862541515077
   0.00560350524225685
   0.005924454809516231
   0.005647941549803787
   0.005513560069501374
   0.005621333023402901
   0.004959791673044343
   0.005029863726782267
   0.00500994725620939
   0.0048989402772436404
   0.004826970353130419
   0.004301132500865324
   0.004393147025766381
   0.004110935386259434
   0.003741638143915042
   0.003987457554633027
   0.0038600309208606087
   0.0036605807134934207
   0.003807868578351937
   0.003331649067654035
   0.003924265026727935
   0.003924266229500746
   0.002983277350498944
   0.0035916422302339638
   0.0031780372543442595
   0.0029999882399769505
   0.003346629564203364
   0.0031464176057859833
   0.00268327486478743
   0.002529815012999962
   0.002932567305280477
   0.0023452035625932347
   0.0023021684886211087
   0.002302168088997847
   0.002213590565122647
   0.002302168870869381
   0.002144756946602575
   0.00250997448393405
   0.0023664274423696157
   0.002569043082550388
   0.0016431654542376432
   0.0017320485443543434
   0.0013784038268954421
   0.001612449453471333
   0.001816588205950925
   0.0013784038268954421
   0.001949356242455442
   0.001760679615943798
   0.0016733186068409087
   0.0014832383490187948
   0.0017888527720301634
   0.0013038396182046318
   0.0013784038268954421
   0.000894426833228968
   0.0011832151283684637
   0.00154919204748798
   0.0009999996799999488
   0.0012247439528325912
   0.000999999499999875
   0.0010488084620177318
   0.0010488084620177318
   0.0009486828711429336
   0.000836659733703015
   0.0007745964368624477
   0.0010488082713251265
   0.0011832153481087034
   0.0010954446585747725
   0.0012247445407104292
   0.0006324554055425568
   0.0010488084620177318
   0.001303840017026629
   0.0009999996799999488
   0.00044721355077859614
   0.000948683039797803
   0.0007071066044098301
   0.0005477224753467763
   0.0009999998199999838
   0.00044721355077859614
   0.00031622775020544923
   0.0007745965659619206
   0.00044721355077859614
   0.0006324554055425568
   0.00031622775020544923
   0.0006324554055425568
   0.00044721355077859614
   0.00044721355077859614
   0.0006324554055425568
   0.00031622775020544923
   0.0005477224753467763
   0.0
   0.00031622775020544923
   0.00031622775020544923
   0.00044721355077859614
   0.0
   0.0006324554055425568
   0.00044721355077859614
   0.0
   0.0
   0.0
   0.00031622775020544923
   0.0009999998199999838
   0.00044721355077859614
   0.0
   0.0
   0.00031622775020544923
   0.0
   0.0
   0.0
   0.0
   0.0
   0.00044721355077859614
   0.00031622775020544923
   0.0
   0.0
   0.00031622775020544923
   0.0
   0.0
   0.0
   0.0
   0.0
   0.0
   0.0
   0.00031622775020544923
   0.00031622775020544923
   0.0
   0.0
   0.0
   0.0
   0.0
   0.0
   0.00031622775020544923
   0.0
   0.0
   0.0
   0.0
   0.0
