   0.12324232470507038
   0.13826224404655812
   0.14243498022996318
   0.1429995570479503
   0.1429836898355893
   0.14324522997642888
   0.143026176555762
   0.14335020613867286
   0.14321057811345503
   0.14299889756047074
   0.14273429818901273
   0.14385132044159343
   0.14339906918104456
   0.14347203176926154
   0.14316534042623585
   0.1426049924846953
   0.14310959284544836
   0.14362213795038703
   0.14310833513111668
   0.14339038119731043
   0.14288238810098325
   0.14307644879850073
   0.14323848764574415
   0.14334174942531572
   0.14298303870193835
   0.14328493530134281
   0.14326210168886258
   0.14367683338256032
   0.14327957254975324
   0.14366232747797872
   0.14343225678901522
   0.14309521652326468
   0.14329656020403977
   0.14321249500762845
   0.14298262786642998
   0.14346024311369335
   0.14371170934047092
   0.14352347859883413
   0.14346191697168276
   0.14374088697343565
   0.14332979505012208
   0.14323801680946996
   0.14298995800041345
   0.14345956370197144
   0.14306078794383176
   0.1430052189839238
   0.14345119943280363
   0.14305811573972305
   0.1439586148138068
   0.14369780119650405
   0.14326647042399698
   0.1426738302826065
   0.14313490676407345
   0.14317079037066185
   0.14280941933468533
   0.1433881971029694
   0.14281647849597048
   0.14297570419830077
   0.14313093171215646
   0.1434913204103649
   0.14337711072465506
   0.14355431583338066
   0.14316017553911423
   0.14302346898600243
   0.14333228155691236
   0.143094479575419
   0.14356311147018233
   0.14317320510399284
   0.14375162600732555
   0.14347856195121975
   0.1436081427022507
   0.14352999074256223
   0.14311724266083384
   0.14288628779134127
   0.1433652321991284
   0.14310025017448433
   0.14299658384381075
   0.1434966281616401
   0.143272293896587
   0.14332078445557014
   0.1423760503365647
   0.1436383866169138
   0.14311311880816519
   0.14257178738249723
   0.14327564410516536
   0.1433382664089042
   0.143226998089606
   0.14299414410384084
   0.1438032297617477
   0.14366399166774532
   0.14330433656857702
   0.14277554724360192
   0.1429644567766408
   0.14327492422999216
   0.14299704739745503
   0.1437444783251169
   0.14280620119588644
   0.1419137030927951
   0.13916758361597717
   0.12349903513388273
