   0.1344733716021131
   0.16017331970009863
   0.16391207246908324
   0.1636998901743981
   0.16354421694453156
   0.16336919413937867
   0.16394420278250157
   0.16385426567627098
   0.16414697601207887
   0.16344188800659395
   0.16360705290026467
   0.16396780843811995
   0.1634761503825864
   0.16383359778625994
   0.16337712111443267
   0.16366388659417203
   0.1638433736370196
   0.16350446261185045
   0.16390037963442916
   0.16384426676267924
   0.164345980012868
   0.16360052272178105
   0.16425273165655419
   0.16368127889208955
   0.16357642583694632
   0.1641206555182802
   0.163476763888664
   0.1632770542365338
   0.16368478005724904
   0.16344059710316775
   0.1639436387297781
   0.16423218256785116
   0.16314891088447386
   0.16399840752580497
   0.1628034293385431
   0.16324390889337956
   0.164058170428388
   0.16448598155462973
   0.16358274484550625
   0.16360123588970837
   0.16279678937003025
   0.16365449507957305
   0.16341858430273468
   0.16388736644110186
   0.163699209641067
   0.1639824541052792
   0.1638819319141375
   0.16329629343371513
   0.16374264669019492
   0.1636264253474664
   0.16405575899598893
   0.16337786602976548
   0.16368881360603113
   0.16346350592581818
   0.1633724397954257
   0.16366680528818298
   0.16389605560098144
   0.16403534434307138
   0.1635186736040872
   0.16388372753571356
   0.1636824796803555
   0.16388006114957976
   0.16434540697822986
   0.1640587082777382
   0.16324942401733
   0.164066379813751
   0.1635080541605214
   0.16397746732706905
   0.16392416756265685
   0.1637391844779679
   0.16346217020580023
   0.16360810255604702
   0.16402641970582058
   0.16361511819996954
   0.1637757221052925
   0.1634799102605271
   0.1636398719407651
   0.16319525404787358
   0.16295696040365995
   0.1642809013388653
   0.16396887435653756
   0.16365885366795774
   0.16355855538953015
   0.16359771078777355
   0.16337354077561028
   0.163896108568538
   0.16321632587578364
   0.16375728283771077
   0.16386352145096234
   0.16311506981192755
   0.1641688392052219
   0.16331171635115468
   0.16425603439116018
   0.16434069373968213
   0.16395010085629713
   0.16331216570372215
   0.16385360674748664
   0.1631236533379203
   0.15966386369570293
   0.13499598541345592
