   0.9961433807941505
   1.4723459646428214
   1.9214150484473675
   2.346004548674192
   2.759554442858484
   3.150078598130529
   3.522123815413081
   3.894111576611538
   4.2319041440467435
   4.522002616496368
   4.849859919616236
   5.129648338580336
   5.397444390487038
   5.635572903476629
   5.877576735007379
   6.140172587020661
   6.373011874074925
   6.5877445322659565
   6.798980512628345
   6.987515838951637
   7.184258781530632
   7.373702093250039
   7.499327577796559
   7.692975522377541
   7.852701321201514
   7.995176611126236
   8.133022997330082
   8.263469320321823
   8.368811036168758
   8.49490930642582
   8.611375779304954
   8.722505646888399
   8.830558741501015
   8.96484869560552
   9.083699359616654
   9.210707236857548
   9.252325075347278
   9.302104094015503
   9.322696714315017
   9.425748615362071
   9.520015850695838
   9.557232519505844
   9.543650756387725
   9.590236424484019
   9.62678076532337
   9.63044636306646
   9.681423799731112
   9.756558014709901
   9.753521762296941
   9.780421143795394
   9.756126093275958
   9.754574719586703
   9.748280811691876
   9.729703567755804
   9.694055086902488
   9.684036916493039
   9.656424345605364
   9.619131137680784
   9.575011409784324
   9.523748673285116
   9.425627837120453
   9.377711693110426
   9.333730879321516
   9.241811648540562
   9.166735791932698
   9.10710752091464
   9.041900115965671
   8.949414237764392
   8.82237413103185
   8.748964278307461
   8.637942583595935
   8.492235295751055
   8.348947390324124
   8.240345294215528
   8.071245040010865
   7.9143056213669185
   7.781479656151522
   7.599061886515993
   7.415653051316519
   7.264522054781031
   7.00740966691687
   6.822804374038581
   6.603152919598333
   6.375269153816174
   6.169924703584315
   5.9432932254012165
   5.697391714030201
   5.398721145150951
   5.126364161771967
   4.845316984924722
   4.53991878534187
   4.219474065994482
   3.8806178558446076
   3.536942577636793
   3.1834738537484486
   2.761650202035008
   2.353411568850633
   1.9227610037391543
   1.4801554511604516
   1.0116714009993562
