   0.5737424466047462
   0.9292489916911397
   1.1299541403857947
   1.2193832970313314
   1.2636908524757944
   1.2901605709616148
   1.3042621592287342
   1.3102394016480348
   1.3173812607988624
   1.305884005231322
   1.3158206880266778
   1.3204849962328236
   1.321591989911788
   1.3237258136695076
   1.3082529984582494
   1.315921828462466
   1.3241319816377823
   1.3254102333085405
   1.3220752344341073
   1.312721356723886
   1.3171197742407483
   1.313022068358335
   1.3107458990590053
   1.305954602953334
   1.3139889777071954
   1.3132708037628797
   1.3158698463541143
   1.3186197472797077
   1.31991077533256
   1.3257197203496673
   1.3215435420412753
   1.331421404302935
   1.3270918896278434
   1.318938827342269
   1.3233144926751161
   1.3147010473773115
   1.3232121522280544
   1.316359745272925
   1.312477465520837
   1.3113813553516764
   1.3120111407450015
   1.3182920585363473
   1.306301311673153
   1.3096211923132581
   1.3045178845903187
   1.3073436969668688
   1.3049502240376833
   1.3105987939808277
   1.321208114961076
   1.3171591720350277
   1.3114018788209052
   1.3181287438482632
   1.3222271120726574
   1.3239017885492865
   1.3256541016781112
   1.3114121434083947
   1.303462849403465
   1.3236875243496857
   1.313302023152329
   1.308179425673711
   1.3064423174985569
   1.3090952576478154
   1.3177423283688658
   1.3179729351451037
   1.3114190509139327
   1.3175160441372242
   1.317647461864895
   1.3122507940542463
   1.311986117389967
   1.3131946498809688
   1.3149677405894793
   1.3168066988347227
   1.3221785166062108
   1.3028495452165612
   1.296604724260636
   1.2978334275919232
   1.3120037829484335
   1.3118666289219343
   1.302957875948413
   1.3127675058440471
   1.3128143373588665
   1.3057512120518977
   1.3197898643007528
   1.32220155871032
   1.3216888302164773
   1.330624073010856
   1.3313876391641166
   1.3142725686188539
   1.3215931672402064
   1.3204653436966833
   1.3165431206576563
   1.309423778270427
   1.302964905987878
   1.3131639686558567
   1.2892182997425223
   1.2615838833621014
   1.2150071380843819
   1.1391843478520058
   0.9519363098395817
   0.581904142535521
