   0.0
   0.0
   0.0
   0.0
   0.0
   0.0
   0.0
   0.0
   0.0
   0.0
   0.0
   0.0
   0.0
   0.0
   0.0
   0.0
   0.0
   0.0
   0.0
   0.0
   0.0
   0.0
   0.0
   0.0
   0.0
   0.0
   0.0
   0.0
   0.0
   0.0
   0.0
   0.0
   0.0
   0.0
   0.0
   0.0
   0.0
   0.0
   0.0
   0.0
   0.0
   0.0
   0.0
   0.0
   0.0
   0.0
   0.0
   0.0
   0.0
   0.0
   0.0
   0.0
   0.0
   0.0
   0.0
   0.0
   0.0
   0.0
   0.0
   0.0
   0.0
   0.0
   0.0
   0.0
   0.0
   0.0
   0.0
   0.0
   0.0
   0.0
   0.0
   0.0
   0.0
   0.0
   0.0
   0.0
   0.0
   0.0
   0.0
   0.0
   0.0
   0.0
   0.0
   0.0
   0.0
   0.0
   0.0
   0.0
   0.0
   0.0
   0.0
   0.0
   0.0
   0.0
   0.0
   0.0
   0.0
   0.0
   0.0
   0.0
   0.0
   0.0
   0.0
   0.0
   0.0
   0.0
   0.0
   0.0
   0.0
   0.0
   0.0
   0.0
   0.0
   0.0
   0.0
   0.0
   0.0
   0.0
   0.0
   0.0
   0.0
   0.0
   0.0
   0.0
   0.0
   0.0
   0.0
   0.0
   0.0
   0.0
   0.0
   0.0
   0.0
   0.0
   0.0
   0.0
   0.0
   0.0
   0.00031622775020544923
   0.0
   0.0
   0.0
   0.0
   0.0
   0.0
   0.0
   0.0
   0.0
   0.0
   0.0
   0.0
   0.0
   0.00031622775020544923
   0.0
   0.0
   0.0
   0.0
   0.0
   0.0
   0.00031622775020544923
   0.0006324555004108985
   0.0
   0.00031622775020544923
   0.0
   0.0
   0.00031622775020544923
   0.0006324555004108985
   0.00044721355077859614
   0.00044721355077859614
   0.00044721355077859614
   0.0
   0.00031622775020544923
   0.0
   0.00031622775020544923
   0.00031622775020544923
   0.00044721355077859614
   0.00031622775020544923
   0.00044721355077859614
   0.00044721355077859614
   0.00044721355077859614
   0.0005477224753467763
   0.00031622775020544923
   0.00031622775020544923
   0.00044721355077859614
   0.0007745964368624477
   0.0
   0.00044721355077859614
   0.0005477224753467763
   0.0005477224753467763
   0.0006324554055425568
   0.000836659733703015
   0.00044721355077859614
   0.0005477224753467763
   0.0006324554055425568
   0.00044721355077859614
   0.0006324554055425568
   0.0005477224753467763
   0.0006324554055425568
   0.000894426833228968
   0.0007071066044098301
   0.0007745964368624477
   0.000836659733703015
   0.0005477224753467763
   0.0005477224753467763
   0.0008366598771304861
   0.000836659733703015
   0.0009486828711429336
   0.000999999499999875
   0.000836659733703015
   0.001140174894478913
   0.0009486828711429336
   0.0009486828711429336
   0.000894426833228968
   0.0011401746839848708
   0.0010488084620177318
   0.0012247441814517838
   0.0012247439528325912
   0.0015811374355191267
   0.0013038396182046318
   0.0012247439528325912
   0.0013038396182046318
   0.0014491361530235866
   0.0010488082713251265
   0.0012247439528325912
   0.0018708264457185761
   0.0012247439528325912
   0.001581136853659417
   0.0014832380658545681
   0.001702936167329827
   0.0016733177104184369
   0.001702936496173595
   0.0017606789571071723
   0.002097614254337532
   0.0017606789571071723
   0.002024841917286384
   0.0019493551651764232
   0.0020736396769930887
   0.0020976134915660703
   0.001999995999996
   0.002213588938805035
   0.002549502929984588
   0.002345201430581177
   0.002509972173152523
   0.0026832724423733047
   0.002774877249537356
   0.002664573585022564
   0.0028284163696316
   0.0030495777265057535
   0.002626777065150372
   0.003301498736937514
   0.0031144678116814756
   0.0032403546086809693
   0.003331649067654035
   0.0031464115925924248
   0.0034640828569767208
   0.0037148137557621915
   0.003591635937842253
   0.0038858440408745176
   0.003936974979600455
   0.004024891347601821
   0.004195200948703173
   0.004347375344963901
   0.0038986911444740015
   0.004324311782237724
   0.0047748865997005625
   0.004764399512005684
   0.0052248789373534775
   0.005138028256053094
   0.0054680149734615754
   0.005822287590801402
   0.005630192692084348
   0.005830861877973101
   0.005890577593920651
   0.006434158841682415
   0.006220820581723926
   0.006308609672503126
   0.006503718916896701
   0.006949667243113155
   0.007141257567123594
   0.007449650031377313
   0.007648335096607627
   0.007886484387862566
   0.008306372664406527
   0.008348397206050991
   0.00899968247439875
   0.008613642943609863
   0.009197479652600487
   0.009294801850496867
   0.009565168497731757
   0.009817930299202577
   0.010439817958182988
   0.010444593563657706
   0.010760474517417901
   0.010746548952570774
   0.011793350922871752
   0.012028359086342576
   0.012319875062678193
   0.012396719517275528
   0.012863706351981143
   0.013519263469582949
   0.013433944376466653
   0.014066470408386036
   0.014685362777609548
   0.015041730150152276
   0.01538339326384137
   0.01572398752193603
   0.016122663199360083
   0.0168174657421979
   0.017242996449573375
   0.017748549718498128
   0.01825379313759198
   0.018896730696075448
   0.019456913366461805
   0.019775296685511447
   0.020460736916347855
   0.021216078817491227
   0.021573226583893285
   0.022668574938667845
   0.023225847713054523
   0.02395629032968168
   0.02440861860060909
   0.025348208465096698
   0.025744913594727793
   0.026656048372555148
   0.027791543145172775
   0.02815026642857932
   0.029044126417573656
   0.030022787637226492
   0.030965565526726618
   0.0317959619094941
   0.03296894635865696
   0.033828016195898925
   0.03490215833884776
   0.03595299960656969
   0.037035439134834085
   0.037818669460334006
   0.03924139456033641
   0.040093153226455014
   0.041551542661614864
   0.04285208530643521
   0.043848577903507886
   0.04508536928982616
   0.046117327281511016
   0.04777279575563901
   0.049165097167706284
   0.05076927742001062
   0.05235749421343615
   0.05411294693130286
   0.05550657639226184
   0.057217878844903015
   0.058614191487642305
   0.06066267219666473
   0.06235635986417103
   0.06404997547665417
   0.06582745327323548
   0.06782999589886468
   0.06990377606216992
   0.07214217587403363
   0.07414420648978584
   0.07651900757164849
   0.07885542008004269
   0.08089041559022923
   0.08352625421770092
   0.08588937165237617
   0.08805565118031891
   0.090887327347161
   0.09357130537461791
   0.0963926205233575
   0.09950243957431396
   0.10186653421016148
   0.10492885859052313
   0.10808134903668626
   0.11149417885001889
   0.11483267043097971
   0.11802995672285913
   0.12151275323602868
   0.12500942353662783
   0.1286166083830545
   0.13233012203542321
   0.13613553794935399
   0.1401564540404401
   0.1444210693321442
   0.1486380501911943
   0.15283388953553462
   0.1575270186328682
   0.1618741499460615
   0.16654961996807438
   0.1712230452281176
   0.17639787112635458
   0.18156771749173914
   0.18648488302892005
   0.19188783895742326
   0.19737654830883533
   0.20294123643616643
   0.20907485667588058
   0.21446255568737402
   0.21938640826812858
   0.2222903861879546
   0.2244384313694738
   0.225541408012786
   0.22552205618644044
   0.2246532269880849
   0.22253760649346438
   0.21875239990601247
   0.2143602032943382
   0.2085429091639416
   0.20292044673021492
   0.19758686580478976
   0.19209990546981015
   0.1867135160913371
   0.18140028844949505
   0.17593130095398032
   0.17148440255693811
   0.16661761188721919
   0.16213405087615002
   0.15724627596938504
   0.15281513727294818
   0.1489057914481166
   0.1442686431290944
   0.14010928197532097
   0.1361504505822511
   0.13232803548379307
   0.12845465442618262
   0.12502492026276202
   0.12164666582849691
   0.11817686003596474
   0.11483269371324527
   0.11133238385011793
   0.1082167372782972
   0.10551514169440328
   0.10197778817129738
   0.099558930491644
   0.09651918400354409
   0.09344118154026092
   0.09134510283950639
   0.08877047926963107
   0.0861296692188586
   0.08375428593636268
   0.08104520342993779
   0.07870498245956224
   0.07663885019851224
   0.07438846665169271
   0.07196824040582069
   0.0700578963600107
   0.06826844360603221
   0.06619992026551089
   0.06448029081820274
   0.06242658810442871
   0.06053335292084852
   0.05848427294888772
   0.05708793317120528
   0.05572979351827889
   0.053946484530875596
   0.0523017121004657
   0.0507178947487965
   0.04939671261895876
   0.04789131065642284
   0.04669290200437321
   0.0452321356310975
   0.044093079547702266
   0.042756194913836754
   0.0416808270354608
   0.04029922043712508
   0.039030854945158455
   0.03800447407292989
   0.03704707809477017
   0.03616725488283566
   0.03475476299732168
   0.034158397974143925
   0.03335405966295557
   0.03202126219857675
   0.03089638743866344
   0.030200217852856624
   0.029145279164729233
   0.028618219214339664
   0.027605960605637327
   0.0266935217788886
   0.02593057048658976
   0.025320578042177473
   0.024541312339807747
   0.023945927152440767
   0.023253836651185113
   0.022531441160964383
   0.02167261502241942
   0.021753189705420214
   0.020511973047710453
   0.02002884064917388
   0.019569561116948943
   0.018638464271232218
   0.01827838223804284
   0.017703458509285692
   0.017234283634372505
   0.016847221465571112
   0.016206114534644014
   0.015470894019415943
   0.01541913823791719
   0.014780294638132218
   0.014379198463057668
   0.014005898059032131
   0.01361506015557772
   0.013351849186910405
   0.012604636670289231
   0.01260068965731638
   0.012024175233254046
   0.012131806731068543
   0.011396711925375669
   0.011665489342072196
   0.010885187123334169
   0.010568305434174393
   0.009914177621467148
   0.010079229168939458
   0.00979753451435615
   0.009658822896709517
   0.009060575296856156
   0.008915957590186261
   0.008706016841242612
   0.00830034552955478
   0.0082822690393394
   0.007476435968427737
   0.008074421279571682
   0.007602435059900216
   0.0070283548686730386
   0.006840909761135576
   0.006363839682927281
   0.00658773755093507
   0.00623688197659696
   0.006434172142552606
   0.006107275149360801
   0.005522602784014074
   0.005205697562286922
   0.005665604094004451
   0.005656774699420156
   0.004919295782934789
   0.0055044697973556005
   0.0046151494006153254
   0.004701013625804546
   0.004774887491868263
   0.0046367656820244865
   0.004816592920312033
   0.004218970372022065
   0.004147255844531418
   0.004135181707011193
   0.004207108972917151
   0.003834033425780219
   0.0036877982591242706
   0.0032557487618058
   0.003478487071989775
   0.0032557487618058
   0.0036331612625921245
   0.003130481649842401
   0.003162263689194815
   0.0029495639932030633
   0.0029999876733080087
   0.003016609207371747
   0.0026832724423733047
   0.0026457425725115434
   0.0027202845733488986
   0.002588428633360402
   0.0026457425725115434
   0.002280344921278358
   0.0022360623873228583
   0.0023874613944522747
   0.0024899731645140273
   0.002449483790515871
   0.0022583134746974346
   0.002024842648207509
   0.002049385849468079
   0.0020736404678728666
   0.0018165875673911236
   0.0018439057568107975
   0.0019748386642964026
   0.0017320485443543434
   0.001702936496173595
   0.0018439061147466267
   0.001760679297884768
   0.0015165733447479552
   0.001673318033130582
   0.001095444457743066
   0.0014142121481588255
   0.0012247439528325912
   0.0014832383490187948
   0.0012247439528325912
   0.0014142124168596455
   0.0015811374355191267
   0.0012649100521380957
   0.0013784038268954421
   0.0012649100521380957
   0.000836659733703015
   0.000894426833228968
   0.0009486828711429336
   0.000836659733703015
   0.0009486828711429336
   0.0010488084620177318
   0.0012247441814517838
   0.0010954446585747725
   0.000894426833228968
   0.000894426833228968
   0.0006324554055425568
   0.0007071066044098301
   0.0007745964368624477
   0.0005477224753467763
   0.0005477224753467763
   0.0007071066044098301
   0.0007071066044098301
   0.00044721355077859614
   0.0005477224753467763
   0.0005477224753467763
   0.0007071066044098301
   0.0005477224753467763
   0.0005477224753467763
   0.0006324554055425568
   0.00031622775020544923
   0.0007071066044098301
   0.0005477224753467763
   0.00031622775020544923
   0.0005477224753467763
   0.0005477224753467763
   0.0
   0.00044721355077859614
   0.00044721355077859614
   0.00031622775020544923
   0.0
   0.00044721355077859614
   0.0
   0.0
   0.00031622775020544923
   0.00031622775020544923
   0.0
   0.0
   0.0
   0.0005477224753467763
   0.00031622775020544923
   0.00031622775020544923
   0.00044721355077859614
   0.0
   0.0
   0.0
   0.00031622775020544923
   0.0
   0.00031622775020544923
   0.00044721355077859614
   0.0005477224753467763
   0.00031622775020544923
   0.0
   0.0
   0.0
   0.0
   0.00031622775020544923
   0.00031622775020544923
   0.0
   0.00031622775020544923
   0.0
   0.0
   0.0
   0.0
   0.0
   0.0
   0.0
   0.0
   0.0
   0.0
   0.0
   0.0
   0.0
   0.0
   0.0
   0.0
   0.0
   0.0
   0.0
   0.0
   0.0
   0.00031622775020544923
   0.00031622775020544923
   0.0
   0.00031622775020544923
   0.0
   0.00031622775020544923
   0.00044721355077859614
   0.0
   0.0006324555004108985
   0.0
   0.0
   0.0
   0.0
   0.0
   0.0
   0.0
   0.0
   0.0
   0.0
   0.0
   0.0
   0.0
   0.0
   0.0
   0.0
   0.0
   0.0
   0.0
   0.0
   0.0
   0.0
   0.0
   0.0
   0.0
   0.0
   0.0
   0.0
   0.0
   0.0
   0.0
   0.0
   0.0
   0.0
   0.0
   0.0
   0.0
   0.0
   0.0
   0.0
   0.0
   0.0
   0.0
   0.0
   0.0
   0.0
   0.0
   0.0
   0.0
   0.0
   0.0
   0.0
   0.0
   0.0
   0.0
   0.0
   0.0
   0.0
   0.0
   0.0
   0.0
   0.0
   0.0
   0.0
   0.0
   0.0
   0.0
   0.0
   0.0
   0.0
   0.0
   0.0
   0.0
   0.0
   0.0
   0.0
   0.0
   0.0
   0.0
   0.0
   0.0
   0.0
   0.0
   0.0
   0.0
   0.0
   0.0
   0.0
   0.0
   0.0
   0.0
   0.0
   0.0
   0.0
   0.0
   0.0
   0.0
   0.0
   0.0
   0.0
   0.0
   0.0
   0.0
   0.0
   0.0
   0.0
   0.0
   0.0
   0.0
   0.0
   0.0
   0.0
   0.0
   0.0
   0.0
   0.0
   0.0
   0.0
   0.0
