   2.0996480312423795
   4.340523036582112
   6.427377607204979
   8.279540638368774
   9.948418815867173
   11.440581850780143
   12.863365222506902
   14.141217392993434
   15.246288917621888
   16.13702313002928
   16.91911667124203
   17.727144046303682
   18.44080704674012
   18.955529601757373
   19.45933696291834
   19.983867906566537
   20.42020136923238
   20.898488598917865
   21.232259593079114
   21.438733825855948
   21.791858322584606
   21.97833225283256
   22.3498105540047
   22.442712388280967
   22.510711834571115
   22.635259295071045
   22.84856773095198
   23.013678430513885
   23.23675556437258
   23.279929993449294
   23.528122240907795
   23.651289285683774
   23.67360720464036
   23.775152769727896
   23.879430013088673
   24.005502551021507
   24.071841812408124
   24.11533872597273
   24.235727574469472
   24.294461337481845
   24.31158856178469
   24.38869952067965
   24.410895297829615
   24.528522736039363
   24.45682907817569
   24.32148354283513
   24.377348104631892
   24.45601408360733
   24.48557691193736
   24.559528476572996
   24.586487194455003
   24.64855237233822
   24.681710637887317
   24.734089582111164
   24.61325594160797
   24.53404082833482
   24.54615354583891
   24.655968010992794
   24.668935516353358
   24.7292955559009
   24.62571395045431
   24.510098750645618
   24.342822539352333
   24.23551313625317
   24.241100186616944
   24.12942047454725
   23.90836256167285
   23.788076836297634
   23.744147560449502
   23.684013522203117
   23.562952953948702
   23.397474099568953
   23.21011720142533
   22.959237227390638
   22.695211097319625
   22.514096382202418
   22.339452269301503
   22.17653560427327
   21.9574096832937
   21.780821811630524
   21.445937659964883
   21.23264476450355
   20.95235008199319
   20.56955343973223
   20.015129147712237
   19.496198007160267
   18.960643638840427
   18.192073415847904
   17.571735900940464
   16.831253194982242
   15.95280158185389
   15.10186234011885
   14.16611403455443
   12.921039458801292
   11.559546201733008
   9.990199707132986
   8.34743704261374
   6.451913447528571
   4.345896233643873
   2.100326494405096
