   0.16214404199596727
   0.1876399705495607
   0.1934611825839747
   0.19484972004403803
   0.19621029473437424
   0.19619634700653832
   0.1964134211226667
   0.1958952771026142
   0.19658388517790568
   0.19604931998209021
   0.19715266593782088
   0.195852442302464
   0.19579842612337311
   0.1949474498512612
   0.19529999415832044
   0.1966150291222927
   0.19607757606006354
   0.19698287711065143
   0.19678636010851971
   0.19617367813282188
   0.19692734458129477
   0.19674213943512456
   0.19517994637029185
   0.19712172104727577
   0.1959005954057057
   0.19626334529208453
   0.19652728599965452
   0.19650190480947
   0.1960333045695042
   0.19689282088890392
   0.19677776283960544
   0.19598127590968992
   0.19526819914159088
   0.1961309081925641
   0.19640694124994665
   0.19624690281456675
   0.1952176836194662
   0.19603267033510002
   0.19729574540734526
   0.19625416173928642
   0.19620614000086745
   0.1961960432575285
   0.1959127629471597
   0.19591979989043987
   0.19667339028867123
   0.1959875274709082
   0.19597740201115024
   0.19678920789451335
   0.19681487231911618
   0.1969481971071327
   0.1958932619729173
   0.19573369039375926
   0.19639578366461943
   0.19703966780257726
   0.19669206372172213
   0.19583008099980453
   0.1959484830069118
   0.19665494516312068
   0.1967750380913189
   0.19670363471413027
   0.1961173886352508
   0.1951426699539596
   0.1970331261112963
   0.19654279519613535
   0.19617795812656935
   0.19590172005878354
   0.19552645139149333
   0.1959626433762313
   0.19584072854416673
   0.1966376722359935
   0.19583083750969865
   0.19640712523734977
   0.19679399614762133
   0.1962536090617189
   0.1961480228234789
   0.19662878410789708
   0.1962875414888831
   0.19644450429207735
   0.195958313187244
   0.19648950617656405
   0.1961427217286178
   0.1968864308218319
   0.19634636382230256
   0.19535195002535807
   0.1957056847149566
   0.19625634237537393
   0.19572398242422925
   0.19591646645557897
   0.19588731420832234
   0.19695233215770763
   0.19589466138654724
   0.1968769521031855
   0.19558590095196024
   0.19678967408845413
   0.19645917186710832
   0.1957071395356848
   0.19488053752878967
   0.19353996479807473
   0.18828521745012272
   0.1622556090162679
