   0.27310912713682783
   0.3562544767999274
   0.38850919834607517
   0.4003699062152899
   0.40779207337460593
   0.408128065097599
   0.41019567975179844
   0.4103212492548247
   0.4114056222493684
   0.41046124046529653
   0.4102881503474235
   0.4105557607776926
   0.4118457670376618
   0.4130475974748552
   0.41143369201754737
   0.4101733615728842
   0.4101213704082732
   0.40992379502614873
   0.4108770092474876
   0.4109706891085908
   0.41255471745647265
   0.4125607953538969
   0.41003450500209127
   0.41116296292053106
   0.4112606684812444
   0.4109018238591671
   0.4107717972421062
   0.41214736363314275
   0.4093446576440934
   0.4109921957570362
   0.40890653478290123
   0.41085868575108647
   0.4116586292158953
   0.41079884781454784
   0.4109765076093645
   0.4105180100670859
   0.4115011736439035
   0.4120355009563011
   0.4107212509327342
   0.411112330383984
   0.4110718571677706
   0.4110768171762426
   0.41077568779506657
   0.4093815622606861
   0.41052234487783973
   0.4106733239400753
   0.4109940592370649
   0.4118758239748966
   0.4110714036648621
   0.4119696578341662
   0.41016180922985745
   0.410419619156285
   0.4125204172508192
   0.4103702854758858
   0.4117219664734443
   0.4122238519482346
   0.4126004315881286
   0.4121352720614799
   0.41196924296115844
   0.4113066723134455
   0.4102120492319917
   0.41223557767271857
   0.41111767110372427
   0.41120343975252693
   0.41101159310305346
   0.41037297316655735
   0.4111030162681733
   0.4124296885914495
   0.41126698100517384
   0.4109905787567885
   0.41168370844734675
   0.41105763585750354
   0.41004911187465093
   0.41222135882041583
   0.41167025760187
   0.41148513354428734
   0.4123441384916124
   0.4099587869022446
   0.41122353908792725
   0.4129164685211647
   0.41146621653271853
   0.41261051000883386
   0.411478942352291
   0.41016846758617365
   0.4110065594367078
   0.4122221084912356
   0.41057388784305315
   0.4107320357912078
   0.41197670636864897
   0.41263239597723056
   0.4123190640189221
   0.4119569911084894
   0.4118935195399413
   0.4122687991152253
   0.4114302704801386
   0.40686347344472934
   0.3996838817761357
   0.389928499304116
   0.35757338131017247
   0.2725811266173614
