   0.1194984501602845
   0.1398117030174513
   0.14194723729597558
   0.1418505686630829
   0.14131271681879873
   0.14124961211982143
   0.14127316616311109
   0.14144259366679474
   0.1415138414422773
   0.14147262770412516
   0.14195202003349583
   0.1415237109517695
   0.1416906944642096
   0.14158861914363033
   0.14229178738686923
   0.14157895897399445
   0.14153301797725504
   0.14142113933125416
   0.14184676405864888
   0.1417550649704976
   0.14195138283845635
   0.14127155632578697
   0.14205192090918728
   0.14158650370356632
   0.14118522210114626
   0.1416590728883611
   0.14136863830935065
   0.1418507270110379
   0.1415693324612008
   0.1409729966163733
   0.14168246333135234
   0.1417993402585146
   0.14111942237282576
   0.14147434466276915
   0.14188683167901806
   0.1417986548482037
   0.14144080531430808
   0.1415071731388554
   0.1417481229459847
   0.14165907919946397
   0.14147517251358982
   0.14184204887038962
   0.1414694774417436
   0.14173962615017016
   0.14116912864642184
   0.14174293109979066
   0.14185992453346366
   0.14142665310467473
   0.14137743364480063
   0.14178577974268083
   0.14197038448972377
   0.1412390644117625
   0.14164067651631718
   0.14134418520915532
   0.1410790528700487
   0.1414796130861263
   0.14170790853075207
   0.14160373839242382
   0.14193998122555182
   0.14151753582874455
   0.1419907958633587
   0.14139786341663724
   0.14137969679186613
   0.141420109411321
   0.14183141378266664
   0.14129185981917006
   0.14179653871625358
   0.14107055605019073
   0.14162250190245193
   0.14147890754366885
   0.1416557636695027
   0.14125496969664467
   0.14133795418131678
   0.14191200097511134
   0.14121361716548445
   0.1413381094057438
   0.14137275220126402
   0.14182897996104324
   0.1417411339584949
   0.1414524283082832
   0.14129335663077014
   0.14177394804317892
   0.14210021568002634
   0.14138337048433242
   0.14183338883968752
   0.1417846101611878
   0.14188311957294286
   0.14123603917966546
   0.14120473006521417
   0.14201428895304866
   0.14163732295465062
   0.1413765672769006
   0.1416929931477206
   0.14109715504144654
   0.14197695515790582
   0.14137100525128907
   0.14185183291699124
   0.1410349723594825
   0.1389559031975252
   0.11960324610561371
