   0.11845862267374208
   0.13641772993181642
   0.13900055852765483
   0.14090820281725971
   0.14122133533850328
   0.14174624392621485
   0.14132168110912777
   0.14127010147794897
   0.14075039970639516
   0.14128156107401277
   0.1409011859946892
   0.1408390419563766
   0.14071799576880706
   0.1410839500714025
   0.1414250470261898
   0.14093502570688382
   0.14086563573984254
   0.14089479904492572
   0.1408288988511946
   0.14034444470302343
   0.1407117202743254
   0.14052673624527826
   0.14180167715083627
   0.14065031072752737
   0.14142765065569743
   0.14088893704702296
   0.14078087112782758
   0.1414015313884542
   0.14127391162557226
   0.14048392381536046
   0.14116471146061965
   0.14051450402143545
   0.1405769719803354
   0.14054263800441488
   0.1405150490508045
   0.1405972137291134
   0.1407281052787964
   0.1411282147109854
   0.14119781832592174
   0.14117915661683209
   0.14077914203105515
   0.1404776903468661
   0.14007529622310283
   0.14117473640492478
   0.14109853259336186
   0.14035150891614953
   0.1409457079241507
   0.14114363978440544
   0.14081234274082652
   0.14045805257029587
   0.14124255172489628
   0.14043217134171926
   0.1410109438487311
   0.14112590491468957
   0.14048667140960386
   0.14080748879175425
   0.14113636781322522
   0.14089110819746575
   0.14062591106303987
   0.14075877627075337
   0.1405890092135228
   0.1409234050638502
   0.14119315209669342
   0.14098598108432625
   0.1410425277629056
   0.14074900130995602
   0.1408815162615735
   0.1408532018663403
   0.14114064250863392
   0.14079194866170436
   0.14058353936044574
   0.14035329703911484
   0.14101561675073437
   0.14081705015387874
   0.14123815980166265
   0.14102881630925646
   0.14093575578365486
   0.14170028080931948
   0.14078389266446642
   0.14078464220560424
   0.14081477769026943
   0.14127710980905578
   0.14076024728011813
   0.1411274221432178
   0.14131326111016618
   0.1409644589690607
   0.14067155619665975
   0.14115372530344356
   0.14090280911309044
   0.14067240927484678
   0.14121687987485773
   0.14109559516512202
   0.14086863705988642
   0.14106424025329736
   0.14080079718236682
   0.14061235291339094
   0.1405642557784873
   0.14045514659274683
   0.1358823796140986
   0.11848191312597041
