   0.09714810034148892
   0.10373266185729546
   0.10745623246694441
   0.10839051983619233
   0.10968547686909147
   0.11033822362966517
   0.11075446056136971
   0.11083183000523812
   0.11084362377890755
   0.11089571763850938
   0.11075091949844028
   0.11099126575348171
   0.11106097970714107
   0.11102551808859079
   0.11105629736309419
   0.11103540519293835
   0.11129351236792735
   0.11109094423417239
   0.1109839976061414
   0.110834520279514
   0.11097881125291441
   0.11075740285141215
   0.11109850749560049
   0.11104489132666122
   0.11118076506801884
   0.1111318664073901
   0.11129133432531933
   0.11096575543761238
   0.11124670747918788
   0.11113416606444662
   0.11090728342827624
   0.11080977215823522
   0.11092743816098882
   0.11094093695471478
   0.11086752119313392
   0.11094091262487434
   0.11069006130470793
   0.11116353833717241
   0.11097612851307258
   0.11135973110312362
   0.11104965319549628
   0.11144122304407826
   0.11118306715395111
   0.1108494830782264
   0.1112137586800752
   0.11095546204486735
   0.11092160927785893
   0.11095986796851373
   0.1110789061478371
   0.11077170485963463
   0.11095323881906287
   0.11095670379814823
   0.11077111990695047
   0.11092098799952153
   0.11083132895693347
   0.11089752569990008
   0.11139886231371486
   0.11118026739381409
   0.11122422593643887
   0.11112868688848977
   0.11099989544067147
   0.11079910721657463
   0.1114401425160162
   0.11100512021632156
   0.11081374814633788
   0.11100940454389438
   0.11136788804817123
   0.11100970167620486
   0.11063374551356381
   0.11139114391974796
   0.1108464715176356
   0.1111682144172065
   0.11091932279616568
   0.1112162485419734
   0.1109832346246495
   0.11082640360058608
   0.11096018510150386
   0.11097508784402921
   0.1111085706056918
   0.11099577094425715
   0.11098692168791781
   0.1114307250640953
   0.11100642136016277
   0.11081204798752706
   0.11084645369514534
   0.11116201888554382
   0.11131240799821016
   0.11127807936763646
   0.11090665795271265
   0.11085865692691753
   0.11079328899346746
   0.11088673975476057
   0.11032203125282819
   0.11107474513155545
   0.11025461912772634
   0.10987651900087662
   0.10832500616773581
   0.10731011811562785
   0.10365507622760209
   0.09708012154916165
