   0.18180347060702662
   0.19884294405384367
   0.2110420683615236
   0.2186330188186359
   0.22225562707474922
   0.22565555307361704
   0.22594119997023562
   0.22673201810031154
   0.22833207151261076
   0.22796689693646313
   0.2289045162067363
   0.22923625366019224
   0.22879289205742387
   0.22895749544644745
   0.22859312402572393
   0.22874417185143756
   0.22997373859584488
   0.22945507456212424
   0.2293187544968793
   0.22971085082718665
   0.2283179371330908
   0.22936500018259107
   0.22968339306715232
   0.22933887984323548
   0.229607213840833
   0.22858975170168938
   0.2295643506722897
   0.2289177420566392
   0.22933275697969968
   0.22931629576266488
   0.22854818084541825
   0.23005504948422673
   0.22938433974759478
   0.23011703637825254
   0.22836971884974155
   0.22906213129227623
   0.22914017422320337
   0.229372838627419
   0.22955946936469424
   0.22966534229123473
   0.22855544356676347
   0.22963794017531164
   0.22893627900846122
   0.2281411469288037
   0.22896523029106405
   0.22911341898928575
   0.2290067243393521
   0.2301911794547958
   0.2297417710472129
   0.22925661132711092
   0.22932989335016923
   0.2290563417082356
   0.22906864691351805
   0.22934359166436286
   0.2290198001235701
   0.22979124315395486
   0.22808737096715812
   0.22996871300833513
   0.22862085188363726
   0.22961771317733742
   0.22930227292443048
   0.22872099712094646
   0.22799479905995662
   0.2291354184532806
   0.22875937248032047
   0.2286067928186737
   0.22893015605603384
   0.22909348283561012
   0.230070233988993
   0.23005681442893622
   0.2283160910851226
   0.22975227021807643
   0.22834923617967284
   0.22926613230023749
   0.22851872761134917
   0.2298766539445883
   0.22794814343124184
   0.22934967727171537
   0.22918210008268533
   0.2288250775291904
   0.22885911382855176
   0.22837408745748716
   0.2291443524390466
   0.22845616393030416
   0.22938991576682266
   0.22903511242757082
   0.22948411575740923
   0.22934279295901147
   0.22852624745310984
   0.22916450388583307
   0.22875796012115077
   0.22822415153350883
   0.2267844441753226
   0.22666072900595288
   0.22421526274819026
   0.22323566149786642
   0.2186632047075136
   0.2126298881101855
   0.20038481423501134
   0.18124997025541822
