   0.0
   0.0
   0.0
   0.0
   0.0
   0.0
   0.0
   0.0
   0.0
   0.0
   0.0
   0.0
   0.0
   0.0
   0.0
   0.0
   0.0
   0.0
   0.0
   0.0
   0.0
   0.0
   0.0
   0.0
   0.0
   0.0
   0.0
   0.0
   0.0
   0.0
   0.0
   0.0
   0.0
   0.0
   0.0
   0.0
   0.0
   0.0
   0.0
   0.0
   0.0
   0.0
   0.0
   0.0
   0.0
   0.0
   0.0
   0.0
   0.0
   0.0
   0.0
   0.0
   0.0
   0.0
   0.0
   0.0
   0.0
   0.0
   0.0
   0.0
   0.0
   0.0
   0.0
   0.0
   0.0
   0.0
   0.0
   0.0
   0.0
   0.0
   0.0
   0.0
   0.0
   0.0
   0.0
   0.0
   0.0
   0.0
   0.0
   0.0
   0.0
   0.0
   0.0
   0.0
   0.0
   0.0
   0.0
   0.0
   0.0
   0.0
   0.0
   0.0
   0.0
   0.0
   0.0
   0.0
   0.0
   0.0
   0.0
   0.0
   0.0
   0.0
   0.0
   0.0
   0.0
   0.0
   0.0
   0.0
   0.0
   0.0
   0.0
   0.0
   0.0
   0.0
   0.0
   0.0
   0.0
   0.0
   0.0
   0.0
   0.0
   0.0
   0.0
   0.0
   0.0
   0.0
   0.0
   0.0
   0.0
   0.0
   0.0
   0.0
   0.0
   0.0
   0.0
   0.0
   0.0
   0.0
   0.0
   0.0
   0.0
   0.0
   0.0
   0.0
   0.0
   0.00031622775020544923
   0.0
   0.0
   0.0
   0.0
   0.0
   0.0
   0.0
   0.0
   0.0
   0.0
   0.0
   0.0
   0.0
   0.0
   0.0
   0.0
   0.0
   0.0
   0.0
   0.0
   0.0
   0.0
   0.0
   0.0
   0.0
   0.0
   0.0
   0.00031622775020544923
   0.0
   0.0
   0.0
   0.0
   0.0
   0.00031622775020544923
   0.0
   0.0
   0.0
   0.0
   0.0
   0.00044721355077859614
   0.0
   0.00031622775020544923
   0.0
   0.0
   0.0
   0.0
   0.0
   0.00031622775020544923
   0.0
   0.00031622775020544923
   0.0006324555004108985
   0.0
   0.00044721355077859614
   0.0
   0.00031622775020544923
   0.00044721355077859614
   0.0
   0.00044721355077859614
   0.0
   0.00044721355077859614
   0.0
   0.00031622775020544923
   0.00044721355077859614
   0.00031622775020544923
   0.00044721355077859614
   0.0005477224753467763
   0.00031622775020544923
   0.00044721355077859614
   0.00044721355077859614
   0.00031622775020544923
   0.00044721355077859614
   0.00031622775020544923
   0.0005477224753467763
   0.00031622775020544923
   0.00031622775020544923
   0.00031622775020544923
   0.0006324554055425568
   0.00044721355077859614
   0.00031622775020544923
   0.00044721355077859614
   0.0005477224753467763
   0.00044721355077859614
   0.0008944269897537752
   0.0006324554055425568
   0.000894426833228968
   0.00044721355077859614
   0.000894426833228968
   0.000836659733703015
   0.00044721355077859614
   0.000894426833228968
   0.0007071066044098301
   0.000836659733703015
   0.0008944269897537752
   0.00044721355077859614
   0.000836659733703015
   0.000894426833228968
   0.0011401746839848708
   0.000999999499999875
   0.0007745964368624477
   0.000836659733703015
   0.0012649100521380957
   0.0012649100521380957
   0.0010488082713251265
   0.0012649100521380957
   0.0011401746839848708
   0.0012247439528325912
   0.0011401746839848708
   0.0014491361530235866
   0.0016431654542376432
   0.0014142121481588255
   0.001702936167329827
   0.0017888521906518715
   0.0018439057568107975
   0.001612449453471333
   0.0017888515198305308
   0.0017320482094907174
   0.0019493551651764232
   0.0018973635497711028
   0.0024083124049840378
   0.0021908849718778028
   0.002190885400928127
   0.002469810759957127
   0.002428984872328356
   0.002549501972935106
   0.0024899726906132927
   0.00275679981863029
   0.002915464695378766
   0.0032093454145666524
   0.0027386030581301847
   0.0030983730182145594
   0.0031144684153158464
   0.0033763700271149193
   0.003563685394363537
   0.0034928285328655914
   0.0035496262113073255
   0.003911492297065149
   0.0036605779598309334
   0.003987449499366732
   0.004159291717348039
   0.004370316362690463
   0.004732813619824893
   0.0046475343613576435
   0.004909119789738278
   0.004888705177242743
   0.004701014544755206
   0.005394368395836532
   0.005458858455757943
   0.00584798349860873
   0.005683222704592879
   0.005839426717581102
   0.006549677682909289
   0.006789548290571325
   0.006782183338719177
   0.0072455109902614875
   0.007245506766955642
   0.007622129150703234
   0.007687440379606205
   0.007867418051050802
   0.008390188708247271
   0.008490879209481196
   0.008994093145503887
   0.008921552654106796
   0.009705236186719002
   0.009893989686168062
   0.010004511897638985
   0.01084836935903272
   0.01134391025660905
   0.011277613859323257
   0.011622506403956076
   0.01199084650890003
   0.012608555190821824
   0.012956581551860042
   0.013592940467757518
   0.013811787659821592
   0.014406897992281337
   0.014847687294322977
   0.015720763340245282
   0.016279868092524585
   0.016760818403646047
   0.016929923990083355
   0.017609892451687488
   0.01851992732140167
   0.01904928846440202
   0.02014802193144528
   0.02070812910525719
   0.021466232011231035
   0.022078819714604313
   0.022672633219588765
   0.023719214133482585
   0.024553171747047263
   0.025322092614158097
   0.02653544192886186
   0.027358110746906483
   0.028289499902083813
   0.029177275781676396
   0.0299372380182274
   0.03125364708813997
   0.032245480189322655
   0.03351123936830746
   0.034579638261699616
   0.03574443150142411
   0.03714420253431214
   0.03860062455854827
   0.03947914200574779
   0.04094189614942132
   0.04238919021531315
   0.04433662824347382
   0.045620133050112865
   0.04704596859710723
   0.049078221835759286
   0.05082012230406377
   0.05193182669616003
   0.05400280141474144
   0.055772706981103225
   0.05807983595285028
   0.06021504298960518
   0.06204442349671725
   0.06419128525516529
   0.06665708927330986
   0.06887936413643785
   0.07155274977134002
   0.07393089288998206
   0.07663434011564267
   0.0790137274275173
   0.08165404509116496
   0.08494076849923128
   0.08748491696995546
   0.09091279183371281
   0.09358297550110277
   0.0969280082551478
   0.10078302103623409
   0.10397590641220686
   0.1076015058072609
   0.11163396987225707
   0.1153797168849014
   0.11943313101463932
   0.12332356150837519
   0.1278702865318992
   0.13218415394437413
   0.13654568838363224
   0.14136889297154448
   0.14594131123705173
   0.15115922069129623
   0.1564935784393724
   0.16186613844828696
   0.16743606281536244
   0.17323233192308532
   0.1792527075341123
   0.18509645875802164
   0.19134908073149973
   0.19589141806314536
   0.19903662368508968
   0.20143161304797716
   0.20306914368694717
   0.20271151414668087
   0.201851053862099
   0.19947006219229993
   0.19606703795753125
   0.1913414934462465
   0.18522359819285986
   0.17901355378224856
   0.17295671628979892
   0.16732319382772373
   0.1618391962495798
   0.15648966256861827
   0.15092083834245687
   0.146250196881782
   0.1413407915855858
   0.1368439850451601
   0.13211341633233167
   0.12754629723265196
   0.12336879177454078
   0.11931863557713858
   0.11529473957661729
   0.11135843640133422
   0.10746782887799493
   0.1039971086490389
   0.10047941928967344
   0.09733533011995181
   0.0938987066984418
   0.0905948301915733
   0.08751468977286042
   0.08487441643976117
   0.08187184779880077
   0.07916973926949615
   0.07669521395699995
   0.07394095734273394
   0.07141419779399612
   0.0689297018348404
   0.0666284361358572
   0.06427853507229299
   0.062447558901529525
   0.06011045349013764
   0.058070541075144116
   0.05604051623379285
   0.054157155612162645
   0.052215077213291564
   0.05058947931329201
   0.049058310672504817
   0.04732918717873781
   0.04555437849153471
   0.04437176816118555
   0.04253938447121679
   0.04143437895033543
   0.03988005182744877
   0.03855269433697209
   0.03713350450348041
   0.03588631332416302
   0.03440174789977975
   0.03339338577607847
   0.03240760492708463
   0.03146228417391211
   0.03035938632960159
   0.02928660861964048
   0.0283124810244528
   0.02721365273516218
   0.026139248236894647
   0.025278674261914925
   0.02460190135009894
   0.023786555945533604
   0.022935495058751185
   0.022124061333986582
   0.021484862019570897
   0.021019389996857665
   0.0199962243946201
   0.019177406178886653
   0.018878049896904076
   0.018044419906164896
   0.017260240438649745
   0.01683222903717746
   0.01581266320105503
   0.015752508776699665
   0.015170707305857562
   0.014654586389250294
   0.014288479185693627
   0.014009425895089349
   0.01335178545026844
   0.012844221056957872
   0.012416849647152856
   0.01212764641593743
   0.011470981237888938
   0.01107184894224989
   0.010634288748665798
   0.010177911359409651
   0.009954422771311252
   0.009284015510542839
   0.008876597221908856
   0.008625236237924154
   0.008578758651460012
   0.00837229077313969
   0.00794331276924181
   0.00804959504819963
   0.007680937211043975
   0.007382221995442836
   0.006964036214006932
   0.007092080709495628
   0.0063716935739252245
   0.006284783394039925
   0.0060908711355601676
   0.006180512328278296
   0.005647925062356972
   0.005477143416051838
   0.005366491140400774
   0.005157452235358075
   0.004857928673827972
   0.004826951119495618
   0.0046151440703405995
   0.004449679377213599
   0.004582534630529266
   0.004505509932294013
   0.00399996879487828
   0.0039748915507218565
   0.003911494567297774
   0.0038078589456543685
   0.0036193692254314147
   0.003049575955768277
   0.0031780342965424396
   0.0029999876733080087
   0.0029664669288566154
   0.0029154635566235433
   0.0027386025177086213
   0.0029154641328611812
   0.0030166086504550106
   0.0023664252872212127
   0.0024494828760373076
   0.0023874613944522747
   0.002258312642217636
   0.0019493551651764232
   0.0022360623873228583
   0.002097613081576295
   0.0018165872150821716
   0.0016733177104184369
   0.002024841522193774
   0.0017888515198305308
   0.0017888518664215883
   0.0020493869912732443
   0.0014142121481588255
   0.0012649102893090877
   0.0013784035657237687
   0.0013416395790226225
   0.0015811371572384226
   0.00130383937277565
   0.0011401746839848708
   0.0014832383490187948
   0.0012649100521380957
   0.0010488082713251265
   0.0012649100521380957
   0.0012247439528325912
   0.0011832151283684637
   0.0006324554055425568
   0.0006324554055425568
   0.0007071066044098301
   0.0011401746839848708
   0.0010488082713251265
   0.001224744377411058
   0.0009486828711429336
   0.0007071066044098301
   0.000836659733703015
   0.000894426833228968
   0.0007071066044098301
   0.0005477224753467763
   0.00031622775020544923
   0.0007071066044098301
   0.00031622775020544923
   0.00044721355077859614
   0.0007071066044098301
   0.00031622775020544923
   0.00044721355077859614
   0.00044721355077859614
   0.0
   0.00044721355077859614
   0.0006324554055425568
   0.0
   0.00031622775020544923
   0.00031622775020544923
   0.0005477224753467763
   0.00031622775020544923
   0.0007071066044098301
   0.0005477224753467763
   0.0
   0.00031622775020544923
   0.0005477224753467763
   0.0
   0.00031622775020544923
   0.0
   0.00044721355077859614
   0.0
   0.00044721355077859614
   0.0
   0.0
   0.00044721355077859614
   0.0
   0.0
   0.0
   0.0
   0.00031622775020544923
   0.0
   0.0
   0.0
   0.0
   0.0
   0.0
   0.0
   0.00031622775020544923
   0.0
   0.0
   0.0
   0.0
   0.0
   0.0
   0.00031622775020544923
   0.0
   0.0
   0.0
   0.0
   0.0
   0.00031622775020544923
   0.0
   0.0
   0.0
   0.0
   0.0
   0.0
   0.0
   0.0
   0.0
   0.00031622775020544923
   0.0
   0.0
   0.00031622775020544923
   0.0
   0.0
   0.0
   0.0
   0.0
   0.0
   0.0
   0.0
   0.0
   0.0
   0.0
   0.0
   0.0
   0.0
   0.0
   0.0
   0.0
   0.0
   0.0
   0.0
   0.0
   0.0
   0.0
   0.0
   0.0
   0.0
   0.0
   0.0
   0.0
   0.0
   0.0
   0.0
   0.0
   0.0
   0.0
   0.0
   0.0
   0.0
   0.0
   0.0
   0.0
   0.0
   0.0
   0.0
   0.0
   0.0
   0.0
   0.0
   0.0
   0.0
   0.0
   0.0
   0.0
   0.0
   0.0
   0.0
   0.0
   0.0
   0.0
   0.0
   0.0
   0.0
   0.0
   0.0
   0.0
   0.0
   0.0
   0.0
   0.0
   0.0
   0.0
   0.0
   0.0
   0.0
   0.0
   0.0
   0.0
   0.0
   0.0
   0.0
   0.0
   0.0
   0.0
   0.0
   0.0
   0.0
   0.0
   0.0
   0.0
   0.0
   0.0
   0.0
   0.0
   0.0
   0.0
   0.0
   0.0
   0.0
   0.0
   0.0
   0.0
   0.0
   0.0
   0.0
   0.0
   0.0
   0.0
   0.0
   0.0
   0.0
   0.0
   0.0
   0.0
   0.0
   0.0
   0.0
   0.0
   0.0
   0.0
   0.0
   0.0
   0.0
   0.0
   0.0
   0.0
   0.0
   0.0
   0.0
   0.0
   0.0
   0.0
   0.0
   0.0
   0.0
   0.0
   0.0
   0.0
   0.0
   0.0
   0.0
   0.0
   0.0
   0.0
   0.0
   0.0
   0.0
   0.0
   0.0
   0.0
   0.0
   0.0
   0.0
   0.0
   0.0
   0.0
   0.0
   0.0
   0.0
   0.0
   0.0
   0.0
   0.0
   0.0
   0.0
