   0.5862917171511124
   0.8333695252401542
   1.0518537322151782
   1.2486305503855013
   1.416316828741013
   1.56815329383801
   1.7057269600821228
   1.8305157601495816
   1.933742056343348
   2.029445689991235
   2.114109716730662
   2.1826786409721426
   2.251255380270306
   2.3100179837202566
   2.3613326615449592
   2.4073935039355323
   2.453428082454222
   2.4949867792122666
   2.5261112397485586
   2.5481577276895555
   2.5739729364350357
   2.592020780022992
   2.6092319299219073
   2.6266625263324177
   2.636994322560441
   2.660642928622892
   2.675926810904775
   2.68225240579331
   2.6969931194482126
   2.7047160377368638
   2.7087636182428323
   2.7132977840036285
   2.718910453374844
   2.723044244946453
   2.725105111726702
   2.7446496339780784
   2.750362258663211
   2.7549930248732024
   2.767371798645061
   2.773473270654686
   2.7760849862349315
   2.770403360016552
   2.7787521021492725
   2.775397584329135
   2.781145138394615
   2.7749579591655076
   2.778515875222598
   2.7752970894403357
   2.776619386981046
   2.77778574275195
   2.7871094314332185
   2.793187423853795
   2.7853361131179484
   2.7856046690799467
   2.7841797702993247
   2.783961482183078
   2.7810546956431836
   2.774503730802862
   2.7813870959763944
   2.7758608635729565
   2.771052845007471
   2.770357147741785
   2.7648310925333215
   2.749645637891363
   2.743854357354814
   2.750178284322491
   2.743452144870765
   2.7434390564455775
   2.7285029416291637
   2.7191821820391144
   2.718191347424975
   2.7038119650330716
   2.6913244155573293
   2.6805596219205796
   2.6641994290030167
   2.655865157415753
   2.631656518780329
   2.610145054537008
   2.5947469968825474
   2.5743307973420975
   2.5346510959560096
   2.5074716181013894
   2.4790913861203263
   2.442265905809398
   2.404164817431409
   2.3629961173764125
   2.3087080538203613
   2.244362312212313
   2.1823533323602757
   2.1131724192019923
   2.0299500833210162
   1.9303048849026414
   1.8263242849984227
   1.7059434271367266
   1.5725657020293302
   1.4185907401008933
   1.2546130614970499
   1.0561361846272477
   0.8342307394935767
   0.5845208049599262
