   0.19959376342899596
   0.25097532482774076
   0.2810925507442522
   0.30106979546900753
   0.3134787411073357
   0.32161339299077707
   0.3257130865526284
   0.3292589420261202
   0.3311760265339114
   0.33290381944001485
   0.3335694325412777
   0.33453611841293013
   0.3353480899449854
   0.3363536123046102
   0.33582853984353384
   0.3350921900017367
   0.3355963046417377
   0.33620246649749613
   0.33606664499945543
   0.33671762357892704
   0.33558079269217717
   0.33602467554630566
   0.3358023189913375
   0.33528685534447966
   0.33605955315650526
   0.336117940965013
   0.33691237566724974
   0.33634047042150605
   0.3362823175309698
   0.3360048065125111
   0.3362818753828401
   0.3347456643172395
   0.33628110249605164
   0.3354727365327323
   0.33485882699118147
   0.33577729678815393
   0.33603339929797155
   0.3371333429293371
   0.3363253806424814
   0.3365266228041401
   0.3365082983723284
   0.3370806098958378
   0.33683765455244163
   0.3354257909289475
   0.33530568399739363
   0.3367436540619585
   0.3361365197235195
   0.33701620632413215
   0.3362341419844213
   0.3351314740236136
   0.3354221088012983
   0.33606571255032847
   0.33504495626109637
   0.3355516535047175
   0.3347604818073812
   0.33668433286691557
   0.33689692734431403
   0.3360248482344721
   0.3358182499135507
   0.3366820363488376
   0.33679241293079926
   0.3371195512010391
   0.336773444930327
   0.336159590068036
   0.33735491903192993
   0.336979059563291
   0.3374433306046958
   0.33625359470756594
   0.3365282816866957
   0.33653268711040535
   0.336511474129427
   0.3360724907685245
   0.33673806900365455
   0.3364077428614122
   0.3366884955381606
   0.3366395811677379
   0.33537353800142017
   0.3364432333956949
   0.33683887815795555
   0.3359961754030989
   0.33713545362324326
   0.3361185504457616
   0.3371310014142277
   0.3356768774710436
   0.33551217952519996
   0.33515455887502116
   0.3357094339202281
   0.3348551068817079
   0.3343188700949888
   0.33303455633018025
   0.33255203225959995
   0.33171183826327333
   0.3284734171432294
   0.3261629711391377
   0.3212495810542171
   0.31299007140776847
   0.30029492377779216
   0.28153664262820216
   0.25142002547959463
   0.20041638825914412
