   0.11568132127491457
   0.12444523375971456
   0.12726088877750305
   0.12802251733675604
   0.12850140904717738
   0.12774410631849126
   0.1279673100706192
   0.12803531643070204
   0.12821224854400615
   0.1278673040209654
   0.12803741555092402
   0.12787972724009072
   0.12853087158247237
   0.1278484336063215
   0.12818278829230545
   0.12787302294635877
   0.12828702677882126
   0.12752355568380297
   0.12799786948211286
   0.12780171601414433
   0.12781182910998495
   0.12802458618859114
   0.12804484532190274
   0.12840612889282194
   0.12820290359129938
   0.12777744873173044
   0.12790410410240946
   0.12842137367276524
   0.1281436050298258
   0.12833286552945042
   0.1285061034198765
   0.12832488175735834
   0.12845882465350522
   0.12797664825580485
   0.12784037581198673
   0.12748668229677954
   0.12827309190254985
   0.1279143266995531
   0.12824248063629307
   0.12804570345150204
   0.12800661114610448
   0.12777705375375503
   0.12822570682164322
   0.12844108924545916
   0.12791636566909648
   0.12789063552129218
   0.12788942132936562
   0.12773225852661496
   0.12768507026962864
   0.12780676580275396
   0.1280207104604173
   0.1282923004503388
   0.1278513391640463
   0.12862057771227745
   0.12840039595951408
   0.12797014246733493
   0.12782267991146956
   0.1276980097935751
   0.1277276787914037
   0.12815529054455768
   0.12799291929536571
   0.12794080506234123
   0.12765812555568093
   0.12809048389006109
   0.1280250364914613
   0.12744952715424251
   0.1279291204747379
   0.12810894702084627
   0.12782648353076134
   0.12781481123559194
   0.12842755945917528
   0.12788651191364944
   0.1283750072495032
   0.12820561599618013
   0.12753420984343772
   0.12795875288822567
   0.1283121247224517
   0.12810068054011267
   0.12813189357185822
   0.12748054803757317
   0.1277263085344597
   0.12814385068972292
   0.12783633042601777
   0.12771923300724916
   0.12766240293774828
   0.12771640151801178
   0.12761798026920032
   0.1283605436672812
   0.12794833871993025
   0.12769797204024033
   0.12761179858614172
   0.1277286896830935
   0.12840933934819537
   0.12787184948940092
   0.12810988388375816
   0.12803927073816063
   0.12758907760929225
   0.12676047819016778
   0.12433910121015834
   0.11587508349511555
