   1.4138368924313724
   1.8764757400776595
   2.3254487153880645
   2.7622434460235397
   3.2066611864055736
   3.536911530912245
   3.9366649428037435
   4.275300159006383
   4.609969411948414
   4.939636721500884
   5.249225185101131
   5.599480910861292
   5.902955612233587
   6.193949634724197
   6.412125851158881
   6.6308978982864755
   6.904304841213198
   7.134187452758723
   7.30856902393348
   7.5095019228707836
   7.714182016513481
   7.923678974213935
   8.067111133925204
   8.211677888836117
   8.383171379561556
   8.475083210423364
   8.62882271389904
   8.757618985768906
   8.902241521768548
   9.031328460066105
   9.163345991503322
   9.193962286843469
   9.387698259909081
   9.490080815456736
   9.457480387587383
   9.551673596098226
   9.693185801329715
   9.782462092822032
   9.885032053746714
   9.892179902281397
   9.917784761346658
   9.977172191277447
   10.072625349927396
   10.069066265900727
   10.07323585046533
   10.134353481875399
   10.0956107902593
   10.133722583409316
   10.161643347564409
   10.149135959080457
   10.059914400729262
   10.031508157301174
   10.081342893836117
   9.988447441399488
   10.048173916010809
   10.001202836534214
   9.912403514662829
   9.930581604538578
   9.851473952861063
   9.792683889006119
   9.77977516812631
   9.745207606156988
   9.697512952252243
   9.543758233295728
   9.5255030108441
   9.471286119635495
   9.366908433223847
   9.309697017363131
   9.188951118359483
   9.08862837162462
   9.042866951973805
   8.852046572651998
   8.786733246525696
   8.67349663976415
   8.534008884404797
   8.309087720417928
   8.241132736650952
   8.064172469131599
   7.876817597221609
   7.684463930392282
   7.5191590153088255
   7.305431313693942
   7.056804409922384
   6.873617846781999
   6.613928598798146
   6.397412551836875
   6.1362962650445745
   5.809001756549915
   5.597289556061934
   5.2517828832121385
   4.980782462936923
   4.680011128950443
   4.301221082018454
   3.9645979316949655
   3.5859166648292318
   3.1741230300037206
   2.761696511186557
   2.3424804166524
   1.9188597488873438
   1.4295257955000322
