   0.0
   0.0
   0.0
   0.0
   0.0
   0.0
   0.0
   0.0
   0.0
   0.0
   0.0
   0.0
   0.0
   0.0
   0.0
   0.0
   0.0
   0.0
   0.0
   0.0
   0.0
   0.0
   0.0
   0.0
   0.0
   0.0
   0.0
   0.0
   0.0
   0.0
   0.0
   0.0
   0.0
   0.0
   0.0
   0.0
   0.0
   0.0
   0.0
   0.0
   0.0
   0.0
   0.0
   0.0
   0.0
   0.0
   0.0
   0.0
   0.0
   0.0
   0.0
   0.0
   0.0
   0.0
   0.0
   0.0
   0.0
   0.0
   0.0
   0.0
   0.00031622775020544923
   0.0
   0.00031622775020544923
   0.0
   0.0
   0.0
   0.0
   0.0
   0.0
   0.0
   0.0
   0.0
   0.0
   0.0
   0.0
   0.0
   0.0
   0.0
   0.0
   0.0
   0.00031622775020544923
   0.00031622775020544923
   0.0
   0.0
   0.0
   0.0
   0.00031622775020544923
   0.00044721355077859614
   0.0
   0.00044721355077859614
   0.0
   0.00031622775020544923
   0.0
   0.00031622775020544923
   0.0
   0.0005477224753467763
   0.00044721355077859614
   0.0
   0.00031622775020544923
   0.00044721355077859614
   0.0
   0.0005477224753467763
   0.0005477224753467763
   0.0007071066044098301
   0.0007745964368624477
   0.0
   0.00031622775020544923
   0.0007071066044098301
   0.000836659733703015
   0.0005477224753467763
   0.0007071066044098301
   0.0006324554055425568
   0.0007745965659619206
   0.0007745964368624477
   0.000999999499999875
   0.00044721355077859614
   0.000999999499999875
   0.000894426833228968
   0.0007745964368624477
   0.001095444457743066
   0.001095444457743066
   0.0012247439528325912
   0.000836659733703015
   0.0011401746839848708
   0.0011401746839848708
   0.0012649100521380957
   0.001095444457743066
   0.0014832380658545681
   0.0013416395790226225
   0.0016733177104184369
   0.0012247439528325912
   0.0015491914794498452
   0.001612449453471333
   0.001612449453471333
   0.0014832380658545681
   0.002323783733482959
   0.0018165872150821716
   0.0023021667858780345
   0.0021213155705835
   0.002167943244183297
   0.0025298140326909407
   0.002449482394302927
   0.0024083119316234765
   0.0027567992745210885
   0.0028284158110150636
   0.003224886329779703
   0.0028284158110150636
   0.0030166069001445976
   0.0034058575190398085
   0.0032710679464052713
   0.003346621364899232
   0.003507114014399874
   0.0038340297221070158
   0.00393697342510716
   0.004207099560267144
   0.004266106979436872
   0.004277810784735575
   0.0045934251697398966
   0.004764397622994957
   0.005385086721678677
   0.005347820307377577
   0.005477143416051838
   0.005924421321108079
   0.00601653468036211
   0.006236865141238826
   0.006260867620386171
   0.006782173987741689
   0.006949652301374508
   0.007422732919215132
   0.00753636343072705
   0.00770691064175523
   0.008408031964140004
   0.008396131832576238
   0.008694499113807534
   0.008882216772292827
   0.009746333308480683
   0.009989496481805277
   0.010410967747524723
   0.011071809664187693
   0.011648246209193896
   0.01197828901596551
   0.012197452953793264
   0.01290628959228794
   0.013567096490775025
   0.014009334970297485
   0.01456554345021153
   0.015203510494619326
   0.015608994450316138
   0.01625516400378661
   0.016944552529943067
   0.01772291327744962
   0.01876635355070345
   0.019548759540952976
   0.019943461976046184
   0.02114002031952666
   0.02213053734910203
   0.022911228142550543
   0.023798724846302164
   0.024984197498418875
   0.02584867584925773
   0.027080662309293693
   0.02827825737187495
   0.029319960026575755
   0.030605921089880632
   0.031822533343371644
   0.0333401111449857
   0.034588548245915146
   0.03605701651052122
   0.03771834630189929
   0.03908409834894493
   0.04058548741003365
   0.04244228726682858
   0.0442702127068529
   0.046180497597579
   0.04805676649796572
   0.04999930985083694
   0.05234653792936071
   0.05422287253143271
   0.05655815387501611
   0.05919927290355854
   0.061278158624749814
   0.06389160122825221
   0.06685341050021308
   0.06946028929280385
   0.07237212158946288
   0.07561926434705643
   0.07828930300979822
   0.08176246037387819
   0.08527804765817519
   0.08847114852193341
   0.09219711613922639
   0.09629414592466148
   0.09995600462078304
   0.1041870340831334
   0.10832409662558927
   0.11327637228120435
   0.11785612510175278
   0.1229765589207553
   0.12767149287570032
   0.13320883249454596
   0.1385272405366901
   0.14439692567973877
   0.15009043929524624
   0.15599801499862107
   0.16252951161899798
   0.16892686469593876
   0.17417924886736652
   0.1778270906209456
   0.1801998888833176
   0.1812278680132832
   0.1814570269678196
   0.18033435970194364
   0.177687197202162
   0.17417951715948118
   0.1688636123596792
   0.16263984219664626
   0.15647175738976027
   0.14999301836765602
   0.14417874878081027
   0.13852853511663218
   0.13309084919523959
   0.12779971105428994
   0.12230762705403943
   0.11775273215475725
   0.11305799725623128
   0.10838068429342011
   0.10465181121027003
   0.10013983023752336
   0.09604962259951884
   0.09228555427449088
   0.08865465597423522
   0.08492354426653424
   0.08166624700572446
   0.07848528879828373
   0.07542161057090997
   0.07231600023342
   0.06929834667226917
   0.06633552286301812
   0.06382008921013821
   0.06131458884140054
   0.058586330680116844
   0.0567737273314867
   0.05439582529707588
   0.05216578830220052
   0.049795930667073586
   0.04801629267227948
   0.04592860218545738
   0.04440051010686702
   0.04233651058649024
   0.04068724246198064
   0.03926979743148671
   0.03724614236723046
   0.036402485194145746
   0.03456258747489835
   0.033313185737182206
   0.0315722344948849
   0.03095128502001169
   0.029102956597397454
   0.028415617142515132
   0.02712854874094816
   0.025950845800281733
   0.024577137079814643
   0.023735693450792628
   0.022965659857927007
   0.021805377088920063
   0.020902366937502557
   0.02005339064572373
   0.019535980498557017
   0.018638123843080345
   0.017882894613288982
   0.017248523219104875
   0.0165567183946578
   0.015935353275029707
   0.015236340871744764
   0.01441377761865362
   0.014172498703827776
   0.01331798033336887
   0.013094680458491532
   0.012556878344158631
   0.012007467010156639
   0.011166219141231289
   0.011103368728003226
   0.010377302188430287
   0.01005434129070622
   0.009359077210922025
   0.00950220216107824
   0.008870952953882688
   0.008619424546337186
   0.008129921942429705
   0.007641766120472414
   0.007523084237199528
   0.007503122869179206
   0.00687733689083209
   0.006804252810558996
   0.006402992972040497
   0.006268848020968446
   0.005753164728216983
   0.005873568740552885
   0.005468007497251627
   0.00519608227417542
   0.00531029234223503
   0.00457160400625426
   0.004427145337573638
   0.004358857533804013
   0.004472093004399618
   0.004024889757496471
   0.003794705870024711
   0.0038340297221070158
   0.0037282444648922904
   0.003577685866590302
   0.003130479829035798
   0.0032710679464052713
   0.0029664663423002125
   0.002898263176455858
   0.002720284036640292
   0.0028460383676261287
   0.0024698102740898947
   0.002509972173152523
   0.0021213155705835
   0.002323783733482959
   0.002097613081576295
   0.002024841522193774
   0.001999995999996
   0.0018439057568107975
   0.0017606789571071723
   0.0018708254194338926
   0.0017606789571071723
   0.0018973631808380808
   0.0012247439528325912
   0.0015165733447479552
   0.0015491914794498452
   0.0014491361530235866
   0.0013416395790226225
   0.0015165733447479552
   0.0013784035657237687
   0.0012649100521380957
   0.000894426833228968
   0.0013784035657237687
   0.0010488082713251265
   0.000999999499999875
   0.0009486828711429336
   0.0007071066044098301
   0.0009486828711429336
   0.000999999499999875
   0.0006324554055425568
   0.0006324554055425568
   0.000894426833228968
   0.0007745964368624477
   0.000999999499999875
   0.00044721355077859614
   0.000836659733703015
   0.00031622775020544923
   0.0005477224753467763
   0.0005477224753467763
   0.00031622775020544923
   0.00044721355077859614
   0.00031622775020544923
   0.00031622775020544923
   0.00031622775020544923
   0.00031622775020544923
   0.0
   0.00044721355077859614
   0.00044721355077859614
   0.00031622775020544923
   0.00031622775020544923
   0.0
   0.0
   0.00031622775020544923
   0.0
   0.0
   0.0
   0.0
   0.00031622775020544923
   0.0
   0.00031622775020544923
   0.0
   0.00044721355077859614
   0.0
   0.00031622775020544923
   0.00031622775020544923
   0.0
   0.0
   0.00031622775020544923
   0.0
   0.0
   0.0
   0.00031622775020544923
   0.0
   0.0
   0.0
   0.0
   0.0
   0.00031622775020544923
   0.00044721355077859614
   0.0
   0.0
   0.0
   0.0
   0.0
   0.0
   0.0
   0.0
   0.0
   0.0
   0.0
   0.0
   0.0
   0.0
   0.0
   0.00031622775020544923
   0.0
   0.0
   0.0
   0.0
   0.0
   0.0
   0.0
   0.0
   0.0
   0.0
   0.0
   0.0
   0.0
   0.0
   0.0
   0.0
   0.0
   0.0
   0.0
   0.0
   0.0
   0.0
   0.0
   0.0
   0.0
   0.0
   0.0
   0.0
   0.0
   0.0
   0.0
   0.0
   0.0
   0.0
   0.0
   0.0
   0.0
   0.0
   0.0
   0.0
   0.0
   0.0
   0.0
   0.0
   0.0
   0.0
   0.0
   0.0
   0.0
   0.0
