   0.1396347474807041
   0.15984820442454148
   0.16439964885558606
   0.16528387840548756
   0.16509686147846664
   0.1658770166283141
   0.16598727901860433
   0.16599553210842755
   0.16549089724329252
   0.1662383046749154
   0.16686968837002722
   0.1652449060883875
   0.16505852701314766
   0.16568265180998884
   0.1660254112452669
   0.16606061305965963
   0.166608503157672
   0.16580623043176032
   0.16624457131299056
   0.16614820055525728
   0.1664640487485511
   0.16651125315377335
   0.1661243291927766
   0.16590243408991925
   0.16635324304190766
   0.16652189546095733
   0.16598486192177284
   0.16578389505711946
   0.16551731724429924
   0.16630515419841924
   0.16575182435650596
   0.16545571897169345
   0.16588442021115185
   0.16574349731917087
   0.16621308939262275
   0.1659032846579898
   0.16596694715439578
   0.16600183000675023
   0.1662003031477079
   0.1661613605277713
   0.16670239805245754
   0.16577782149464385
   0.1664978494376429
   0.16653447295151835
   0.1660908555230841
   0.16582819597113152
   0.1661106691212518
   0.16603187364346642
   0.16517619587915808
   0.16599122801133198
   0.1666780614789781
   0.16679457954729823
   0.16559759553036996
   0.16627295162999303
   0.16593943567892475
   0.1660750961660417
   0.16573794906028613
   0.166492858558558
   0.16586265734730649
   0.16700509168522376
   0.16590036498947192
   0.16630549841755082
   0.16564071993552792
   0.16624529398644644
   0.16501947814194542
   0.16637566900854223
   0.16640228524124903
   0.16656301351248423
   0.16639728393889125
   0.16651188012508297
   0.16622756422976306
   0.16569097051269874
   0.1654908948298667
   0.16613656527011145
   0.1662302907535206
   0.16652607648650708
   0.16582527899340319
   0.16605053294822633
   0.1663871192622494
   0.16608975816103172
   0.16585628388333679
   0.16530916106144875
   0.16531129994238145
   0.1660583239645336
   0.16590225644562523
   0.16561687416250798
   0.1663477306761652
   0.16599286363407315
   0.16570869108396216
   0.16628286475232498
   0.16550145906353816
   0.16662413677732887
   0.1657850491454522
   0.16615544251766176
   0.16536148741844336
   0.16645521595612436
   0.16560544164924051
   0.16347632988772412
   0.16047992236177083
   0.14048767091723743
