   0.09243836951390912
   0.09825702091835473
   0.10030795368020425
   0.10051510503277604
   0.10068473194238539
   0.10060832533935749
   0.10085689963725834
   0.10058452171800589
   0.10058508894021022
   0.10097865429639079
   0.10053574829676258
   0.10037536340835833
   0.10102862435839657
   0.10089814912430257
   0.10071299905766881
   0.10069420177502775
   0.10050554998481427
   0.10060416309457576
   0.10051752897276175
   0.10058853846736218
   0.10042074052226463
   0.10047888255623666
   0.10070320975376107
   0.10092807077315012
   0.10060514296988002
   0.10040128723776404
   0.10062486033654904
   0.10067096161873094
   0.10062105115710132
   0.10097020386188194
   0.10074772362286902
   0.10085900655662834
   0.10080884309617882
   0.10083867830703654
   0.10056990834558814
   0.10038886642606341
   0.10066781036339273
   0.10085881881714658
   0.10070520564375011
   0.10069988966622555
   0.10069176436824415
   0.10064368602152844
   0.10053869218917659
   0.10056969988540286
   0.10081668194797923
   0.10080193080288691
   0.10072352424334645
   0.10089242674750172
   0.10054245037614709
   0.10046609694817452
   0.1007389819618503
   0.1008790585600401
   0.10079497455523266
   0.10060701062445897
   0.10107738153390203
   0.10068428551546661
   0.10051972562139234
   0.1008481364664712
   0.10073939253534339
   0.10068475678790707
   0.10064530676345519
   0.10063611211245196
   0.10036011463081337
   0.1007154059416433
   0.10084133921120841
   0.10093075607757032
   0.10064868259823374
   0.10078211643813599
   0.10110073914586382
   0.10061954469684307
   0.10044203064434729
   0.10063334826984542
   0.10039658293766775
   0.10081281474098419
   0.10084728181636825
   0.1008181921222058
   0.10062382644478395
   0.10045205360364715
   0.10081667817970398
   0.10085151655136376
   0.10083895049354688
   0.10075069706140995
   0.10074331841884106
   0.10103723213865273
   0.10086803000351499
   0.10066178043309189
   0.10068282075905502
   0.10045995723625409
   0.10059584403816094
   0.10075110298150586
   0.10084839388661576
   0.10079545650667991
   0.10091083804621781
   0.10055064722014473
   0.10058756434947612
   0.10029358707295298
   0.10066713375869007
   0.09997097570790234
   0.09842940895763827
   0.0924903276618696
