   0.2691511173448663
   0.3100302257325082
   0.3360511543808621
   0.35211785449702776
   0.3628902064808997
   0.3720183584932335
   0.3769111840019609
   0.3811583138586773
   0.38385125346465915
   0.3840061400352734
   0.38563659737362843
   0.38630932961014547
   0.3885732127442138
   0.38755773972546337
   0.38847213052320756
   0.3873235708735527
   0.3872891440432458
   0.3896896281544968
   0.3891541002319775
   0.38802448687368946
   0.3879963438305959
   0.38797947096967644
   0.3870388241919795
   0.38746878642077737
   0.3891674227465475
   0.38898949492127677
   0.3891283534827037
   0.3897360153543806
   0.38829730796181167
   0.38833861126207886
   0.38797988192945004
   0.388102252782833
   0.3896436657598709
   0.3893181282360096
   0.38842741592173946
   0.3882511684025046
   0.38819930231053995
   0.38834823185866313
   0.3900604230452508
   0.3894710088427122
   0.3886591025243073
   0.3871024065102024
   0.3882335247676455
   0.38847451760361323
   0.3900316156110425
   0.38826011942653854
   0.38853805311495554
   0.38968560711958555
   0.38904425102385204
   0.3888845585774781
   0.38922862176278866
   0.3882722830874102
   0.3899834592002076
   0.38998113439384474
   0.38941738990413616
   0.390149899172049
   0.3895636511190951
   0.39012702902388086
   0.38823968105250395
   0.38825862528164135
   0.38789332712712393
   0.3888975829185751
   0.38803446267649994
   0.3890558134678237
   0.38699578250058486
   0.3884979509065138
   0.3889553305069234
   0.38894314473803243
   0.3882831738063214
   0.38918059948311917
   0.3883853107157247
   0.38851157828274563
   0.38887192318083347
   0.3870737943567738
   0.3883835751542024
   0.3880770271427954
   0.388175742648082
   0.38900407447109087
   0.3878096177501404
   0.3876882294586205
   0.3872620752357633
   0.3884687345646236
   0.3888339234109596
   0.38816615787979253
   0.38792008330577576
   0.3874211378671923
   0.3885922147312785
   0.3878900612283718
   0.386893685456819
   0.38632640834589604
   0.3866957517063641
   0.38398330366952155
   0.3816077532157726
   0.37701785067700705
   0.3719726353792709
   0.36304859088996616
   0.35195381205151055
   0.33591906277548467
   0.3091670581736515
   0.26905709813019246
