   2.3560291673703873
   3.81999418008719
   5.191707675428192
   6.394020434366785
   7.63388021700629
   8.647942608221912
   9.559290566768016
   10.517220984266709
   11.295730666743077
   12.104767708432078
   12.810485158615188
   13.421264603125145
   13.96325886173783
   14.485628957663524
   15.005174325408554
   15.566674527178243
   16.035288611359636
   16.382099279091186
   16.716692192942958
   17.064294236551362
   17.43112152627019
   17.757591007225614
   17.909384529790522
   18.208373448166643
   18.402023252664367
   18.582701357714384
   18.726319854995534
   18.926215300347295
   19.093342835491118
   19.176658931513593
   19.34948457368051
   19.467263102706553
   19.522135413911563
   19.49219014159004
   19.633784371842328
   19.64587350483302
   19.611595434270512
   19.81645906185058
   19.870550698536263
   20.06589993412705
   20.02534950606356
   20.15835666492683
   20.092537482933807
   20.15027907934776
   20.08351459241136
   20.33381383256717
   20.22319609869815
   20.37118004670078
   20.33483840201097
   20.414697295027423
   20.39035413706932
   20.496989468970803
   20.307839931455042
   20.142284605585335
   20.205550362214833
   20.131026963051337
   20.17247954297141
   20.090812433856424
   20.0309793645518
   20.083562097904842
   20.21065039775811
   19.959610444873416
   19.81297825047007
   19.83600055845684
   19.759828554719295
   19.706034044424058
   19.399114035890918
   19.454348459897084
   19.3439540220685
   19.235685704065762
   19.08036081622934
   19.02962226970362
   18.807914362818117
   18.57830032854459
   18.29345559535158
   18.19165896665557
   17.971627434375552
   17.714525581112806
   17.517372030184777
   17.316556406121858
   16.997678626915498
   16.73865663097251
   16.38034225642126
   15.896781134254821
   15.530303405841755
   15.106359034578782
   14.613127033335473
   13.975644103221146
   13.50668068817798
   12.824759738880102
   12.175765181293535
   11.352158225249505
   10.543106385330654
   9.610351073191865
   8.73595287051733
   7.64146206397048
   6.499013981205149
   5.23026416124463
   3.81765910243437
   2.375990955875043
