   1.9777935823538308
   3.5827573620188127
   4.93859336369173
   6.237268314767291
   7.405204466582945
   8.433784087057244
   9.397884136336222
   10.28656205479265
   11.118857788779385
   11.824069831982555
   12.576412842424503
   13.167354786710199
   13.68261236708473
   14.323945296614339
   14.961450662870229
   15.38838669139491
   15.82449359126225
   16.118519865542865
   16.534870773441202
   16.752807297617316
   17.08154669548399
   17.371148675315055
   17.72069061759163
   17.993113189859613
   18.16573659436633
   18.36085712807275
   18.560315342838333
   18.812137808529364
   18.962520151538403
   19.228379842282603
   19.2839923895209
   19.36603736999131
   19.33025888111952
   19.38055057938241
   19.43531369407502
   19.526349660474175
   19.593636012519475
   19.53050219937009
   19.703886622488973
   19.693632412279864
   19.719778014977752
   19.623444572691614
   19.631133787899262
   19.775738455933826
   19.817570774418847
   19.873910723295
   19.96595231663143
   19.950448078015693
   20.080951746010445
   19.919676290539964
   20.03921765488613
   19.85733304195455
   19.934004802144
   19.912109518220312
   19.895298139085526
   19.920750472206112
   19.974712695883763
   20.06954186412585
   19.923751056625857
   19.811577379883207
   19.772435554013068
   19.547241817645272
   19.514890786676208
   19.363525378649413
   19.37088954809252
   19.466868266662722
   19.2961805073543
   19.103299112768454
   18.997445045687066
   18.900499865239016
   18.629946735296908
   18.62212707846233
   18.48953913185507
   18.289915536707653
   18.07554464303635
   17.775933960765606
   17.606810237303065
   17.500650003928428
   17.281803352370375
   17.02995289830245
   16.735003841382888
   16.537165504859047
   16.08120867340201
   15.627243823515393
   15.279624112519915
   14.716319066451366
   14.328809950920558
   13.81706947261611
   13.252569923901554
   12.69612037145206
   12.105485987766043
   11.27841575211253
   10.412119643833334
   9.475363783195872
   8.48490404560358
   7.4182239142263695
   6.284351915798478
   5.00291463193207
   3.5771502309939405
   2.032119067156253
