   0.09827279356927837
   0.10869872728597148
   0.1104504938773476
   0.11112464848443841
   0.11171131408966596
   0.1118178388887927
   0.11146932880393602
   0.11160914993243161
   0.11134678055296435
   0.11161676422612331
   0.11132328826579818
   0.11121328136652564
   0.11137613504153392
   0.1110031840678005
   0.11147467365657547
   0.1114822430469983
   0.11127712705691138
   0.11126829992297897
   0.11142958901674187
   0.11129334163713478
   0.11115739791394903
   0.111329076607641
   0.11144392539887493
   0.11151552886230688
   0.11147251983785061
   0.11127079580914302
   0.11138142201637578
   0.11102640929972472
   0.11131957520575615
   0.11110660999238524
   0.1112810012262201
   0.1112762282034667
   0.1111756909479316
   0.1111779487883726
   0.11153736331073098
   0.11112613950479878
   0.11121633871046106
   0.11096135745199767
   0.11161190660337274
   0.11138265747664669
   0.11128016249947698
   0.11149502747638569
   0.11134468411877596
   0.11129419522526769
   0.11139766152734087
   0.1112328834993951
   0.11133123297907016
   0.1113826991779244
   0.11127504795231499
   0.11115799451119115
   0.11141445640306288
   0.11123426256109221
   0.11125180132613584
   0.11115014425379753
   0.11089606766116641
   0.11129144423521513
   0.11137573523523873
   0.11100341285131732
   0.11119811400374557
   0.11121490175147394
   0.11168078694202509
   0.11135954898754755
   0.11128094097369055
   0.11093694002612475
   0.11109348971006357
   0.11091429038875017
   0.11156804029183268
   0.1114082127627941
   0.11100587283184615
   0.11107339450899122
   0.11148952418048075
   0.11146803776755917
   0.11122876558476229
   0.11118412647131784
   0.11088221930517084
   0.11109454798341817
   0.11120834854344344
   0.11145583459465008
   0.11087464295207448
   0.11131803779940608
   0.11118628386181453
   0.1111979371516846
   0.11154999447597476
   0.11126700139753924
   0.11148809049293112
   0.11148041619365259
   0.11164461884815587
   0.11101798822154903
   0.11137918742296517
   0.11141549418168911
   0.11161384653599211
   0.11138449216075817
   0.11069649810969633
   0.11161000108014514
   0.11142159528883977
   0.11118736358197365
   0.1112311261630934
   0.11043854516929313
   0.10905947492772006
   0.0979985418144066
