   0.08897817561351773
   0.09443278095555589
   0.0973011624365814
   0.09879650103880198
   0.09954572502317717
   0.09988141172405404
   0.10014675166993686
   0.10029696856017134
   0.10065423307859436
   0.1005536195072062
   0.10047170819564083
   0.10037804606167626
   0.10050220852294739
   0.10047694870123197
   0.10051258524005836
   0.10056155506335411
   0.10069768044195457
   0.10068361161559511
   0.10068294412535819
   0.10047811333613903
   0.10075944721717164
   0.1004077148306344
   0.10042009157529184
   0.10047501291744132
   0.10056186640571066
   0.10044067570018632
   0.10059429012021506
   0.10055008323735988
   0.10066662509173535
   0.1008091066074886
   0.10052654735894395
   0.10048130559959896
   0.10068935344111611
   0.10043309064068476
   0.10053344637164291
   0.10073034974127708
   0.10047603380702286
   0.1006534159419838
   0.10054880758636574
   0.10030714109329406
   0.10059492255452061
   0.10055118345275703
   0.10054297529907298
   0.10039517454519416
   0.10062072985304768
   0.10055728090392062
   0.1007064002333516
   0.10060606250042788
   0.10051303249225943
   0.10048029031088634
   0.10044207150074116
   0.10049870430985665
   0.10057596301855627
   0.10082404554787514
   0.10026758164905544
   0.1005474061313866
   0.10039455956893281
   0.10055634181711266
   0.10066555517032626
   0.10039629096236574
   0.10041707190468163
   0.10062048861419824
   0.1007269523434021
   0.1005535793367894
   0.1007460782752361
   0.10037348572207702
   0.10064390685898476
   0.10088548592215829
   0.10044843230190305
   0.1005450048970609
   0.10070079621214521
   0.10052330214228938
   0.10070145530229442
   0.1006298592227476
   0.10070281406351066
   0.10025269281151504
   0.1007170573517217
   0.10029114640066689
   0.10082667614074164
   0.10063168583378697
   0.10068258215793832
   0.100712602938808
   0.10054326182872725
   0.10064724230295631
   0.10067682760198594
   0.10067460782019466
   0.10076788965493919
   0.10046978387236631
   0.10051755961840697
   0.10051710292278622
   0.10066903398980244
   0.10071065370277367
   0.10033184643566567
   0.10026678466845339
   0.09994730342415448
   0.09939974544756137
   0.09895632996382797
   0.09721667883568127
   0.09442627634954161
   0.0887835033414992
