   0.0
   0.0
   0.0
   0.0
   0.0
   0.0
   0.0
   0.0
   0.0
   0.0
   0.0
   0.0
   0.0
   0.0
   0.0
   0.0
   0.0
   0.0
   0.0
   0.0
   0.0
   0.0
   0.0
   0.0
   0.0
   0.0
   0.0
   0.0
   0.0
   0.0
   0.0
   0.0
   0.0
   0.0
   0.0
   0.0
   0.0
   0.0
   0.0
   0.0
   0.0
   0.0
   0.0
   0.0
   0.0
   0.0
   0.0
   0.0
   0.0
   0.0
   0.0
   0.0
   0.0
   0.0
   0.0
   0.0
   0.0
   0.0
   0.0
   0.0
   0.0
   0.0
   0.0
   0.0
   0.0
   0.0
   0.0
   0.0
   0.0
   0.0
   0.0
   0.0
   0.0
   0.0
   0.0
   0.0
   0.0
   0.0
   0.0
   0.0
   0.0
   0.0
   0.0
   0.0
   0.0
   0.0
   0.0
   0.0
   0.0
   0.0
   0.00031622775020544923
   0.0
   0.0
   0.0
   0.0
   0.0
   0.0
   0.00031622775020544923
   0.0
   0.0
   0.0
   0.0
   0.0
   0.0
   0.0
   0.0
   0.0
   0.00031622775020544923
   0.0
   0.0
   0.0
   0.0
   0.0
   0.0
   0.0
   0.0
   0.0
   0.0
   0.0
   0.0
   0.0
   0.0
   0.0
   0.0
   0.0
   0.0
   0.0
   0.0
   0.0
   0.0
   0.0
   0.0
   0.0
   0.00031622775020544923
   0.0
   0.0
   0.0
   0.0
   0.0
   0.0
   0.0
   0.0
   0.0
   0.0
   0.0
   0.0
   0.0
   0.0
   0.0006324555004108985
   0.0
   0.0
   0.0
   0.0
   0.00031622775020544923
   0.00044721355077859614
   0.00044721355077859614
   0.00044721355077859614
   0.0
   0.0
   0.0006324555004108985
   0.0
   0.0
   0.00031622775020544923
   0.00031622775020544923
   0.0006324555004108985
   0.0
   0.0
   0.0
   0.00031622775020544923
   0.00044721355077859614
   0.00031622775020544923
   0.0009999999199999969
   0.0
   0.00031622775020544923
   0.0005477224753467763
   0.001048808728987321
   0.0
   0.0
   0.0006324555004108985
   0.0
   0.00044721355077859614
   0.0
   0.00044721355077859614
   0.00044721355077859614
   0.00031622775020544923
   0.00044721355077859614
   0.00044721355077859614
   0.00044721355077859614
   0.0006324554055425568
   0.00044721355077859614
   0.0
   0.0
   0.00031622775020544923
   0.0
   0.0
   0.0007745965659619206
   0.00044721355077859614
   0.00044721355077859614
   0.0006324554055425568
   0.001048808728987321
   0.0007745964368624477
   0.001095444822891596
   0.0005477224753467763
   0.0005477224753467763
   0.000836659733703015
   0.0007745965659619206
   0.000894426833228968
   0.0009486828711429336
   0.000836659733703015
   0.0008944269897537752
   0.00044721355077859614
   0.0010488084620177318
   0.0010488082713251265
   0.0010488084620177318
   0.0010488082713251265
   0.0014142128694082797
   0.0010488084620177318
   0.001303840017026629
   0.001702937576659814
   0.0012649104948572448
   0.0018165889986455385
   0.0018165889986455385
   0.0010488082713251265
   0.0014491366774738675
   0.001095444457743066
   0.0014832383490187948
   0.0018708277285736385
   0.0019748399200947907
   0.0018165884922017976
   0.0015165736348756692
   0.0016733183319380684
   0.001816588205950925
   0.0014491364290500739
   0.001870827023003463
   0.0016733183319380684
   0.0021908865785339048
   0.0018708264457185761
   0.0017029373417715638
   0.0018439067655388653
   0.0024289873918981134
   0.0023664291749384767
   0.0023021695832409913
   0.002408315253450013
   0.00277488232363104
   0.002529816783879813
   0.0024494846396742316
   0.00250997448393405
   0.0031144746571452465
   0.0026076761685454733
   0.002756802778582465
   0.00343510204215246
   0.0035496369617187616
   0.0032248931765253867
   0.0033015053521083383
   0.0036193792161087514
   0.0031304859431085137
   0.004086548273298628
   0.0042543880582288215
   0.003521349735541757
   0.004037308310000613
   0.004207115133913024
   0.004266123481569656
   0.004347390158474392
   0.004061995419741386
   0.004449694479399681
   0.004857948274734921
   0.004939602085188644
   0.005205729511797554
   0.004795798490345482
   0.0048476453160271535
   0.005069475293361237
   0.005176827410683111
   0.0052440017915710135
   0.005639095214659884
   0.005805108707853799
   0.006395243663067107
   0.006260920366847034
   0.006236918565285264
   0.006196706428418245
   0.00687013848768713
   0.007245583950931767
   0.006949715705696169
   0.006985595233049221
   0.007654953886209897
   0.007816510586572501
   0.008396273529965541
   0.00799985479618224
   0.008648524440619915
   0.009143086513863904
   0.00939658384680305
   0.00894964349625168
   0.009560102742125735
   0.009715697975956231
   0.009327119375241211
   0.010444763970047384
   0.010563744924978073
   0.01064388762389006
   0.010774605900449446
   0.011044954185509326
   0.012328300937274366
   0.011691379627315162
   0.012255077014853885
   0.012616858404531613
   0.013018500979375467
   0.013091302625789383
   0.01392402524810983
   0.014120049172718911
   0.014651707870074396
   0.014932196247036135
   0.01569601720692227
   0.015976923731119204
   0.016403015354196315
   0.01657268028986259
   0.017431174679579112
   0.017362177201894927
   0.017760603604326065
   0.01820540711739235
   0.019481229898545935
   0.01984965937012522
   0.020199046185154387
   0.020968643056716856
   0.0208563492852896
   0.02183722575694999
   0.02268134348666322
   0.022994190587841964
   0.02418674386022228
   0.024549578766039956
   0.025093127862225544
   0.025039143806448335
   0.026642133959388463
   0.027398278864921424
   0.028378085277023183
   0.028399110901399714
   0.029717612813952604
   0.030789208978309265
   0.03148356842799113
   0.032700469329353665
   0.03341354827251963
   0.034126247435075543
   0.034775302387757896
   0.035904202611811334
   0.037766634062224816
   0.037754506040471515
   0.0387666361579129
   0.03989079797196341
   0.04154096516885471
   0.0423850218355494
   0.04348398888740544
   0.04487203660978628
   0.04592118054928466
   0.04715793793244145
   0.04885933117471012
   0.04984643964407087
   0.05174117297433447
   0.053374515229648686
   0.05443904669224104
   0.05623991555612437
   0.05765398234632192
   0.05923785068889654
   0.0603145159191384
   0.0621824341382677
   0.06374243065015642
   0.0655304995396037
   0.06783203311680994
   0.06985267510804437
   0.07172403166240726
   0.07363858142787652
   0.07613791090357024
   0.07847395802627774
   0.07989696517133801
   0.0820775896088573
   0.08478346592201808
   0.08706402662500742
   0.08938883052993814
   0.09170590300689482
   0.09420425282199311
   0.09691239986379452
   0.0996381416414417
   0.10257737808888469
   0.10563062939715923
   0.10785293129957109
   0.11112467126178598
   0.11503148110999875
   0.11813245323580646
   0.12092834555715215
   0.12358706877238411
   0.12699432248628284
   0.1311445730524523
   0.13453530350298393
   0.1382693986835482
   0.1426795583906819
   0.1459346208354618
   0.15043112098445585
   0.1545799845451862
   0.15858953287575445
   0.2902986809229246
   0.2919712533726394
   0.29353563326887594
   0.29400935135248674
   0.2939757335720756
   0.294188741080263
   0.294131240499458
   0.2934307610573745
   0.29199003571010773
   0.2900594273406572
   0.15882245319148044
   0.15494326062801184
   0.15035366578836715
   0.14702517794922065
   0.14250534413333418
   0.13875736062292335
   0.1350461837423035
   0.1312190234192817
   0.12742777111097095
   0.12398796709354501
   0.12075444472444896
   0.11785519216220387
   0.11458063886695692
   0.11127130647525443
   0.10841466169808399
   0.1054491106837796
   0.10282348637227781
   0.09978046241499385
   0.09669511233640508
   0.09420605667068332
   0.09201519690116411
   0.08907179899743801
   0.08676641689040755
   0.08402342779719237
   0.08250893001827135
   0.07966065011811038
   0.07834747062917857
   0.07589734503287977
   0.07350203622512781
   0.07153669191394021
   0.06943812182684667
   0.06789076731308905
   0.06593950098984674
   0.06392240043795289
   0.062295288744414694
   0.06071167196643492
   0.05904007541966728
   0.05790552024453282
   0.056187639723964206
   0.05404181418716437
   0.053010243260713304
   0.051070450023374576
   0.04988706219091279
   0.04892380822370638
   0.04714366776047447
   0.04634325478427254
   0.045130298959346594
   0.043940911187639244
   0.041871725700166694
   0.041075309089403086
   0.0403499777584821
   0.039491633685630176
   0.03888023193295019
   0.03694997777320035
   0.03597503020207211
   0.03487312328943308
   0.034155443405700356
   0.03237784187928528
   0.03248291868413305
   0.031582057330705994
   0.03083466940166539
   0.029729358210193506
   0.02894104308762903
   0.028443247408831505
   0.02762900392250868
   0.026780413184079144
   0.025480327540869645
   0.025113080408225512
   0.02449472798460926
   0.02369633701123446
   0.023409911060061718
   0.02277371103355797
   0.022285882805937934
   0.020925661505433943
   0.02084678658186916
   0.020179217972706474
   0.019789139950740657
   0.019816978090516222
   0.018916282503441316
   0.017906326993272517
   0.01780284365600058
   0.017106951445245877
   0.016494079955850827
   0.016289834552873764
   0.015628906308184205
   0.01526982409721867
   0.014417790257525596
   0.01456617196658065
   0.014063315226503316
   0.01377239164088794
   0.013280859573084869
   0.013254503231354993
   0.012829044196665628
   0.012185502628533629
   0.011819006384210138
   0.01122453027257711
   0.011878054735940561
   0.010853192693396723
   0.011013231031354967
   0.010009686410672415
   0.010054538437442069
   0.009909313516081727
   0.010104172393125525
   0.008927272433952041
   0.009417841361479816
   0.008717596879874636
   0.008270247696411517
   0.008763374245118144
   0.00839030590860667
   0.008024801532748333
   0.007635302073264685
   0.007719974795295643
   0.007314253946234024
   0.007120290240573063
   0.007155312331408042
   0.006789605272031652
   0.0061562230230881015
   0.00624492784906279
   0.006041451937241577
   0.005683251688074355
   0.0059497268206195825
   0.005647954489016356
   0.005282002111889014
   0.0050891554024218985
   0.005108777152117716
   0.005540709080072695
   0.004959803076736011
   0.004785366685009625
   0.004483275560346475
   0.004878494046322082
   0.0042778260261492635
   0.003999978874944216
   0.004427165951260467
   0.004266124756731804
   0.004254389308702249
   0.0033615314828214834
   0.004123089307788518
   0.0036878019686528724
   0.003754979668387034
   0.003146415597151781
   0.003033140148427039
   0.003449626691397201
   0.0033166136404471354
   0.002932568232795275
   0.0027928392363328037
   0.0029832787985704587
   0.002792840210251922
   0.00268327486478743
   0.002489975670563871
   0.0025495050480436395
   0.002569042031575194
   0.0022583138643687242
   0.0022803473419635003
   0.002236064748615299
   0.0023664291749384767
   0.002213590565122647
   0.002701845619201808
   0.002469812946358489
   0.002302170226112743
   0.0015811376885015423
   0.0017888530291781937
   0.002073641818154717
   0.0019748393327053216
   0.001612450309311887
   0.0015491914794498452
   0.00130383937277565
   0.001612450309311887
   0.0012247439528325912
   0.000999999499999875
   0.0009999996799999488
   0.00154919204748798
   0.0014142124168596455
   0.001414213053256121
   0.0015165738986280886
   0.001224744377411058
   0.0011832155340427203
   0.001732049652867954
   0.0014142128694082797
   0.0017029377880592115
   0.0011832153481087034
   0.000836659733703015
   0.000948683039797803
   0.0007071066044098301
   0.0009486828711429336
   0.000948683039797803
   0.00044721355077859614
   0.0009999996799999488
   0.0007071066044098301
   0.000948683039797803
   0.0005477224753467763
   0.0007745964368624477
   0.00031622775020544923
   0.0007745964368624477
   0.0007071067175469343
   0.0005477224753467763
   0.00044721355077859614
   0.0006324554055425568
   0.0007745965659619206
   0.00031622775020544923
   0.0007745965659619206
   0.000948683039797803
   0.0006324555004108985
   0.0006324554055425568
   0.00044721355077859614
   0.0
   0.0005477224753467763
   0.0005477224753467763
   0.0009999998199999838
   0.00044721355077859614
   0.00031622775020544923
   0.0005477224753467763
   0.00044721355077859614
   0.00044721355077859614
   0.0
   0.0
   0.00031622775020544923
   0.0005477224753467763
   0.0
   0.00031622775020544923
   0.0
   0.00031622775020544923
   0.00031622775020544923
   0.0007745965659619206
   0.001048808728987321
   0.0
   0.0
   0.0006324555004108985
   0.00031622775020544923
   0.0
   0.0
   0.00031622775020544923
   0.0
   0.00031622775020544923
   0.0
   0.0
   0.0
   0.0
   0.0
   0.0
   0.0
   0.0009486832506163476
   0.0
   0.0
   0.0
   0.0
   0.0
   0.0
   0.0
   0.0
   0.0
   0.0
   0.00031622775020544923
   0.0
   0.0
   0.0
   0.0
   0.0
   0.00031622775020544923
   0.0
   0.0
   0.00031622775020544923
   0.0
   0.0
   0.0
   0.0
   0.0
   0.0
   0.0
   0.0
   0.0
   0.0
   0.0
   0.0
   0.0
   0.0
   0.0
   0.0
   0.0
   0.0
   0.0
   0.0
   0.0
   0.0
   0.0
   0.0
   0.0
   0.0
   0.0
   0.0
   0.0
   0.0
   0.0
   0.0
   0.0
   0.0
   0.0
   0.0
   0.0
   0.0
   0.0
   0.0
   0.0
   0.0
   0.0
   0.0
   0.0
   0.0
   0.0
   0.0
   0.0
   0.0
   0.0
   0.0
   0.0
   0.0
   0.0
   0.0
   0.0
   0.0
   0.0
   0.0
   0.0
   0.0
   0.0
   0.0
   0.0
   0.0
   0.0
   0.0
   0.0
   0.0
   0.0
   0.0
   0.0
   0.0
   0.0
   0.0
   0.0
   0.00031622775020544923
   0.0
   0.0
   0.0
   0.0
   0.0
   0.0
   0.0
   0.0
   0.0
   0.0
   0.0
   0.0
   0.0
   0.0
   0.0
   0.0
   0.0
   0.0
   0.0
   0.0
   0.0
   0.0
   0.0
   0.0
   0.0
   0.0
   0.0
   0.0
   0.0
   0.0
   0.0
   0.0
   0.0
   0.0
   0.0
   0.0
   0.0
   0.0
   0.0
   0.0
   0.0
   0.0
   0.0
   0.0
   0.0
   0.0
   0.0
   0.0
   0.0
   0.0
   0.0
   0.0
   0.0
   0.0
   0.0
   0.0
