   0.0
   0.0
   0.0
   0.0
   0.0
   0.0
   0.0
   0.0
   0.0
   0.0
   0.0
   0.0
   0.0
   0.0
   0.0
   0.0
   0.0
   0.0
   0.0
   0.0
   0.0
   0.0
   0.0
   0.0
   0.0
   0.0
   0.0
   0.0
   0.0
   0.0
   0.0
   0.0
   0.0
   0.0
   0.0
   0.0
   0.0
   0.0
   0.0
   0.0
   0.0
   0.0
   0.0
   0.0
   0.0
   0.0
   0.0
   0.0
   0.0
   0.0
   0.0
   0.0
   0.0
   0.0
   0.0
   0.0
   0.0
   0.0
   0.0
   0.0
   0.0
   0.0
   0.0
   0.0
   0.0
   0.0
   0.0
   0.0
   0.0
   0.0
   0.0
   0.0
   0.0
   0.0
   0.0
   0.0
   0.0
   0.0
   0.0
   0.0
   0.0
   0.0
   0.0
   0.0
   0.0
   0.0
   0.0
   0.0
   0.0
   0.0
   0.0
   0.0
   0.0
   0.0
   0.0
   0.0
   0.0
   0.0
   0.0
   0.0
   0.0
   0.0
   0.0
   0.0
   0.0
   0.0
   0.0
   0.0
   0.0
   0.0
   0.0
   0.0
   0.0
   0.0
   0.0
   0.0
   0.0
   0.0
   0.0
   0.0
   0.0
   0.0
   0.0
   0.0
   0.0
   0.0
   0.0
   0.0
   0.0
   0.0
   0.0
   0.0
   0.0
   0.0
   0.0
   0.0
   0.0
   0.0
   0.0
   0.0
   0.0
   0.0
   0.0
   0.0
   0.0
   0.0
   0.0
   0.0
   0.0
   0.0
   0.0
   0.0
   0.0
   0.0
   0.0
   0.0
   0.0
   0.0
   0.0
   0.0
   0.0
   0.0
   0.0
   0.0
   0.0
   0.0
   0.0
   0.0
   0.0
   0.0
   0.0
   0.0
   0.0
   0.0
   0.0
   0.0
   0.0
   0.0
   0.0
   0.0
   0.0
   0.0
   0.0
   0.0
   0.0
   0.0
   0.0
   0.0
   0.0
   0.0
   0.0
   0.0
   0.0
   0.0
   0.0
   0.0
   0.0
   0.0
   0.0
   0.0
   0.0
   0.0
   0.0
   0.0
   0.0
   0.0
   0.0
   0.0
   0.0
   0.0
   0.0
   0.0
   0.0
   0.0
   0.0
   0.0
   0.0
   0.0
   0.0
   0.0
   0.0
   0.0
   0.0
   0.0
   0.0
   0.0
   0.0
   0.0
   0.0
   0.0
   0.0
   0.0
   0.0
   0.0
   0.0
   0.0
   0.0
   0.0
   0.0
   0.0
   0.0
   0.0
   0.0
   0.0
   0.0
   0.0
   0.0
   0.0
   0.0
   0.0
   0.0
   0.0
   0.0
   0.0
   0.0
   0.0
   0.0
   0.0
   0.0
   0.0
   0.0
   0.0
   0.0
   0.0
   0.0
   0.0
   0.0
   0.0
   0.0
   0.0
   0.0
   0.0
   0.0
   0.0
   0.0
   0.0
   0.0
   0.0
   0.0
   0.0
   0.0
   0.0
   0.0
   0.0
   0.0
   0.0
   0.0
   0.0
   0.0
   0.0
   0.0
   0.0
   0.0
   0.0
   0.0
   0.0
   0.0
   0.0
   0.0
   0.0
   0.0
   0.0
   0.0
   0.0
   0.0
   0.0
   0.0
   0.0
   0.0
   0.0
   0.0
   0.0
   0.0
   0.0
   0.0
   0.0
   0.0
   0.0
   0.0
   0.0
   0.0
   0.0
   0.0
   0.0
   0.0
   0.0
   0.0
   0.0
   0.0
   0.0
   0.0
   0.0
   0.0
   0.0
   0.0
   0.0
   0.0
   0.0
   0.0
   0.0
   0.0
   0.0
   0.0
   0.0
   0.0
   0.0
   0.0
   0.0
   0.0
   0.0
   0.0
   0.0
   0.0
   0.0
   0.0
   0.0
   0.0
   0.0
   0.0
   0.0
   0.0
   0.0
   0.0
   0.0
   0.0
   0.0
   0.0
   0.0
   0.0
   0.0
   0.0
   0.0
   0.0
   0.0
   0.0
   0.0
   0.0
   0.0
   0.0
   0.0
   0.0
   0.0
   0.0
   0.0
   0.0
   0.0
   0.0
   0.0
   0.0
   0.0
   0.0
   0.0
   0.0
   0.0
   0.0
   0.0
   0.0
   0.0
   0.0
   0.0
   0.0
   0.0
   0.0
   0.0
   0.0
   0.0
   0.0
   0.0
   0.0
   0.0
   0.00044721355077859614
   0.0
   0.00031622775020544923
   0.0
   0.0007071067175469343
   0.0
   0.0
   0.0
   0.0007071067175469343
   0.0
   0.00044721355077859614
   0.0
   0.00044721355077859614
   0.00031622775020544923
   0.00031622775020544923
   0.00044721355077859614
   0.00031622775020544923
   0.0
   0.0
   0.00044721355077859614
   0.0005477224753467763
   0.0
   0.00031622775020544923
   0.00031622775020544923
   0.00031622775020544923
   0.0
   0.0006324554055425568
   0.0006324555004108985
   0.00044721355077859614
   0.0
   0.00031622775020544923
   0.00044721355077859614
   0.0
   0.0
   0.0007071067175469343
   0.00031622775020544923
   0.00031622775020544923
   0.00044721355077859614
   0.00031622775020544923
   0.00031622775020544923
   0.00031622775020544923
   0.00044721355077859614
   0.00044721355077859614
   0.0
   0.0
   0.00044721355077859614
   0.00044721355077859614
   0.00031622775020544923
   0.00031622775020544923
   0.00031622775020544923
   0.00044721355077859614
   0.0
   0.00044721355077859614
   0.00031622775020544923
   0.00031622775020544923
   0.0
   0.0
   0.0
   0.00044721355077859614
   0.0006324555004108985
   0.0005477224753467763
   0.0
   0.00044721355077859614
   0.0
   0.00031622775020544923
   0.0
   0.00044721355077859614
   0.00031622775020544923
   0.0005477224753467763
   0.0005477224753467763
   0.00031622775020544923
   0.00044721355077859614
   0.00031622775020544923
   0.00031622775020544923
   0.00031622775020544923
   0.00044721355077859614
   0.00044721355077859614
   0.0007071066044098301
   0.0006324554055425568
   0.0005477224753467763
   0.00031622775020544923
   0.0006324554055425568
   0.00044721355077859614
   0.0008366598771304861
   0.0006324554055425568
   0.00044721355077859614
   0.00044721355077859614
   0.0005477224753467763
   0.00044721355077859614
   0.0005477224753467763
   0.0005477224753467763
   0.0005477224753467763
   0.0008366598771304861
   0.00044721355077859614
   0.00044721355077859614
   0.00044721355077859614
   0.0006324554055425568
   0.00031622775020544923
   0.00044721355077859614
   0.0006324554055425568
   0.001095444822891596
   0.0005477224753467763
   0.0008944269897537752
   0.000836659733703015
   0.0007071067175469343
   0.0012247445407104292
   0.00031622775020544923
   0.0006324554055425568
   0.0006324554055425568
   0.000836659733703015
   0.0005477224753467763
   0.0005477224753467763
   0.0005477224753467763
   0.0005477224753467763
   0.0007745964368624477
   0.0007071067175469343
   0.0007745964368624477
   0.0010954446585747725
   0.0006324554055425568
   0.0007745964368624477
   0.0009999996799999488
   0.0005477224753467763
   0.0007071066044098301
   0.000894426833228968
   0.0011832155340427203
   0.0008366598771304861
   0.0009999996799999488
   0.00044721355077859614
   0.0007745964368624477
   0.000999999499999875
   0.0014832388344430576
   0.0010954446585747725
   0.0013038396182046318
   0.0010954446585747725
   0.001095444822891596
   0.0012247441814517838
   0.000999999499999875
   0.0008944269897537752
   0.0010488084620177318
   0.001303839832954953
   0.001224744377411058
   0.0010488082713251265
   0.001140174894478913
   0.0009999996799999488
   0.0011832153481087034
   0.0011832151283684637
   0.0013784038268954421
   0.0012649102893090877
   0.001999999189999836
   0.0013038396182046318
   0.0010488084620177318
   0.0012247439528325912
   0.0012247441814517838
   0.0015165741360052267
   0.001095444457743066
   0.0012649102893090877
   0.000999999499999875
   0.001732049652867954
   0.0013784038268954421
   0.0018439070583952978
   0.0015491917763788962
   0.001732049652867954
   0.0016733186068409087
   0.0012649102893090877
   0.0011832151283684637
   0.0016124500488387229
   0.0016733188578391149
   0.0016431663305946844
   0.00130383937277565
   0.0019493565605091336
   0.0017320488561238681
   0.002213591269859908
   0.0016431660628189715
   0.0018439067655388653
   0.0011401746839848708
   0.0019493571350576067
   0.0016124500488387229
   0.0019748393327053216
   0.0016733183319380684
   0.0016733186068409087
   0.002167945181502521
   0.0019748393327053216
   0.0015811374355191267
   0.0019999977499987344
   0.002408316225083409
   0.001999997109997912
   0.0016431654542376432
   0.001897363897622172
   0.002144756946602575
   0.0019999974399983614
   0.001974839008628298
   0.002097614254337532
   0.002366428532620413
   0.0018973635497711028
   0.0018708267450515026
   0.0023237862121976713
   0.0024083137254103755
   0.0026645780134948198
   0.0021213163814009454
   0.0027568040626783762
   0.002607675370900297
   0.0025099752966911844
   0.002024841917286384
   0.002529816364877103
   0.0025884295451103164
   0.00248997489947188
   0.002626778481334123
   0.003209353453579085
   0.0028460429213207593
   0.002626778024500738
   0.0029832783292881005
   0.0029495681700886316
   0.0022583130673137415
   0.002863556138789669
   0.0030983763489931303
   0.002509973145274666
   0.003082196877228968
   0.0032710749165985177
   0.003162267540863676
   0.002949564562778716
   0.003449624024440924
   0.0030659309776966603
   0.0032403607191175492
   0.0035496337839275756
   0.003420511948524665
   0.003563690467759511
   0.0035355205995722893
   0.0034928366466240586
   0.0034205125215382563
   0.003898699270269509
   0.003741640020098139
   0.0038078691876166125
   0.0037013356386580236
   0.0036605813745906536
   0.004012458487012669
   0.0038600322161868026
   0.0038600295840835208
   0.0040987557087486925
   0.003999978219940704
   0.003987458888816285
   0.003807866687529909
   0.0038209704317097247
   0.004358871028144788
   0.004358873134194204
   0.0044158546160397985
   0.005098984114507516
   0.004277824670320185
   0.004505522645598399
   0.004669013840202233
   0.004183274304895628
   0.0044832674145091995
   0.004888727620761869
   0.004625977600464576
   0.004857944384202026
   0.004868223905080784
   0.005176827410683111
   0.004979918870825106
   0.00541289642890015
   0.005291449994094246
   0.005215318835891053
   0.005167159543695163
   0.005966510641907881
   0.005431333168753322
   0.005531666508386057
   0.005458886611755184
   0.005639092565298072
   0.005974880677469634
   0.005735782345068543
   0.006099101491203438
   0.006228885457286882
   0.0060165647474285525
   0.006387399395685227
   0.005941303048153662
   0.00673785710445094
   0.006332367468016997
   0.006332359906859369
   0.006308635703541615
   0.006496059494801445
   0.006670726628336676
   0.007014150166627459
   0.007197101461004978
   0.006602922552930634
   0.007300563511811948
   0.007886561166947225
   0.007409310007686276
   0.007476485655038736
   0.007745811706980747
   0.007880207301207247
   0.007930786109207586
   0.008209568736541524
   0.008172963810026324
   0.00832445940527071
   0.008549653662576047
   0.008227811081326551
   0.008514504396029167
   0.00871759003165439
   0.008496849289001188
   0.008820211514470613
   0.00881454159840431
   0.009121148434270763
   0.009110195956180086
   0.009181247614022836
   0.009316379691704284
   0.009300258146417228
   0.009632992969996397
   0.009689899264182266
   0.009954576032659554
   0.010079365059367578
   0.010084315682781852
   0.010690743180434184
   0.01024169974125389
   0.010261207468422028
   0.010168205159220579
   0.010439911654798618
   0.010606184289837698
   0.011008652740458298
   0.010976809058647235
   0.011211147095190572
   0.01139689087032073
   0.011344104209235739
   0.011911632179932354
   0.012565185887602299
   0.012793896775806815
   0.012275391551799885
   0.012875694677958157
   0.012465314819931345
   0.012883401879938389
   0.01317877425218294
   0.013068316676603763
   0.01311029828455478
   0.013644649810090401
   0.01385553726710011
   0.01391672578985445
   0.014274872232002639
   0.014162374128655125
   0.014493835577582631
   0.01465502147251924
   0.01488514937647587
   0.015091944976045997
   0.015354524643895688
   0.015603271833496975
   0.015435780762565916
   0.01556154434366975
   0.015493873625081625
   0.016454541967493352
   0.016548407149632256
   0.016698725146249937
   0.016859600516916172
   0.017269702943305074
   0.017777391155903613
   0.0176928274368457
   0.01843982521582024
   0.01855867532961337
   0.018515419459196703
   0.018639168541273506
   0.018958207267302466
   0.01872210073682972
   0.019259030085650733
   0.019621460642622914
   0.020250600856270905
   0.019972287920015572
   0.02051302503069696
   0.020498311342888712
   0.02085835849246052
   0.021590715591429572
   0.021427953509143144
   0.02146063137910905
   0.022363645436064308
   0.022294325411637825
   0.02274469138920113
   0.023074125594700224
   0.023809512468549204
   0.023422139078231093
   0.024561466714958208
   0.02465899892027249
   0.024824461419938198
   0.024671007768431348
   0.02534221436871687
   0.02588647705965414
   0.025869164423885052
   0.025812811323836855
   0.02665284362296076
   0.02694343971637623
   0.026939763124237005
   0.02761728594902113
   0.02773448825920536
   0.02812630425046988
   0.028487964756366852
   0.02939590441609171
   0.029511031819304454
   0.02953286892243962
   0.030276238580114273
   0.030511088094494435
   0.031004875687381816
   0.03138738053676987
   0.031795067028707456
   0.03229846019100601
   0.03282439657571789
   0.033075822507686786
   0.033524098083468255
   0.03365933781345082
   0.03421391502868387
   0.0351467807400621
   0.03532834249140483
   0.035581463453742315
   0.03649741202003233
   0.037036008170292865
   0.03701553226363225
   0.03752023524966228
   0.037825225228542925
   0.039056314441457476
   0.03903283428076931
   0.04002401702528121
   0.04022165512743105
   0.04033041680307805
   0.04128656427640837
   0.04169288140378403
   0.04232727005123293
   0.043076123309323
   0.043609026024322074
   0.04431642401085629
   0.04494159554977994
   0.04527627868089426
   0.04576883010947516
   0.046445054606922366
   0.04691492517312587
   0.04765942740696745
   0.04833362032364222
   0.049083568737002
   0.04913968710970797
   0.050058602233382425
   0.05028542323168813
   0.051439740664101334
   0.051823722408854425
   0.05269841638759176
   0.05341322565048847
   0.05415854474817432
   0.05481323051052547
   0.05549547729175775
   0.05631707663923972
   0.05749120823221582
   0.05799934385137473
   0.05889893700602754
   0.05892770721477292
   0.06005265643408291
   0.06084963756638161
   0.06139987276045448
   0.06204426931764125
   0.06335224485296476
   0.06355510870543768
   0.06510244112658142
   0.06538520844472395
   0.06676525458462658
   0.06729806548155749
   0.06850101647596188
   0.06918352654758211
   0.07037694698116706
   0.0711865849822844
   0.07190348396781619
   0.07318940623232299
   0.07386622621333785
   0.07511090040307065
   0.07613649823836134
   0.07670992685689382
   0.07757490247335153
   0.07886235323803113
   0.07984774962333002
   0.08108538780100888
   0.08189236839437482
   0.08303830024849979
   0.0839862853327256
   0.08521491265494556
   0.08668247902771355
   0.08784393306222121
   0.08852017058450577
   0.08969754450992513
   0.09092461471702808
   0.09171320906777823
   0.09323052734356918
   0.09496996192896995
   0.09579662776862241
   0.09693773914090426
   0.0983395347540347
   0.0995922646650331
   0.1007384039479979
   0.10194246072755944
   0.10341194263236718
   0.10512233848825853
   0.1065222046219003
   0.10790745617073919
   0.10878868305807364
   0.11072594090415308
   0.11194274832426619
   0.11349554642169886
   0.11518979344191048
   0.11649999066090092
   0.11804635735489681
   0.11910002902283441
   0.1209648411725903
   0.1227524246469698
   0.12430062179084223
   0.12576863977383232
   0.1272904798499872
   0.12885005521826523
   0.13088046250495144
   0.1326341157762587
   0.13386568205107685
   0.13636411884271463
   0.13830848357837636
   0.13968662495729503
   0.1414338798503032
   0.1435750159686218
   0.1448336758242364
   0.14696358430982145
   0.14904834423434565
   0.1506715706173862
   0.15302892433732912
   0.15465558735603444
   0.15633468713343818
   0.15875613398719435
   0.16079033072619758
   0.16313401704362582
   0.16525473996602943
   0.16696624864576673
   0.16943653990801394
   0.17168100147319737
   0.17382747193686043
   0.17613747594137938
   0.17837619037124883
   0.1803488804076976
   0.18246496640064908
   0.18554641467166644
   0.18742734826059937
   0.1896478079522935
   0.19220747830404517
   0.19506037067469653
   0.19703088102640154
   0.19990891335555802
   0.20221609789962322
   0.20488724122931617
   0.20741483453502066
   0.20997741299365985
   0.2126753464591277
   0.21585778493359928
   0.21827603531104828
   0.2207716319617174
   0.2236556088543053
   0.2264112258562945
   0.2291497490990553
   0.2324477374394296
   0.23555717229403142
   0.2380572908440319
   0.241137185980429
   0.24476415509988386
   0.24725834568384136
   0.25039238605349007
   0.2535115769646625
   0.2569694896175614
   0.25980144897654056
   0.26318083941655024
   0.26629843112410556
   0.26998813446370196
   0.2734077304068778
   0.27673140146428993
   0.28034604290010945
   0.28376157322822976
   0.2867627864754421
   0.2901437216441362
   0.2943372904867985
   0.29796308650527503
   0.30121502591256966
   0.30531995576935356
   0.30867699413748023
   0.31233044790207376
   0.3163325086570143
   0.3203499281098562
   0.3241214001144633
   0.3284070495750053
   0.3320854124924942
   0.3361345106101276
   0.340401058052865
   0.34431810099824844
   0.34811002754001497
   0.3519782483957638
   0.35617801276187727
   0.3603138449202861
   0.3637287101134443
   0.36642127464087015
   0.3682131871689416
   0.3685272148581567
   0.36837679138044244
   0.3678304813294298
   0.3664623271084628
   0.363863345727486
   0.36049097604594765
   0.3564518140005883
   0.3519626909875392
   0.3484481064777222
   0.3441744886013343
   0.3397236258604191
   0.3357001751867133
   0.33169812723907566
   0.3280995975029381
   0.32357951100426613
   0.32035020326160246
   0.3164109024607085
   0.31253244868958807
   0.3088217710842129
   0.3053452725354529
   0.3015042177429032
   0.2977233034291404
   0.2939360328962579
   0.2903749108500767
   0.28702870040536016
   0.2833483664720691
   0.27974921488897875
   0.27704404995133897
   0.2732398796986999
   0.26990163890654684
   0.2664599521341997
   0.26319500313795857
   0.2598352248768246
   0.257184577490778
   0.2532784217904083
   0.25071878911080836
   0.24741126724343013
   0.24419394772115055
   0.24170946946694083
   0.23912756160936363
   0.23537677606552435
   0.23286986525491013
   0.22968388537431178
   0.22692988870318515
   0.22439373098549345
   0.22097086125224746
   0.2186503562259847
   0.2155636725490638
   0.2128702120511698
   0.21026685353616723
   0.20761659136376842
   0.2050475222092674
   0.2022969687808248
   0.20011837399689214
   0.1971478380074202
   0.19496507760273377
   0.19245351756096848
   0.189919481570375
   0.18816363268166353
   0.18509575902823922
   0.1827053746740637
   0.18072432504607674
   0.1781319279473503
   0.17611869399640687
   0.17348581336708774
   0.1713929378931349
   0.16939088546719389
   0.1668685447170916
   0.16515280681841288
   0.16299862056729192
   0.16119234033635096
   0.15891193331137848
   0.15664727462394615
   0.1548595562404852
   0.15258695563641736
   0.15088674517677156
   0.1490304405720858
   0.14677309722847712
   0.14502315994336903
   0.1431900049162301
   0.14122111493555062
   0.13935329621501605
   0.13777936801970753
   0.13592909625650426
   0.13452558789312166
   0.13244503333077462
   0.13038420620857422
   0.1289332142838299
   0.12746145074331297
   0.1263014200138304
   0.12397231199892983
   0.12250798626926328
   0.12134253880713061
   0.11960764836932461
   0.11784001836180272
   0.11641761553287372
   0.11486237733287606
   0.11382933984364488
   0.11189798031689402
   0.11064768239665031
   0.1088514439183514
   0.10786227413864405
   0.10607144969835192
   0.10484565370443354
   0.10362174486925994
   0.10229484955162699
   0.10091098928758949
   0.09950170241151655
   0.09848868991671075
   0.09692937093595522
   0.09570189440110369
   0.09495167847089381
   0.09399830635575303
   0.09234906770271153
   0.09128918287530018
   0.08955563073553778
   0.08887478428980855
   0.0875165338307568
   0.08660655803338452
   0.08549265362819193
   0.08373632420282133
   0.08285624402729103
   0.08165376610879622
   0.08057699004548383
   0.07986233949591008
   0.0789627724325837
   0.07772846492495526
   0.07656070485405682
   0.07608905195256412
   0.07501227843493356
   0.07415119203330449
   0.07297741732721158
   0.072150300030977
   0.07112163419037838
   0.07012303433073899
   0.06967044435052787
   0.06850354629002793
   0.0675224861887505
   0.06679846340627904
   0.06560217297856832
   0.06495631943937402
   0.06377318994930394
   0.0632438116162364
   0.06228536701144178
   0.06134078309501762
   0.06071636175521389
   0.06020914469779487
   0.059344904512434765
   0.0584302855115393
   0.05749593406485366
   0.05736056782982539
   0.05663285706336914
   0.055433693912547446
   0.05478479883608226
   0.05418896279787979
   0.05323226520786054
   0.05281550838304976
   0.051672511763605995
   0.05170145914526978
   0.05070087842670973
   0.05025537203682806
   0.0490849677351427
   0.04899232624605613
   0.048341856381297565
   0.04768413530682925
   0.04677086077880115
   0.04649464681401506
   0.04597968074660806
   0.04509506197789288
   0.04469751104647775
   0.04370562152584036
   0.04301293580122147
   0.042767705348662324
   0.04232919906813735
   0.041334742575102605
   0.040884371803416523
   0.04036233444673387
   0.040063733128104774
   0.0394463677166859
   0.03901639045888279
   0.038962801040992937
   0.03768210641020483
   0.03715796070830583
   0.03678125892883494
   0.03666209301594769
   0.03600265825727317
   0.03574237193640064
   0.035133886420377694
   0.0346098307398346
   0.03420102884066501
   0.03372321537442716
   0.03380466049762961
   0.03286542178627866
   0.032584715195778526
   0.03186875002741714
   0.03152045416868228
   0.031299731805719995
   0.03061879548104399
   0.03050793905838282
   0.029696476822007017
   0.029615905293608705
   0.029451855939991285
   0.028898775589287516
   0.02834559359600712
   0.02803380287420884
   0.027810202668085683
   0.027581196307448305
   0.02732832514370392
   0.027004790507611794
   0.02601715197634053
   0.026149469282377415
   0.025953754834127565
   0.025505296685198547
   0.024773909429882075
   0.024528806406957513
   0.02384914906238795
   0.024051621728066488
   0.023564660997137218
   0.02327882052660744
   0.02268082262264753
   0.02225613919596119
   0.022323401837309655
   0.022253927034121414
   0.021788747866502103
   0.02142342582291637
   0.021233633995150242
   0.021080089750994895
   0.020697233186829585
   0.02076488935077671
   0.020159132856102716
   0.020059739190478026
   0.01986702026072355
   0.01925380265713763
   0.019331564835780884
   0.019261723056621907
   0.018698109187562255
   0.018423432978410946
   0.01827910824520715
   0.018439801727513232
   0.017698432563083094
   0.01744818723392204
   0.017462530601261662
   0.01732462662339365
   0.016886299180104564
   0.016545400297363615
   0.016414992999998507
   0.016354044108721245
   0.01562879251861768
   0.015461587147185117
   0.015480983030479685
   0.015439023368076104
   0.014935434469408648
   0.014824613473544598
   0.014692511621571036
   0.01463796084671632
   0.014250361679269758
   0.01442121020025712
   0.01423637931181942
   0.013463938864611648
   0.013582223849944456
   0.013087386818994844
   0.013363355267297207
   0.012968436450089117
   0.012569130755943307
   0.01220999995045045
   0.012604882942336276
   0.01233229808227161
   0.012425170864016318
   0.011991089076476748
   0.01214850872164975
   0.011878025020600015
   0.011545052089531688
   0.011246752985195329
   0.010889886902993988
   0.01111710573665646
   0.011273415620387639
   0.011383751534533772
   0.010885355115475103
   0.010999594930723585
   0.010935746529615617
   0.01054948123795668
   0.010275827867378861
   0.010601519738226213
   0.00965889115323286
   0.00977209645419037
   0.009653715554127333
   0.009674409209869096
   0.009549596177849616
   0.00949182049925092
   0.009653732623187779
   0.008904815321498812
   0.008854144699517848
   0.009175803833997324
   0.008496840787021962
   0.008791809642502504
   0.008209563376940334
   0.008876729557669312
   0.008396244383651538
   0.008671591281881313
   0.008420025552811582
   0.008567187708927592
   0.0076418372633811045
   0.007974797740381883
   0.008390299579871984
   0.007536429669279744
   0.007854786254889435
   0.0071552883240299965
   0.007873869978606453
   0.0072109802384973986
   0.007204049360602688
   0.00704261541190487
   0.007348344586367735
   0.006789595621979266
   0.006767467484960678
   0.006602941038658455
   0.006348139707819922
   0.006891925593765505
   0.006284818513688362
   0.006260911598162044
   0.006426431382190274
   0.005727066652309889
   0.005890592662033253
   0.005813708348377996
   0.006220853664088233
   0.005176821434046185
   0.006188638279137019
   0.005822306648571509
   0.005513560994493486
   0.005431341969532023
   0.005329112781692652
   0.004857941123562533
   0.005477170331475917
   0.005186471315837001
   0.0047957938863132975
   0.004826966334044604
   0.005549722875964168
   0.005009952845087467
   0.00494970584075458
   0.0048165954739836725
   0.004358865792841069
   0.004427160530181846
   0.004123080479447375
   0.004743383466472008
   0.004449691040960035
   0.004171307895612598
   0.004277822566446626
   0.004171303753024946
   0.004171305867471241
   0.0044158518079754445
   0.004147265311021228
   0.0042543880582288215
   0.004449693130992294
   0.003962302834211439
   0.0037148144287433792
   0.003701336211424193
   0.0036055351003699853
   0.004098757075016767
   0.003271072788856891
   0.003361532089687677
   0.003435099393030717
   0.0034205113638168198
   0.0032863246096513352
   0.0032710716516151095
   0.003033140148427039
   0.0033615349455271173
   0.003449624024440924
   0.003255752760883418
   0.0031937328379186636
   0.003209348405829445
   0.003271072788856891
   0.0032710738771846775
   0.0029325658117082386
   0.003082197876516042
   0.002966471135878453
   0.0027386050737556156
   0.0027386040951550483
   0.0025690408404694543
   0.0025690408404694543
   0.00272028791858509
   0.002966471601077617
   0.00279284112688137
   0.002810687672083115
   0.002898267834414204
   0.0025495042478882045
   0.002846040532037448
   0.002509974898280857
   0.002588430395046388
   0.002366426631019859
   0.002024842292624292
   0.002489975293050114
   0.002529816783879813
   0.002366427822689718
   0.0024083141323340694
   0.0018708257829097824
   0.002097614254337532
   0.0018708257829097824
   0.002588431554049672
   0.001643165770699962
   0.002366428186106648
   0.002302168870869381
   0.0019493559038821003
   0.0021908862042561684
   0.0024083141323340694
   0.0019999967599973758
   0.0022803476840166283
   0.0018165875673911236
   0.0020976146071192392
   0.001999998309999286
   0.0017029368015284655
   0.0017320485443543434
   0.0017029368015284655
   0.001673318033130582
   0.0019999967599973758
   0.001843906450989312
   0.001816588205950925
   0.001643165770699962
   0.0015165738986280886
   0.0014491364290500739
   0.0017029368015284655
   0.0018165892188384252
   0.0015165738986280886
   0.0015811374355191267
   0.0017029370833944514
   0.0019493565605091336
   0.0014142124168596455
   0.0017606799112842742
   0.0011832151283684637
   0.0015811371572384226
   0.0015811374355191267
   0.001897363897622172
   0.0011832151283684637
   0.0015811379161856818
   0.0015491922927771103
   0.0012649100521380957
   0.000999999499999875
   0.000894426833228968
   0.0015811376885015423
   0.0012649100521380957
   0.0013784038268954421
   0.0015165738986280886
   0.0013416398324438642
   0.0011832151283684637
   0.0015165743470070962
   0.00130383937277565
   0.0015491922927771103
   0.0015491922927771103
   0.001414213053256121
   0.0014832386052149532
   0.0010488084620177318
   0.0011832156861705308
   0.000894426833228968
   0.0010488084620177318
   0.0015811376885015423
   0.0013784040590479993
   0.001140174894478913
   0.000999999499999875
   0.0011832151283684637
   0.0012649102893090877
   0.001140174894478913
   0.000894426833228968
   0.000836659733703015
   0.001224744377411058
   0.0012649104948572448
   0.000999999499999875
   0.0010488084620177318
   0.0009999996799999488
   0.0012649106687825824
   0.000836659733703015
   0.0005477224753467763
   0.0010488082713251265
   0.0013784042621814545
   0.000948683039797803
   0.000999999499999875
   0.0009999996799999488
   0.0006324554055425568
   0.0005477224753467763
   0.0009999996799999488
   0.0007745965659619206
   0.0006324555004108985
   0.00044721355077859614
   0.0007071066044098301
   0.0005477224753467763
   0.0007745965659619206
   0.0006324554055425568
   0.00044721355077859614
   0.0008944269897537752
   0.00031622775020544923
   0.0005477224753467763
   0.0007745965659619206
   0.0009999998199999838
   0.00031622775020544923
   0.0006324555004108985
   0.0006324554055425568
   0.0005477224753467763
   0.0009999998199999838
   0.00044721355077859614
   0.0006324555004108985
   0.0007745964368624477
   0.00044721355077859614
   0.0005477224753467763
   0.0005477224753467763
   0.0
   0.00044721355077859614
   0.00044721355077859614
   0.00044721355077859614
   0.00031622775020544923
   0.0006324555004108985
   0.0
   0.0
   0.00031622775020544923
   0.00031622775020544923
   0.0007745965659619206
   0.0
   0.00031622775020544923
   0.0
   0.0
   0.0005477224753467763
   0.0
   0.00031622775020544923
   0.0
   0.0
   0.00031622775020544923
   0.0
   0.0
   0.00031622775020544923
   0.0006324555004108985
   0.0
   0.00031622775020544923
   0.00031622775020544923
   0.0
   0.00031622775020544923
   0.0
   0.0
   0.00031622775020544923
   0.00031622775020544923
   0.0
   0.00031622775020544923
   0.0
   0.00031622775020544923
   0.00031622775020544923
   0.00044721355077859614
   0.0
   0.00031622775020544923
   0.0
   0.0
   0.0
   0.0
   0.0006324555004108985
   0.0
   0.0
   0.0
   0.0
   0.0
   0.00031622775020544923
   0.00031622775020544923
   0.00031622775020544923
   0.0
   0.00031622775020544923
   0.00031622775020544923
   0.00031622775020544923
   0.00031622775020544923
   0.0
   0.0
   0.00031622775020544923
   0.0
   0.00044721355077859614
   0.00031622775020544923
   0.0
   0.0
   0.0
   0.0
   0.00031622775020544923
   0.0
   0.0
   0.0
   0.0
   0.0
   0.0
   0.0
   0.0
   0.0
   0.0
   0.0
   0.0
   0.0
   0.0
   0.0
   0.0
   0.0
   0.0
   0.0
   0.0
   0.0
   0.0
   0.0
   0.0
   0.0
   0.0
   0.0
   0.0
   0.0
   0.0
   0.0
   0.0
   0.0
   0.0
   0.0
   0.0
   0.0
   0.0
   0.0
   0.0
   0.0
   0.0
   0.0
   0.0
   0.0
   0.0
   0.0
   0.0
   0.0
   0.0
   0.0
   0.0
   0.0
   0.0
   0.0
   0.0
   0.0
   0.0
   0.0
   0.0
   0.0
   0.0
   0.0
   0.0
   0.0
   0.0
   0.0
   0.0
   0.0
   0.0
   0.0
   0.0
   0.0
   0.0
   0.0
   0.0
   0.0
   0.0
   0.0
   0.0
   0.0
   0.0
   0.0
   0.0
   0.0
   0.0
   0.0
   0.0
   0.0
   0.0
   0.0
   0.0
   0.0
   0.0
   0.0
   0.0
   0.0
   0.0
   0.0
   0.0
   0.0
   0.0
   0.0
   0.0
   0.0
   0.0
   0.0
   0.0
   0.0
   0.0
   0.0
   0.0
   0.0
   0.0
   0.0
   0.0
   0.0
   0.0
   0.0
   0.0
   0.0
   0.0
   0.0
   0.0
   0.0
   0.0
   0.0
   0.0
   0.0
   0.0
   0.0
   0.0
   0.0
   0.0
   0.0
   0.0
   0.0
   0.0
   0.0
   0.0
   0.0
   0.0
   0.0
   0.0
   0.0
   0.0
   0.0
   0.0
   0.0
   0.0
   0.0
   0.0
   0.0
   0.0
   0.0
   0.0
   0.0
   0.0
   0.0
   0.0
   0.0
   0.0
   0.0
   0.0
   0.0
   0.0
   0.0
   0.0
   0.0
   0.0
   0.0
   0.0
   0.0
   0.0
   0.0
   0.0
   0.0
   0.0
   0.0
   0.0
   0.0
   0.0
   0.0
   0.0
   0.0
   0.0
   0.0
   0.0
   0.0
   0.0
   0.0
   0.0
   0.0
   0.0
   0.0
   0.0
   0.0
   0.0
   0.0
   0.0
   0.0
   0.0
   0.0
   0.0
   0.0
   0.0
   0.0
   0.0
   0.0
   0.0
   0.0
   0.0
   0.0
   0.0
   0.0
   0.0
   0.0
   0.0
   0.0
   0.0
   0.0
   0.0
   0.0
   0.0
   0.0
   0.0
   0.0
   0.0
   0.0
   0.0
   0.0
   0.0
   0.0
   0.0
   0.0
   0.0
   0.0
   0.0
   0.0
   0.0
   0.0
   0.0
   0.0
   0.0
   0.0
   0.0
   0.0
   0.0
   0.0
   0.0
   0.0
   0.0
   0.0
   0.0
   0.0
   0.0
   0.0
   0.0
   0.0
   0.0
   0.0
   0.0
   0.0
   0.0
   0.0
   0.0
   0.0
   0.0
   0.0
   0.0
   0.0
   0.0
   0.0
   0.0
   0.0
   0.0
   0.0
   0.0
   0.0
   0.0
   0.0
   0.0
   0.0
   0.0
   0.0
   0.0
   0.0
   0.0
   0.0
   0.0
   0.0
   0.0
   0.0
   0.0
   0.0
   0.0
   0.0
   0.0
   0.0
   0.0
   0.0
   0.0
   0.0
   0.0
   0.0
   0.0
   0.0
   0.0
   0.0
   0.0
   0.0
   0.0
   0.0
   0.0
   0.0
   0.0
   0.0
   0.0
   0.0
   0.0
   0.0
   0.0
   0.0
   0.0
   0.0
   0.0
   0.0
   0.0
   0.0
   0.0
   0.0
   0.0
   0.0
   0.0
   0.0
   0.0
   0.0
   0.0
   0.0
   0.0
   0.0
   0.0
   0.0
   0.0
   0.0
   0.0
   0.0
   0.0
   0.0
   0.0
   0.0
   0.0
   0.0
   0.0
   0.0
   0.0
   0.0
   0.0
   0.0
   0.0
   0.0
   0.0
   0.0
   0.0
   0.0
   0.0
   0.0
   0.0
   0.0
   0.0
   0.0
   0.0
   0.0
   0.0
   0.0
   0.0
   0.0
   0.0
   0.0
   0.0
   0.0
   0.0
   0.0
   0.0
   0.0
   0.0
   0.0
   0.0
   0.0
   0.0
   0.0
   0.0
   0.0
   0.0
   0.0
   0.0
   0.0
   0.0
   0.0
   0.0
   0.0
   0.0
   0.0
   0.0
   0.0
   0.0
   0.0
   0.0
   0.0
   0.0
   0.0
   0.0
   0.0
   0.0
   0.0
   0.0
   0.0
   0.0
   0.0
   0.0
   0.0
   0.0
   0.0
   0.0
   0.0
   0.0
   0.0
   0.0
   0.0
