   0.5918788362756351
   0.8638164402209535
   1.015356714184232
   1.1093650419582366
   1.1684688790104767
   1.1884141774141708
   1.2036622075981285
   1.2151620038760265
   1.2277425519692637
   1.2336171217841458
   1.2345580222638384
   1.2386669545826272
   1.247227506481476
   1.2465437005159505
   1.2518188384650553
   1.2536069808193475
   1.2475449245934993
   1.2504314969545514
   1.2565150021611362
   1.259006086869718
   1.2446591565400547
   1.2502970183020512
   1.2526728148068034
   1.2460952515357724
   1.2516910156680041
   1.253187063093136
   1.2567890625236202
   1.2572523419441302
   1.2463221780567013
   1.2385270819707577
   1.2406006144622048
   1.2453463434707632
   1.2531817095234035
   1.241395121514097
   1.2399220018981032
   1.2317056914859978
   1.2435059376713888
   1.2476029724619928
   1.2577327457099143
   1.2466817287980922
   1.2514536060721548
   1.2555489812826897
   1.2493221386491957
   1.2445003611887784
   1.249631065439316
   1.2411286032152349
   1.2441822291412943
   1.2439612881436464
   1.2491826829267207
   1.2503940556480586
   1.2407078994473277
   1.2423180440434727
   1.261159554308653
   1.244180688483791
   1.2484173098571647
   1.2517371711841108
   1.2496678660152065
   1.2462507188587695
   1.25150156824672
   1.2457303663758863
   1.2551565278637562
   1.2626562880336833
   1.2588847317908023
   1.2560966069789379
   1.2672409853836009
   1.255067928359258
   1.251156895636994
   1.2598017807194908
   1.2446601165041
   1.2505141298006193
   1.2572696285105276
   1.2533426634005562
   1.2494718816764145
   1.2586551283636038
   1.2683374839525166
   1.2611293401388297
   1.2574767018931206
   1.2542744627472888
   1.2543483739531853
   1.2625299135778922
   1.2610320528059547
   1.2613633687007086
   1.2516182623132341
   1.2411817398749467
   1.2461384200224306
   1.2532709240347835
   1.2514400248529691
   1.2365606300558012
   1.2410381162555002
   1.2304528566523791
   1.2315072900275499
   1.2271171187380607
   1.2206457051495327
   1.1940090338146525
   1.1749908697789955
   1.1367461747351517
   1.0795202411993023
   1.0073650316419565
   0.8575601041787101
   0.5793233838746715
