   0.10837628074255916
   0.11541131174954213
   0.1196793996935145
   0.12164764483437401
   0.1229558019484644
   0.1242129970413322
   0.1246818797515902
   0.12443964137267513
   0.12423358108720041
   0.12453353769804341
   0.12500919260598398
   0.12492608269849015
   0.12455174721472197
   0.12475092181907915
   0.12472360373397652
   0.1245743509883154
   0.12470935190429785
   0.12471247853037802
   0.12492021148813351
   0.12526550720769067
   0.12474090958767296
   0.12474413812279918
   0.12524522726619167
   0.12483940683450079
   0.1248052982839671
   0.12493672277293015
   0.12487344546055418
   0.12464573771068146
   0.12490335950646003
   0.12491871218532473
   0.12463176728743759
   0.12484881766356459
   0.12435556322995767
   0.12484191965826222
   0.12475903774200088
   0.1248111673657049
   0.12474514861905452
   0.12492655782963046
   0.12431515291286899
   0.1250249250746026
   0.12448924316899834
   0.12491892718015153
   0.12476378679885443
   0.124721990839627
   0.12464947588943165
   0.12426889731445274
   0.12492561436246771
   0.12499370315015873
   0.12538367086730234
   0.12479602583415868
   0.1249113783351621
   0.12485480016238863
   0.1244891609610652
   0.12500770296649724
   0.12493839353693484
   0.12476489880154595
   0.12487998164253548
   0.12475967410181063
   0.12499462358001644
   0.12493291169387673
   0.12511316354848517
   0.1250776847178984
   0.1246750264798448
   0.12462231799637655
   0.12452971475113882
   0.12456223258110782
   0.12463535479465687
   0.12469993808739441
   0.12473015501373355
   0.1242967620243987
   0.12504365101479564
   0.12492487674998923
   0.12487717703663868
   0.12460717115796346
   0.12422718108352938
   0.12472938696618371
   0.12509505997756265
   0.12501612233432136
   0.124574786442482
   0.12466646355451814
   0.12478157680326851
   0.12462811509250231
   0.12461439364692187
   0.12492519495426053
   0.12518347120410905
   0.1249268919622993
   0.12495434965714479
   0.12471947210275547
   0.12446292741370821
   0.12453341960694728
   0.12468138393517293
   0.1247397088402887
   0.12439810254015131
   0.12442062044689378
   0.12384358826584443
   0.12316064778974654
   0.12157233375254421
   0.11969485799778534
   0.11535870661510557
   0.10775465985612873
