   0.10590172255780357
   0.12039572034914696
   0.12354125237794054
   0.1238772528222595
   0.1244987945514333
   0.12398448848126124
   0.12397526539882865
   0.12430191046496429
   0.12387473994640716
   0.12372615393581908
   0.12408903873203306
   0.12420814087550784
   0.124205260442503
   0.12391377756730686
   0.12407856101293245
   0.12444649915971924
   0.12459744024080109
   0.1241963613305559
   0.124258428639308
   0.12392563637778908
   0.12448332216160525
   0.12416075139394897
   0.12395819807515758
   0.12415434909011444
   0.12413855144055774
   0.12403622368824359
   0.12386023436696703
   0.12378833417697323
   0.12406432484445318
   0.12381293275243907
   0.1241151783288007
   0.1241584969799087
   0.12366889827434382
   0.12412952672366072
   0.12431342445283212
   0.12415135699234221
   0.12408097137655717
   0.12437133107336272
   0.12412547842743649
   0.12423856081008022
   0.12424638805711818
   0.12442334773570433
   0.12419414219857554
   0.1240449651697319
   0.12419945636579896
   0.12439607340165525
   0.12407031248735532
   0.1240710879699215
   0.12406832691706615
   0.12441552809436611
   0.12433506579497194
   0.12376237718208227
   0.12398545087674602
   0.12390850313965543
   0.12414517707506804
   0.12443081871369327
   0.12437897618874341
   0.12383483528761202
   0.12402896389327776
   0.12421515606060317
   0.12414646591812431
   0.12459193591204047
   0.1239678867600396
   0.12433094075265416
   0.12402269902949217
   0.1244491490959661
   0.12431845465641857
   0.1239156843550888
   0.12407706263411461
   0.12417875157912484
   0.12411102833185293
   0.12410166195015279
   0.12371436943859836
   0.12438262298146796
   0.12418253427430928
   0.12487903903277764
   0.12399068160083644
   0.12376453797332254
   0.12370385368609177
   0.1243175136686702
   0.12362045429054207
   0.12438497258266369
   0.12443429277799589
   0.12421210275005411
   0.12390887778621837
   0.12442842786292849
   0.12425278440968637
   0.12389087491817144
   0.12443643287715218
   0.12401880734646661
   0.12409448913755196
   0.1241463147560571
   0.1244794380687429
   0.12411330315014583
   0.12374762709385582
   0.1241953501272894
   0.12384337915141043
   0.12380485866035307
   0.12074103393424292
   0.10546108640138314
