   0.12094083688002162
   0.12970958936790294
   0.1350968281504418
   0.138325443095766
   0.13911378519054104
   0.1400979699909674
   0.14045833959306225
   0.14151501566109512
   0.14105798809535744
   0.14066867186374513
   0.14130479533037793
   0.14149393289152012
   0.14183312365043646
   0.14183857151702423
   0.14129878871611037
   0.14172075493998754
   0.14156438661580814
   0.14143200588123608
   0.14197118266239808
   0.14204506991740332
   0.14180052916741884
   0.14133579604841795
   0.1421738337233332
   0.14121720007860233
   0.14125035792092705
   0.14189823871704682
   0.1411580324089281
   0.1412884835725828
   0.1421709715979672
   0.14190230525766662
   0.14128200740076566
   0.14137801812714734
   0.1413028062987781
   0.1423076547855385
   0.14150679201335178
   0.1416663712160017
   0.14155378690504894
   0.14100186494709918
   0.14154109055677083
   0.1415579493626197
   0.14180585912546068
   0.1419674031399814
   0.14166673608857513
   0.14185602595980898
   0.1416923474658741
   0.14182170895938323
   0.1418710462920465
   0.14153517340802604
   0.14172934534470977
   0.14176689553541758
   0.1412921853146875
   0.14137676089764542
   0.14215099628124314
   0.1419017993106148
   0.14131561744110238
   0.14085806570697326
   0.14112551963751985
   0.14159999261973852
   0.14157177366975382
   0.14180594925175036
   0.1416733311979005
   0.14155037972396964
   0.1415991579240145
   0.14193137017696264
   0.14167206167311183
   0.14170095530203738
   0.14170083683464962
   0.14172595839404298
   0.14149308225506999
   0.14147610109188052
   0.14142679485868298
   0.1423029848133552
   0.14141184135976734
   0.14134694698616593
   0.1418504482093377
   0.14167427931671295
   0.14162126993213273
   0.1416076109570386
   0.1413463376869383
   0.14168371779410646
   0.14182319336399107
   0.14195840891740089
   0.14199324123968013
   0.14119299402392457
   0.1413607561993073
   0.14104703684714542
   0.14158428590772354
   0.14122410156311846
   0.14087584072789058
   0.14179593462969944
   0.14160012682815648
   0.14187530195759937
   0.14132082130967114
   0.14103762299471728
   0.13987890930644262
   0.13946626621215613
   0.1382958758933541
   0.13501485576331962
   0.1301584839684298
   0.12029603198239748
