   0.08758156233129208
   0.09966034542259022
   0.10061389778628994
   0.1006485856567791
   0.10069742272590694
   0.1002860081442571
   0.10022216680136187
   0.10084710313692705
   0.10062518406025402
   0.10051366044453859
   0.10078543490162653
   0.10046227435988098
   0.10032147078267942
   0.10052790506993568
   0.10053696737891989
   0.10062372356333271
   0.10044067441908183
   0.10067705603880162
   0.10052397109147648
   0.10036440549911109
   0.10059618702470785
   0.10068009273927989
   0.10049179603206423
   0.10036648518683913
   0.10045775899073202
   0.10040525503677583
   0.10036573619273662
   0.1004910875074999
   0.10042600013761377
   0.10075061831492649
   0.10080193849678686
   0.10034124564579612
   0.10074010240038472
   0.10077604129509156
   0.10058262634053657
   0.10082333811052875
   0.10056302636212774
   0.10082410597451386
   0.100205671979135
   0.1006473707046041
   0.09994890510335769
   0.10074753696001704
   0.10017320337814899
   0.10048197030691626
   0.10049845484006209
   0.10040042833195484
   0.10061506075091342
   0.10079110843244062
   0.10078501425886688
   0.10062426691206251
   0.1005064252385886
   0.10057945155945124
   0.10056086704076292
   0.1006288897665079
   0.10056670230404297
   0.10036685939412471
   0.10064904840439377
   0.10035303685369966
   0.10028046597573229
   0.10079716416601213
   0.10054982734341218
   0.10056050540003267
   0.10080788795148919
   0.10031419237077074
   0.100726204294811
   0.10039016037316605
   0.10060472677543536
   0.10046441137990109
   0.10058946498137863
   0.10059202964325752
   0.10059689061153929
   0.10086559902161886
   0.10017737670172841
   0.10078722036369492
   0.1005550208532125
   0.10053490825971842
   0.10047434457606579
   0.10057550586082081
   0.1005970805416837
   0.10041985052124903
   0.10064013001402572
   0.10064253576450666
   0.10058031632302614
   0.10051425372334016
   0.10042304680654736
   0.10061985661607753
   0.10052078078880008
   0.10029271453819565
   0.10027523935802896
   0.10059785335478089
   0.10047884394159798
   0.10063219684926887
   0.10034915793164385
   0.10048736269397263
   0.10041852753670509
   0.10045470371844219
   0.10035706959008917
   0.1004056552988426
   0.0997497612788622
   0.08769844417662152
