   0.1358679035280592
   0.14821717737020226
   0.15410912349773456
   0.1573288731250243
   0.15969730458962042
   0.16060780670826683
   0.16214237063368106
   0.16193488697757505
   0.1623255604330692
   0.16230702589225765
   0.16281430399909586
   0.162750784261582
   0.16285118279088426
   0.16271480234935604
   0.16282066409875623
   0.1623516229812317
   0.16283149080491155
   0.16188834817861353
   0.1631644413221214
   0.1627311701399274
   0.16337811311675135
   0.1631612620288284
   0.1631206474219619
   0.16266893018517703
   0.16354535572384807
   0.1629065921749025
   0.16350519935191665
   0.16337907368983948
   0.1625497053740486
   0.16222293763225965
   0.16355359986227755
   0.16279538481468078
   0.16313864612135898
   0.16232566689849146
   0.16274708396770124
   0.16280900110239604
   0.1627598870962683
   0.16255169421051877
   0.16247065445301193
   0.16235236503248113
   0.16236599479928054
   0.16287718617412322
   0.16284173247125566
   0.16288739662957352
   0.16224084633577945
   0.16279753615322315
   0.1625604227542485
   0.16280900110239604
   0.16284530831359556
   0.16277018722944936
   0.1620859708485284
   0.16287008449079898
   0.16300645177403256
   0.16331369923429573
   0.1624840523790258
   0.16226932227676308
   0.16286648133900972
   0.1622488414599932
   0.16262830744218548
   0.16315517089874904
   0.1623074077540517
   0.1627240940989072
   0.1623453098771566
   0.1624385184492582
   0.16316812563720895
   0.16336686663087469
   0.16283200067477524
   0.16236314720329859
   0.1624603555773223
   0.16380354964746643
   0.16310841227327916
   0.1622497964162359
   0.16243508135756882
   0.1620273887651097
   0.16281335987639342
   0.16298136201615201
   0.16252289567242517
   0.16343860738145685
   0.1630371442340671
   0.1626069408363616
   0.16341591303615446
   0.16304560420934383
   0.16261526287233927
   0.162760654940437
   0.16273207910316884
   0.16243664320478923
   0.1636780090004763
   0.16292944452664165
   0.16312030638982383
   0.16237724795669495
   0.1626520004475506
   0.16268049320984984
   0.16196243142852604
   0.16181248346391572
   0.16098759655672235
   0.15993736509971646
   0.1578530267178935
   0.15481159400703812
   0.14763828764531237
   0.13592112607523527
