   0.21479955496040953
   0.26881001313009156
   0.2871384706993997
   0.2925992980978594
   0.29416874205311144
   0.2928445403090008
   0.29442622619921277
   0.29475698669079925
   0.2950074554725524
   0.29491744986268614
   0.29516269611993656
   0.29550226875230584
   0.2959855251229526
   0.29523825932475284
   0.295585661261909
   0.2953277518791453
   0.2949720223667153
   0.29449705959888633
   0.29466413987411155
   0.29589244099814377
   0.2959121340721938
   0.2948630664817145
   0.29372728385296454
   0.29540413354926165
   0.29459567937481707
   0.29556818121550227
   0.29439412306931334
   0.29456197681024615
   0.2954247165941096
   0.2941414970996102
   0.2945477955395185
   0.2958716227512196
   0.29518611451760396
   0.29588539123070945
   0.2954234987162497
   0.29647877497426356
   0.2942846659159121
   0.2948898793241979
   0.2943053165484953
   0.29372591327833164
   0.2958275459135609
   0.29420164967979023
   0.2952767931021841
   0.29551699238573403
   0.29531359931623535
   0.2969990802527846
   0.2959207114735973
   0.2938777882381552
   0.2947317222978212
   0.2957605610924993
   0.2939988106081383
   0.2950687218768536
   0.2964479591854867
   0.29583642624017753
   0.29574741895947293
   0.2951757288057404
   0.2942675428087678
   0.2949663953317394
   0.294733191604814
   0.2946031421903711
   0.29493691267101513
   0.2941779493230416
   0.2951585487140767
   0.2959615363217153
   0.29619650017809124
   0.29546052791065003
   0.2955177845395434
   0.29572951087558036
   0.2948768801746078
   0.29547050229733596
   0.29532755939761196
   0.2945833963656302
   0.2952133078543547
   0.29553509221776014
   0.2950219048564191
   0.2955429199618729
   0.2952588307502419
   0.2947722112329451
   0.2952138878300782
   0.2954476369642343
   0.2965819238047896
   0.29753735955296434
   0.29705943559158327
   0.29412346153267
   0.29527639331986905
   0.2951095011317663
   0.2956155812875904
   0.2960245714082532
   0.2972281013426389
   0.29494576179085874
   0.29661787427218544
   0.295679931710473
   0.29687856820181546
   0.29616195830551906
   0.29583499304982497
   0.29459081146483507
   0.29260446036354265
   0.2852391761137309
   0.26746899992558015
   0.21591559086307316
