   0.37333054807222776
   0.44656377771171724
   0.495488237777649
   0.5327872125451116
   0.5583561753536089
   0.5777887341293442
   0.5927186240242835
   0.6008594762949487
   0.6100547765312883
   0.6183032266543333
   0.6209703163982558
   0.6234975700112311
   0.6277807400469609
   0.6294915389159016
   0.6314857225432734
   0.6331622026668917
   0.6323462998466584
   0.6327352446772584
   0.6325078482965962
   0.6356679824980255
   0.6357263611447224
   0.6351258014094531
   0.6362614694683233
   0.6359206768770378
   0.6369883154780707
   0.6344956574982684
   0.6335814920475819
   0.6358050252706092
   0.6336100259237617
   0.6339805268686965
   0.6345670533867954
   0.6379958518478
   0.6366899716336358
   0.6353037493196384
   0.6328843191710789
   0.6344849448521218
   0.6378916471939023
   0.6337727190679557
   0.6344334504494856
   0.6357733687704684
   0.6347611484356617
   0.6359944284433945
   0.6346063171727729
   0.6353591736266897
   0.633852432394473
   0.6374007988628505
   0.6360221410454199
   0.6329924447121861
   0.6344317274522453
   0.6341343449986289
   0.6362778634866925
   0.6355495854699615
   0.6347256901353135
   0.6336339788318174
   0.6339709341021164
   0.636501467687106
   0.6348502844915485
   0.6344613128555515
   0.6357986845212877
   0.6345886036984828
   0.634673499092557
   0.6353727341075945
   0.6357852347864332
   0.6349055504935439
   0.6368170304757874
   0.6345222420432872
   0.6367542734298373
   0.6350813999984569
   0.6360432060650518
   0.6370993007842263
   0.6349617625686684
   0.6368149276497764
   0.6370185047163073
   0.6365995574753017
   0.6360789883490807
   0.6342171705713981
   0.6347046279059182
   0.6344365252814421
   0.6350857276279794
   0.6339197430272621
   0.6325617308025439
   0.6328934525274851
   0.6338579487791882
   0.632287645057564
   0.6305130544814992
   0.630397395100194
   0.6269799755092342
   0.6256484725808176
   0.622760220198039
   0.6181808950111286
   0.614040593885445
   0.6102952029613128
   0.603266370677365
   0.5918446225613526
   0.576533616629282
   0.5578534049156643
   0.5321504112605383
   0.496284717872624
   0.4459410313081316
   0.3733013407293898
