   0.2584679339640413
   0.2974478965148518
   0.3109136727528077
   0.3172242929731423
   0.32140439846592017
   0.3206617781618352
   0.3218919742518443
   0.3208274606461236
   0.3221548511719015
   0.3223312643461692
   0.32222718789226956
   0.3223649781352807
   0.321699297508947
   0.32091858176364607
   0.3220569661254201
   0.32190118414041285
   0.3202375726057765
   0.32129920050281796
   0.3211411575736595
   0.32096711893324836
   0.3205835935863843
   0.32038700123405445
   0.32109695777593406
   0.3208745995365635
   0.3220485121744083
   0.3192373492044908
   0.32143100967254234
   0.32089768396820817
   0.32144495238766774
   0.32030076031904764
   0.3216811015546919
   0.32213411975287565
   0.3224863698373003
   0.32155466773013885
   0.32016043219921786
   0.3205512966324735
   0.32223120752836776
   0.3224318052891805
   0.3207741116514236
   0.32244621199931933
   0.321293994194974
   0.3211236375655956
   0.3207203209458203
   0.3212745471019919
   0.3205263601636377
   0.32096593935874257
   0.31910209866906236
   0.3208540793300126
   0.3211259008453694
   0.32255279368432077
   0.3213555938953607
   0.32141929557248117
   0.3219310535472464
   0.3205663156214483
   0.32286875450560404
   0.32115436232987715
   0.3213518318862365
   0.3221257599429763
   0.32150774593516407
   0.3208826852971503
   0.32113453680593124
   0.3231989607703589
   0.32054324798652367
   0.32035647334041806
   0.3218274751582127
   0.3227244260675662
   0.3207211258383208
   0.3213728086413659
   0.3218479197509128
   0.32123634757007186
   0.32077186757804993
   0.3213743835017191
   0.3208622411218715
   0.321610992374188
   0.32142740661617514
   0.3207386280806227
   0.3221435148253027
   0.32277051730848966
   0.32138629428499277
   0.3229517416060177
   0.3220910269459707
   0.32027104940403217
   0.3208341357835852
   0.32222497991681215
   0.32102203631088944
   0.32150440308499667
   0.32204547969737135
   0.32213435474279983
   0.3229793718534359
   0.32265638020617227
   0.3210273758229195
   0.321304935624696
   0.32102153306244113
   0.3208169224653837
   0.3206572258895159
   0.3202046917510111
   0.3154137431690477
   0.3101806373021856
   0.29662070800475143
   0.2586651063709792
