   0.13109503995483582
   0.14290087702124155
   0.14589505154048235
   0.14624300707397944
   0.146690112119904
   0.146691186916597
   0.14755479586973783
   0.14769116848870822
   0.14668793515892845
   0.14722852962788835
   0.1469423997653162
   0.14762107563349483
   0.1468135634061104
   0.1467449910735968
   0.1475060532289777
   0.14796015725589778
   0.1474329967150841
   0.14760977286179258
   0.14770876940029662
   0.14735824170283113
   0.14755033731225423
   0.1468115328668358
   0.14684930251533374
   0.14727017509974652
   0.1469555326291256
   0.1470030909326399
   0.14716912107636573
   0.14605339028163639
   0.14697836163952843
   0.14708944384135797
   0.14750145062930736
   0.14735843915348046
   0.1471296843249519
   0.14740296633053215
   0.14763818775316906
   0.1477369497798029
   0.14644538736303714
   0.14726394739120638
   0.1476694201502464
   0.1474566705491481
   0.1475821757470732
   0.14741180717157631
   0.14734118249067366
   0.14734858971021744
   0.14705035550463658
   0.14753477607330415
   0.14686860641525812
   0.14741143946760035
   0.14647742525740953
   0.147660444566546
   0.1468474847274886
   0.1466535244510339
   0.1470672091800208
   0.14699753710287122
   0.147031217003703
   0.1478441941496182
   0.14686942419138846
   0.1474384381428059
   0.1463765833892498
   0.14700783676035778
   0.1475754583442315
   0.1473906813704313
   0.14694952061000405
   0.14735766447575777
   0.14721473564419427
   0.1469490081893716
   0.14685148390384076
   0.1467433916433718
   0.14739070074112545
   0.14703575906122293
   0.14716506041581337
   0.14781716641635367
   0.14802263045193462
   0.14723524639963081
   0.14747108481000606
   0.14770656300097162
   0.14759505078392704
   0.14791776097764595
   0.14746934959099128
   0.147676994551081
   0.14732056861005527
   0.14744008367601397
   0.14764342148717632
   0.14705750544514892
   0.14713622957123781
   0.14695062418074312
   0.14726565445398326
   0.14745504447223906
   0.1470771858523272
   0.1472631519355402
   0.14753664920551096
   0.14722304133524752
   0.14664346164677783
   0.14776580946805656
   0.1471432392281752
   0.14730544125673023
   0.14642523787708184
   0.14592971090274934
   0.14288830793315455
   0.131494583887094
