   0.09577034392232284
   0.10776564093954065
   0.1104038229859365
   0.1107065143954501
   0.11083458597527218
   0.11050175987155136
   0.11047197255299644
   0.11048532484705831
   0.1107861338063117
   0.11089879045327772
   0.11091347028580432
   0.11070402136864767
   0.11075730492856893
   0.11066256468670876
   0.1106517208164428
   0.11076007657594861
   0.1107389251708269
   0.11084913628098327
   0.1107418170194078
   0.11046691924694017
   0.11033778922545077
   0.11061441860404095
   0.11032104184057545
   0.11071438279808093
   0.11075786943016735
   0.11104951757409845
   0.11082146981514908
   0.1110068888701958
   0.11081292836988832
   0.11025794302956136
   0.11065326781889454
   0.11047157448099489
   0.11102760159005506
   0.1103661437723997
   0.11083033328543229
   0.11046036437944608
   0.11056765674061289
   0.11027273842500693
   0.11065652022560624
   0.11080408656723813
   0.1104972150961281
   0.11049390844367846
   0.1103100087469401
   0.11087844511157252
   0.11052454282153806
   0.11093447573482286
   0.11087609462995168
   0.1107972618964476
   0.11008385747597146
   0.11067282664845965
   0.11094933115792091
   0.11062297879120775
   0.11103540803000636
   0.11038724871899834
   0.11064523442064733
   0.11061080321632241
   0.11066702254849907
   0.11061853928664037
   0.11058172871844607
   0.11063213827450864
   0.11092638697731032
   0.11065443257926905
   0.11071548631767825
   0.11059070954813519
   0.11076485080728453
   0.11078088019708095
   0.11075885266537389
   0.11063802328815352
   0.11045640230805999
   0.11056818253797066
   0.11107048860520961
   0.1103472447267715
   0.11058140847895725
   0.11069671764921488
   0.11054210279884312
   0.11010848938746731
   0.11069418872388921
   0.11093386202485696
   0.11101234942113423
   0.11051155062340769
   0.11052204958174636
   0.11049419368342392
   0.11086475616854077
   0.11057533920685028
   0.11090742127445756
   0.11039636086026568
   0.11047295804634726
   0.11070474718777872
   0.11084810805200962
   0.11049510099434273
   0.11091309105619589
   0.11069643730039372
   0.11028392287183114
   0.11088577545835174
   0.11084101157419127
   0.1105543356830025
   0.11048226439021785
   0.11022028800139293
   0.1082381438946548
   0.0955683930744888
