   0.5278164076940011
   0.7965501396999438
   0.9542205180727357
   1.043975538485457
   1.1071141944713743
   1.1451325334230968
   1.1697358185436573
   1.1796127497746878
   1.1899474564383083
   1.1951100300436777
   1.1958250045550143
   1.2080409674241184
   1.2196052661808245
   1.2172314393405224
   1.2138999029425779
   1.2045031685433625
   1.212830553539941
   1.2047805355993264
   1.2037318434763615
   1.2118278972131316
   1.208213047569012
   1.2109293693275425
   1.205685682049845
   1.2065468860011201
   1.2241175809145133
   1.2136903182241343
   1.2188916145006496
   1.2123668198160984
   1.21095334195831
   1.2026589172824522
   1.2095069313666622
   1.20648786629456
   1.2078376546336846
   1.2114591033939197
   1.2090882677451633
   1.2078008767901272
   1.205855990585526
   1.209919433066103
   1.2151952815078737
   1.2147700284679401
   1.211657132455795
   1.2142836604335907
   1.205157328829311
   1.2155144490708452
   1.2067805613797398
   1.2015414939147961
   1.2002600948956856
   1.208820569983817
   1.210539851205238
   1.2157175368497404
   1.2164770606431508
   1.2101922133595142
   1.2017064739511059
   1.1958328927032404
   1.1966034538137518
   1.204038552590406
   1.2080445911240196
   1.1951318288251718
   1.2015883219405887
   1.20858175223317
   1.1974831696683674
   1.1911230591970754
   1.19035794018396
   1.198860775516073
   1.2064579636589083
   1.2051253177508139
   1.207011418005646
   1.2072254519181578
   1.2135611608777697
   1.2145910096979147
   1.216541483700412
   1.2117835473709815
   1.2069440427256768
   1.2124428566476855
   1.220468225454477
   1.2212140483698997
   1.2196233950523416
   1.219006245101312
   1.210264625461721
   1.2054805053085678
   1.2090725393949695
   1.2069015852135583
   1.2074480025640857
   1.203488032176058
   1.2033428332773666
   1.2017023863819194
   1.2068688101546083
   1.2124068847775487
   1.2024100488452347
   1.198646287849756
   1.2061153460755734
   1.204134072641415
   1.191232074698713
   1.1820360785678246
   1.1474591031736163
   1.1073985138151485
   1.0415046502421388
   0.9536323899233918
   0.7971185990528636
   0.5224699025963122
