   0.4892180985000453
   0.6038418868801666
   0.6967376753979937
   0.7606068700182769
   0.8175669218938594
   0.8589051188484093
   0.8909784651741028
   0.9135564288641398
   0.9330650018428512
   0.9524855772640339
   0.9638578093842473
   0.977012384666131
   0.9837102285449715
   0.9914088069792399
   0.9969264202131469
   0.9975797900418792
   1.0094725661571988
   1.0111944553566343
   1.01654390216606
   1.0128505345760548
   1.0177710200944021
   1.0219048769743688
   1.014826563522556
   1.013119139094707
   1.0212202007201974
   1.0212791512588515
   1.0204161541626044
   1.0194688793190305
   1.014863372589631
   1.0133193450734077
   1.0184877747543168
   1.0164672919066309
   1.0265372400142139
   1.021581149387556
   1.0172036830325577
   1.0229014159321512
   1.0224370821282842
   1.0148539192908503
   1.0225064182312011
   1.0124760123795526
   1.0176520383898418
   1.0186289470047472
   1.0207465270041334
   1.0236489169319722
   1.0182480424238487
   1.0135455937840192
   1.0123780071811121
   1.0196557597542417
   1.0211346185293104
   1.0170039774769812
   1.0200113502035162
   1.0183168191952836
   1.027259883020845
   1.0233106052005911
   1.0221059669134116
   1.0219573405925513
   1.0149024365519081
   1.0224527617665278
   1.0188991709089767
   1.0153406285498479
   1.0162539253080403
   1.0291336880303743
   1.023515324445609
   1.0225973760180496
   1.0319991613640003
   1.0273955400793795
   1.0264149020254918
   1.023875009144671
   1.0212473189345468
   1.0250476982926209
   1.0172075732926884
   1.0221148394260793
   1.0192407858553345
   1.0169352479504288
   1.0145964561533811
   1.0080498211179842
   1.0090728469065056
   1.0106717242784622
   1.014568193248241
   1.0201786526442318
   1.0080447265429249
   0.9989698210411564
   1.0022913636582929
   0.9998797541579687
   0.9981114400100822
   0.995545498034118
   0.9901878476688148
   0.9821228008248256
   0.9715776237830923
   0.9604648053932012
   0.9534422965397539
   0.933478179905133
   0.9130263463361832
   0.8911015661775037
   0.8541429344313515
   0.8119668101437398
   0.7631404224020636
   0.6916606244213993
   0.5995469903185238
   0.48873303534342755
