   0.9364751797052605
   1.5875006813072554
   2.108102148027699
   2.513330800944237
   2.8254669836639392
   3.053349452240932
   3.2376579533840504
   3.3941600425902134
   3.5044657317541286
   3.6175381765261303
   3.700795360274734
   3.7847628794607466
   3.831574122148624
   3.8763835891241465
   3.8864806691705027
   3.896065474250144
   3.917883910723236
   3.9366443085957106
   3.9530357423484044
   3.9612869513014326
   3.9442927452769023
   3.946422822780017
   3.9658506937098625
   3.9810121180271483
   4.01052503672574
   4.025610836432155
   4.028577909200218
   4.020500267068764
   4.011267519165357
   4.015039871337644
   4.033459860776602
   4.022987711674497
   4.01209607223344
   4.029025156035142
   4.012854838062174
   4.014588269796916
   4.01988661175362
   4.013678272950013
   4.0004176784925845
   4.0103895741955045
   4.011876834100968
   4.017656152531598
   3.9904989983909283
   4.008737361536173
   4.007828533197996
   4.012820793779732
   4.009024464003057
   4.0116909601033575
   4.017696832763766
   4.021920099191927
   4.037739360908651
   4.050196104901465
   4.048114826189593
   4.034651234716453
   4.040158425532222
   4.063544662507231
   4.040377062673236
   4.038423497945579
   4.032307614118248
   4.0233855694546605
   4.034148804363939
   4.036285913518021
   4.018274500110215
   4.008862163086179
   4.0194947979446365
   4.014744173982198
   4.013404665347863
   4.020631530926951
   4.027549745877263
   4.013934743560114
   4.003084121548159
   4.015673640577755
   4.016410573036079
   4.019390952354722
   4.019031205627048
   4.01372529079906
   4.006984284247195
   4.006845835836338
   3.9970601648066295
   3.996172861122877
   3.9802911296532066
   3.949308930972101
   3.926337951730085
   3.9131439658043505
   3.8961993775426844
   3.8774573776864396
   3.835567720683732
   3.8102359369171617
   3.7513488661434837
   3.6740111787984535
   3.6076636203055297
   3.528208946644742
   3.4114773636615268
   3.259691478848267
   3.0603680458034783
   2.817828203381995
   2.5137670615520444
   2.103168849196612
   1.5985289429960285
   0.9435173535319845
