   0.20961295646023412
   0.23580084434106677
   0.24594150145422794
   0.2483867894197274
   0.24944574304563708
   0.25095865071758333
   0.24996652620829055
   0.25007842443489603
   0.25034685418235236
   0.24886286071360667
   0.25100151391925907
   0.25033321786898355
   0.25057115600481633
   0.25063864420882903
   0.251903145867117
   0.25113162422600227
   0.25043873364246194
   0.24976182652367035
   0.25048621708507235
   0.25099089428511145
   0.24917801488092806
   0.2501830953384141
   0.24971721080452183
   0.25161607082376514
   0.2517390967527889
   0.25083715275674373
   0.2504948901577835
   0.25027424957434197
   0.250561820369425
   0.24930093908718035
   0.2504190761150396
   0.24945433486640395
   0.25062532096176954
   0.25057215030803004
   0.25135412767647164
   0.25104499596685853
   0.25029102903620015
   0.25116886431243823
   0.2510564971951732
   0.25037306163651074
   0.25027029606757173
   0.25074597693600187
   0.2513129807324723
   0.24971873528231717
   0.24982627883741532
   0.2509761433637667
   0.24946073516118722
   0.25052897960842774
   0.2505519306867141
   0.2510243908029457
   0.25124163643719566
   0.251263205424113
   0.2503011678353699
   0.25096704338785203
   0.250570224445284
   0.249939560422735
   0.2503687179692982
   0.25103358039814117
   0.25093765072933955
   0.24980107276599114
   0.24950163924880334
   0.2503990513782151
   0.2512925751695819
   0.2505528881793223
   0.2515355508849594
   0.2507648492272392
   0.25049878227759914
   0.25099354517150435
   0.2509042992019866
   0.2514624988661331
   0.24973631826476503
   0.2504739185310718
   0.2519744460039549
   0.2515144522431862
   0.2520895234503806
   0.25146653547786435
   0.25015848406248387
   0.24963995299462785
   0.2507070710693258
   0.2505330910766879
   0.2495172771843866
   0.2513036606306999
   0.2514110246364705
   0.25043098624379534
   0.2492311984448175
   0.2503757176405092
   0.2503607995602347
   0.25047978323160136
   0.2495671875459392
   0.24994064084048037
   0.25067583647761105
   0.2497030420414617
   0.25050067747285637
   0.2511929522084368
   0.250940046835016
   0.2508917978364179
   0.24956401536181053
   0.24634124324747164
   0.23621170258424964
   0.21032086521607882
