   0.0
   0.0
   0.0
   0.0
   0.0
   0.0
   0.0
   0.0
   0.0
   0.0
   0.0
   0.0
   0.0
   0.0
   0.0
   0.0
   0.0
   0.0
   0.0
   0.0
   0.0
   0.0
   0.0
   0.0
   0.0
   0.0
   0.0
   0.0
   0.0
   0.0
   0.0
   0.0
   0.0
   0.0
   0.0
   0.0
   0.0
   0.0
   0.0
   0.0
   0.0
   0.0
   0.0
   0.0
   0.0
   0.0
   0.0
   0.0
   0.0
   0.0
   0.0
   0.0
   0.0
   0.0
   0.0
   0.0
   0.0
   0.0
   0.0
   0.0
   0.0
   0.0
   0.0
   0.0
   0.0
   0.0
   0.0
   0.0
   0.0
   0.0
   0.0
   0.0
   0.0
   0.0
   0.0
   0.0
   0.0
   0.0
   0.0
   0.0
   0.0
   0.0
   0.0
   0.0
   0.0
   0.0
   0.0
   0.0
   0.0
   0.0
   0.0
   0.0
   0.0
   0.0
   0.0
   0.0
   0.0
   0.0
   0.0
   0.0
   0.0
   0.0
   0.0
   0.0
   0.0
   0.0
   0.0
   0.0
   0.0
   0.0
   0.0
   0.0
   0.00031622775020544923
   0.0
   0.0
   0.0
   0.0006324555004108985
   0.0
   0.0
   0.0
   0.00031622775020544923
   0.0
   0.0
   0.0
   0.0
   0.0
   0.0
   0.0
   0.0
   0.0
   0.00031622775020544923
   0.0
   0.0
   0.0
   0.0
   0.0
   0.0
   0.00031622775020544923
   0.00031622775020544923
   0.0
   0.0
   0.00031622775020544923
   0.0
   0.00031622775020544923
   0.00031622775020544923
   0.0
   0.0
   0.0
   0.0
   0.00031622775020544923
   0.00044721355077859614
   0.00044721355077859614
   0.0
   0.0
   0.00031622775020544923
   0.00031622775020544923
   0.00031622775020544923
   0.0
   0.0
   0.00031622775020544923
   0.00031622775020544923
   0.00031622775020544923
   0.00031622775020544923
   0.0009486831662889355
   0.00031622775020544923
   0.0
   0.0005477224753467763
   0.0
   0.00031622775020544923
   0.0007745965659619206
   0.00031622775020544923
   0.00031622775020544923
   0.00031622775020544923
   0.00031622775020544923
   0.0006324554055425568
   0.0005477224753467763
   0.001449137505552872
   0.00044721355077859614
   0.0
   0.00044721355077859614
   0.00044721355077859614
   0.00031622775020544923
   0.0007745965659619206
   0.0008366598771304861
   0.00044721355077859614
   0.00031622775020544923
   0.001095444822891596
   0.0011401753154668803
   0.0005477224753467763
   0.0007071067175469343
   0.0008944269897537752
   0.0005477224753467763
   0.00031622775020544923
   0.00031622775020544923
   0.0013038401704196722
   0.001095444822891596
   0.0015165746898850713
   0.0007071066044098301
   0.0005477224753467763
   0.000836659733703015
   0.0006324554055425568
   0.001643166574027113
   0.001140174894478913
   0.0019748408518156595
   0.000948683039797803
   0.0010954446585747725
   0.0014491368982949815
   0.0010488084620177318
   0.0012247441814517838
   0.0018439078068059694
   0.0020493885039201327
   0.001923537259841878
   0.00130383937277565
   0.000999999499999875
   0.0018708277285736385
   0.0014832388344430576
   0.0021679461224855196
   0.0021908886872682508
   0.001095444457743066
   0.0018439067655388653
   0.0009486828711429336
   0.001999998309999286
   0.0022135915951231834
   0.001897363897622172
   0.0019493568580431855
   0.0020248438729936684
   0.0023874634049551417
   0.002720291447621008
   0.0022583142363276198
   0.0025690423974703103
   0.0027748840534335844
   0.002529817187071034
   0.0026457462009799805
   0.002408314522648568
   0.0031144777908985
   0.0031622730495641897
   0.0027928415637124854
   0.0029325699241450325
   0.0030659356744719875
   0.003911511767846289
   0.0038340461330036183
   0.0031937348418426977
   0.0037416500691539825
   0.003701340404502131
   0.0037282577579883075
   0.003240361200545396
   0.0038340456322271386
   0.004195218230318895
   0.004516617207601282
   0.004277834469682061
   0.0035776936481482034
   0.0041351957329732285
   0.0045276730347939215
   0.004438447060628301
   0.004690392410022855
   0.004969878645399705
   0.005049724854880709
   0.004732833295183763
   0.004888733413676799
   0.005098982608324919
   0.005594598208093232
   0.005282006049788281
   0.006395253364019286
   0.006284845830249139
   0.005458888326390274
   0.006640718448330723
   0.006870152941529031
   0.0065877965694153
   0.006752700434640944
   0.0069999212681286635
   0.007134330224344819
   0.0073347488545961815
   0.007382317299466341
   0.007456440842654088
   0.008154636123702885
   0.007905562061612064
   0.007930818040404155
   0.00860798401427419
   0.008372418335821497
   0.00919220327832234
   0.008631171201523
   0.009596656392202443
   0.009746566802725974
   0.009777295689504332
   0.009919437433645116
   0.011184482800290767
   0.010797848667211446
   0.010690804103995172
   0.011148633347186552
   0.01206607143356942
   0.01218563821841105
   0.012517508128617292
   0.012275502674432523
   0.01267231413120745
   0.013091404470109385
   0.013619201706047239
   0.013776132583566405
   0.014719972483330259
   0.015042450584595583
   0.015102116333481212
   0.015374408736598622
   0.016240901329667635
   0.016542807130290795
   0.01628076557628664
   0.017605489415520377
   0.01744004174306931
   0.017596923933176502
   0.018366896281081353
   0.01913202851738414
   0.0199880892923761
   0.020552732041993833
   0.020574559590912266
   0.021111578547328005
   0.02210858002473248
   0.022178320938249587
   0.022743506036669015
   0.023684323870231127
   0.024362303495154145
   0.024540113248312446
   0.025400674145384407
   0.026292033731721856
   0.027013614949502777
   0.0277257303629679
   0.028236216658043975
   0.029560588421748305
   0.029963521459267766
   0.031124822525437794
   0.031660905476470505
   0.032302605220012826
   0.03244147709337539
   0.0339063632339123
   0.035046348968187827
   0.03609802409758739
   0.037354461569001365
   0.037204081921074196
   0.03757472293963057
   0.038773351584690224
   0.04054163379786266
   0.04238817273237902
   0.04298074156828846
   0.044123266195398546
   0.04489945865107953
   0.04565584623670883
   0.04825321758556625
   0.048551063360548555
   0.05012944323558761
   0.05132867213936086
   0.052929908773679174
   0.05460702611193911
   0.05581906546969414
   0.05683564605386306
   0.05850683626987534
   0.060407454979580125
   0.06200113042187215
   0.06364759086846886
   0.06505478140144658
   0.06740938428134469
   0.06886356398263163
   0.0709571166662654
   0.07220136414334566
   0.07444507326015604
   0.07648039904387267
   0.07829790773903221
   0.08091556233407761
   0.08300161217416202
   0.08465373524653239
   0.08662870521201388
   0.08889752658375821
   0.09185908528692195
   0.09375975905339134
   0.09668577476500874
   0.09887986589670315
   0.10196560485766756
   0.10461065936586003
   0.10774698083120474
   0.10982293862354076
   0.112888005171453
   0.11620401017503657
   0.11928816912183705
   0.12194089525667752
   0.1253875726537124
   0.1279368012091908
   0.13277617824760585
   0.1359676790408294
   0.13829637296400799
   0.14312961169513458
   0.14698271652813472
   0.15090902107133952
   0.15466973570172027
   0.15867343591111904
   0.1627416249027888
   0.16680424023312476
   0.17118269210536444
   0.17581204573859552
   0.18048642097506948
   0.3167111536625131
   0.3188178811645294
   0.3196694514668394
   0.3207526951870397
   0.32152953620039326
   0.3213517387548883
   0.32133870116815993
   0.3196928721700094
   0.3185453074950407
   0.3164055438817563
   0.18063647201946786
   0.1756683721533276
   0.1711582307959217
   0.16728051019646611
   0.16244152816786106
   0.15753061260513782
   0.1540107013904878
   0.15084290958341395
   0.14624734881097845
   0.14288685837836873
   0.13858277997467794
   0.13540994391015013
   0.13202662243346983
   0.12828613096664035
   0.12535453321675286
   0.12203091019241806
   0.11912174171724488
   0.116175310819468
   0.11320329551170319
   0.11002285268065903
   0.10717785297900868
   0.10494591819866078
   0.10113620939698106
   0.09875523034168875
   0.09664873083408804
   0.09379240551297317
   0.09188220250815714
   0.08916188967400814
   0.08672731595316438
   0.08446840579619104
   0.08269555151058611
   0.08027303451091157
   0.07843063432103554
   0.07612927814999955
   0.07440948858841862
   0.07252318401663016
   0.07064142922223474
   0.06861239679350956
   0.06697634526636997
   0.0651866044428608
   0.06325845050070386
   0.062076407505508885
   0.06095038864839174
   0.058206624743236915
   0.0566505087877417
   0.05601572778996985
   0.05377699749112068
   0.0523623770549046
   0.05132716502973839
   0.04991399577583426
   0.04888320963439287
   0.04764589544451862
   0.04707280847538205
   0.045344160124981915
   0.04470342747385261
   0.04367672771442476
   0.04184488290806894
   0.04121159757883695
   0.03939000862096884
   0.038582366043440106
   0.037294061639354864
   0.037079399304195855
   0.03568885671676805
   0.03491494671340628
   0.0331688948257249
   0.033552766848055915
   0.03246942997898177
   0.031073035110848118
   0.031099126104120675
   0.030008343879494585
   0.028690837906028468
   0.028449580390402948
   0.02763362616650229
   0.026721561226657396
   0.02607225797969942
   0.025660962224943944
   0.02544798992062045
   0.024042280327789208
   0.023277736239591684
   0.022277220256576
   0.02208573745904809
   0.02161000275589987
   0.021493985897222505
   0.021004908481352638
   0.02001302173585988
   0.019471178075298884
   0.018765324403271052
   0.01883453686290162
   0.018285117567027016
   0.01745720575120772
   0.017336526202212484
   0.016913351717208508
   0.01642449085968877
   0.015484561389978084
   0.015015803940848456
   0.01480459930697214
   0.014702934537023553
   0.014268100223926099
   0.013808738479310845
   0.013329810410879819
   0.013049369808155487
   0.012401123173325874
   0.01188652744538959
   0.011755420870389967
   0.011691470983156909
   0.011453892178643904
   0.01130892450721995
   0.010779287751980648
   0.01019286268670387
   0.010459164997264361
   0.009486604785696514
   0.009669312504516544
   0.00976193852418668
   0.009257231754147673
   0.008660086925660735
   0.008631188167917555
   0.008342521048220376
   0.008949707520919328
   0.00735515087472718
   0.0076549349206900515
   0.007854819778327188
   0.007854814303979439
   0.00707097819541257
   0.007148339241390269
   0.007014199985743207
   0.007113281591501913
   0.00682634796651914
   0.00644198181850896
   0.006580210087071689
   0.0061318253204082716
   0.0061073133528581946
   0.005882117224265426
   0.005822314810279499
   0.005458892484744501
   0.0051768360375812564
   0.005186487280424006
   0.00531033394053519
   0.004266124756731804
   0.004847655077457554
   0.004679717246800281
   0.004335870034952616
   0.004625991608293296
   0.004494419206082139
   0.005019934660929363
   0.004074292085749376
   0.0042071210762230265
   0.003820979371836493
   0.0037416445528670947
   0.003872971448384302
   0.004135199186254514
   0.003271075907098458
   0.0036193786745793814
   0.003178040866634663
   0.002898268282957946
   0.00272028791858509
   0.002932568232795275
   0.0026267805370833704
   0.00299999477332878
   0.0023874637567929697
   0.0022360640330723984
   0.0021908869345541315
   0.0022360650795538134
   0.0027568048461942313
   0.002144757692607722
   0.0020493879574155793
   0.0023874637567929697
   0.002428987754188975
   0.0022803476840166283
   0.001999998309999286
   0.0016124500488387229
   0.0017029370833944514
   0.0021213183613027066
   0.0019493576275275914
   0.0017606801839062085
   0.0021679468974123883
   0.002645750396390408
   0.0017320494103806622
   0.0012247439528325912
   0.0015165741360052267
   0.0017320498722611887
   0.001378404436295821
   0.0010488082713251265
   0.0011401746839848708
   0.001303840017026629
   0.0013038396182046318
   0.0017320498722611887
   0.001643166793116268
   0.0012247445407104292
   0.001095444822891596
   0.001140174894478913
   0.000948683039797803
   0.0010488082713251265
   0.0013416404138218258
   0.0012247441814517838
   0.0012649106687825824
   0.0009999996799999488
   0.0007745964368624477
   0.0005477224753467763
   0.001048808614571791
   0.0019235380916425857
   0.0007071066044098301
   0.0007071066044098301
   0.0013038401704196722
   0.00044721355077859614
   0.0007071067175469343
   0.0006324554055425568
   0.0006324554055425568
   0.0009999999199999969
   0.00031622775020544923
   0.000836659733703015
   0.00031622775020544923
   0.00031622775020544923
   0.0012247446713499104
   0.00031622775020544923
   0.0005477224753467763
   0.0016124514380284449
   0.0006324554055425568
   0.0
   0.001048808728987321
   0.0007071067175469343
   0.0007071067175469343
   0.0
   0.00031622775020544923
   0.0007071067175469343
   0.0005477224753467763
   0.00031622775020544923
   0.0
   0.0005477224753467763
   0.00031622775020544923
   0.00031622775020544923
   0.0
   0.0
   0.0009486832506163476
   0.0007071067175469343
   0.0
   0.00031622775020544923
   0.0009486832506163476
   0.0
   0.0
   0.0
   0.0
   0.00031622775020544923
   0.0011832158044921476
   0.0
   0.0
   0.0
   0.0
   0.00031622775020544923
   0.0
   0.0
   0.00031622775020544923
   0.0
   0.0
   0.0
   0.0
   0.00031622775020544923
   0.0
   0.0
   0.0
   0.0
   0.0
   0.00031622775020544923
   0.0
   0.0
   0.0
   0.0
   0.0
   0.0
   0.0
   0.0
   0.0
   0.0
   0.0
   0.0
   0.0
   0.0
   0.0
   0.0
   0.0
   0.0
   0.0
   0.0
   0.0
   0.0
   0.0
   0.0
   0.0
   0.0
   0.0
   0.0
   0.0
   0.0
   0.0
   0.0
   0.0
   0.0
   0.0
   0.0
   0.0
   0.0
   0.0
   0.0
   0.0
   0.0
   0.0
   0.0
   0.0
   0.0
   0.0
   0.0
   0.0
   0.0
   0.0
   0.0
   0.0
   0.0
   0.0
   0.0
   0.0
   0.0
   0.0
   0.0
   0.0
   0.0
   0.0
   0.0
   0.0
   0.0
   0.0
   0.0
   0.0
   0.0
   0.0
   0.0
   0.0
   0.0
   0.0
   0.0
   0.0
   0.0
   0.0
   0.0
   0.0
   0.0
   0.0
   0.0
   0.0
   0.0
   0.0
   0.0
   0.0
   0.0
   0.0
   0.0
   0.0
   0.0
   0.0
   0.0
   0.0
   0.0
   0.0
   0.0
   0.0
   0.0
   0.0
   0.0
   0.0
   0.0
   0.0
   0.0
   0.0
   0.0
   0.0
   0.0
   0.0
   0.0
   0.0
   0.0
   0.0
   0.0
   0.0
   0.0
   0.0
   0.0
   0.0
   0.0
   0.0
   0.0
   0.0
   0.0
   0.0
   0.0
   0.0
   0.0
   0.0
