   0.11286560071164287
   0.13149800937185324
   0.14025376816328322
   0.14396146637121338
   0.14609564921872245
   0.14762932380116764
   0.1481763369283706
   0.14905087704753703
   0.14866897035010365
   0.14918580308648674
   0.14888177448687262
   0.1487604097122282
   0.14852776705623094
   0.14911500018227544
   0.148553136732652
   0.1488601606394068
   0.14901795078768196
   0.14889225548684523
   0.1490218142109067
   0.14915753752848027
   0.14862678161458653
   0.14876295643795198
   0.14921502467392486
   0.14948329863513182
   0.14888714199281952
   0.14880571598829798
   0.14823054182981318
   0.14857857481938638
   0.14867905981109109
   0.14895185049776993
   0.14891803148709024
   0.14876386861210622
   0.14859416785271218
   0.1487288487905423
   0.14891829106674573
   0.14909614656237766
   0.1490928749924355
   0.1493283086055688
   0.14839782143090915
   0.14913886380253136
   0.14849231668200885
   0.14903447394341351
   0.14925761460763065
   0.1487943687773163
   0.14875939294726906
   0.14877795350518166
   0.14910076091542926
   0.14866150782485693
   0.1492297547161423
   0.1488628457043261
   0.14919610241222792
   0.1490803134407424
   0.14887550737968958
   0.14912602297908972
   0.14879851670735833
   0.14913801269693117
   0.1489854839989118
   0.14946712526719713
   0.14894481367150722
   0.14942525032938708
   0.14911338183781495
   0.14906784989272504
   0.14959957440033042
   0.14968257473787655
   0.14885925430083277
   0.14814325277348947
   0.1487572089762039
   0.14886919375599506
   0.1486215385219787
   0.14889248080396808
   0.14883624333390708
   0.14931862343562508
   0.1488787683234584
   0.1489565851798436
   0.14854388005135047
   0.1488615716063417
   0.1493094002688377
   0.14919863421730778
   0.14934480891882382
   0.14922473499939612
   0.14901510363285328
   0.14871939273894308
   0.14919973467721045
   0.14926995278323765
   0.14919507675509938
   0.14889432855119097
   0.1489856068081746
   0.14859113859766337
   0.14882180841140186
   0.1487366721788544
   0.14934415338740248
   0.14850225477830295
   0.14859989006291358
   0.1481796900143876
   0.14786928526637977
   0.14642762290442332
   0.14446618116362042
   0.1405442708556987
   0.131243474153346
   0.11287922767165799
