   0.1758941875877654
   0.19577807942668146
   0.20199387017033463
   0.20365955478275505
   0.20401137760811283
   0.20349375975139875
   0.2043456425716976
   0.20473264351048173
   0.2038097309148658
   0.20432804471317687
   0.20457634112905138
   0.20366971593516303
   0.20412370657988257
   0.20484267914062734
   0.20421884786189545
   0.20457121885504814
   0.20477721730739482
   0.2040747899417025
   0.20375908963869563
   0.20437763084934224
   0.203957917226471
   0.20421513742041747
   0.20434809498999496
   0.20524221779731383
   0.20397484129468027
   0.2037946078618372
   0.20469447800834786
   0.20436235847053635
   0.20466098727163418
   0.20422800890120338
   0.20429642809679763
   0.2044318522823437
   0.20412997402221458
   0.2046203898570228
   0.20358200635262438
   0.2048494073118104
   0.20457333156000565
   0.20359475695879303
   0.20464765801112897
   0.20445155733755124
   0.20495624498111784
   0.20510170648219872
   0.20508530726678104
   0.20434700904647468
   0.2049649945991754
   0.20490265558103438
   0.20433730907788228
   0.20421838874734077
   0.20405970816248856
   0.20471042918657076
   0.20407816075523613
   0.20428547568965835
   0.2047962499656427
   0.20475112656195568
   0.20421783257208467
   0.20432447591328845
   0.20436586742643695
   0.2039983634522346
   0.20418772733225177
   0.20481585871994873
   0.2036825736015725
   0.20418446378027882
   0.20412997755733966
   0.20436291247129457
   0.20405160019475466
   0.20421375404570574
   0.20438420189434897
   0.20468795759399233
   0.20426750267135005
   0.20504850237502345
   0.2046911233121505
   0.2044750718646163
   0.20389169218580241
   0.2040483844141874
   0.20419301682160926
   0.20484303924104913
   0.20499169857999128
   0.2043806812896953
   0.20418973526002723
   0.20440677084556177
   0.2048350452803426
   0.2034456534747056
   0.20495398490744207
   0.20380270804577155
   0.2039630714748138
   0.20405657090904963
   0.20531433387055567
   0.20410754002219025
   0.20502240828748453
   0.2038794658070057
   0.20419087071453512
   0.20408405298366653
   0.20388753698348017
   0.2030373972516147
   0.20367768310188036
   0.20436915571964376
   0.2033140598707084
   0.20120504311522613
   0.1949190796602272
   0.17599269259330058
