   0.4237856204684628
   0.589473600400213
   0.6608946165366987
   0.6969759260189623
   0.713393403811137
   0.7246875816127595
   0.7303762117856181
   0.733270557692616
   0.7364191884185256
   0.7351056556078929
   0.7384577168098387
   0.7362964312793524
   0.7379169755553737
   0.7379526541429606
   0.7371940947713567
   0.7378459286761431
   0.7391011852185801
   0.737757899321207
   0.7380483328248293
   0.7370195899138571
   0.7376248086273671
   0.7387648852977244
   0.7374068875012221
   0.7379580977953695
   0.7357666175477044
   0.7385221722541578
   0.7385099791389078
   0.7361397453267621
   0.7369725973908121
   0.7353921650247234
   0.7368764346567137
   0.7397138255527674
   0.7385049054324215
   0.7374213029849355
   0.739679599421236
   0.739701781812103
   0.7389566988857738
   0.7348761627767701
   0.7342814643933483
   0.7362600841534124
   0.7389708499448134
   0.7396877034564722
   0.7360286942510869
   0.7348665407102911
   0.7373089966986432
   0.7349165957927403
   0.737844421931209
   0.7370880001690707
   0.7376009977867167
   0.738057820817414
   0.7373771884559421
   0.7382095272060297
   0.7384393347228937
   0.7372407055487644
   0.7380847421181324
   0.7376847379536532
   0.7371682138479317
   0.7370885127697963
   0.7374708884010541
   0.7383301412307031
   0.7380120559116904
   0.7363439092733164
   0.7355441595788522
   0.7371106410633278
   0.7398543280476502
   0.7385152085721661
   0.7366239092074055
   0.7370297407333778
   0.7364711693133345
   0.7383803297930139
   0.7365211582476026
   0.7391564500292479
   0.7358584078066581
   0.7355331752047558
   0.7379132731342823
   0.7398037378844134
   0.7375110032452667
   0.7378820192686565
   0.7379033484075742
   0.7381696807902909
   0.7401893959272249
   0.7392992247342818
   0.736624475258588
   0.7351641854929483
   0.7376414297951546
   0.7366595181132461
   0.7368656856009513
   0.7380805531536785
   0.7374183072747517
   0.736272146513767
   0.737063366755661
   0.7332663400189525
   0.7304622102715788
   0.7311535843576232
   0.7231238441025092
   0.711687759800209
   0.6941795017695063
   0.6598125189550059
   0.5891817644477382
   0.42693575826833713
