   0.0
   0.0
   0.0
   0.0
   0.0
   0.0
   0.0
   0.0
   0.0
   0.0
   0.0
   0.0
   0.0
   0.0
   0.0
   0.0
   0.0
   0.0
   0.0
   0.0
   0.0
   0.0
   0.0
   0.0
   0.0
   0.0
   0.0
   0.0
   0.0
   0.0
   0.0
   0.0
   0.0
   0.0
   0.0
   0.0
   0.0
   0.0
   0.0
   0.0
   0.0
   0.0
   0.0
   0.0
   0.0
   0.0
   0.0
   0.0
   0.0
   0.0
   0.0
   0.0
   0.0
   0.0
   0.0
   0.0
   0.0
   0.0
   0.0
   0.0
   0.0
   0.0
   0.0
   0.0
   0.0
   0.0
   0.0
   0.0
   0.0
   0.0
   0.0
   0.0
   0.0
   0.0
   0.0
   0.0
   0.0
   0.0
   0.0
   0.0
   0.0
   0.0
   0.0
   0.00031622775020544923
   0.0
   0.0
   0.0
   0.0
   0.0
   0.0
   0.0
   0.0
   0.0
   0.0
   0.0
   0.00031622775020544923
   0.00031622775020544923
   0.0
   0.0
   0.0
   0.0
   0.0
   0.0
   0.0
   0.0
   0.0
   0.0
   0.00031622775020544923
   0.0
   0.0
   0.00031622775020544923
   0.00031622775020544923
   0.00031622775020544923
   0.0
   0.0
   0.0
   0.00031622775020544923
   0.00031622775020544923
   0.0
   0.00031622775020544923
   0.0
   0.0
   0.00031622775020544923
   0.0
   0.0
   0.0
   0.0
   0.00031622775020544923
   0.0
   0.0
   0.0
   0.0
   0.00031622775020544923
   0.0
   0.0
   0.00031622775020544923
   0.0
   0.0
   0.00044721355077859614
   0.00031622775020544923
   0.0
   0.0
   0.0
   0.0
   0.00044721355077859614
   0.0005477224753467763
   0.0
   0.0
   0.0006324555004108985
   0.00044721355077859614
   0.00031622775020544923
   0.0
   0.0
   0.0
   0.00031622775020544923
   0.00044721355077859614
   0.00031622775020544923
   0.00044721355077859614
   0.0005477224753467763
   0.00031622775020544923
   0.0005477224753467763
   0.0005477224753467763
   0.0007745965659619206
   0.0005477224753467763
   0.0006324554055425568
   0.0007745964368624477
   0.0007071067175469343
   0.00044721355077859614
   0.000836659733703015
   0.001048808614571791
   0.0005477224753467763
   0.0007071067175469343
   0.0007071067175469343
   0.0005477224753467763
   0.0007745964368624477
   0.0007745964368624477
   0.000999999499999875
   0.000894426833228968
   0.000948683039797803
   0.0007745964368624477
   0.0010488084620177318
   0.0009999996799999488
   0.0009486828711429336
   0.0010954446585747725
   0.000836659733703015
   0.0010488084620177318
   0.0009486828711429336
   0.001303839832954953
   0.000894426833228968
   0.000894426833228968
   0.0010954446585747725
   0.000948683039797803
   0.0011401746839848708
   0.001140174894478913
   0.0013784035657237687
   0.0013416395790226225
   0.0015165733447479552
   0.0011832151283684637
   0.0009486828711429336
   0.0014142128694082797
   0.0013416395790226225
   0.0015165738986280886
   0.0015811371572384226
   0.0013784038268954421
   0.0016431660628189715
   0.0015811371572384226
   0.001702936496173595
   0.001974839008628298
   0.0018165878976807042
   0.0018439061147466267
   0.0017888515198305308
   0.0018708254194338926
   0.002097614254337532
   0.0016431654542376432
   0.002167943244183297
   0.0023664261999901876
   0.002213588938805035
   0.002529815012999962
   0.002408314522648568
   0.0021679440744631767
   0.002366425752057309
   0.0027202856026527803
   0.0024698102740898947
   0.002469811229628694
   0.0027386025177086213
   0.0027748777828942306
   0.0028284163696316
   0.0027928376680358634
   0.0028982643081679076
   0.0031144678116814756
   0.0031304827998249727
   0.0033014999606239587
   0.0034058588579094114
   0.003224886329779703
   0.0035496282565925124
   0.003301498106920554
   0.003924258401277877
   0.004024892897953932
   0.0037549738201484175
   0.003949656547093684
   0.0036468943924934266
   0.00426611193008341
   0.004370317195582033
   0.004393140870721083
   0.00451659425231003
   0.004625971880588986
   0.005009936765069994
   0.004837308193613468
   0.004939582067341325
   0.004989933697956316
   0.00548627266456927
   0.0054771519460391094
   0.005727049851363265
   0.006228865142222939
   0.005941292511735136
   0.00641081849298512
   0.006355991740082739
   0.006465173111371419
   0.006503720159262697
   0.006964057029490784
   0.006811613726570232
   0.007197066913680879
   0.007456355224907139
   0.007279938186550762
   0.007556254759469138
   0.007667911319257676
   0.00820341195783803
   0.00807442429155169
   0.008449591175909045
   0.008555437510729652
   0.008977431962426672
   0.009246261825732602
   0.009470631433542327
   0.009766899520318615
   0.00980266125855627
   0.01021715219618461
   0.010329101466729815
   0.01081609854984689
   0.01084841047112433
   0.011264377202047168
   0.011759408688790435
   0.012069864943320616
   0.01242494058899277
   0.012485146691569146
   0.012902572468697861
   0.013182356687633665
   0.01370657162057675
   0.013862491514875673
   0.014606853180613544
   0.014961857919055374
   0.0151180233827045
   0.015506440259131043
   0.016125825743508453
   0.01621233567102532
   0.017082961838920087
   0.017193738678658577
   0.017936292788645038
   0.017661098075714317
   0.01881732253430333
   0.01929202994995602
   0.0197070512190434
   0.02023254753485087
   0.020802320579925693
   0.02143642876763758
   0.02195449460224489
   0.022633502132679336
   0.023172241845794726
   0.023537927978265205
   0.02464721645541338
   0.024689664452762414
   0.025803517763281814
   0.026050016352394102
   0.027137310986720845
   0.027615079733906256
   0.028203649916987695
   0.02962834020173928
   0.03004648966368617
   0.03047212196729988
   0.031694219182052744
   0.03251203671011707
   0.03336670554609789
   0.03406227793674404
   0.035267330780624724
   0.03604644290855895
   0.03744360070813169
   0.038072219961410185
   0.039315005532112035
   0.04005739351230931
   0.04101663720540727
   0.04199616053879211
   0.0433101962124394
   0.04441989720553167
   0.045663903009269806
   0.04656518406878685
   0.048298782795325186
   0.049323826224655365
   0.05035391448129927
   0.051840162130822855
   0.053129018104610216
   0.054805030139942444
   0.05604905819360393
   0.058313829268879264
   0.058874064483098155
   0.06066107848826956
   0.06240391993328624
   0.06419240726160688
   0.06570444741712696
   0.06764238211055255
   0.06885042042275415
   0.07076436133987221
   0.07294184860387073
   0.07509524797641992
   0.07643221490863653
   0.07907619493570742
   0.08118133697617944
   0.08320337246145736
   0.08542711333007805
   0.08788163649796242
   0.08966834811230771
   0.09199172119250731
   0.09448656200751512
   0.09690357489195123
   0.0994583034316894
   0.1022616751703198
   0.1048984179136654
   0.10758229077459729
   0.11035328264800282
   0.11339546959693761
   0.11628714384660069
   0.11964326393391314
   0.12255905064906467
   0.12589828621407045
   0.12907529930079575
   0.1326281774103452
   0.136082667983252
   0.13896457550037708
   0.1429234866946647
   0.1465592134121905
   0.15064195428150154
   0.1543742986230545
   0.15868062580765807
   0.16253377597653357
   0.16669798637008187
   0.17112723061953056
   0.17537144826670048
   0.1802102119503498
   0.1843065336737686
   0.1891214389744061
   0.19405920360457013
   0.19882354171412903
   0.20417711456390014
   0.20926180691447258
   0.21461205611279158
   0.21992398822299944
   0.2256507953019222
   0.23119907926036384
   0.23542943254637896
   0.23860824905363184
   0.24083914130755407
   0.24189933794006135
   0.24211364575702873
   0.24097841272095308
   0.23882821944902155
   0.23534776713109049
   0.23109395310998512
   0.2254608518974192
   0.22023310477028651
   0.21484187710732747
   0.20932184296828651
   0.20419761875829992
   0.1989064879241248
   0.19452182064447165
   0.18914074825481156
   0.18450429694454273
   0.17956470250890066
   0.17555932082207995
   0.17123269181996176
   0.16696403670778925
   0.1625764501735722
   0.15852515862710878
   0.15432465272599838
   0.15073942291398093
   0.14700832907121283
   0.1429458832411413
   0.13935059565681807
   0.1358805082774936
   0.13259505523778026
   0.12915173291129314
   0.1259721997788004
   0.1227319077384117
   0.11960824295607723
   0.11715828562141903
   0.11376944320580988
   0.1106804477555092
   0.10756641779124189
   0.10515528223874443
   0.1024247119900271
   0.09993735394215718
   0.09724579918119856
   0.09456610662552413
   0.09225905529778636
   0.08978540941817885
   0.08753940521610824
   0.08551461041102859
   0.08318423754317882
   0.08089417716992985
   0.07899733411096858
   0.07694179316333874
   0.07468365596239916
   0.07300351371023178
   0.0709230203276059
   0.0693222631263579
   0.06727683403066764
   0.0664278158718921
   0.06414857383286085
   0.06244801652286484
   0.06131088066273392
   0.0593327925281627
   0.057834352626704486
   0.05636466673644048
   0.05516843272705869
   0.053510790522192805
   0.0520190379264169
   0.050917661733822776
   0.049335118402107844
   0.04797517932889882
   0.04675233822762237
   0.045460800237567316
   0.04436385314633976
   0.043468552529846216
   0.04219945857460733
   0.04113284025155569
   0.040478343384580354
   0.03888598808812758
   0.03796572600385774
   0.03723085301144737
   0.03567334060667714
   0.03523859164481464
   0.034430859017892654
   0.03335602529663869
   0.03292540236337287
   0.03170696688048228
   0.03116231409876359
   0.030286516360255103
   0.029550741576989233
   0.028487541963286338
   0.027903020832698383
   0.027063551694299106
   0.026176166239539354
   0.02568904999703181
   0.02504509141528535
   0.024408934190373818
   0.023658561156587692
   0.023446545836007488
   0.022257260186285283
   0.021812914042832518
   0.021303135919389895
   0.021105214785924354
   0.020306440946409095
   0.019765332685285113
   0.0192166704285628
   0.019247985436403468
   0.01821284785638973
   0.018003028562994617
   0.017632895475219037
   0.01744197663999124
   0.016572100506272586
   0.015882228974234063
   0.015714562270709293
   0.015445092859546037
   0.014800641666833233
   0.014455530567917596
   0.01443476234650228
   0.01371384263837091
   0.01348598816216298
   0.012983659490297795
   0.012404827717868555
   0.012441056738074946
   0.012049133273393568
   0.011831458513640657
   0.011639785186591717
   0.011215441282446267
   0.011116967138567965
   0.010908143290221302
   0.010577783026230024
   0.010079246080932839
   0.010084219390215586
   0.009375126362348402
   0.009761797465118809
   0.008949543558752032
   0.008740420985284405
   0.008348384537741418
   0.008233834525905898
   0.008318405998747596
   0.007861090954823001
   0.007628702744241644
   0.007273080887079422
   0.007266190195694027
   0.00726620624810499
   0.0070638388366383335
   0.006655693886440391
   0.006488326125434819
   0.006340242506403048
   0.0063559870327117565
   0.005991569442975688
   0.005830867348859859
   0.005594563567428651
   0.005522606970444302
   0.005576662513546969
   0.005366494215034616
   0.005176812239206672
   0.005291443564850711
   0.005098965820634612
   0.005108766362831638
   0.0048989318672543304
   0.0044496818717746555
   0.004582538754882494
   0.004381743488612724
   0.004347376991934332
   0.004086530840456242
   0.0037416361715164126
   0.0034784843811637273
   0.003633159264331802
   0.003346622679657807
   0.003660583292318316
   0.00352134360152485
   0.003478487715947837
   0.0031780349132758123
   0.0031937312034671923
   0.0027018418884161228
   0.003033137985651164
   0.0034205113638168198
   0.0027928376680358634
   0.002846040532037448
   0.0026076735915371006
   0.002449483790515871
   0.0028284169141058395
   0.0026076735915371006
   0.0026457425725115434
   0.0023021672376263196
   0.0024698116831046047
   0.0022360632459749435
   0.002097613081576295
   0.002236062825593235
   0.002144756545624701
   0.0021213167585252325
   0.0018439057568107975
   0.0018973635497711028
   0.002190885400928127
   0.0018973635497711028
   0.002024842292624292
   0.001843906450989312
   0.001581136853659417
   0.0017888515198305308
   0.001702936496173595
   0.0014491361530235866
   0.0014491361530235866
   0.0017888524925213929
   0.0015165733447479552
   0.0014491361530235866
   0.0014491361530235866
   0.0014142124168596455
   0.0015165736348756692
   0.0011832151283684637
   0.0012247439528325912
   0.001095444457743066
   0.000894426833228968
   0.001140174894478913
   0.0014491364290500739
   0.0007745964368624477
   0.001095444457743066
   0.000836659733703015
   0.0007745964368624477
   0.000999999499999875
   0.0009486828711429336
   0.0011832151283684637
   0.0009486828711429336
   0.000836659733703015
   0.0005477224753467763
   0.0010488082713251265
   0.0010488084620177318
   0.0007071066044098301
   0.000836659733703015
   0.0006324554055425568
   0.000836659733703015
   0.000894426833228968
   0.00031622775020544923
   0.00031622775020544923
   0.00044721355077859614
   0.000836659733703015
   0.00044721355077859614
   0.0007071066044098301
   0.0007071067175469343
   0.00031622775020544923
   0.00031622775020544923
   0.0005477224753467763
   0.00044721355077859614
   0.0005477224753467763
   0.0006324554055425568
   0.0005477224753467763
   0.00044721355077859614
   0.00044721355077859614
   0.00044721355077859614
   0.0005477224753467763
   0.00044721355077859614
   0.00044721355077859614
   0.00031622775020544923
   0.0006324554055425568
   0.0005477224753467763
   0.00044721355077859614
   0.00031622775020544923
   0.0
   0.00031622775020544923
   0.0
   0.00031622775020544923
   0.00031622775020544923
   0.0
   0.00031622775020544923
   0.00031622775020544923
   0.00031622775020544923
   0.00031622775020544923
   0.00031622775020544923
   0.0
   0.00031622775020544923
   0.0
   0.00031622775020544923
   0.0
   0.0
   0.00031622775020544923
   0.00031622775020544923
   0.0
   0.0005477224753467763
   0.00031622775020544923
   0.0
   0.0
   0.0
   0.00031622775020544923
   0.0
   0.0
   0.0
   0.0
   0.0
   0.0
   0.00031622775020544923
   0.0
   0.0
   0.0
   0.0
   0.00031622775020544923
   0.00044721355077859614
   0.00031622775020544923
   0.00031622775020544923
   0.0
   0.0
   0.0
   0.0
   0.0
   0.0
   0.0
   0.0
   0.0
   0.0
   0.00031622775020544923
   0.0
   0.0
   0.00031622775020544923
   0.0
   0.0
   0.0
   0.0
   0.0
   0.0
   0.0
   0.0
   0.0
   0.0
   0.0
   0.0
   0.0
   0.0
   0.0
   0.0
   0.0
   0.0
   0.0
   0.0
   0.0
   0.0
   0.0
   0.0
   0.0
   0.0
   0.0
   0.0
   0.0
   0.0
   0.0
   0.0
   0.0
   0.0
   0.0
   0.0
   0.0
   0.0
   0.0
   0.0
   0.0
   0.0
   0.0
   0.0
   0.0
   0.0
   0.0
   0.0
   0.0
   0.0
   0.0
   0.0
   0.0
   0.0
   0.0
   0.0
   0.0
   0.0
   0.0
   0.0
   0.0
   0.0
   0.0
   0.0
   0.0
   0.0
   0.0
   0.0
   0.0
   0.0
   0.0
   0.0
   0.0
   0.0
   0.0
   0.0
   0.0
   0.0
   0.0
   0.0
   0.0
   0.0
   0.0
   0.0
   0.0
   0.0
   0.0
   0.0
   0.0
   0.0
   0.0
   0.0
   0.0
   0.0
