   0.0
   0.0
   0.0
   0.0
   0.0
   0.0
   0.0
   0.0
   0.0
   0.0
   0.0
   0.0
   0.0
   0.0
   0.0
   0.0
   0.0
   0.0
   0.0
   0.0
   0.0
   0.0
   0.0
   0.0
   0.0
   0.0
   0.0
   0.0
   0.0
   0.0
   0.0
   0.0
   0.0
   0.0
   0.00031622775020544923
   0.0
   0.0
   0.0
   0.00031622775020544923
   0.0
   0.0
   0.0
   0.0
   0.0
   0.0
   0.0
   0.0
   0.0
   0.0
   0.0007071067175469343
   0.0
   0.0
   0.0
   0.0015811387510272462
   0.0
   0.0
   0.0
   0.0
   0.0
   0.0
   0.00031622775020544923
   0.00044721355077859614
   0.0
   0.0009486831662889355
   0.00031622775020544923
   0.00031622775020544923
   0.0
   0.0013038403851699026
   0.0007745965659619206
   0.0
   0.0007745965659619206
   0.0006324555004108985
   0.0
   0.0
   0.00031622775020544923
   0.0
   0.00031622775020544923
   0.0
   0.0
   0.0
   0.00031622775020544923
   0.0
   0.0
   0.00031622775020544923
   0.0
   0.0007071067175469343
   0.0
   0.00044721355077859614
   0.00031622775020544923
   0.00044721355077859614
   0.0
   0.0006324555004108985
   0.0
   0.00031622775020544923
   0.00044721355077859614
   0.00031622775020544923
   0.0008366598771304861
   0.00044721355077859614
   0.0013038403851699026
   0.0008944271015571923
   0.0012247446713499104
   0.0
   0.0009999998199999838
   0.0009999999199999969
   0.0012649106687825824
   0.0007745965659619206
   0.00044721355077859614
   0.0009999999199999969
   0.0013038403851699026
   0.00044721355077859614
   0.0009999996799999488
   0.0005477224753467763
   0.0011401753154668803
   0.0
   0.0005477224753467763
   0.00187082837000084
   0.0007071066044098301
   0.0005477224753467763
   0.0008366598771304861
   0.0006324554055425568
   0.0016733197542609722
   0.0009486831662889355
   0.001378404436295821
   0.0006324554055425568
   0.0006324555004108985
   0.0015491930157343209
   0.0010954449506935526
   0.0015491930157343209
   0.0008944269897537752
   0.0009999996799999488
   0.0007071067175469343
   0.0012649104948572448
   0.0016431671582647943
   0.002121319945222785
   0.0015811382956591748
   0.0008944269897537752
   0.0010954446585747725
   0.0016733196227857964
   0.001897366079595606
   0.002569045737233964
   0.0016733188578391149
   0.000999999499999875
   0.0010488082713251265
   0.0011832156861705308
   0.0012247445407104292
   0.001095444822891596
   0.0011832158044921476
   0.001702937576659814
   0.0017888532639654935
   0.001732049652867954
   0.002720291447621008
   0.002366430484928725
   0.0018439075790288406
   0.0022135927154741
   0.0022583160961211785
   0.0015811376885015423
   0.002366430484928725
   0.0022360659650377044
   0.001999998309999286
   0.0019235362200904875
   0.00289827169878878
   0.0020736426283234056
   0.0025690439933952086
   0.003605548341098757
   0.0022135921914390646
   0.002529819566688502
   0.003065937866298011
   0.003224899223231635
   0.003240365681524232
   0.0027202905433059902
   0.0024083165157428956
   0.0032863323994994785
   0.0029154714867410383
   0.0030983829588996903
   0.003016615240629802
   0.002408315593936974
   0.004086554919489031
   0.002915472159016443
   0.0034351082428360244
   0.003549641734034577
   0.0032248963456210497
   0.004110952579390816
   0.0037148281467653385
   0.0036878095341272713
   0.004218996653234036
   0.004949733163514979
   0.003974914117311216
   0.004472123862327608
   0.004549711233693849
   0.004110950438767171
   0.005029897389609454
   0.003834047572735633
   0.004538709437714646
   0.005291487140681719
   0.0051087975405177295
   0.004647564002786837
   0.00507934847790541
   0.004289504768618401
   0.004878500060469406
   0.005205746393169764
   0.0060082984538053705
   0.005468059947549953
   0.0058480524758247505
   0.0054954231866162955
   0.004816612569015698
   0.006123695804822444
   0.005761906573348791
   0.006633218211396335
   0.006848317147299766
   0.006090941075892952
   0.0058565856939005
   0.006899224814426618
   0.0072249017128262726
   0.00661810577129136
   0.007456485904231295
   0.0077588071222321284
   0.008136268036391132
   0.00806838838368605
   0.007739436526647143
   0.007848499871950054
   0.008227921778310731
   0.008173038357918064
   0.008637043790557044
   0.009022096162200888
   0.009470894242361699
   0.009359372149882705
   0.00962278322316366
   0.008927378691978962
   0.010009849349515706
   0.011049739344889543
   0.010280884093792712
   0.011747158075040958
   0.010821089027912116
   0.0109816143002748
   0.011579963346660473
   0.011978938733877889
   0.012271697256695994
   0.0118614551008719
   0.01296124064277799
   0.013288821430059177
   0.012328549961775716
   0.013194401782195357
   0.013490412856543716
   0.013721906802992068
   0.013564301605316803
   0.014487512200167425
   0.014490957730943804
   0.014838688716999221
   0.014696475919076654
   0.015568719222851956
   0.015056056800836002
   0.016005699523607208
   0.015820297152392554
   0.015552568620970621
   0.016681659665333064
   0.017654308921903457
   0.017772861995469385
   0.017800859185724716
   0.018192554081271822
   0.01923963207964227
   0.01855978420537265
   0.019492583102298167
   0.0201731354667538
   0.0204952018967855
   0.02054869090112555
   0.021989577821322537
   0.021948517033275848
   0.021852619957341498
   0.02227398977372487
   0.023274915938838535
   0.023456792090778313
   0.023828707051579613
   0.023639066050713593
   0.024819182597136433
   0.024633163494565614
   0.02538263302654002
   0.026834005273160398
   0.02654733967368482
   0.027328483716445008
   0.028098526536279443
   0.02933946629098764
   0.030242070762432918
   0.031042797424040248
   0.029939371028129498
   0.03323397116867017
   0.03194397451398307
   0.03191873577931933
   0.032572645922460765
   0.03456036840312904
   0.03445575507458805
   0.035803080364544056
   0.03672896453740562
   0.03702156952034854
   0.0376503399664598
   0.037439666333849715
   0.03900068902968254
   0.040072471124077184
   0.04081787787220203
   0.04065847991145267
   0.04227917648724961
   0.043335084838846225
   0.04489452991133775
   0.04491693692572992
   0.04574346475454171
   0.04701774435253142
   0.04775849293591664
   0.04889690280160902
   0.048624832904597216
   0.05101585920466302
   0.052258612010270614
   0.05334502883296624
   0.05409034026875778
   0.05567361060897703
   0.056551509531665024
   0.058461084539289894
   0.0582886108913225
   0.06071118263376196
   0.06182083132375364
   0.062461266325619755
   0.06327409509672975
   0.06479857971583945
   0.06644190951191875
   0.0685300666032071
   0.0686460725880221
   0.0697397724239906
   0.07118940225728827
   0.07398478494927184
   0.07470472361176367
   0.07637641436333602
   0.07774092702039255
   0.07886203521188126
   0.0812294447342834
   0.08278724199198811
   0.08466379647499868
   0.08595230862844813
   0.08875051456926883
   0.08918467326345934
   0.0911603729204746
   0.09392718868889881
   0.09686474641060079
   0.0975866527233617
   0.09950681003830843
   0.10077360505802103
   0.10346564401365316
   0.10494607734184257
   0.10702214442329214
   0.11005805137998764
   0.112082584065679
   0.11509727821612464
   0.11649082146435401
   0.11892286011995339
   0.12157892439464991
   0.12413522500849629
   0.12660571523213318
   0.12926296781673396
   0.13262674773932293
   0.1347216190416
   0.13724767764996973
   0.13990346593530126
   0.14288130660096862
   0.14617825498684817
   0.1492189426622505
   0.15133271979198681
   0.1549863032787091
   0.15846676326217432
   0.16021228093301712
   0.16498012444143081
   0.1674032546202134
   0.17226318619992492
   0.17413574797507833
   0.17833446259696975
   0.1810771721939295
   0.18667020355351308
   0.18939509503234236
   0.19319289647717383
   0.1974394370372596
   0.20142024755222598
   0.20590057727204167
   0.20924420706762709
   0.21432629471978001
   0.21835084953347444
   0.22251764868207646
   0.22717593733930097
   0.23149457506194393
   0.2370133716037979
   0.24105921479003867
   0.2464547155112882
   0.2507447967124941
   0.2562332444441197
   0.2614922441554242
   0.2669799228016219
   0.2716606018951589
   0.2772636378643258
   0.2822792714194757
   0.2890764270608034
   0.43494763842466144
   0.43679809604342373
   0.43924066934106865
   0.4407889039022647
   0.4427030489787031
   0.4426250938966746
   0.44144036205937265
   0.43979256572815095
   0.43810411397767085
   0.4343980454024972
   0.28870817077900657
   0.2827784047001998
   0.2770011645123356
   0.27282748400958434
   0.2656783416253384
   0.26164711201089147
   0.25621932631975675
   0.2511416255325071
   0.24627714906241302
   0.24180376726792327
   0.23659925788216243
   0.23245761427589332
   0.2263932271933063
   0.22279474645009026
   0.21870242339763865
   0.21329965276661844
   0.21025738854363715
   0.20547140057059038
   0.2017463995796703
   0.19640947471036116
   0.19338568534178016
   0.19035260111866084
   0.18605026406256456
   0.18250104033676082
   0.17949411492633957
   0.1749111921168854
   0.17172811901968763
   0.16851311236518066
   0.16492212657748503
   0.16125367216643471
   0.15797391360952606
   0.1550866432643379
   0.15178930588733847
   0.14879596359565672
   0.14516750599221576
   0.14382452175616647
   0.14124846591418258
   0.13796962696619136
   0.1346115079952676
   0.1321997796486817
   0.12943525881057294
   0.125698596953188
   0.12453816033955215
   0.12178983866805144
   0.11917647540412495
   0.11708714436264982
   0.11428282465602607
   0.11249216454829199
   0.11020558386143599
   0.10758863943516528
   0.10567672741900178
   0.10465097777464863
   0.10055464307405203
   0.09889135273804278
   0.09656938124913092
   0.09499131547336315
   0.09317143872319457
   0.09193962217368527
   0.0899472468500843
   0.08763392589807899
   0.08686819632431653
   0.08459596209536245
   0.08363458991200949
   0.08129097651867641
   0.07954104040047502
   0.0782347369167942
   0.07678648281019258
   0.07517747235542041
   0.07322647437744084
   0.07223256004988332
   0.07077915982766396
   0.06902912039704694
   0.06730046057606144
   0.0670514170600443
   0.06536416360965694
   0.06350898831748149
   0.06265747916537977
   0.06030458196057742
   0.06044342039552361
   0.059075073110746126
   0.05837412406529112
   0.05658797039618933
   0.055262473342314315
   0.05404334861710551
   0.05254277229372276
   0.05135569477127148
   0.050951889542587135
   0.05030239391907705
   0.049422700402143145
   0.04754966896667105
   0.047105543938585404
   0.04619809171805692
   0.04573775726016745
   0.04434111594400845
   0.04302629212516459
   0.04314927433735126
   0.042069441257877434
   0.04108292194282193
   0.039810770160347314
   0.03919112430079035
   0.03835222698605649
   0.03793859578200016
   0.03668097476949052
   0.03675052187044424
   0.03517495373117071
   0.035217594023300346
   0.033859077279807845
   0.03345379279409137
   0.03268617542494074
   0.031386657531505324
   0.030376777281996194
   0.030791949700530494
   0.029755314211750476
   0.029986503950277365
   0.02814817578014604
   0.028048624914423167
   0.02747067369468758
   0.02718732173477189
   0.026379174949190506
   0.026139509846207904
   0.025619950630514494
   0.025161246200456767
   0.024907862058193595
   0.024074993680373004
   0.023533324111778175
   0.022768971658597145
   0.022172851226443566
   0.021188233579984908
   0.022517447306255656
   0.022075778015734803
   0.020759265401261193
   0.020135862394990683
   0.01979792233139629
   0.01976255416286063
   0.019787854759927868
   0.018813893707576853
   0.017665511957200675
   0.01766836053062083
   0.017603185631867885
   0.018156863030545776
   0.016357836062266918
   0.016120775655966434
   0.016008802203475437
   0.01598379641981216
   0.015600763447985487
   0.015693415227731662
   0.014306900038442988
   0.014638550580914764
   0.013812630596667675
   0.014686336735551177
   0.012864350647817402
   0.013148819100968726
   0.012676434425736599
   0.013254862111315983
   0.013103164777640553
   0.012573523273529978
   0.012453656166363356
   0.011785366312083812
   0.012119971596913913
   0.011335568534043628
   0.011300228747684712
   0.010917694635773616
   0.011423469577584562
   0.010444925071535936
   0.010188083266247877
   0.009731258335384997
   0.010329429621716776
   0.010473633940042014
   0.009518281187273258
   0.009544529192684153
   0.0090276405727078
   0.00925193417832185
   0.009486731869300408
   0.00840823922055028
   0.007943480203915661
   0.00831857409896672
   0.008455679614909733
   0.00882601969123115
   0.008142399385316345
   0.007687598115796637
   0.007628833462594396
   0.00702845994795446
   0.006700700702911599
   0.007463199013157829
   0.006148128183439249
   0.005907584513995547
   0.005932923717696023
   0.00750328219847821
   0.006082726967405327
   0.006099151911536554
   0.00614000096986963
   0.006410897902010295
   0.005941348310779296
   0.0056479877753054675
   0.005932929633831839
   0.0058480482863943585
   0.005440566408013049
   0.005700852665172114
   0.0052344832638953
   0.004795814971409969
   0.004312759191051594
   0.004919334914396457
   0.004647565539075269
   0.005167186111414993
   0.004816623377429463
   0.005576722011181838
   0.004024911844997354
   0.004711676983834949
   0.004254395514053671
   0.004690406340606323
   0.003962313434093774
   0.004979948557967241
   0.004207126951970905
   0.003209355510067403
   0.0037947270995422056
   0.002983283384125618
   0.00299999477332878
   0.0041593197412557745
   0.002863560189693941
   0.003464096418981435
   0.0037549903315454757
   0.0028284237023472984
   0.0034351060769647274
   0.0031144784459039045
   0.0033911598591042564
   0.0023874637567929697
   0.0037013467157238863
   0.0031780449572024624
   0.0030822034180112124
   0.003286331541399924
   0.0031144784459039045
   0.002302171303356898
   0.002664580220222315
   0.0026076775797632653
   0.002828424006403566
   0.002024844129803576
   0.002258315830436478
   0.003860048174569846
   0.003209357865679675
   0.002588434969242998
   0.0021213186252894683
   0.0027018494388103866
   0.002302171060108262
   0.0015491922927771103
   0.0025690452000694734
   0.0022360668952426267
   0.0012649106687825824
   0.0008944269897537752
   0.0011832155340427203
   0.0017320498722611887
   0.001095444822891596
   0.002097615827552796
   0.0014832390367031203
   0.0023664306962174067
   0.002345206752079654
   0.0020248443668588454
   0.0027386116464369315
   0.002121319492674312
   0.0016124512395728438
   0.0013416404138218258
   0.0018165894170120006
   0.001702937576659814
   0.0018439083599788792
   0.0018439081972809817
   0.0016733196227857964
   0.0011401750698905849
   0.0010488084620177318
   0.0015165745316337077
   0.0007745964368624477
   0.0011401750698905849
   0.0007071066044098301
   0.0017029383987684347
   0.0011832156861705308
   0.0012247445407104292
   0.0008366598771304861
   0.0012247446713499104
   0.0017029381403914825
   0.00044721355077859614
   0.0007071067175469343
   0.0011832156861705308
   0.00044721355077859614
   0.0010954449506935526
   0.001048808728987321
   0.00031622775020544923
   0.0007745965659619206
   0.0005477224753467763
   0.0011832158044921476
   0.00044721355077859614
   0.0017606812062380855
   0.0007745965659619206
   0.0005477224753467763
   0.00031622775020544923
   0.0007071067175469343
   0.0014832394816751608
   0.0011401753154668803
   0.0007071067175469343
   0.0009999999199999969
   0.0
   0.0009999998199999838
   0.0
   0.00031622775020544923
   0.0009486831662889355
   0.0009999998199999838
   0.0009486832506163476
   0.0007071067175469343
   0.0006324554055425568
   0.0005477224753467763
   0.00044721355077859614
   0.0
   0.00044721355077859614
   0.00031622775020544923
   0.0006324555004108985
   0.00031622775020544923
   0.0006324555004108985
   0.0006324555004108985
   0.0
   0.0007071067175469343
   0.0
   0.00031622775020544923
   0.0
   0.0007071067175469343
   0.0
   0.0007071067175469343
   0.00044721355077859614
   0.00031622775020544923
   0.0
   0.0007071067175469343
   0.0
   0.0
   0.00031622775020544923
   0.0
   0.00031622775020544923
   0.0009999999199999969
   0.0
   0.0
   0.0
   0.0
   0.0
   0.00031622775020544923
   0.00031622775020544923
   0.0
   0.00031622775020544923
   0.0
   0.0
   0.0
   0.0
   0.0
   0.0
   0.0009999999199999969
   0.0
   0.0
   0.0
   0.0
   0.0
   0.0
   0.0
   0.0
   0.0
   0.00031622775020544923
   0.0
   0.0
   0.0
   0.00031622775020544923
   0.0
   0.0
   0.0
   0.0
   0.0
   0.0
   0.0
   0.0
   0.0
   0.0
   0.0
   0.0
   0.0
   0.0
   0.0
   0.0
   0.0
   0.0
   0.0
   0.0
   0.0
   0.0
   0.0
   0.0
   0.0
   0.0
   0.0
   0.0
   0.0
   0.0
   0.0
   0.00031622775020544923
