   0.23026954106490072
   0.2832473398110563
   0.29622252461133003
   0.30226250674266564
   0.3055173609168389
   0.30609214432322496
   0.3069933194566292
   0.30668061644777944
   0.3055828784521639
   0.3053109960532047
   0.30649670514111566
   0.30637165190191795
   0.30689466499043283
   0.30616693072270235
   0.3069575902889518
   0.30540715416504244
   0.3061093967429945
   0.3071217491744927
   0.3061484242603741
   0.3054589154622271
   0.30587682682746664
   0.3050722031552367
   0.30633427763435156
   0.304980563010022
   0.30519019340468656
   0.30650144670325785
   0.30565298991632656
   0.3067129282696606
   0.3070583399960177
   0.3070286826855758
   0.3066954792101768
   0.30632077201887564
   0.3047469752840707
   0.30469010808432884
   0.3058398000145828
   0.30634986325931335
   0.3056656169238536
   0.3056118233312317
   0.30623541736708054
   0.30499023388193924
   0.3055796711216896
   0.30706485158635466
   0.30534191039605096
   0.3065873895096796
   0.306757125858944
   0.30570818907867026
   0.30628625276755406
   0.30763729610941193
   0.3059312518270077
   0.30719377089876027
   0.30516871253912975
   0.306625833903864
   0.30563588605947434
   0.3063976939819228
   0.30503270991011766
   0.3057389351590013
   0.3057134677333663
   0.3062234316980985
   0.307774970382567
   0.30605683645020904
   0.3067173813821284
   0.3067318073363765
   0.3058048251782663
   0.3069330189366892
   0.30691559635306903
   0.3068070664110428
   0.3054902899923989
   0.3061794706113393
   0.3062505426813804
   0.3051994392094291
   0.3073316388054442
   0.30599905739186517
   0.30521609195386473
   0.3052681465056582
   0.3046519063975146
   0.30691339249495125
   0.30626999053123044
   0.3058023612891012
   0.305108861348716
   0.3068766652978196
   0.3063440185558713
   0.3052611207975231
   0.30657481626767713
   0.3069682391384327
   0.3062465962255744
   0.3068729959950859
   0.3063319778508114
   0.30695550536843286
   0.30719104492401794
   0.30664235915148774
   0.30631137074015063
   0.30670226770337056
   0.3068696453505788
   0.3047179030611592
   0.3053080204535085
   0.30549462449606213
   0.3026501356124593
   0.2975450766570336
   0.2828317407819532
   0.23097830344426293
