   0.0
   0.0
   0.0
   0.0
   0.0
   0.0
   0.0
   0.0
   0.0
   0.0
   0.0
   0.0
   0.0
   0.0
   0.0
   0.0
   0.0
   0.0
   0.0
   0.0
   0.0
   0.0
   0.0
   0.0
   0.0
   0.0
   0.0
   0.0
   0.0
   0.0
   0.0
   0.0
   0.0
   0.0
   0.0
   0.0
   0.0
   0.0
   0.0
   0.0
   0.0
   0.0
   0.0
   0.0
   0.0
   0.0
   0.0
   0.0
   0.0
   0.0
   0.0
   0.0
   0.0
   0.0
   0.0
   0.0
   0.0
   0.0
   0.0
   0.0
   0.0
   0.0
   0.0
   0.0
   0.0
   0.0
   0.0
   0.0
   0.0
   0.0
   0.0
   0.0
   0.0
   0.0
   0.0
   0.0
   0.0
   0.0
   0.0
   0.0
   0.0
   0.0
   0.0
   0.0
   0.0
   0.0
   0.0
   0.0
   0.0
   0.0
   0.0
   0.0
   0.0
   0.0
   0.0
   0.0
   0.0
   0.0
   0.0
   0.0
   0.0
   0.0
   0.0
   0.0
   0.0
   0.0
   0.0
   0.0
   0.0
   0.0
   0.0
   0.0
   0.0
   0.0
   0.0
   0.0
   0.0
   0.0
   0.0
   0.0
   0.0
   0.0
   0.0
   0.0
   0.0
   0.0
   0.0
   0.0
   0.0
   0.0
   0.0
   0.0
   0.0
   0.0
   0.0
   0.0
   0.0
   0.0
   0.0
   0.0
   0.0
   0.0
   0.0
   0.0
   0.0
   0.0
   0.0
   0.0
   0.0
   0.0
   0.0
   0.0
   0.0
   0.0
   0.0
   0.0
   0.0
   0.0
   0.0
   0.0
   0.0
   0.0
   0.0
   0.0
   0.0
   0.0
   0.0
   0.00031622775020544923
   0.00031622775020544923
   0.00031622775020544923
   0.0
   0.0
   0.0
   0.0
   0.0
   0.00031622775020544923
   0.0
   0.00031622775020544923
   0.00031622775020544923
   0.00031622775020544923
   0.00031622775020544923
   0.00031622775020544923
   0.0
   0.0
   0.0
   0.0
   0.00031622775020544923
   0.00031622775020544923
   0.00031622775020544923
   0.0
   0.0
   0.0
   0.00031622775020544923
   0.0
   0.0
   0.0
   0.00044721355077859614
   0.00044721355077859614
   0.00031622775020544923
   0.0005477224753467763
   0.0005477224753467763
   0.00031622775020544923
   0.0
   0.00031622775020544923
   0.00031622775020544923
   0.0
   0.00044721355077859614
   0.00031622775020544923
   0.00031622775020544923
   0.0007071066044098301
   0.00044721355077859614
   0.00031622775020544923
   0.0008366598771304861
   0.0007071066044098301
   0.0005477224753467763
   0.00031622775020544923
   0.000836659733703015
   0.0005477224753467763
   0.0007745964368624477
   0.0007745964368624477
   0.0007071066044098301
   0.0006324554055425568
   0.0006324554055425568
   0.0007745964368624477
   0.000948683039797803
   0.0007745964368624477
   0.0007071066044098301
   0.000999999499999875
   0.0007071066044098301
   0.000894426833228968
   0.0011832151283684637
   0.0010488082713251265
   0.0011401746839848708
   0.0014142121481588255
   0.001140174894478913
   0.0012649100521380957
   0.0014491361530235866
   0.0011832153481087034
   0.0013416398324438642
   0.001581136853659417
   0.0013784035657237687
   0.0014491364290500739
   0.0017029368015284655
   0.0016431654542376432
   0.0017320482094907174
   0.002190885811720912
   0.0018973631808380808
   0.0015491914794498452
   0.0015491914794498452
   0.0018973631808380808
   0.001581136853659417
   0.0017888515198305308
   0.002024841522193774
   0.0019493559038821003
   0.002323784189635518
   0.002983277350498944
   0.0026267765626333734
   0.00266457507118865
   0.002549501972935106
   0.002664573585022564
   0.0028106833172735772
   0.0027928371166253143
   0.0027748767017653237
   0.0032863195158109627
   0.0033911493494094298
   0.0032863188889698455
   0.0036605779598309334
   0.003301497464787759
   0.00352134360152485
   0.003807861183131549
   0.003962293011628494
   0.0039622952830398695
   0.004582532051169964
   0.003999969579884327
   0.004370315520646078
   0.004690368748829883
   0.004690370522677286
   0.004919296713962271
   0.004878470149544834
   0.004837302785644083
   0.004959783507372071
   0.00531029653032672
   0.005603489983929658
   0.005558696429020027
   0.005830860763214982
   0.00590752607357767
   0.006228859410839195
   0.006395192474820441
   0.006595324919213609
   0.006956858773900761
   0.00754301629257156
   0.007375449426306169
   0.007266183273218479
   0.007771528753083269
   0.008074412124730816
   0.00836633359124533
   0.00866572734339132
   0.00882011365913161
   0.009016309541602928
   0.009460041157944292
   0.009741233379300591
   0.010265963179361204
   0.010662457960057803
   0.010820686373331407
   0.011219848205301175
   0.011505803467815708
   0.01185670253654025
   0.012185217371471057
   0.012952755901351651
   0.012979765171604608
   0.013662675667306166
   0.013987995349942035
   0.014510641259434402
   0.014934963265773371
   0.015344334691018702
   0.015860060931787115
   0.016429584631389802
   0.017216824903274124
   0.01706814576923926
   0.018187885906558794
   0.018487598489528054
   0.019109586785433116
   0.019871011952087392
   0.020526479964913615
   0.02101719148102334
   0.022051815442498155
   0.022641848182292895
   0.023148094084610937
   0.024116151176960223
   0.02495683933834571
   0.02576809045622124
   0.02677546038819874
   0.027261538628441353
   0.02812512584789622
   0.02932940366100204
   0.030265932261207485
   0.031089165566801566
   0.03194416652536109
   0.03332051637294956
   0.03461174838678335
   0.035484298160735825
   0.036357593842139775
   0.037783758399476355
   0.0387403332426297
   0.04026480898141701
   0.04156849068405058
   0.04302364986097763
   0.04414592383629547
   0.045787084265216105
   0.04739751075995447
   0.04867668665798854
   0.05005098454965696
   0.052058920053243515
   0.05368634110749213
   0.055208619290831755
   0.05696500559150328
   0.05889100450145166
   0.061209826660757666
   0.06271846609723487
   0.06495935670832956
   0.06714700967094514
   0.06914523534640692
   0.07131967349785051
   0.07363239311003004
   0.07611132642018532
   0.0785752736669749
   0.08141166349799026
   0.08332340198887704
   0.0866895162620602
   0.08965061804494155
   0.09211974963920604
   0.09505175890029599
   0.09816623261712756
   0.1013382517865786
   0.10464691570342625
   0.10754057778229574
   0.11109889645135995
   0.11516989884514095
   0.11851793816967117
   0.12255027112152792
   0.12614521990214295
   0.1306233285516412
   0.13455815809526378
   0.13902151790266137
   0.14324875594517392
   0.14783447097747535
   0.15260145780155573
   0.1575487025614302
   0.16250207627670485
   0.16759756946197044
   0.1731083866714724
   0.17817842954476842
   0.18403872152759052
   0.18965649801087756
   0.19567583594299529
   0.2016692937371478
   0.20638602485999386
   0.20971782490422697
   0.21207316037158025
   0.21312436976167226
   0.2131158681626265
   0.2116718090882912
   0.20953616790463644
   0.20632561110707995
   0.20176261309843804
   0.1955901478741708
   0.18975014371441198
   0.1840993698803991
   0.17822605134915043
   0.17313935638020028
   0.16766750106553147
   0.16272256070990895
   0.15769935684320338
   0.1527987818997259
   0.14839087504799614
   0.1433889202265991
   0.13906108921247526
   0.13446127746886832
   0.13066253237650036
   0.12627904794854133
   0.12229868171309126
   0.11891816493286465
   0.11494465005518961
   0.1113597011474079
   0.10820895370790719
   0.1045677915964567
   0.10127297901710999
   0.09797021738135524
   0.09518869202541864
   0.09207044307219336
   0.08929389239757667
   0.08641597470630069
   0.08362564381814946
   0.08141437410181325
   0.07867779731226593
   0.07596950827378048
   0.07373710911583121
   0.0715766453251338
   0.06912238147633515
   0.06710481791339576
   0.06497326000986868
   0.06275806877207105
   0.060974380555771125
   0.059056067717974586
   0.05705670324782181
   0.05527980633097406
   0.05347456636336568
   0.05156846824087371
   0.050320442048833396
   0.048818756673127184
   0.047032665414581815
   0.04594834742403692
   0.04430838735544321
   0.04300393424315966
   0.041433842345478894
   0.04014199155946302
   0.038946987251390834
   0.03781022280164453
   0.03679700539867341
   0.03534340330867983
   0.0345281989265296
   0.03337745754187997
   0.03206126703282326
   0.031109997349887383
   0.03028728161704183
   0.029605551446308172
   0.02819782568053785
   0.027378485275668555
   0.02650558927924448
   0.025797162513540126
   0.024790126347197187
   0.02441041692310887
   0.02328371681583505
   0.02263088053434952
   0.021782819890684493
   0.021316814395213934
   0.020567790966460157
   0.0197828258545133
   0.019490167494405995
   0.018579299577486767
   0.01793334057865405
   0.017590146950779005
   0.01668914734191055
   0.016674216915645544
   0.01569536232012501
   0.01546118506939232
   0.015021778123444641
   0.014431200878305312
   0.01426750920238007
   0.013622346200269614
   0.012883100241789628
   0.012576829972612336
   0.012473092509879016
   0.011970003491645271
   0.011471025453724701
   0.011179685102899814
   0.01089435127715276
   0.010420609417879551
   0.010128683950049977
   0.009868696165147654
   0.00974124086089652
   0.00890472270146578
   0.009010756203560276
   0.008757545189720689
   0.008496774896394515
   0.008419939999192393
   0.008049610552070206
   0.007892809126667132
   0.007422753175877533
   0.00712723928600689
   0.0070567482596448055
   0.006752636451046361
   0.006472894232876048
   0.006041421024063793
   0.006196664083198314
   0.0057705225681908565
   0.0056567704001488335
   0.005576655082574141
   0.005412876565191562
   0.004909118836410461
   0.0047957782726060225
   0.005049694001620296
   0.004449677669225042
   0.004625967535554049
   0.004370317195582033
   0.004335859315060857
   0.004370317195582033
   0.004037295321127747
   0.0038986881075561814
   0.0038470506053339096
   0.003591636617198349
   0.0036193692254314147
   0.0033166072061671698
   0.003301497464787759
   0.003391146825190558
   0.0030495777265057535
   0.0031464122028113228
   0.0027018413554463186
   0.002645743078985562
   0.0030166086504550106
   0.002509972667181856
   0.0025690380378655354
   0.002387460472971228
   0.00254950245930456
   0.002167943244183297
   0.002529815012999962
   0.001999995999996
   0.002097613081576295
   0.0019493551651764232
   0.001612449453471333
   0.0020976134915660703
   0.0018708254194338926
   0.0016124497635585425
   0.0016733177104184369
   0.0014491361530235866
   0.0015491914794498452
   0.0015491917763788962
   0.0013784040590479993
   0.0015491914794498452
   0.0009486828711429336
   0.001140174894478913
   0.0009486828711429336
   0.0010488082713251265
   0.00130383937277565
   0.001095444457743066
   0.000894426833228968
   0.0011832151283684637
   0.0011401746839848708
   0.0012649102893090877
   0.000894426833228968
   0.000836659733703015
   0.0009486828711429336
   0.001095444457743066
   0.0005477224753467763
   0.000836659733703015
   0.0009486828711429336
   0.0006324554055425568
   0.00031622775020544923
   0.0007071066044098301
   0.0005477224753467763
   0.0006324554055425568
   0.0005477224753467763
   0.0005477224753467763
   0.00044721355077859614
   0.0006324554055425568
   0.0005477224753467763
   0.0005477224753467763
   0.00044721355077859614
   0.00031622775020544923
   0.00031622775020544923
   0.00044721355077859614
   0.0005477224753467763
   0.0008944269897537752
   0.00044721355077859614
   0.00031622775020544923
   0.0005477224753467763
   0.00031622775020544923
   0.00031622775020544923
   0.00031622775020544923
   0.00031622775020544923
   0.00044721355077859614
   0.0
   0.00044721355077859614
   0.0
   0.00031622775020544923
   0.00044721355077859614
   0.0
   0.0
   0.00031622775020544923
   0.0
   0.0
   0.0
   0.0
   0.0
   0.0
   0.0
   0.0
   0.0
   0.0
   0.0
   0.0
   0.0
   0.0
   0.0
   0.0
   0.0
   0.0
   0.0
   0.0
   0.0
   0.0
   0.00031622775020544923
   0.0
   0.0
   0.0
   0.0
   0.0
   0.00031622775020544923
   0.00031622775020544923
   0.0
   0.0
   0.0
   0.0
   0.0
   0.0
   0.0
   0.0
   0.0
   0.00031622775020544923
   0.0
   0.0
   0.00031622775020544923
   0.0
   0.0
   0.0
   0.0
   0.0
   0.0
   0.0
   0.0
   0.0
   0.0
   0.0
   0.0
   0.0
   0.0
   0.0
   0.0
   0.0
   0.0
   0.0
   0.0
   0.0
   0.0
   0.0
   0.0
   0.0
   0.0
   0.0
   0.0
   0.0
   0.0
   0.0
   0.0
   0.0
   0.0
   0.0
   0.0
   0.0
   0.0
   0.0
   0.0
   0.0
   0.0
   0.0
   0.0
   0.0
   0.0
   0.0
   0.0
   0.0
   0.0
   0.0
   0.0
   0.0
   0.0
   0.0
   0.0
   0.0
   0.0
   0.0
   0.0
   0.0
   0.0
   0.0
   0.0
   0.0
   0.0
   0.0
   0.0
   0.0
   0.0
   0.0
   0.0
   0.0
   0.0
   0.0
   0.0
   0.0
   0.0
   0.0
   0.0
   0.0
   0.0
   0.0
   0.0
   0.0
   0.0
   0.0
   0.0
   0.0
   0.0
   0.0
   0.0
   0.0
   0.0
   0.0
   0.0
   0.0
   0.0
   0.0
   0.0
   0.0
   0.0
   0.0
   0.0
   0.0
   0.0
   0.0
   0.0
   0.0
   0.0
   0.0
   0.0
   0.0
   0.0
   0.0
   0.0
   0.0
   0.0
   0.0
   0.0
   0.0
   0.0
   0.0
   0.0
   0.0
   0.0
   0.0
   0.0
   0.0
   0.0
   0.0
   0.0
   0.0
   0.0
   0.0
   0.0
   0.0
   0.0
   0.0
   0.0
   0.0
   0.0
   0.0
   0.0
   0.0
   0.0
   0.0
   0.0
