   0.21682053953442693
   0.24298603699793123
   0.2592600255712207
   0.26949308398925564
   0.27575382232126905
   0.279350844990596
   0.28176203928847476
   0.28327746058590686
   0.28630144270818825
   0.28591041562473724
   0.2861328218935919
   0.2866813294898013
   0.28632617087782947
   0.2870668948485527
   0.2859075983742999
   0.2859938705331987
   0.2871882137825123
   0.2871733305666806
   0.2857203160322346
   0.28519025354839883
   0.28681035158750806
   0.28724612658213516
   0.28665282745781523
   0.2862449925360966
   0.2869392235981515
   0.2875692204585011
   0.2859138220189958
   0.2877725333411095
   0.28706264695943984
   0.2878673094776654
   0.28774585879007886
   0.2864070040187565
   0.2870280896489227
   0.2874958390487765
   0.28637764830710866
   0.28731233423575814
   0.2863420636482003
   0.2863335216531763
   0.28640017847618393
   0.2874558130282809
   0.286438366021715
   0.2871167780603391
   0.2870220478045371
   0.2871030757828972
   0.2875206230908663
   0.2866509205371404
   0.28683212900064037
   0.28672974804515833
   0.28757832393125526
   0.287560239321016
   0.2872587446096463
   0.2870394431275953
   0.28748577485014803
   0.28737950128532136
   0.2867447025552695
   0.2863821813730037
   0.28659062572022487
   0.28768275520788517
   0.2879793552960177
   0.28603596887410854
   0.28743463166264427
   0.28643156990632157
   0.2868686647396505
   0.28792374103916824
   0.28742291786075447
   0.28732790185876483
   0.286434227681941
   0.2872394894904076
   0.28780409600393114
   0.2891875051239939
   0.2875511264075312
   0.2880086523119748
   0.287022806474172
   0.2872228235206771
   0.28734314564826496
   0.28716251592260433
   0.28606591211670085
   0.2873802432777695
   0.2861558227190214
   0.28706875676323607
   0.28786793702883967
   0.28736200640474374
   0.2872678033434307
   0.286802012366092
   0.2864675460012181
   0.2872220793168763
   0.28642700860385006
   0.288058701509241
   0.28705035904480247
   0.2853789327163272
   0.28534163471247936
   0.284604400746018
   0.28410634612185276
   0.28204943151327216
   0.2795002709189206
   0.2747591032959418
   0.26951337789163643
   0.25812628119583253
   0.2419307896664664
   0.21628399201457327
