   0.10318810489101929
   0.1179891234983547
   0.12540122582235788
   0.12871980002746275
   0.13083922434973388
   0.13125577143866857
   0.13142976261558872
   0.13203098533768504
   0.13208043037119466
   0.13197655517841037
   0.1320585213305071
   0.13228860811540047
   0.1322606361997401
   0.13196036010768536
   0.1320054524920846
   0.132104964024786
   0.1320526132139762
   0.13229741964467787
   0.13275098817922223
   0.13253570223871755
   0.13231542824293016
   0.13249121476833853
   0.13247274721073765
   0.1319128958087116
   0.13234021424253475
   0.13232421733299615
   0.13222211360400346
   0.1321496614417154
   0.13235569467219763
   0.13184469269181828
   0.13217699906171268
   0.1324066093129418
   0.13258949668050632
   0.13190045583965962
   0.1323146298453425
   0.1321125754739495
   0.13234984063458483
   0.13200788461300333
   0.13209689668406294
   0.13221958544599208
   0.13200052484365354
   0.13201450520060284
   0.13229279429145036
   0.1319223709617137
   0.1317949496139742
   0.1325116066191562
   0.13228903855085652
   0.131664283805594
   0.1323584153576568
   0.13225113083641288
   0.1320165413792908
   0.13228936422842164
   0.1325077495030385
   0.13227687971489954
   0.13240332938408308
   0.1326145189713027
   0.13221327536518412
   0.1325338932152451
   0.13260086106926305
   0.13214218057092897
   0.13236514938876473
   0.13251447792282925
   0.13210820590406183
   0.13197073742902252
   0.13189970257400127
   0.1319767972694822
   0.131814111535905
   0.13199106406056432
   0.13216734582789352
   0.13205537626314198
   0.1318044583220158
   0.13216181024168822
   0.13211391793433422
   0.13262907847734598
   0.13224412885928055
   0.13216284945290033
   0.13209639820131355
   0.13228299158380113
   0.13274048300495972
   0.13216652444533752
   0.13258462990920175
   0.13201076283636876
   0.13252298603906418
   0.13234794574903685
   0.13238895625840547
   0.13186540628349044
   0.13201340295212452
   0.13247079654988114
   0.13204222483883707
   0.13242421537736215
   0.13237891160147072
   0.13191096291120005
   0.1321446418847166
   0.13256927416200182
   0.13131557544293823
   0.12996321954753198
   0.12900725990885165
   0.12615703496436495
   0.11804886741409254
   0.10272569424048689
