   0.34807851398786455
   0.47086821172808
   0.56253255305271
   0.6322374318434492
   0.694710644513239
   0.7370977640442278
   0.773940769526971
   0.7984070945175775
   0.8174712396066298
   0.8325084552549602
   0.8445848236707785
   0.8622920325034901
   0.8655532311856966
   0.8750480214108253
   0.8796500901148139
   0.8809793186312606
   0.8873010897542051
   0.8937140152666287
   0.8958971368723085
   0.8954688955938113
   0.895422104493741
   0.9015869058476836
   0.9071252679619282
   0.902060624414457
   0.9063365553700237
   0.9057699879765282
   0.9068294064729043
   0.9081804771629921
   0.9058249141175131
   0.9055699776245898
   0.9064703604729721
   0.9059814356574863
   0.9054991517251686
   0.9049250835682477
   0.909418595758301
   0.9035905291530008
   0.9014486369388997
   0.9050172046187852
   0.9048702078060697
   0.9023972995033839
   0.904436737597495
   0.9042921261605676
   0.9030723306308305
   0.9033722196520103
   0.9170579003399949
   0.9075323711229258
   0.9059958556411833
   0.9062634732962594
   0.9090927223770962
   0.907869506080582
   0.9039296954824528
   0.9080786320440538
   0.903191540026256
   0.9009618801475454
   0.9021906427690325
   0.9017480887698072
   0.9071691975541277
   0.9067115232040454
   0.9072091936477497
   0.9054665693392551
   0.9039404806755807
   0.9068930198071876
   0.9066202729781637
   0.9014544584481238
   0.8979577321850957
   0.9031204912828631
   0.9046751565501288
   0.9012734794583717
   0.9004821000058801
   0.9050929375484045
   0.9046037160165771
   0.9032930593107643
   0.9043736039933938
   0.9054811950951825
   0.9030137894295968
   0.9038049844822721
   0.9028656663402369
   0.900708728659826
   0.9010604156081877
   0.8987666201523062
   0.8961218080685237
   0.8887329943216916
   0.8910195420522493
   0.8907154857955485
   0.8816729203871467
   0.8812808138380184
   0.8735389159940157
   0.8622915009432714
   0.855767638219628
   0.8475245334950487
   0.8372589086752078
   0.8202298503949975
   0.8002032457563516
   0.7681879757871767
   0.7338395662241168
   0.6902855553319944
   0.6358388262570949
   0.5637594809836904
   0.4737312820576661
   0.35049448359567653
