   0.0
   0.0
   0.0
   0.0
   0.0
   0.0
   0.0
   0.0
   0.0
   0.0
   0.0
   0.0
   0.0
   0.0
   0.0
   0.0
   0.0
   0.0
   0.0
   0.0
   0.0
   0.0
   0.0
   0.0
   0.0
   0.0
   0.0
   0.0
   0.0
   0.0
   0.0
   0.0
   0.0
   0.0
   0.0
   0.0
   0.0
   0.0
   0.0
   0.0
   0.0
   0.0
   0.0
   0.0
   0.0
   0.0006324555004108985
   0.0
   0.0
   0.0
   0.0
   0.0
   0.0
   0.0
   0.0
   0.0
   0.0
   0.0
   0.0
   0.0
   0.0
   0.0
   0.0
   0.0
   0.0
   0.0
   0.0
   0.0
   0.00031622775020544923
   0.0
   0.0
   0.0
   0.0
   0.0
   0.0
   0.0
   0.0
   0.0
   0.0
   0.00031622775020544923
   0.00031622775020544923
   0.0
   0.0
   0.0
   0.0
   0.0
   0.0
   0.0
   0.0
   0.0
   0.0
   0.0
   0.00031622775020544923
   0.0
   0.0
   0.0006324555004108985
   0.0
   0.00031622775020544923
   0.00031622775020544923
   0.00031622775020544923
   0.0
   0.00044721355077859614
   0.0
   0.0
   0.0011401753154668803
   0.00031622775020544923
   0.00031622775020544923
   0.0006324555004108985
   0.00044721355077859614
   0.0009999999199999969
   0.0
   0.0
   0.0
   0.0
   0.0007745965659619206
   0.0014142134350938686
   0.0
   0.00031622775020544923
   0.0010954449506935526
   0.00031622775020544923
   0.00031622775020544923
   0.0
   0.0009486832506163476
   0.00031622775020544923
   0.0007745965659619206
   0.0009486832506163476
   0.001048808728987321
   0.0005477224753467763
   0.00044721355077859614
   0.0006324554055425568
   0.0006324554055425568
   0.0007745965659619206
   0.0006324555004108985
   0.0
   0.0007745965659619206
   0.0
   0.0006324555004108985
   0.00031622775020544923
   0.00044721355077859614
   0.0006324555004108985
   0.0008366598771304861
   0.0007745965659619206
   0.000836659733703015
   0.0009486832506163476
   0.0006324555004108985
   0.0011832158044921476
   0.0007745965659619206
   0.001048808728987321
   0.0012247446713499104
   0.0008366598771304861
   0.00031622775020544923
   0.0014491373951423653
   0.0007745965659619206
   0.001048808614571791
   0.0014491372571292203
   0.0008366598771304861
   0.0008944269897537752
   0.0012649106687825824
   0.0012247445407104292
   0.0016124512395728438
   0.0010488084620177318
   0.0015811381185715562
   0.0014491370915134289
   0.001483239360319163
   0.0018439083599788792
   0.0006324555004108985
   0.001843908500983712
   0.0015165745316337077
   0.0016733192881216662
   0.0013784042621814545
   0.0012649106687825824
   0.001095444822891596
   0.001378404436295821
   0.000999999499999875
   0.0014491370915134289
   0.0024698169142671287
   0.0019493580379191505
   0.001341640249843452
   0.0015811376885015423
   0.001303839832954953
   0.001923537259841878
   0.001095444457743066
   0.002167945827275211
   0.001612450309311887
   0.0026457491264290345
   0.0021908886872682508
   0.002469816331227891
   0.001999998309999286
   0.002144759231242519
   0.002049388240426884
   0.0026457491264290345
   0.0024494867952287477
   0.0020736421075007133
   0.002549506130606475
   0.002983283679102609
   0.0019235365112209334
   0.0026076765443589817
   0.0022803476840166283
   0.0024698150355846487
   0.0027386080387671397
   0.0026645783737769845
   0.0029832827539474026
   0.003701344673223503
   0.003361540978479959
   0.0035636996380166495
   0.0032710793799600765
   0.003714825169506635
   0.002983281332693918
   0.004086553656811568
   0.003924276396993463
   0.0032863287175813683
   0.003714825169506635
   0.004324337395486157
   0.0034496299381237983
   0.003549638398485119
   0.00388586165348176
   0.004427176508792032
   0.004979944401296062
   0.0045716362924012235
   0.0045716341399985195
   0.004135202291303292
   0.005848051897854533
   0.005059624329928063
   0.004888740523897745
   0.005019938927915359
   0.004979934136110638
   0.006587830231570938
   0.0047328413072910015
   0.005282014046743912
   0.005761914737307383
   0.006139996318402805
   0.005983271850751894
   0.005468052303151461
   0.006572627599369981
   0.006511489018650035
   0.006480690923042079
   0.006992799421547854
   0.006324506696968547
   0.00702134434350004
   0.006348178478114805
   0.006115502020276013
   0.006826356814582725
   0.006949754958989561
   0.008384422961062973
   0.0077264941072908355
   0.007589392007269093
   0.00837843975689985
   0.00811162422946231
   0.008043545461424334
   0.009005441909756566
   0.009638324874686471
   0.008927343944869605
   0.00901652403035671
   0.009813107213823764
   0.009999815166291825
   0.010392124641284861
   0.010004810958234044
   0.010535439438390788
   0.011017939342726478
   0.010232094701965967
   0.011157732812269703
   0.011423402168793673
   0.010788623867759965
   0.011678743273143733
   0.013064883573534056
   0.013341295265453051
   0.012593318965229142
   0.012497615612587866
   0.013464367968456596
   0.014205144249883561
   0.01472022230504689
   0.014390458168870093
   0.014583680733957391
   0.015475131461477153
   0.015709222299019134
   0.015610189208014104
   0.0172096497396083
   0.01695794929111418
   0.016848527351374067
   0.017171796287808683
   0.018511130057076473
   0.01841906235154222
   0.019528285814172222
   0.019004064313719843
   0.019417746491032374
   0.020237226528356102
   0.020917439782153074
   0.021220987347435088
   0.021010289001106103
   0.022340981571094855
   0.02214308054359194
   0.022843061172925137
   0.023443477509746714
   0.02392458052108751
   0.024453556954970784
   0.02490905498327867
   0.025328955362391083
   0.02589299966477426
   0.02650531369197505
   0.02750280177072874
   0.028809192977242524
   0.029571044775421784
   0.029285505240476902
   0.03000370253135436
   0.030957868783073553
   0.030981920817793076
   0.0319410523032664
   0.03342282356698787
   0.034509991336423136
   0.03416472110803775
   0.03525859760101074
   0.035737254560332415
   0.036762323809982414
   0.03768820686620684
   0.038490883824484984
   0.0392146472553305
   0.04040063043555137
   0.04172401453731412
   0.04221266173602418
   0.043384415819508276
   0.04469848579079609
   0.045246350877722726
   0.046838129588616155
   0.047486374377393774
   0.0487565409879536
   0.049537301274494155
   0.05093532665243249
   0.05207594070201709
   0.05360543572950415
   0.05388332190492713
   0.05616617645665405
   0.05709792026720412
   0.05849523396303326
   0.059181835949808116
   0.06079832694860937
   0.06209059147076955
   0.06448995202037291
   0.06534552540335106
   0.06696838371881167
   0.06824634401196887
   0.07019384391212666
   0.07060815106990127
   0.07311128919229916
   0.07477153795602977
   0.07598559030441232
   0.07867093404911371
   0.079972996653558
   0.0816987759771222
   0.083062248741471
   0.08572656551332265
   0.08763833406883086
   0.08924472520972879
   0.0920302798904252
   0.09388717263135576
   0.09645346689798143
   0.09778436414376278
   0.1007168374968158
   0.10308044290625648
   0.10513523737282378
   0.10767155234132181
   0.10990203597295184
   0.11288403446541942
   0.11532967174664983
   0.11826735171314186
   0.12035080621046956
   0.12295927539002496
   0.12645490436657647
   0.12889282554122242
   0.13253036903351623
   0.13570934246834299
   0.13800614631149585
   0.14166902505032636
   0.14425308908650794
   0.1475316491603073
   0.15067603909019509
   0.15427204805067574
   0.15829023862610733
   0.1618756868067592
   0.16574131754149296
   0.16905565797615293
   0.17266784658340417
   0.17728379464460367
   0.18040812217979546
   0.18402215073615458
   0.18884801114014943
   0.19364273623516065
   0.19782006972438362
   0.2019712147757447
   0.20681095232854568
   0.2121985261323933
   0.21638658677540526
   0.22120581619566426
   0.22647706773956164
   0.23143151005597748
   0.2366954941250678
   0.24141352243068323
   0.38558638322591215
   0.38967555527611686
   0.38978788285136573
   0.39227329416608264
   0.39322684827722537
   0.3925118567594997
   0.39208860039025617
   0.3906174579975145
   0.38936183855899387
   0.38657436031261827
   0.2426256749874382
   0.23596853648832083
   0.23107139373100688
   0.22630491360030167
   0.22189503205288305
   0.21587299935137788
   0.21065557997821943
   0.2066271711572319
   0.20193199198222653
   0.19819564606277304
   0.1925668984314542
   0.1891973140507021
   0.18477815864695699
   0.1809218789685482
   0.17675103508562545
   0.17344925620030777
   0.16847418862339122
   0.16533746818419592
   0.1613807912827298
   0.15755746888138944
   0.1550777490720058
   0.1510784578814597
   0.14754118084084186
   0.14460328839953812
   0.14153683359461594
   0.1384518343498561
   0.13447592117843996
   0.131890866176396
   0.12892443523242597
   0.12577681479982708
   0.12350664280110604
   0.120663776713602
   0.11766008184558602
   0.11505742040494389
   0.11337963800242087
   0.1096962453029273
   0.10810999072421568
   0.10550471823454154
   0.10257419155148141
   0.09978561954304839
   0.09834934145783591
   0.09622650651125188
   0.0943500327990934
   0.09204903941046859
   0.09001845640483956
   0.08760994298816772
   0.08544841687380755
   0.08384462991026916
   0.08196678655919115
   0.08001042577808219
   0.07866072099745845
   0.07670413813967275
   0.07477809060674123
   0.07394295080695658
   0.07132416534941015
   0.07030799868436023
   0.0688457075553008
   0.06673317450676237
   0.06513077197262443
   0.06379728089495665
   0.06211168664398029
   0.060714895585762145
   0.05939394870110928
   0.05878388446087924
   0.05691314717628959
   0.055652750195385674
   0.054429098738726145
   0.05271310611944623
   0.05242085535729077
   0.051426919915448954
   0.04972978363425685
   0.04786549074134726
   0.04716024398537395
   0.0469326660217593
   0.04553630634998847
   0.04492130193026467
   0.04281283678699649
   0.04252544172316144
   0.04148963695912511
   0.040581740128289225
   0.03899488125382612
   0.038651571374913075
   0.03827769250816982
   0.0372149904226778
   0.03629352511729882
   0.03552294444496402
   0.034160412529124995
   0.03323799235754169
   0.032800982985117993
   0.032647109105707964
   0.031978962158894404
   0.0311332961563661
   0.02987693353994014
   0.02925503797143323
   0.02820781598050441
   0.028537321595412557
   0.02778137846543976
   0.026881583750962293
   0.025941119397396867
   0.025726462049026486
   0.0247541602303532
   0.024989443075827043
   0.023782193838037737
   0.023598584740615273
   0.022530237741976895
   0.022307351204255515
   0.021863659980661976
   0.020790255403674098
   0.02086231151119166
   0.019650573951923135
   0.020399615290490163
   0.019815401512712275
   0.018427107813219087
   0.01857034872882036
   0.01862959419176918
   0.01747763861366861
   0.017594557631267688
   0.016937298414741356
   0.016123783893366966
   0.01636077059034812
   0.015775910443140834
   0.016443141305723795
   0.015377947144856494
   0.014915899178728716
   0.014845346912753504
   0.014682820350327794
   0.014600912185202677
   0.013703562841830587
   0.013022672536772166
   0.012887585480220879
   0.012988112632326531
   0.012837121272310237
   0.011983024519711206
   0.012165237812718664
   0.012609211742214499
   0.011410252119913915
   0.010695553909919766
   0.010487882072182162
   0.010587500637544255
   0.009984809061269024
   0.010658154369308037
   0.00923564495582198
   0.008944131034371087
   0.009476152164248948
   0.009305784145358197
   0.008584762220935417
   0.008294459837747122
   0.00948671456511684
   0.008573106764178317
   0.007778089888269484
   0.007654984582610209
   0.008526338927699273
   0.007720022463697887
   0.00781656180107341
   0.007007064771357548
   0.007416136997116491
   0.006999943999775998
   0.006379604200105207
   0.00706393651656072
   0.00661810258004513
   0.00684099767870155
   0.006655778685473249
   0.006276901961955436
   0.004837326848580732
   0.005639115501565826
   0.00599162511427409
   0.0064575152117513435
   0.004743393712311893
   0.005029886033500163
   0.005665657913252441
   0.0051768475310752585
   0.004538703669551472
   0.004959818379739323
   0.004460924091485978
   0.004604328533021943
   0.0047116707482590505
   0.003885859234455103
   0.00406200563145843
   0.0036469070607845215
   0.004110947033227259
   0.004370341578183563
   0.004062006143520712
   0.004230826130911078
   0.0032863270135517555
   0.0038729728891382653
   0.0031937378665131554
   0.003754989575218552
   0.0033466314765746167
   0.0037013422416739576
   0.004230829799223789
   0.0024899763773979866
   0.0033615427633751738
   0.002774882698421683
   0.002549506773868232
   0.002024842292624292
   0.0020493879574155793
   0.002846045676021381
   0.0032403653358842113
   0.002983283679102609
   0.002489977317165761
   0.0021679463992451474
   0.0034496335906875676
   0.0021679461224855196
   0.0019748399200947907
   0.002626781587799031
   0.0019493571350576067
   0.002738610799292225
   0.0019493565605091336
   0.0021447594830190167
   0.0016124500488387229
   0.002144758960815877
   0.0017606799112842742
   0.0022135924624916846
   0.002683280499686904
   0.0016733192881216662
   0.0017606810472087214
   0.001732049652867954
   0.0022135933660001783
   0.0015811379161856818
   0.0015491922927771103
   0.001140174894478913
   0.0028809705986004093
   0.0012247441814517838
   0.0015165743470070962
   0.0007071066044098301
   0.0011401750698905849
   0.001612450941889396
   0.0023237889663220283
   0.001224744377411058
   0.000948683039797803
   0.0014491372571292203
   0.0011832153481087034
   0.0006324554055425568
   0.0007071066044098301
   0.0008366598771304861
   0.0009999996799999488
   0.001048808728987321
   0.0012247446713499104
   0.0006324554055425568
   0.0017029381403914825
   0.0008366598771304861
   0.00031622775020544923
   0.001095444822891596
   0.0015165748217611948
   0.0012649106687825824
   0.0013416404138218258
   0.000836659733703015
   0.001378404436295821
   0.0006324554055425568
   0.0011832156861705308
   0.001449137505552872
   0.00044721355077859614
   0.001140175210219903
   0.00044721355077859614
   0.00031622775020544923
   0.0006324555004108985
   0.0
   0.00044721355077859614
   0.0012247446713499104
   0.0007745965659619206
   0.00044721355077859614
   0.0019235382787976952
   0.0011832158044921476
   0.00044721355077859614
   0.00044721355077859614
   0.0007071067175469343
   0.0
   0.0005477224753467763
   0.00031622775020544923
   0.0007071067175469343
   0.0
   0.0
   0.00031622775020544923
   0.0
   0.00031622775020544923
   0.0
   0.0
   0.0006324555004108985
   0.00031622775020544923
   0.00044721355077859614
   0.0
   0.0
   0.0
   0.0
   0.0
   0.0
   0.0
   0.0
   0.0
   0.0
   0.00031622775020544923
   0.0009486832506163476
   0.0
   0.0
   0.0009486832506163476
   0.00031622775020544923
   0.0
   0.0
   0.0
   0.0
   0.00031622775020544923
   0.0
   0.0
   0.0
   0.0
   0.0
   0.0
   0.0
   0.0
   0.0
   0.0
   0.00031622775020544923
   0.0
   0.0
   0.0
   0.0
   0.0
   0.0
   0.0
   0.0
   0.0
   0.0
   0.0
   0.0
   0.0
   0.0
   0.0
   0.0
   0.0
   0.00031622775020544923
   0.0
   0.0
   0.0
   0.0
   0.0
   0.0
   0.0
   0.0
   0.0
   0.0
   0.0
   0.0
   0.0
   0.0
   0.0
   0.0
   0.0
   0.0
   0.0
   0.0
   0.0
   0.0
   0.0
   0.0
   0.0
   0.0
   0.0
   0.0
   0.0
   0.0
   0.0
   0.0
   0.0
   0.0
   0.0
   0.0
   0.0
   0.0
   0.0
   0.0
   0.0
   0.0
   0.0
   0.0
   0.0
   0.0
   0.0
   0.0
   0.0
   0.0
   0.0
   0.0
   0.0
   0.0
   0.0
   0.0
   0.0
   0.0
   0.0
   0.0
   0.0
   0.0
   0.0
   0.0
   0.0
