   0.295223377643167
   0.3782652590561153
   0.405917741505542
   0.41619676266684247
   0.4220583960058134
   0.4257775068717346
   0.4241580247997083
   0.4255052807840462
   0.4276604016178725
   0.42787818974178854
   0.4271770132045848
   0.427828197109903
   0.42836369583913153
   0.4274649393166181
   0.4279034968643748
   0.42755939379838215
   0.4277642923400573
   0.4280388297982322
   0.4271171841338042
   0.4260447937449653
   0.4269501586950753
   0.42576866116611967
   0.42727670169289594
   0.42722545560955283
   0.42737020100983875
   0.42767316955408835
   0.4270747566220111
   0.42717267890046523
   0.4269313175063994
   0.4267427765012549
   0.42746760009356266
   0.4267807092125885
   0.4257003253556544
   0.42726348878741094
   0.4275376122415313
   0.42714560735832224
   0.42624680294101913
   0.42747332508439634
   0.4283377089913985
   0.4274253151089673
   0.42805500272628516
   0.426582442136523
   0.42743482271231714
   0.426797225571301
   0.4284023294754593
   0.42874669136019
   0.4266708180834494
   0.42747780052385176
   0.42639900582640905
   0.4262346673814203
   0.42685521796688863
   0.426156759625833
   0.42853338212909386
   0.4259913546655026
   0.4263157707697898
   0.4299594690502699
   0.42759299559921465
   0.4268908860689228
   0.42684506382077325
   0.4274959999189583
   0.42689257110508494
   0.42635348254588
   0.42636093896842847
   0.4268477713376983
   0.42850480294007204
   0.4289680597241594
   0.428908331373395
   0.42876666250863066
   0.4274246611952918
   0.42684741450143515
   0.42775921618329865
   0.4282283664378622
   0.42827670973303
   0.4267074857452116
   0.4267553476451701
   0.4263166527245212
   0.42509027377900566
   0.4276196495891062
   0.4263756783515683
   0.42606728907766434
   0.42566633183279834
   0.4266429556211025
   0.42863799393976965
   0.42683235496657235
   0.42708619611491777
   0.4277081477171554
   0.42747805078201384
   0.4264621838146965
   0.4269046035261742
   0.42810954446401916
   0.4291243242874843
   0.4277837297768114
   0.42798232440126543
   0.42500122180487904
   0.42456869560737753
   0.4230151561695987
   0.4165023412904662
   0.4036260628883992
   0.37649217562116744
   0.2955402765708762
