   0.08973112169804856
   0.09839466672030553
   0.10006814655578466
   0.10053574216521206
   0.10079445909170802
   0.10048001749601758
   0.10088839729602211
   0.10052895813043125
   0.10084893627475701
   0.10031523781181004
   0.1007289913218136
   0.10053610385921069
   0.1006009873597173
   0.10043992725684343
   0.10031181507873338
   0.10058774782725777
   0.10055235330592716
   0.10062962440772598
   0.1004806855983278
   0.1004929746159402
   0.10047266337860264
   0.10036195770465023
   0.10047793270559462
   0.10047327747968611
   0.10065731402555901
   0.10063346344983859
   0.10071845615655553
   0.10066765448618538
   0.10073754368531129
   0.10048706404388577
   0.10071075035839025
   0.10074492147790876
   0.10080825026534286
   0.10060378855246953
   0.10057890037955276
   0.1002885634855241
   0.10047605658643258
   0.10066505611735385
   0.1004579270142481
   0.10055216294660199
   0.1005613891808879
   0.10063962639393093
   0.10049657377960704
   0.10065821118890401
   0.10080985177173905
   0.10041919756201999
   0.10059924963333475
   0.10095733563991276
   0.10041831527958434
   0.10059284919138138
   0.10106573288706712
   0.10079721985248404
   0.10070738950002626
   0.10051907633300258
   0.10089959749295335
   0.1007255266466252
   0.10046192130334756
   0.1006103750892024
   0.1008364501539002
   0.10062778692170468
   0.10075265396757546
   0.10070720850857698
   0.10045914948231445
   0.10038598853301191
   0.10075684515500671
   0.10065184397635246
   0.1005437892382717
   0.10058452441683065
   0.10027756662304885
   0.10040658502065489
   0.10083806262076836
   0.10052512543061064
   0.10067226720795554
   0.10067906751971832
   0.10082989041271442
   0.10056580269972493
   0.10043907844813194
   0.10063617870944823
   0.10069781704565398
   0.1005079920491898
   0.10058006559950138
   0.10057752976559924
   0.10043840373477668
   0.10047815347183685
   0.10049871023048007
   0.10041988596682433
   0.10060194119593319
   0.10063485890838224
   0.10057115217153476
   0.10069918009100173
   0.1005157849680835
   0.10067769638559475
   0.10056525144899703
   0.10036929293359598
   0.10061102265477675
   0.10029597151610825
   0.10039185203511289
   0.09988402434323519
   0.09846639279017995
   0.08974609715631092
