   0.15106180062977537
   0.1653564078262164
   0.16967831152849205
   0.17158117020687322
   0.17116651814604397
   0.17193069249159673
   0.17120409993922459
   0.17145442843365113
   0.1715103006491447
   0.1710556694096691
   0.17165064191840357
   0.17208391634313186
   0.1713256380720352
   0.1718268535238599
   0.1716480118859231
   0.1713947646245649
   0.17216276748098006
   0.17154699152348898
   0.17152576368554667
   0.17149505382228958
   0.17160396327914457
   0.17152268767224352
   0.17173484793061075
   0.17145817681288927
   0.17136437263535848
   0.1718922839770302
   0.17187166899567827
   0.17219294349943612
   0.17239676076420346
   0.17196177068162563
   0.17173782660902054
   0.1717806286912468
   0.17202527166015463
   0.17226759672018993
   0.17149581770734235
   0.17098241415347368
   0.17184638757212792
   0.1717252073260941
   0.17165178213205362
   0.17132135074412064
   0.17168767494447584
   0.1712354196770049
   0.17178571254571784
   0.17049188493485548
   0.1713499214493838
   0.17135523439542197
   0.17190969650080823
   0.17218054412447417
   0.17188811603784596
   0.17265784321133518
   0.17145977931585005
   0.17151046482821392
   0.17129847936391612
   0.17225794907147246
   0.17160390753799867
   0.17206800060801544
   0.17192337704684027
   0.17193540776454397
   0.1723009406873915
   0.17191696924969332
   0.17219140835009744
   0.17135711239720983
   0.17095589971612563
   0.17196795743041784
   0.17154632342778436
   0.17178382071309858
   0.17176479275742162
   0.1717894084823334
   0.17147766296471387
   0.17171285441911446
   0.17198958582007226
   0.1718964147502792
   0.1718756365443049
   0.1716319151731111
   0.17181040135332318
   0.17223847008583767
   0.17071745892646717
   0.17168253478368148
   0.17099535438715874
   0.17199347269370427
   0.1722049173697139
   0.17230233047683946
   0.17159313269055962
   0.17153470052881428
   0.17139481660280745
   0.17210756944701763
   0.17195903357134223
   0.17166160744088937
   0.1718432054237525
   0.1720582733237783
   0.17174964485433442
   0.17158599904083083
   0.17206771053466133
   0.171585317190924
   0.17152189863874526
   0.17109673918900384
   0.1712282319817325
   0.1697939372758639
   0.16472700786926228
   0.15227576921411365
