   0.08722478658494959
   0.09952316649499252
   0.10467439940673173
   0.10685992391088439
   0.10762047637118134
   0.10801635458318337
   0.10826130279093264
   0.10864636247477409
   0.10825257760436931
   0.10826290545588549
   0.1080812744084284
   0.1079385132436055
   0.10828599375611787
   0.10832781067777564
   0.1081805309226665
   0.1083992367277556
   0.10821157490767797
   0.10860612558594473
   0.10847196518455816
   0.10857429131263073
   0.10834132838598574
   0.10820964652728517
   0.10779081631191963
   0.10862448947042283
   0.10817414776109863
   0.10848708404432299
   0.10850385834978404
   0.10825372662218147
   0.10828400466015282
   0.10826304900560486
   0.10878633061759184
   0.10842262397853135
   0.10817511847000677
   0.10853309887310875
   0.10849859750130414
   0.10827224383007863
   0.10866883846397733
   0.10825815982160421
   0.108337205521972
   0.10820332162364518
   0.10774984148090427
   0.10873883084708057
   0.10848687969146316
   0.10829141264527857
   0.10803113004666756
   0.10858626989444845
   0.10873678824717052
   0.10814480555139946
   0.10819235389578137
   0.10841432367906927
   0.10800194724165857
   0.10861911976001278
   0.10827285642763841
   0.10845604640585974
   0.10796289574251887
   0.10844482011488608
   0.10851366839693515
   0.10838992933474031
   0.10857843768331721
   0.10834001574598372
   0.10831059708777346
   0.10866471144414823
   0.1083065132378935
   0.10812643965242728
   0.10802958068214465
   0.10869801243150677
   0.1084378322171741
   0.10840056890953109
   0.10831554237389018
   0.10857565412149263
   0.10842289162234145
   0.10816413611687563
   0.10821048963497024
   0.1081456872540001
   0.10822319742601398
   0.10826684479557903
   0.10838453666972056
   0.10845770448686437
   0.10846874625065968
   0.10830456580864908
   0.10841436446227963
   0.10814974266150613
   0.10814960044604881
   0.10818881318135438
   0.10845180644765674
   0.10844791398620815
   0.10832276409988807
   0.10858675251756081
   0.1086556234331201
   0.10837914391228601
   0.10812024537407414
   0.10842030924121182
   0.10847737650547233
   0.10830655323035629
   0.10797124757249033
   0.10751369084446873
   0.10677223891625576
   0.10433723337409326
   0.09940215498670037
   0.08703547951128895
