   0.0
   0.0
   0.0
   0.0
   0.0
   0.0
   0.0
   0.0
   0.0
   0.0
   0.0
   0.0
   0.0
   0.0
   0.0006324555004108985
   0.0
   0.0
   0.0
   0.0
   0.0
   0.0
   0.0
   0.00031622775020544923
   0.0
   0.0
   0.0
   0.0
   0.0
   0.0
   0.0
   0.0
   0.0
   0.0
   0.0
   0.00044721355077859614
   0.0
   0.0
   0.0
   0.0
   0.0
   0.0
   0.0
   0.0
   0.0
   0.0
   0.0
   0.0
   0.0
   0.0
   0.0
   0.0
   0.0
   0.0
   0.00031622775020544923
   0.0
   0.0
   0.0
   0.0
   0.0
   0.0006324555004108985
   0.0
   0.0
   0.00031622775020544923
   0.00031622775020544923
   0.0
   0.0
   0.0
   0.0
   0.0
   0.0
   0.0
   0.0007071067175469343
   0.0
   0.00031622775020544923
   0.0
   0.00031622775020544923
   0.0
   0.0
   0.0
   0.00031622775020544923
   0.0
   0.00031622775020544923
   0.0
   0.0
   0.0
   0.0
   0.0
   0.0
   0.0006324555004108985
   0.0
   0.0
   0.0
   0.0
   0.00044721355077859614
   0.0
   0.0
   0.0
   0.00044721355077859614
   0.0006324555004108985
   0.0
   0.00031622775020544923
   0.00031622775020544923
   0.0
   0.0006324555004108985
   0.0
   0.00031622775020544923
   0.00031622775020544923
   0.00044721355077859614
   0.0007071067175469343
   0.00044721355077859614
   0.0006324555004108985
   0.00031622775020544923
   0.0009999999199999969
   0.00044721355077859614
   0.0
   0.0
   0.0013038403851699026
   0.0019493587048052495
   0.0
   0.00031622775020544923
   0.0007071067175469343
   0.00031622775020544923
   0.00044721355077859614
   0.0010954449506935526
   0.0011401753154668803
   0.00044721355077859614
   0.00031622775020544923
   0.0007071067175469343
   0.0007071067175469343
   0.00031622775020544923
   0.0
   0.001140175210219903
   0.0009486832506163476
   0.00031622775020544923
   0.0009999999199999969
   0.00031622775020544923
   0.0006324554055425568
   0.0008944271015571923
   0.00044721355077859614
   0.0017029382813243702
   0.0021213198132294902
   0.001974841337930721
   0.0006324554055425568
   0.0006324555004108985
   0.0016733198618315626
   0.00031622775020544923
   0.0011401753154668803
   0.0007071067175469343
   0.0006324555004108985
   0.0008366598771304861
   0.0014142133360989068
   0.0007745965659619206
   0.0005477224753467763
   0.0009999998199999838
   0.00044721355077859614
   0.0006324554055425568
   0.001140175210219903
   0.0008944271015571923
   0.0006324554055425568
   0.0023021723979754424
   0.00031622775020544923
   0.0007745965659619206
   0.0009999998199999838
   0.0020493899092168867
   0.0012247446713499104
   0.0013038401704196722
   0.00031622775020544923
   0.001048808728987321
   0.0008944269897537752
   0.001140175210219903
   0.0014142132088196602
   0.0015165745316337077
   0.0006324554055425568
   0.000948683039797803
   0.0005477224753467763
   0.0009999999199999969
   0.0017888539795075503
   0.0017029382813243702
   0.0015165745316337077
   0.0007745964368624477
   0.002097616542650253
   0.0022803502888810744
   0.000836659733703015
   0.001612450544978047
   0.0012649104948572448
   0.0022803501397811697
   0.0023237889663220283
   0.0014832390367031203
   0.002144759930621607
   0.0018708280920490797
   0.001378404436295821
   0.0005477224753467763
   0.0015491927058955577
   0.0010954446585747725
   0.0019493578429831708
   0.002121319492674312
   0.0016124511031346035
   0.0015165745316337077
   0.0025690452000694734
   0.0026645813461029857
   0.0017888530291781937
   0.002049388747895333
   0.0024083167897932366
   0.0023452063256779775
   0.0023874659683438423
   0.003376385469699809
   0.002983283960671528
   0.002828424833719291
   0.0020736428598001153
   0.0029154724745742325
   0.0016124507558372132
   0.0027568062391107578
   0.0023874655159813302
   0.0029154724745742325
   0.0022583160961211785
   0.002302171060108262
   0.0024494870973328273
   0.002932571397255317
   0.00289827169878878
   0.0035071302784470387
   0.0034205208360716063
   0.002489977317165761
   0.0032863298678008574
   0.0030983819712875945
   0.0036878122294932533
   0.0036331747879781396
   0.00289827137445754
   0.003065937866298011
   0.004230831018842516
   0.004135207824281628
   0.003605546926611828
   0.003714828900501341
   0.005375865614949838
   0.0029999943933280942
   0.004438458875555794
   0.004764442228634954
   0.003807877937907149
   0.004949737163728999
   0.00495982650906259
   0.002966474837243694
   0.004909162982627486
   0.004171321013779687
   0.005449755369739085
   0.004301152142159121
   0.0050695050241616295
   0.006033228094478113
   0.005567746761482602
   0.004370339015454064
   0.005069503240949748
   0.005319757301794886
   0.0051961351445088495
   0.0047010486479082516
   0.005856599141993585
   0.005079351832665267
   0.005822349483670659
   0.00566566331421132
   0.006172497691372594
   0.005999978129960142
   0.005796522126240872
   0.007190237241565816
   0.006284873522195972
   0.007327988754767572
   0.0060497647921220876
   0.00598327931489079
   0.006363923348846999
   0.006670787041271817
   0.006730489859586745
   0.007071019273060992
   0.008949806299021226
   0.008166956367582724
   0.007273192503295922
   0.007842142507631444
   0.007368799027657085
   0.009380756965192095
   0.008221855690779302
   0.009093869116608177
   0.007469887281612755
   0.008396356109051116
   0.009273540639906637
   0.008043561260411957
   0.00894418688311017
   0.008717711543748164
   0.00907735288286183
   0.009354035706046883
   0.010039805575806734
   0.010227299616223238
   0.0117045601438072
   0.01039698444694422
   0.010285775117121703
   0.010256564023102474
   0.011198063939806739
   0.010899395352036736
   0.01142787608613254
   0.01212005726017827
   0.011895182318485078
   0.013228541674727414
   0.01212415126266577
   0.01243360700038408
   0.011326759055881784
   0.01281379750737462
   0.01314127949288044
   0.013874154667942836
   0.013557004139558267
   0.01412060548135242
   0.013352596972499395
   0.014334935520957184
   0.014006820230159306
   0.014686397049991534
   0.01455301475846156
   0.01605573387796397
   0.015833116173072186
   0.0158046054034892
   0.01592748248500057
   0.015696654714938467
   0.015651997260413764
   0.017325765525367125
   0.0178739964951882
   0.017087422451616277
   0.017747620594321934
   0.017084466745848407
   0.018272258894564734
   0.018747581433080907
   0.019309788274085245
   0.01962825391088061
   0.019526051668220076
   0.019782949875081824
   0.020230232949474406
   0.021129545369221743
   0.021364803854704587
   0.021820908299151984
   0.02148379660674528
   0.021537223479130264
   0.021620500380657243
   0.023122237121654125
   0.023068026533711115
   0.024597237644703115
   0.023007211359919306
   0.02416030786227692
   0.025060181159560678
   0.025785704007453433
   0.025589139999421633
   0.026263950365282066
   0.026709260639523516
   0.027064372965210186
   0.026679193816717926
   0.027985015538855792
   0.030136861494853773
   0.029280265431686235
   0.03003857023078828
   0.029060832438008378
   0.030703407081136776
   0.03192607523623911
   0.032150692072022334
   0.032484786712398156
   0.033124464067362656
   0.03355172501317928
   0.03380390604649114
   0.034039486247004376
   0.0365736787184445
   0.03500788508307807
   0.03551948044158304
   0.0373466046172875
   0.0377840864903467
   0.037911882565232764
   0.03959376495914477
   0.03957087159767902
   0.040421561394755647
   0.04087006921256679
   0.04357330173397467
   0.0435386935568811
   0.04337870022937525
   0.043948186305125266
   0.04376234562223556
   0.046842918225810826
   0.04620128552150903
   0.04688190021916774
   0.047594461188671944
   0.048065349990923815
   0.04935931599921134
   0.050952042391252575
   0.05247351748367933
   0.052686826339797696
   0.052471748817435084
   0.054119333128189964
   0.054881515640514154
   0.05586448134405259
   0.057414729270806465
   0.058456556836594474
   0.05946321164013931
   0.059634134731628326
   0.060774417275363486
   0.06348569388759959
   0.06325477977196664
   0.06472080935209323
   0.06563865416894225
   0.06650426810694184
   0.06861028023729389
   0.06920740743590964
   0.06976676724945767
   0.0705983905173482
   0.07262908476471391
   0.07235980954749674
   0.07553527574080868
   0.0768860805077226
   0.07634708918380582
   0.07833952880915228
   0.08033084691474378
   0.08115033499616622
   0.08299513270493637
   0.08548490729362698
   0.08578847181941172
   0.0877452438733291
   0.08847173718742048
   0.09077041313115193
   0.09220446371922565
   0.09377664989532308
   0.09471555942795248
   0.09644866429018081
   0.0982039231891985
   0.10082454458612744
   0.10241213482781228
   0.10294245859697543
   0.1061396595643683
   0.10746752604038115
   0.10976397762307996
   0.11174551786984568
   0.11317821669985792
   0.11499354832298202
   0.11619726019450717
   0.11871163349747993
   0.12022809460517121
   0.12377885775814058
   0.12608209512456556
   0.12673407304174358
   0.12901444694544872
   0.13185275323693474
   0.13451758909153852
   0.1362341796090467
   0.13862284353709528
   0.1415705257989812
   0.1430388435338807
   0.1461318610767686
   0.14814115212067172
   0.1510027502835296
   0.15400377544450006
   0.15556658490739586
   0.15954401754888836
   0.16183362752404087
   0.16413276742317484
   0.16717750380284424
   0.17097346644362688
   0.17292224803509235
   0.17704176886192705
   0.1802164624511035
   0.1826806914355209
   0.185292796258894
   0.18854223718530552
   0.19241183241744775
   0.1958586777897778
   0.1986847293113137
   0.20183852528194413
   0.20601473425519837
   0.21011594281862572
   0.21286402222780626
   0.21615484940190446
   0.2196835308026298
   0.2235837395321717
   0.22776549827133608
   0.2316305911958738
   0.23549253558817954
   0.2391492826820938
   0.24353949056346078
   0.24735231805794747
   0.25170094224692524
   0.2567180443389011
   0.26024231781291834
   0.26500092129604
   0.270459739840868
   0.2743295954180664
   0.2789307733837197
   0.2830578071344262
   0.2883360962695965
   0.29331337414008246
   0.29790591581739356
   0.3039308064831698
   0.30807462077873277
   0.313699824615826
   0.318715865158859
   0.32417092245147466
   0.3293898803623299
   0.3354225264759509
   0.34017392841884575
   0.34626709023041735
   0.3532274345347343
   0.358742828130668
   0.5031014070304316
   0.5062074668154847
   0.5082212653963921
   0.5096133078587234
   0.5112834899560028
   0.5114547651715742
   0.5101754559529398
   0.5084291937585704
   0.5048421746106004
   0.5028198921520011
   0.35824332150055493
   0.3531426437302496
   0.3463485128580748
   0.3405243450195595
   0.3353036427395175
   0.3290457897481747
   0.32324668628890846
   0.3184417699592659
   0.3130806192701171
   0.3086907902278751
   0.30364691722005016
   0.2983745302135556
   0.29276589984053814
   0.28801111770955995
   0.2835113359567832
   0.27819655119868036
   0.2738635017054299
   0.26922965521531983
   0.2656613379473197
   0.26053611336148774
   0.2553730032227369
   0.25281525043841796
   0.24793762012972134
   0.2432048395386079
   0.23974463683242217
   0.23564041069994765
   0.23110899944606225
   0.22743688184953645
   0.22438104044245805
   0.21969064357309348
   0.21661953897753544
   0.21202979333961536
   0.20825937971433606
   0.20541924320703256
   0.20215259435978059
   0.1986604659809042
   0.19518621792288512
   0.19130579708560846
   0.18822424175424374
   0.18496785576956337
   0.1822249720571799
   0.1789159130675357
   0.17563924301544914
   0.17302754403201243
   0.16983319795537621
   0.1674672637831048
   0.16389371559873794
   0.16223780793486456
   0.15890013841400516
   0.15646222139276944
   0.15381156327389692
   0.15083912742468383
   0.14815630662297166
   0.14718636089515905
   0.14317934836993776
   0.14132639434440405
   0.13867778957392565
   0.1365065861997508
   0.13385184051614682
   0.13156729445538506
   0.1292196637172145
   0.12758577980809618
   0.12603326448457963
   0.1235943211559091
   0.12145591344203872
   0.11810390346296773
   0.11650651101114479
   0.11451104965788236
   0.11212413736997043
   0.11111780585288751
   0.10937296673383236
   0.10788161242542679
   0.10448062829520122
   0.10347067555974494
   0.10193810198350763
   0.10032397493540614
   0.09845098179784699
   0.09699485292070915
   0.09463057961483698
   0.09380865738166173
   0.09293885024035967
   0.09103325391256757
   0.08909569433766146
   0.0859392013469988
   0.08528116113040442
   0.08375425254779605
   0.08280941047972748
   0.08193670617928206
   0.07976203745987184
   0.07854571116178145
   0.07773177784657957
   0.07568838384316315
   0.07531350742064799
   0.07305433583785427
   0.07291866006421127
   0.07062504398292435
   0.06936235756056738
   0.06909914473848427
   0.06794693756741359
   0.06594139651266115
   0.0646298258317319
   0.0643864959754761
   0.06405652595754784
   0.06254919564982431
   0.060932242695965165
   0.059796543679296384
   0.05974834680189905
   0.05817335334936435
   0.05841247982880028
   0.05541699920998971
   0.0539735405433996
   0.053736773886696995
   0.05339987443842916
   0.05162231981604469
   0.052196397415817886
   0.049971869140947686
   0.05014163838567703
   0.0487414779583057
   0.04800124043303464
   0.04687012483352269
   0.0466180148224911
   0.04615411572720249
   0.044897833575240575
   0.04477747863725692
   0.04278708391547618
   0.04292248177342499
   0.041285857293266906
   0.04141176335294115
   0.0402442310693098
   0.03969081140201092
   0.03896502180161074
   0.03813815568482566
   0.037998976862015636
   0.037835984934979555
   0.0367286185876899
   0.036053183443906865
   0.035040711006485016
   0.03470979947377974
   0.03408956408286853
   0.03350403829451011
   0.03200399146590937
   0.032935457620017976
   0.032762246183679164
   0.03129663531292142
   0.03125838820396855
   0.03102416554478138
   0.02934169529509159
   0.02937745460450922
   0.028550834551550327
   0.028400000866021114
   0.02757483933570602
   0.027576659011562657
   0.02570017763051454
   0.026493224944502323
   0.026750538273275924
   0.024564430699489048
   0.025785720919920003
   0.02513402761198451
   0.02374295151323862
   0.023667020387873078
   0.02316966740352567
   0.022330268748718633
   0.02216174359115275
   0.021558027779924584
   0.02087953067575993
   0.022116725680805464
   0.020502611252228336
   0.020380380760918086
   0.02031650949449733
   0.020790864339656493
   0.019211164664069694
   0.01948766878926261
   0.01867541795623327
   0.018608399810569422
   0.017865531030450788
   0.01762325097704734
   0.01691390396064729
   0.016833930943187334
   0.016735654283893415
   0.01724188051663739
   0.015757058595753208
   0.014912601913817722
   0.016195231641134372
   0.015423601343071597
   0.01574444844349906
   0.014594136026500507
   0.015009611712166308
   0.015468926956644407
   0.014761114244866477
   0.01362688218155569
   0.014453083676157141
   0.013490454448979842
   0.01293804251036454
   0.012774713646888529
   0.011932932306855678
   0.012755169931835484
   0.012517759374185143
   0.012259490772050852
   0.01171732182668036
   0.011348839412027998
   0.012617261748889892
   0.011907811740198112
   0.011008936471794177
   0.01072831802986843
   0.010839606689820439
   0.009879144699820932
   0.010148761404230567
   0.01000488216372387
   0.01009443743405248
   0.009502537067015314
   0.0108994191331465
   0.009132277621710807
   0.008904967139186983
   0.008831684197252526
   0.008994365386729628
   0.008904959898281406
   0.009016564742184242
   0.008578968702588908
   0.008549785797901607
   0.00879765735863815
   0.007543151961216213
   0.008538098026492785
   0.007784546907816794
   0.009332669028204097
   0.008485221786140891
   0.007382369537621373
   0.007127365897721261
   0.0064729818283384664
   0.007300637527640994
   0.0075960101362491615
   0.007014234110720856
   0.006549776447330092
   0.006403095451420352
   0.0063007658510692175
   0.006395283442506673
   0.007382378450743365
   0.006363929917118824
   0.006172493206962645
   0.006760148808273379
   0.005300925608797014
   0.005932932684600425
   0.005486323066499092
   0.004690397185740244
   0.00599163869988837
   0.0059245065608875816
   0.005186503939071096
   0.005431371943625293
   0.00461517847000525
   0.005924509916440347
   0.004538709437714646
   0.00451662252130948
   0.0037148265100809216
   0.005059630025999924
   0.004743403502760439
   0.00374164925667813
   0.00487851151069668
   0.003728263615947778
   0.0039999935199947515
   0.004171322265181629
   0.004324343158214898
   0.003563700008418217
   0.004969898782671535
   0.0043358881489263534
   0.0033166186153973146
   0.003936996407161175
   0.003016615611906827
   0.0034351082428360244
   0.003605545234773792
   0.003911515357249668
   0.0033015091685470147
   0.0040249162724210795
   0.0026267822121371237
   0.0034640960667972243
   0.002738609411727054
   0.0025884325739721327
   0.0028106916853329893
   0.003240366335771312
   0.0023874644102059406
   0.0028809691407580195
   0.002645748861853672
   0.0027018481063894027
   0.00225831554703943
   0.002664580715609869
   0.002190888176060111
   0.00167331946740603
   0.0030331466894959105
   0.00330151225804176
   0.0018165887564333323
   0.0022803493679697416
   0.0021213188704200035
   0.0010488084620177318
   0.002701848950256102
   0.0018973653206486093
   0.00228034913116391
   0.0027386110329873426
   0.0016733188578391149
   0.001303839832954953
   0.0022803493679697416
   0.002323788768369449
   0.0018973657422858671
   0.0015165745316337077
   0.0029999984999996253
   0.0024289900596750082
   0.0024289898291265035
   0.0019493583662323355
   0.0015491930157343209
   0.0014832392119951522
   0.0017029381403914825
   0.0011832156861705308
   0.0016733192881216662
   0.0015811381185715562
   0.0013038401704196722
   0.001612450309311887
   0.0018165898794169255
   0.0006324554055425568
   0.0016733192881216662
   0.0017606812062380855
   0.0013038401704196722
   0.000948683039797803
   0.0020736435928095263
   0.0013416404138218258
   0.0
   0.0014491372571292203
   0.0016733197542609722
   0.0006324554055425568
   0.001048808614571791
   0.001140175210219903
   0.001303839832954953
   0.00044721355077859614
   0.0018708280920490797
   0.0015811385739396785
   0.0008944269897537752
   0.00044721355077859614
   0.0008366598771304861
   0.0021679476723389796
   0.0011832156861705308
   0.00044721355077859614
   0.001140175210219903
   0.00044721355077859614
   0.0008366598771304861
   0.00044721355077859614
   0.00270185090447271
   0.0007745965659619206
   0.0005477224753467763
   0.0013416406523357883
   0.0015811387510272462
   0.0
   0.0007745964368624477
   0.0009486831662889355
   0.001341640547985935
   0.00031622775020544923
   0.0007745965659619206
   0.0
   0.0009486831662889355
   0.0007071067175469343
   0.0017029384927236804
   0.0015811385739396785
   0.00031622775020544923
   0.0007071067175469343
   0.00199999950999994
   0.00031622775020544923
   0.0
   0.0009486831662889355
   0.0005477224753467763
   0.0007071067175469343
   0.0
   0.0
   0.00031622775020544923
   0.0
   0.0
   0.00044721355077859614
   0.0007071067175469343
   0.0006324555004108985
   0.0006324555004108985
   0.0
   0.0
   0.0
   0.0
   0.0
   0.0
   0.0006324555004108985
   0.0
   0.00031622775020544923
   0.0
   0.0
   0.00044721355077859614
   0.0006324555004108985
   0.0
   0.0
   0.0006324555004108985
   0.0
   0.0
   0.0
   0.00031622775020544923
   0.00031622775020544923
   0.0
   0.0
   0.0
   0.0
   0.0
   0.0
   0.00031622775020544923
   0.0006324555004108985
   0.0
   0.0006324555004108985
   0.0
   0.0
   0.0
   0.0
   0.0
   0.0
   0.0
   0.00031622775020544923
   0.0
   0.0
   0.0
   0.0
   0.0
   0.00031622775020544923
   0.0
   0.00031622775020544923
   0.0
   0.0
   0.0
   0.0
   0.00031622775020544923
   0.0
   0.0
   0.0006324555004108985
   0.0
   0.00031622775020544923
   0.0
   0.0
   0.0
   0.0
   0.0
   0.0
   0.0
   0.0
   0.0
   0.0
   0.0
   0.0
   0.0
   0.0
   0.0
   0.0
   0.0
   0.0006324555004108985
   0.0
   0.0
   0.00031622775020544923
   0.0
   0.0
   0.00031622775020544923
   0.0
   0.0
   0.0
   0.0
   0.0
   0.0
   0.0
   0.0
   0.0
   0.0
   0.0
   0.0
   0.0
   0.0
   0.0
   0.0
   0.0
   0.0
   0.0
   0.0
   0.0
   0.0
   0.0
   0.0
   0.0
   0.0
   0.0
   0.0
   0.0
   0.0
   0.0
   0.0
   0.0
   0.0
   0.0
   0.0
   0.0
   0.0
   0.0
   0.0
