   0.0
   0.0
   0.0
   0.0
   0.0
   0.0
   0.0
   0.0
   0.0
   0.0
   0.0
   0.0
   0.0
   0.0
   0.0
   0.0
   0.0
   0.0
   0.0
   0.0
   0.0
   0.0
   0.0
   0.0
   0.0
   0.0
   0.0
   0.0
   0.0
   0.0
   0.0
   0.0
   0.0
   0.0
   0.0
   0.0
   0.0
   0.0
   0.0
   0.0
   0.0
   0.0
   0.0
   0.0
   0.0
   0.0
   0.0
   0.0
   0.00031622775020544923
   0.0
   0.0
   0.0
   0.0
   0.0
   0.0
   0.0
   0.0
   0.0
   0.0
   0.0
   0.0
   0.00031622775020544923
   0.0
   0.00031622775020544923
   0.0
   0.00044721355077859614
   0.0
   0.00031622775020544923
   0.0
   0.0
   0.00031622775020544923
   0.0
   0.0
   0.00031622775020544923
   0.00031622775020544923
   0.00031622775020544923
   0.0
   0.00031622775020544923
   0.0
   0.0006324554055425568
   0.00044721355077859614
   0.00031622775020544923
   0.00031622775020544923
   0.00031622775020544923
   0.00044721355077859614
   0.00031622775020544923
   0.00031622775020544923
   0.0
   0.0
   0.00044721355077859614
   0.00031622775020544923
   0.00031622775020544923
   0.00031622775020544923
   0.0
   0.00031622775020544923
   0.0005477224753467763
   0.00044721355077859614
   0.00044721355077859614
   0.0005477224753467763
   0.0005477224753467763
   0.0007071066044098301
   0.0007745964368624477
   0.0007071066044098301
   0.00044721355077859614
   0.0007071066044098301
   0.0007745964368624477
   0.0007745964368624477
   0.0009486828711429336
   0.0010488082713251265
   0.0009486828711429336
   0.000999999499999875
   0.0010488082713251265
   0.000836659733703015
   0.0011832151283684637
   0.0011832151283684637
   0.000894426833228968
   0.0013416395790226225
   0.0012649100521380957
   0.0014142121481588255
   0.000999999499999875
   0.0014491361530235866
   0.0014832380658545681
   0.0014142121481588255
   0.001702936167329827
   0.0016733177104184369
   0.001702936496173595
   0.0017320482094907174
   0.0018439057568107975
   0.0019748386642964026
   0.0018708254194338926
   0.0018165872150821716
   0.0016733177104184369
   0.0023021667858780345
   0.0024083124049840378
   0.0022360623873228583
   0.002167943244183297
   0.002449482394302927
   0.0026267760448884865
   0.0027386025177086213
   0.0027748767017653237
   0.002607672095950716
   0.003065927533390181
   0.00316226184874055
   0.003255746863624382
   0.003391145492307872
   0.0034784850711193226
   0.003507114014399874
   0.0037148094917505525
   0.003987450281821706
   0.004074276750541132
   0.00461514315162596
   0.004732811760465442
   0.004679694194068668
   0.004647529821313684
   0.005059580500397241
   0.005412868140828853
   0.005576652894882377
   0.005805073449147736
   0.005915982082461034
   0.006123611972520793
   0.006549668662611872
   0.006884605362691459
   0.006760024389748901
   0.007273049137053867
   0.007641775196902877
   0.007943306535064601
   0.008270154607986479
   0.008561231546337245
   0.008567072384426316
   0.009197447713360484
   0.009454747802030471
   0.009460024375761407
   0.010202413749206607
   0.010449328458805378
   0.010802166356337973
   0.011492728692090491
   0.012283223921674635
   0.012440919115563769
   0.01293339382799426
   0.01335547344724252
   0.013919868928980617
   0.014406843894482928
   0.015226521661561448
   0.015634615241508183
   0.01613483236231477
   0.016997600790699844
   0.017655183523260242
   0.01826991632137378
   0.019051802822567736
   0.01985062405467395
   0.020535932479193632
   0.021410126590938224
   0.022575288709338802
   0.023518043697552737
   0.0241281409642351
   0.02517349772578296
   0.026102584447521667
   0.02717829061880088
   0.028193557593003404
   0.02909454792568532
   0.03048035339673738
   0.0321396062396539
   0.03310614280099691
   0.034396498949602415
   0.035849257607375916
   0.037094958632002815
   0.03851146480711945
   0.040165071332689053
   0.0417159056015808
   0.043465924868107894
   0.04508025835939719
   0.04676621579901456
   0.048915868842738554
   0.050452824070709855
   0.05275184344494513
   0.05481029892045837
   0.05705802830233446
   0.05917387182524057
   0.06160935896404052
   0.06408417040728545
   0.0667096061736239
   0.06932285204721456
   0.07169002715685076
   0.0749417883613008
   0.07778394793271938
   0.08100967451304814
   0.08409527598854766
   0.08757914350294824
   0.09103797213888279
   0.0945353185648623
   0.0984389332505691
   0.10222278584146491
   0.10609026018061225
   0.11048465752850031
   0.11492419584334711
   0.11918926801415469
   0.12391244294436293
   0.12889668052261857
   0.1339029106147809
   0.13920387240001622
   0.14473564645929488
   0.15058887244467967
   0.15584540519601467
   0.16251151477529216
   0.16841364616966167
   0.17493994198284163
   0.17988034172835562
   0.18358891621704726
   0.18591803039380017
   0.18686399316197866
   0.18720193230957846
   0.18568650268395923
   0.1835314030903431
   0.1798727457440676
   0.1750225047742147
   0.16878887457409628
   0.16261259353983012
   0.15634204336131086
   0.15009806247370416
   0.1448166137001898
   0.13924944767933553
   0.13424798469068355
   0.12920490061723666
   0.12411704689944891
   0.11924160738249044
   0.1148947537792305
   0.11043559749351656
   0.10653133482459515
   0.102300826583904
   0.09797427961888773
   0.0946762152667712
   0.09097556903784663
   0.08752410136436706
   0.08423672265965718
   0.08101161508425814
   0.07797368242625201
   0.07485926056267186
   0.07226210001037889
   0.06905969374273245
   0.06678921857418306
   0.06414066122484238
   0.06160624755850659
   0.059211759480359984
   0.05718840298793104
   0.055038306670808834
   0.0529559656989654
   0.0506261814059682
   0.04854794383740675
   0.04702516515696675
   0.04498287111679289
   0.0432877276806025
   0.041578307892337324
   0.040019616108978355
   0.03836612990112503
   0.03696568050489535
   0.03566096006994203
   0.0343805018136734
   0.03281244903020803
   0.03169236486916052
   0.030319427908685876
   0.029012056648917532
   0.028094191890673772
   0.027291989593285427
   0.025902857775928895
   0.024755415148205454
   0.023966140646962748
   0.023020100013683695
   0.022180199954914746
   0.021361055694651424
   0.020620897391723767
   0.01966605435134359
   0.019119840574387644
   0.018204174145233835
   0.017595598153799717
   0.01684997329374738
   0.01655073665550872
   0.015761955391067443
   0.014820681722174591
   0.014406852502889034
   0.013790009229873633
   0.013515440440843947
   0.013129001887424649
   0.012327917908552116
   0.012015794670349524
   0.011418551018408597
   0.01113035918512965
   0.010732514469591923
   0.010192605397541887
   0.00975659399380747
   0.009375099098676237
   0.009343052027576428
   0.008578733647806067
   0.008197290066845261
   0.007848326575773973
   0.007745737398079024
   0.0076155597955764225
   0.007661372226305155
   0.006602885660073178
   0.006534386789133316
   0.0064496733281616675
   0.006308599831975396
   0.005709549039985557
   0.00536648586693378
   0.005692007575539583
   0.005300869889933161
   0.005196083309570777
   0.004847623862264893
   0.004404500384833676
   0.004658275336430855
   0.004110927037786003
   0.004024889757496471
   0.004183263528634074
   0.0037815077931957247
   0.0037682619813383463
   0.003577685866590302
   0.0036468929775906505
   0.0037282459347526956
   0.003049576559130792
   0.003301497464787759
   0.002999986499969625
   0.0027748767017653237
   0.002949563410065971
   0.0025690380378655354
   0.002097613081576295
   0.0024698102740898947
   0.002428984394762552
   0.002167943244183297
   0.0021679436685486087
   0.0020736396769930887
   0.0018708254194338926
   0.0022360623873228583
   0.0020976134915660703
   0.002024841522193774
   0.0015491914794498452
   0.001702936167329827
   0.0014491361530235866
   0.0012247439528325912
   0.0015491914794498452
   0.0013784035657237687
   0.0014832380658545681
   0.0013416395790226225
   0.0012649100521380957
   0.0014142121481588255
   0.0011832151283684637
   0.001095444457743066
   0.0011401746839848708
   0.0009486828711429336
   0.000836659733703015
   0.000836659733703015
   0.0009486828711429336
   0.000836659733703015
   0.000894426833228968
   0.0007745964368624477
   0.00044721355077859614
   0.0007071066044098301
   0.00044721355077859614
   0.0007745964368624477
   0.0007745964368624477
   0.0007745964368624477
   0.0006324554055425568
   0.000894426833228968
   0.0007071066044098301
   0.00044721355077859614
   0.0005477224753467763
   0.0
   0.0005477224753467763
   0.0006324554055425568
   0.0
   0.00031622775020544923
   0.00031622775020544923
   0.0007071066044098301
   0.0005477224753467763
   0.0
   0.00044721355077859614
   0.0005477224753467763
   0.00044721355077859614
   0.0
   0.00031622775020544923
   0.00031622775020544923
   0.0
   0.00031622775020544923
   0.00044721355077859614
   0.0
   0.00031622775020544923
   0.00031622775020544923
   0.0
   0.00044721355077859614
   0.00044721355077859614
   0.0
   0.00031622775020544923
   0.0
   0.0
   0.0
   0.00031622775020544923
   0.00031622775020544923
   0.0
   0.0
   0.00031622775020544923
   0.0
   0.0
   0.0
   0.0
   0.0
   0.0
   0.0
   0.0
   0.00031622775020544923
   0.0
   0.0
   0.0
   0.0
   0.0
   0.00031622775020544923
   0.0
   0.0
   0.0
   0.0
   0.0
   0.0
   0.0
   0.0
   0.0
   0.0
   0.0
   0.0
   0.0
   0.0
   0.0
   0.0
   0.0
   0.0
   0.0
   0.0
   0.0
   0.0
   0.0
   0.0
   0.0
   0.0
   0.0
   0.0
   0.0
   0.0
   0.0
   0.0
   0.0
   0.0
   0.0
   0.0
   0.0
   0.0
   0.0
   0.0
   0.0
   0.0
   0.0
   0.0
   0.0
   0.0
   0.0
