   0.17801594025903972
   0.2170914322762416
   0.2268862014540329
   0.23078548640586133
   0.23170083424776441
   0.23223547313343412
   0.23200370586143662
   0.23223421109483416
   0.23166255005242
   0.23204830243962138
   0.23180966130823796
   0.2323676508025805
   0.23169711862254566
   0.2317063198858417
   0.23114835222408572
   0.23169122619933194
   0.23185089744437049
   0.23175271258960486
   0.23219076095099048
   0.23056833204852742
   0.23182211515036696
   0.23174149282819423
   0.2310265164732395
   0.23121188668094034
   0.23176149251840783
   0.232438737727686
   0.23186926247605566
   0.23242962793480096
   0.23264274504260818
   0.23274161314159098
   0.2325377039165692
   0.2310152372602076
   0.23245912481034164
   0.23060428187522886
   0.2315975464110965
   0.23173317537959473
   0.23240677269457963
   0.2317994391430661
   0.23252551253193704
   0.2314227180891064
   0.23102965581059068
   0.23216421543758634
   0.2319413067196958
   0.23234774469454184
   0.2321162947699924
   0.2312375023001027
   0.23213577833638657
   0.2315207592029492
   0.23239226277118177
   0.23154625990121283
   0.23254963981462107
   0.23209235332235745
   0.23157106409029174
   0.23187083277184736
   0.2320676839612961
   0.23233659870971685
   0.23238679892549832
   0.23244937185167872
   0.23156826527723956
   0.23183236264592136
   0.23302053000280898
   0.23214646054239121
   0.2319917969471981
   0.23146276504247934
   0.23277658130058962
   0.23184022210132132
   0.23227998210347356
   0.23167090711774754
   0.23147157690910994
   0.23172525131023164
   0.23226181337232343
   0.2314039317207899
   0.2320665959038267
   0.2317800275975262
   0.23196432853134982
   0.23282157151602167
   0.2320205367833632
   0.23147187965001279
   0.2313772561214909
   0.2318925266531675
   0.23209768149188822
   0.2317883703532168
   0.2322015855928637
   0.2315803738274036
   0.2316350855468791
   0.23149014789221592
   0.2322444055961521
   0.2314328439144064
   0.23259551240019657
   0.23173064103989355
   0.23164380917501334
   0.2325277389689024
   0.23239193174282105
   0.23132170919340883
   0.23228700996652826
   0.23137292283218883
   0.23032101547804967
   0.2278157836647628
   0.2160782407453143
   0.1784912922217776
