   0.1898816830689838
   0.22547400055562947
   0.2340426195732521
   0.23751973106398971
   0.2388632342387585
   0.24022859710931588
   0.23935602061362485
   0.23971122075288842
   0.2391046300884824
   0.23947260016553043
   0.24033606065873678
   0.23947880720431192
   0.2397783234051819
   0.24101571760777346
   0.2388112710777069
   0.23930965196740395
   0.23936459077474262
   0.2379127960810641
   0.2393044086179776
   0.23925020912791278
   0.23926790173953547
   0.2392958519222387
   0.23865778781676075
   0.23956914386821604
   0.23874991474687485
   0.23903602114459652
   0.23944328057373002
   0.23938856407921827
   0.23895513387613165
   0.2380494791589345
   0.2388402562128922
   0.23796771976717765
   0.24015585993514713
   0.23974678033239571
   0.23957635437505095
   0.23919434564253395
   0.23906419395292136
   0.24011014948302373
   0.23926861162726715
   0.23995328837986363
   0.23792371503805584
   0.23799762339645328
   0.23898777436327157
   0.23945910578533028
   0.23879854350475005
   0.2389948689804867
   0.2386243249286208
   0.2399326456834084
   0.24013208384085205
   0.23924598218101803
   0.23894261681364
   0.23920781755753717
   0.2389380344530983
   0.2404396723441454
   0.23953609910616813
   0.23946766319632803
   0.23874870846008778
   0.2389886489977087
   0.2395177968288578
   0.2401634206650963
   0.23903869938064423
   0.24003903404486113
   0.2398473531414512
   0.2402575885349722
   0.23915299296724263
   0.23964836314266785
   0.23981323898392265
   0.23916825575981024
   0.23960076616830758
   0.239596314883994
   0.23989664964311194
   0.2400361388937091
   0.23990580885903953
   0.2390733464397694
   0.23936088816661338
   0.2397430888075817
   0.23918827254788225
   0.23912729871160673
   0.2402427336960475
   0.23911863469782108
   0.23884643742044803
   0.23852350556462984
   0.239333238844921
   0.2395519985092172
   0.23899401282910834
   0.23885912653091151
   0.23985395195710243
   0.23933340514153054
   0.23943064329343894
   0.2405994171962185
   0.23879933218256705
   0.2389171255435449
   0.23928720766735526
   0.24005088908393987
   0.2391732633866085
   0.2387151316522478
   0.2377495941524191
   0.23484621680614742
   0.22599205300096284
   0.19037489523138285
