   1.0532408656788816
   2.000042076532391
   2.7060918691160505
   3.1716108143148647
   3.5228632411762737
   3.797478497384284
   3.9761033505682417
   4.116248348342335
   4.2371699254625135
   4.322237163284311
   4.363941054193904
   4.385925219973091
   4.417946075904504
   4.44959585163855
   4.466286568814747
   4.49877956888032
   4.50953810534416
   4.5357503349968455
   4.552267577728598
   4.525796004237818
   4.5068381151685495
   4.511852477020941
   4.526128618958591
   4.547649612027625
   4.549020961562609
   4.558995009773097
   4.551646321302217
   4.537073580649866
   4.538873186785901
   4.529422672692403
   4.5322486891916025
   4.543781201421455
   4.571954581453757
   4.554540627048901
   4.551908843177662
   4.542857009761148
   4.5783545392936755
   4.559145296842271
   4.575474035380815
   4.60273969406874
   4.5816596730197015
   4.547579154096716
   4.549153481112283
   4.556098617716588
   4.557060220655856
   4.548283828367684
   4.5756740317324835
   4.588194097101712
   4.567518861232102
   4.56030265202607
   4.562677401981866
   4.532128471197502
   4.547619662614608
   4.526537112890493
   4.533466502631182
   4.536347710813623
   4.5302363825494805
   4.526530667254558
   4.552089534694918
   4.561941171301533
   4.53749599026776
   4.536580867357706
   4.533839051355925
   4.533121114243475
   4.545087595300667
   4.532587919905802
   4.545619670671975
   4.524559549040768
   4.55339655725745
   4.569463183428005
   4.571618741356173
   4.570195588140184
   4.572100207212873
   4.572475735619709
   4.570666953244242
   4.554601858570735
   4.56317878837286
   4.561468244957867
   4.5510125972029565
   4.545131377876662
   4.539391790128277
   4.542307514790142
   4.530842803541081
   4.515914283593522
   4.509629256899507
   4.499897053478001
   4.456020255765339
   4.443368722723335
   4.425060704230395
   4.378404798032156
   4.307662210836755
   4.214079245287635
   4.115503236477406
   3.977206901130491
   3.795368705326928
   3.536494493050286
   3.180716949342711
   2.696417999631363
   2.0091456719461633
   1.056561266024834
