   0.08772761411459906
   0.09856466171600245
   0.10010136737507636
   0.10037149339125129
   0.10023645915409224
   0.10063221696648643
   0.10037354617980775
   0.10057905611801098
   0.1004627475537077
   0.10079767029033955
   0.1005155804830276
   0.10048860437601868
   0.10051216871558388
   0.10027344007816827
   0.10081553892089255
   0.10057794582193454
   0.10042075417517038
   0.1006352383070165
   0.1007233836663066
   0.10030347411605443
   0.10054361381032612
   0.10063113869970865
   0.10058368994444378
   0.10036442492516959
   0.10050095777274962
   0.1006983755529353
   0.10052806583233362
   0.10062200951079242
   0.10038462504183597
   0.10064270074595574
   0.10082929113129775
   0.1002270955133391
   0.10026724841921214
   0.10076258861303633
   0.10043987956265181
   0.10063907598939886
   0.10055468416816792
   0.10052075038393814
   0.10046366258085558
   0.10038381589857999
   0.10047732468074576
   0.10064347686914438
   0.10060253769343992
   0.10036116217661092
   0.10069330948975706
   0.10028406131065894
   0.1005795833843032
   0.10047176596118931
   0.1004928566543911
   0.10062806094122057
   0.10080080543482775
   0.10031864811245216
   0.10035401327520489
   0.10059308409224761
   0.10056247413816945
   0.10065030340734199
   0.10060247736035133
   0.10043399187481299
   0.10083726532884556
   0.10022085647603497
   0.1006391727489351
   0.10059052840322492
   0.1003062296449727
   0.10053395376443722
   0.100625566453064
   0.10046105805455167
   0.10027630423484903
   0.10070069982234482
   0.10052303168801664
   0.10025179546801144
   0.10031979960660807
   0.10037526388508276
   0.10044874520664755
   0.10041602953393448
   0.10041731896022718
   0.10033792110657865
   0.10057075543437068
   0.100508490432948
   0.10069201769748186
   0.10033143967864709
   0.1007889023952538
   0.1008140887768669
   0.10028087440863288
   0.10032707152264538
   0.10067618356215138
   0.10055214766831189
   0.10046152563200501
   0.1003617370035015
   0.10063765209025895
   0.10053081856182212
   0.10056006777543461
   0.10067157936259867
   0.10060501263451041
   0.10093097493316905
   0.10060347136674759
   0.10069288678729993
   0.10062475374956205
   0.10030572865788874
   0.0982351139924518
   0.08772694795642899
