   0.2849101643571005
   0.3878185028460478
   0.4167653749530424
   0.42509168643687917
   0.42869219199531733
   0.42841394612552003
   0.4285144885839801
   0.42804392946514264
   0.4303324474287757
   0.4311688430343617
   0.4304390274496958
   0.42905302660510386
   0.43055293379085224
   0.4280587925309326
   0.4286214325529581
   0.42949042227494433
   0.4284592154114555
   0.4294093382197923
   0.4283011640966669
   0.4296918502466506
   0.42849917645736496
   0.4288383376921424
   0.42983059054241357
   0.4297406152552956
   0.4296815237544081
   0.4299036418288987
   0.42835143239717316
   0.42930239578850476
   0.4288106770498958
   0.4281598146261627
   0.427978676507884
   0.429473692034844
   0.4281704407021111
   0.427980193389881
   0.42956701212076326
   0.4285091340006535
   0.4296657625758771
   0.4285537498323402
   0.42950366100418746
   0.4299319738410252
   0.4294481453154036
   0.42894237258802026
   0.42905820997826155
   0.42978545770423643
   0.429434570881805
   0.4287668338986937
   0.42910918120100855
   0.4292977723174906
   0.42904108133515606
   0.4289909556154302
   0.4290210013600267
   0.4290214973282225
   0.4286677222875079
   0.42909761596251034
   0.42956485904355585
   0.42858586796317727
   0.42888795642983496
   0.4290304063862957
   0.42952108132551536
   0.43046288688469997
   0.4311093888222687
   0.42943256486628956
   0.42995132817302706
   0.43024568506173305
   0.42929694083531506
   0.4285135091802708
   0.42901758048824756
   0.4308818982082097
   0.4287460997531173
   0.4274046420533942
   0.4281931419912164
   0.428251052300762
   0.42957755033912093
   0.42984354123414487
   0.4286525553909133
   0.42852069198020065
   0.4298262009789073
   0.4300305973999525
   0.4309056969514792
   0.42912824421115653
   0.42799761602322034
   0.4279326918372094
   0.4295900480341578
   0.42845430838655363
   0.42951997598713615
   0.42984656732257387
   0.43109959181329555
   0.4289312763050044
   0.42894946235862097
   0.42940912875252196
   0.4303504127709883
   0.42910386852312343
   0.4290286572805947
   0.4281558519525805
   0.42849784940387975
   0.42817401102705893
   0.42554001734002644
   0.4177127938123993
   0.38762438044844394
   0.2854359895006935
