   0.12516033406311283
   0.14795160708880456
   0.15867984239565527
   0.16483747985937544
   0.1672338843118822
   0.16976961498583898
   0.17010397991628531
   0.17083065892503022
   0.17080144548214457
   0.1712831775095266
   0.1713676272270816
   0.1707399001983719
   0.17087770478608377
   0.17131703160153108
   0.17045278321975268
   0.17110826928512252
   0.17164215560100612
   0.17109403228447218
   0.17162447806580505
   0.17155763926771084
   0.1715332613387561
   0.17149536522238729
   0.17142638932413526
   0.17120637837531055
   0.17077102559286805
   0.1706172832436386
   0.17123066633868478
   0.17103138835076442
   0.17144838364522424
   0.17188790425969477
   0.17112339401391033
   0.17182455708437022
   0.17079286494086923
   0.17129585491631139
   0.1709273037932793
   0.17112075237653088
   0.1715119663398155
   0.17104517687087817
   0.17105745703941116
   0.1712288978310612
   0.17075339607020998
   0.17080673797690182
   0.17076619917884805
   0.17079580193014113
   0.17103564360962892
   0.17114753860266294
   0.1712071668067374
   0.17071853298233325
   0.17108226256991108
   0.17192756447190194
   0.17115092754349887
   0.1711535118329741
   0.17122777648007348
   0.1707800978050721
   0.17116957667950225
   0.17125573787032655
   0.17141376569502811
   0.1711478891010637
   0.17105167294124896
   0.1710306405033905
   0.1706868679741942
   0.17087278563232355
   0.17127806521455105
   0.17179281522342546
   0.1711244457533464
   0.17084952308317983
   0.17136328340353427
   0.17170860863113416
   0.17140221354973803
   0.17124889480180594
   0.1710129557997288
   0.17114098079580473
   0.17127589190356007
   0.1712536598020317
   0.17025264266492313
   0.17097731371825328
   0.17117163177571218
   0.17151489299110442
   0.17200839210919333
   0.17146441272261134
   0.1714429584436468
   0.17100567790219715
   0.17095587642184168
   0.17152174418469512
   0.1710785472137287
   0.17146092163102356
   0.17093780709132195
   0.1705309732823923
   0.17138471089846374
   0.17052000959391833
   0.17092005763443915
   0.17054810442147986
   0.17017339812779197
   0.16967724333404288
   0.1695355271397709
   0.16744198343829425
   0.16425578051015435
   0.15867158268672435
   0.14751645432883073
   0.1251856046522922
