   0.10246701319697964
   0.11014778738240727
   0.11147911840627374
   0.11211077900790806
   0.11229475958561022
   0.1123341573552319
   0.11259831139937224
   0.11206439741487927
   0.11260104050034352
   0.11258278098963447
   0.11209274498539144
   0.11225333976212022
   0.11263559170280059
   0.11250735660995684
   0.11179457293513849
   0.1126706609093512
   0.11272053029643712
   0.11220024486942975
   0.11239083861240648
   0.11254550960029458
   0.11247699524573904
   0.1124476327985165
   0.11272088007281526
   0.11238799387616989
   0.11235575966148777
   0.1120942770702858
   0.11222857036739799
   0.11280295193229653
   0.11227372675296746
   0.11219325830440971
   0.11247863474562625
   0.11225593276063409
   0.11258447827937917
   0.11212179168011899
   0.11231069053852354
   0.11245235549173703
   0.11232442601518158
   0.11237656382177735
   0.11291931134039918
   0.11219370985291467
   0.11247452560717916
   0.11247158140614899
   0.11230070155430909
   0.11262461657453046
   0.11256955563543813
   0.11212212181795349
   0.11199992624265429
   0.11248667316046822
   0.11226309259164385
   0.11240897012600908
   0.112616530885834
   0.11235035507905615
   0.11227496933328461
   0.11288969396180502
   0.11206803248736903
   0.1126983530480814
   0.11235247495160042
   0.11243731502735202
   0.11276817265594047
   0.11232189349970913
   0.11261485060821241
   0.11250664646921976
   0.11207913397591007
   0.11254033887593373
   0.11242391545925626
   0.11233686827021662
   0.11260411913242784
   0.11223345807516581
   0.1126257586565347
   0.11286568288917584
   0.11255568036061085
   0.11231829312378283
   0.11203109465568031
   0.11238866241307438
   0.11267568590317079
   0.11242731481272689
   0.11256645968631153
   0.11237693808602368
   0.11251235305671994
   0.11272751946246311
   0.11232149545371982
   0.11256182054280217
   0.11263994747441958
   0.1125048088031796
   0.11230665908733996
   0.11228178210039241
   0.11220447128162941
   0.11262019675901831
   0.11256029279119702
   0.11273460373656352
   0.11277442429340973
   0.11220359691556238
   0.11258045362135471
   0.11213752713516559
   0.11237198744344606
   0.11213074039958891
   0.11235593454620009
   0.11127440427335479
   0.10977791965800773
   0.10270177325513907
