   0.1531628899647692
   0.1817857481121939
   0.1882990324351137
   0.19070163149800265
   0.19096554109053288
   0.19108672365300525
   0.19117208970809518
   0.19164756816604797
   0.1916878207271135
   0.19018281570152443
   0.1911118526675936
   0.19165247665957777
   0.1920441246336633
   0.19146897398628324
   0.19109340108742634
   0.19205483943332435
   0.19078703638937317
   0.19084653101379653
   0.1908313599666208
   0.1908513961929281
   0.1916814291595302
   0.1911151614942153
   0.19082349424785197
   0.19158596990374843
   0.1913907610221559
   0.19212501298662285
   0.1907711813077646
   0.19135411780257042
   0.1914399262648991
   0.1916189900499165
   0.19174061926926178
   0.19040683415875598
   0.19189890435786755
   0.19065225970640895
   0.1910486421820108
   0.19169419186151676
   0.1917801028488357
   0.19156355368388842
   0.19068826489283497
   0.19109840199161793
   0.19098236546129072
   0.19065089767716806
   0.19088469118059204
   0.19096311624476073
   0.19116392785659117
   0.1906751791723034
   0.19205249966378984
   0.19102225811143056
   0.191056221855636
   0.19105896359896335
   0.1914366315725389
   0.1915421268153823
   0.19167329984844003
   0.19066268440675538
   0.19089116637235992
   0.1910931693572536
   0.19142643440692825
   0.19149501840202005
   0.19079612809058782
   0.19138162766971653
   0.1915529146411247
   0.19186521305447737
   0.1910748543764982
   0.19157757667159275
   0.19089054396433575
   0.19095503127343882
   0.19064899002879612
   0.19090652415250245
   0.19144467596786285
   0.19153779730254286
   0.19018474020065332
   0.1903649320898941
   0.19134791347278915
   0.19131889451841919
   0.1912038282625115
   0.1910429647169453
   0.19264189391054065
   0.1918671779913386
   0.1915309033967887
   0.19161139617775869
   0.1919508767167006
   0.1908779217689673
   0.19085820222887984
   0.1914293575806752
   0.19085120592451074
   0.19097220470421866
   0.19087128614477347
   0.1902088088785585
   0.19166509016291935
   0.1904425575366756
   0.19164453160567874
   0.19009163113548685
   0.19050961925779494
   0.19039802354433724
   0.1901965216439039
   0.19062278153872375
   0.1897453536657749
   0.18725553426000527
   0.18092465995811627
   0.1533165126127972
