   0.0
   0.0
   0.0
   0.0
   0.0
   0.0
   0.0
   0.0
   0.0
   0.0
   0.0
   0.0
   0.0
   0.0
   0.0
   0.0
   0.0
   0.0
   0.0
   0.0
   0.0
   0.0
   0.0
   0.0
   0.0
   0.0
   0.0
   0.0
   0.0
   0.0
   0.0
   0.0
   0.0
   0.0
   0.0
   0.0
   0.0
   0.0
   0.0
   0.0
   0.0
   0.0
   0.0
   0.0
   0.0
   0.0
   0.0
   0.00031622775020544923
   0.0
   0.0
   0.0
   0.0
   0.0
   0.0
   0.0
   0.0
   0.00031622775020544923
   0.0
   0.0
   0.0
   0.0
   0.0
   0.00031622775020544923
   0.0
   0.0
   0.0
   0.0
   0.00031622775020544923
   0.0
   0.0005477224753467763
   0.0
   0.00031622775020544923
   0.00031622775020544923
   0.00031622775020544923
   0.00031622775020544923
   0.00044721355077859614
   0.0
   0.0
   0.00031622775020544923
   0.00031622775020544923
   0.0
   0.0
   0.00031622775020544923
   0.00044721355077859614
   0.0
   0.00031622775020544923
   0.0
   0.0
   0.00031622775020544923
   0.0
   0.0006324555004108985
   0.0
   0.0
   0.0
   0.0
   0.00031622775020544923
   0.00031622775020544923
   0.00044721355077859614
   0.0005477224753467763
   0.00031622775020544923
   0.0
   0.00031622775020544923
   0.0005477224753467763
   0.0
   0.00044721355077859614
   0.00044721355077859614
   0.0
   0.0
   0.00031622775020544923
   0.00044721355077859614
   0.0
   0.00031622775020544923
   0.00044721355077859614
   0.00031622775020544923
   0.0005477224753467763
   0.00031622775020544923
   0.00031622775020544923
   0.0
   0.0005477224753467763
   0.00031622775020544923
   0.0
   0.0008366598771304861
   0.0
   0.00044721355077859614
   0.0006324554055425568
   0.00044721355077859614
   0.00044721355077859614
   0.0005477224753467763
   0.0007745964368624477
   0.00044721355077859614
   0.0006324554055425568
   0.00044721355077859614
   0.000948683039797803
   0.0009999996799999488
   0.000836659733703015
   0.000836659733703015
   0.0009999996799999488
   0.00044721355077859614
   0.0011401750698905849
   0.001095444822891596
   0.000836659733703015
   0.00031622775020544923
   0.000894426833228968
   0.0009999996799999488
   0.0009486828711429336
   0.0009486828711429336
   0.000948683039797803
   0.0012649102893090877
   0.0012247439528325912
   0.001140174894478913
   0.0012247441814517838
   0.0009999996799999488
   0.000836659733703015
   0.0010488084620177318
   0.001095444457743066
   0.000894426833228968
   0.000999999499999875
   0.0014142126572761254
   0.0010954446585747725
   0.0011832151283684637
   0.0011832151283684637
   0.0017029368015284655
   0.0014142124168596455
   0.0016124497635585425
   0.0010488082713251265
   0.0014491361530235866
   0.0015811371572384226
   0.0014832383490187948
   0.0016124500488387229
   0.00204938765488621
   0.001643165770699962
   0.0015491917763788962
   0.0013784038268954421
   0.0014832383490187948
   0.001643166574027113
   0.0018439070583952978
   0.0018439061147466267
   0.001673318033130582
   0.0015165736348756692
   0.001974839008628298
   0.0017888521906518715
   0.001949356242455442
   0.0019748382997096243
   0.0021679448309401233
   0.0024289857780563475
   0.0021679436685486087
   0.0024289873918981134
   0.002236062825593235
   0.002588428633360402
   0.0023874613944522747
   0.0025690390343472793
   0.002449483341441619
   0.0024899731645140273
   0.002607672609818955
   0.0028635546511285585
   0.002880962809548225
   0.002529814530751217
   0.002756800863319656
   0.0029325658117082386
   0.0030495788414140073
   0.0032093478325042925
   0.0034205101593183435
   0.0033615314828214834
   0.003301501135847147
   0.0035496275860997023
   0.003714815090956749
   0.003741638143915042
   0.003646895083492257
   0.0038078653744585034
   0.0038600309208606087
   0.004324318183251552
   0.003974893830028672
   0.003936977966664279
   0.004207103648592461
   0.004460904884661855
   0.004764411794754941
   0.004254375111576317
   0.00448326081217678
   0.004701017250553331
   0.00514775958937478
   0.0053665049147466545
   0.004868215318779563
   0.005176812239206672
   0.005495386337647245
   0.005674439193435771
   0.005761864972385243
   0.005375800657576506
   0.005735773181533593
   0.006410820820300627
   0.0061886087087486795
   0.006156204251809714
   0.00668568680017244
   0.006625587369433747
   0.0069927131722958575
   0.006811620083357556
   0.00652674620006018
   0.007279955579534809
   0.007190116938548358
   0.00763527400883557
   0.007810073894656823
   0.007576093386436046
   0.008203439034331881
   0.008282279637877485
   0.008455519730330005
   0.008402127644829017
   0.008837134421858706
   0.009021905960494157
   0.009153916842532491
   0.00946538108054821
   0.009449509336997345
   0.00998961441498119
   0.009969541381628345
   0.010094112517205264
   0.010657838159777057
   0.010765194452029187
   0.010871467534790324
   0.011125973043289291
   0.011738173752334729
   0.012024273448321108
   0.0122262617667871
   0.012336162318971002
   0.01212361070968546
   0.012933586113294333
   0.013231591151104994
   0.013695659896478155
   0.014038111151789616
   0.013862488959779193
   0.014116149046747841
   0.015085065329656349
   0.015098202934124312
   0.015167597895184326
   0.01608248761075226
   0.01587913460614274
   0.01643593249438559
   0.016882916430226148
   0.017251864529667513
   0.017745931634039393
   0.01803085663522396
   0.01853918563475753
   0.018962951466214326
   0.019279167413558087
   0.019810930796911083
   0.020088918576916977
   0.02073281483928316
   0.02132682284729725
   0.021380501881621022
   0.022219322878746776
   0.022460845805757183
   0.023497978104509334
   0.023529723661573246
   0.024213854942160697
   0.02486535195085724
   0.025582266745540747
   0.02618996439077381
   0.02655536817971086
   0.027337604960200882
   0.027885520790367175
   0.02827497276674197
   0.02878415197830223
   0.029835382376634623
   0.030421933928664036
   0.03131145457879592
   0.031886637376180006
   0.032879142801478266
   0.033223268173977104
   0.034087840171973346
   0.034701523212101223
   0.03558459869100676
   0.036524413100144405
   0.03702223640516602
   0.03781919126792639
   0.03895636834703666
   0.040149351719672884
   0.04085464164571757
   0.04148546216097875
   0.04244200164930961
   0.043704696800115204
   0.0448495946898074
   0.04572205508843626
   0.04685845480070806
   0.04792533515834814
   0.04920746842136872
   0.04988365748008059
   0.050951375498999044
   0.05227869067067384
   0.053439391554825924
   0.05462019950888133
   0.05619297213139736
   0.05710784367974333
   0.05870730733528834
   0.059890061966823845
   0.061530263114990824
   0.0627760527510292
   0.06403058201797013
   0.06582340386701374
   0.06717348954572779
   0.0686469196074376
   0.07049735168295332
   0.0718253037971995
   0.0734474587821798
   0.0747687716245225
   0.0769858349744289
   0.07841739280950369
   0.08083745157877009
   0.08242635322177004
   0.0839662038822168
   0.08631546197315983
   0.0881853536964047
   0.09031601596167758
   0.09192061157493459
   0.09431234890914339
   0.09631258054475542
   0.09826527381409976
   0.10121257750887486
   0.10331343720305698
   0.10547504020947325
   0.10794860354057388
   0.11037479024559911
   0.11264950297342638
   0.11499626143797023
   0.1177059355287999
   0.12048334122259392
   0.12297145554900128
   0.12611945097105362
   0.12862193394969615
   0.1318286493581346
   0.13502525971624718
   0.1377619536208746
   0.1410695590153666
   0.1438266211763316
   0.14763280894855316
   0.15066965234495633
   0.15410512918186728
   0.15747862647661112
   0.1610178399246183
   0.1643264875532548
   0.16855738327240372
   0.17174580620320834
   0.17580270649199348
   0.17947265982215785
   0.1839706488152662
   0.18784647766617824
   0.19182959049729528
   0.1964096314343062
   0.20045098042324463
   0.2050756588130098
   0.20923180307436537
   0.2139834467793946
   0.21877912600894994
   0.22321461310218918
   0.22811036749729285
   0.2334757375015871
   0.2386261092822619
   0.243824113952476
   0.24903434245900705
   0.2541024202438064
   0.2580802802210971
   0.261128581486133
   0.26339719078562707
   0.2645816858559753
   0.2642599900127902
   0.2636237462748756
   0.2613459274953218
   0.25822229651213313
   0.2541846538747766
   0.2486934336446984
   0.2435174403937221
   0.23862950819777087
   0.23361426834472246
   0.2287500093442621
   0.22371763395485836
   0.21861884514009766
   0.21404682815785894
   0.2096754826288472
   0.2048652009711752
   0.2002339492353632
   0.19625648557650266
   0.19223125936681057
   0.18802842351280297
   0.18375814396798854
   0.17979037226714895
   0.17546784131569523
   0.17202015723626693
   0.16856753490037754
   0.16393863829811445
   0.16082527908481925
   0.1573212588950076
   0.15371871821710587
   0.15066604715382959
   0.14733686063680737
   0.14435817769755893
   0.14065558707708697
   0.13743296227484875
   0.1346615412106961
   0.13195414957385768
   0.1291078920589675
   0.12627446297648626
   0.12305325635573404
   0.12090858345704825
   0.11787226991688927
   0.11503271486251204
   0.11284897814224992
   0.11011218052327362
   0.10787148948962372
   0.10575902911638325
   0.10315333733253616
   0.1005880033717242
   0.09855899648997041
   0.09647401191512665
   0.09382629950605532
   0.09234154357622575
   0.09016794196697626
   0.08829679868964672
   0.08614967143704032
   0.08398945991015777
   0.08242548149692545
   0.08071919914741474
   0.07872056825988999
   0.07693670955688188
   0.07493294785046162
   0.07393549696316377
   0.07223432224579947
   0.07061865546093327
   0.06888830111854988
   0.0670716561261909
   0.06595043857253718
   0.0641985650179192
   0.06298820855715774
   0.06143122396924873
   0.059814592166126154
   0.05851127002338951
   0.05744601243985521
   0.05607169754198637
   0.054398784996633885
   0.05371723037350306
   0.05262232352110652
   0.051103669103499796
   0.05013396413769811
   0.04906875587163384
   0.047825865845167924
   0.04670619342399892
   0.04541431031558225
   0.04454267922689429
   0.043797190977961135
   0.042535865969320526
   0.04209186308433021
   0.040843577227147966
   0.03968695304391608
   0.03874699562856454
   0.03831613292583164
   0.03728701124721583
   0.036483592893107444
   0.03577915124188946
   0.03508645995694065
   0.034155184262275616
   0.03337461151459295
   0.03267536612862969
   0.03177036050409249
   0.03168398635131003
   0.030580874034435313
   0.029862119248974948
   0.029279619457738857
   0.028035386481908894
   0.028310455453065392
   0.027211317089586087
   0.026540349356404487
   0.026209062931550984
   0.025222263086210166
   0.024851373257629046
   0.023877255369912177
   0.023804080737344174
   0.023412814867076533
   0.022715226990721444
   0.02238067289225237
   0.02156894468906627
   0.021319755673787633
   0.021107808975590052
   0.02008147050790853
   0.01990149215611734
   0.01935936494800385
   0.019167402294259908
   0.01821018008669876
   0.018245748563432522
   0.017439104966712027
   0.017367425759449787
   0.017000951384849024
   0.016728327734415054
   0.015790774577581684
   0.016079416984455624
   0.01549039102282444
   0.015279267846006235
   0.01498534477547981
   0.014722819941845381
   0.013995300022150292
   0.01369202961981897
   0.013193731835610425
   0.012964436801882293
   0.013363168480566276
   0.012493194992074685
   0.012461150017153312
   0.011626905012082966
   0.011639808434420217
   0.01155355353084063
   0.011405533470644852
   0.010760520729035375
   0.010444616794789554
   0.010667212951844545
   0.010492384834250029
   0.010113935969245603
   0.009533765769621153
   0.009622526229634295
   0.00962775072329981
   0.008820125420876962
   0.008983028531069017
   0.009049569863258696
   0.008443689429982608
   0.00849679573486382
   0.008252056465512097
   0.007745768576455148
   0.008092995598046498
   0.00771991195804719
   0.007483142345298531
   0.007014133160982902
   0.006782208463325202
   0.0069568779635695785
   0.0067674443152492955
   0.006496038026366533
   0.006549690049918393
   0.00679693693070636
   0.006188606530552738
   0.005991572727589977
   0.006115459426731568
   0.005639072232202741
   0.00583943877354665
   0.005291440696067565
   0.005585628813302939
   0.00517681127722462
   0.005205712991512306
   0.004711641684169118
   0.005069473660055845
   0.004679700416693359
   0.004636767398738048
   0.004669005028911406
   0.004669005872774203
   0.004074281404125149
   0.0042071052173674
   0.003962296019986392
   0.0038600275011973686
   0.004195205639775004
   0.003701331326698543
   0.0037148137557621915
   0.0034784864165323397
   0.003633159941428398
   0.0035916379424992158
   0.003741635492668948
   0.0034784883484065316
   0.003781513420576476
   0.003033136825136644
   0.002915464695378766
   0.0034640847795629945
   0.0027748777828942306
   0.0034205107674147145
   0.0031780361089830305
   0.0027386040951550483
   0.00282841744443779
   0.0026832739405435293
   0.003082197876516042
   0.0027748806803176243
   0.002428984872328356
   0.002588429096962094
   0.0021908862042561684
   0.002280346210556634
   0.0022583142363276198
   0.0021908862042561684
   0.0019748386642964026
   0.0018973635497711028
   0.0020976134915660703
   0.002323785842111962
   0.0021213167585252325
   0.002024841917286384
   0.001999995999996
   0.0012649100521380957
   0.0017606799112842742
   0.001673318033130582
   0.0017888524925213929
   0.0016431654542376432
   0.0017029368015284655
   0.0018165878976807042
   0.0017320482094907174
   0.0017320488561238681
   0.0016431663305946844
   0.0015165736348756692
   0.0013784035657237687
   0.0015811371572384226
   0.001612449453471333
   0.0012649100521380957
   0.0013416395790226225
   0.001095444457743066
   0.0013038396182046318
   0.0014142124168596455
   0.0012247441814517838
   0.0009999996799999488
   0.000999999499999875
   0.0013416398324438642
   0.0009999996799999488
   0.000894426833228968
   0.0010488082713251265
   0.0011401750698905849
   0.001140174894478913
   0.0007745964368624477
   0.0009486828711429336
   0.0007071066044098301
   0.0010488082713251265
   0.000894426833228968
   0.0005477224753467763
   0.0007071066044098301
   0.0006324554055425568
   0.0007071066044098301
   0.0006324554055425568
   0.000836659733703015
   0.001095444822891596
   0.0006324554055425568
   0.000948683039797803
   0.0007745964368624477
   0.0007071066044098301
   0.000836659733703015
   0.0006324554055425568
   0.0006324554055425568
   0.00044721355077859614
   0.0007745964368624477
   0.0005477224753467763
   0.0005477224753467763
   0.0007071066044098301
   0.0
   0.0005477224753467763
   0.0006324554055425568
   0.00031622775020544923
   0.0006324554055425568
   0.00044721355077859614
   0.00044721355077859614
   0.0007071066044098301
   0.0
   0.00031622775020544923
   0.00044721355077859614
   0.00031622775020544923
   0.00031622775020544923
   0.00031622775020544923
   0.00044721355077859614
   0.00031622775020544923
   0.0005477224753467763
   0.00031622775020544923
   0.00031622775020544923
   0.00031622775020544923
   0.0
   0.0
   0.00044721355077859614
   0.00031622775020544923
   0.00031622775020544923
   0.00044721355077859614
   0.0
   0.00031622775020544923
   0.0
   0.0
   0.00031622775020544923
   0.00044721355077859614
   0.0
   0.00031622775020544923
   0.00031622775020544923
   0.00031622775020544923
   0.00031622775020544923
   0.0
   0.00031622775020544923
   0.0
   0.00031622775020544923
   0.0
   0.0
   0.0
   0.00031622775020544923
   0.0
   0.0
   0.0
   0.0
   0.00044721355077859614
   0.0
   0.0
   0.00044721355077859614
   0.0
   0.0
   0.00031622775020544923
   0.0
   0.0
   0.0
   0.0
   0.0
   0.0
   0.0
   0.0
   0.0
   0.0
   0.00031622775020544923
   0.00031622775020544923
   0.0
   0.00031622775020544923
   0.0
   0.0
   0.0
   0.0
   0.0
   0.0
   0.0
   0.0
   0.0
   0.00031622775020544923
   0.0
   0.0
   0.0
   0.0
   0.0
   0.0
   0.0
   0.0
   0.0
   0.0
   0.0
   0.0
   0.0
   0.0
   0.0
   0.0
   0.0
   0.0
   0.0
   0.0
   0.0
   0.0
   0.0
   0.0
   0.0
   0.0
   0.0
   0.0
   0.0
   0.0
   0.0
   0.0
   0.0
   0.0
   0.0
   0.0
   0.0
   0.0
   0.0
   0.0
   0.0
   0.0
   0.0
   0.0
   0.0
   0.0
   0.0
