   0.0
   0.0
   0.0
   0.0
   0.0
   0.0
   0.0
   0.0
   0.0
   0.0
   0.0
   0.0
   0.0
   0.0
   0.0
   0.0
   0.0
   0.0
   0.0
   0.0
   0.0
   0.0
   0.0
   0.0
   0.0
   0.0
   0.0
   0.0
   0.0
   0.0
   0.0
   0.0
   0.0
   0.0
   0.0
   0.0
   0.0
   0.0
   0.0
   0.0
   0.0
   0.0
   0.0
   0.0
   0.0
   0.0
   0.0
   0.0
   0.0
   0.0
   0.0
   0.0
   0.0
   0.0
   0.0
   0.0
   0.0
   0.0
   0.0
   0.0
   0.0
   0.0
   0.0
   0.0
   0.0
   0.0
   0.0
   0.0
   0.0
   0.0
   0.0
   0.0
   0.0
   0.0
   0.0
   0.0
   0.0
   0.0
   0.0
   0.0
   0.0
   0.0
   0.0
   0.0
   0.0
   0.0
   0.0
   0.0
   0.00031622775020544923
   0.00031622775020544923
   0.0006324555004108985
   0.00031622775020544923
   0.0
   0.0
   0.00044721355077859614
   0.0
   0.0
   0.0
   0.00044721355077859614
   0.0
   0.00031622775020544923
   0.0
   0.00031622775020544923
   0.0
   0.0
   0.0
   0.0
   0.00031622775020544923
   0.0
   0.0
   0.0
   0.0
   0.0
   0.0
   0.00031622775020544923
   0.00044721355077859614
   0.00031622775020544923
   0.00044721355077859614
   0.00044721355077859614
   0.0
   0.0
   0.0
   0.0
   0.00031622775020544923
   0.0008366598771304861
   0.0
   0.00031622775020544923
   0.001048808728987321
   0.0
   0.0
   0.00044721355077859614
   0.00031622775020544923
   0.00044721355077859614
   0.0009486831662889355
   0.00044721355077859614
   0.0
   0.0008366598771304861
   0.00044721355077859614
   0.00031622775020544923
   0.0005477224753467763
   0.00031622775020544923
   0.00031622775020544923
   0.0005477224753467763
   0.00044721355077859614
   0.0
   0.0
   0.0006324555004108985
   0.00031622775020544923
   0.0
   0.00044721355077859614
   0.00031622775020544923
   0.0006324554055425568
   0.00031622775020544923
   0.00044721355077859614
   0.00031622775020544923
   0.0006324554055425568
   0.0
   0.0006324554055425568
   0.0005477224753467763
   0.00044721355077859614
   0.0
   0.0007071066044098301
   0.0012247446713499104
   0.0005477224753467763
   0.0005477224753467763
   0.0005477224753467763
   0.001140174894478913
   0.0005477224753467763
   0.0007745964368624477
   0.0010488084620177318
   0.000948683039797803
   0.000948683039797803
   0.0012649108110851135
   0.00044721355077859614
   0.0007745964368624477
   0.0008944269897537752
   0.0007071066044098301
   0.0011832153481087034
   0.0005477224753467763
   0.0008944269897537752
   0.0006324554055425568
   0.0005477224753467763
   0.001140174894478913
   0.0009999996799999488
   0.000999999499999875
   0.0007745964368624477
   0.0010488082713251265
   0.0012247441814517838
   0.000894426833228968
   0.000999999499999875
   0.001303840017026629
   0.0010488084620177318
   0.0013416400560508023
   0.0013038396182046318
   0.0011832155340427203
   0.0011401750698905849
   0.0012649102893090877
   0.0011832153481087034
   0.0013038396182046318
   0.0013416398324438642
   0.000999999499999875
   0.0013416400560508023
   0.0014832386052149532
   0.0014832388344430576
   0.001612450309311887
   0.0014142121481588255
   0.0012247439528325912
   0.001224744377411058
   0.001612450309311887
   0.0018708264457185761
   0.0017888524925213929
   0.0014491361530235866
   0.0013416398324438642
   0.0018973642243913002
   0.0014491361530235866
   0.0018165875673911236
   0.001612450309311887
   0.002366428186106648
   0.0018973645300784981
   0.002024842648207509
   0.001760679615943798
   0.001760679297884768
   0.002121317776760474
   0.0018165875673911236
   0.0018708257829097824
   0.0019493555447890978
   0.001643165770699962
   0.0018439067655388653
   0.0018973635497711028
   0.0017888518664215883
   0.002509974898280857
   0.002024842292624292
   0.0029325677758578745
   0.002607674511897526
   0.0025884295451103164
   0.0025495042478882045
   0.0024083128617353685
   0.0026267775524394907
   0.002529815930062897
   0.0028809637953296115
   0.0030659325237193335
   0.002588428154305234
   0.002863555160984331
   0.0032093500510227925
   0.0028284169141058395
   0.0026832739405435293
   0.0031780378081451453
   0.003065929881781382
   0.0036331625397166036
   0.00357769185369562
   0.0027748777828942306
   0.0034058607781293705
   0.003420511948524665
   0.0031144701491586015
   0.0033166084845818026
   0.0035636892667571343
   0.003741638143915042
   0.004061994031261002
   0.00394965871943387
   0.003962300229664582
   0.003999974079916018
   0.003962298170254227
   0.004358869578227823
   0.0042308122139844495
   0.0044384367867527415
   0.004335865662125615
   0.0043931462882540115
   0.004254380508370167
   0.0043473778016178905
   0.004483265817459411
   0.004679702117656635
   0.004701023266268738
   0.005215312086539021
   0.005157470139516078
   0.004909129738558556
   0.0054497191037703955
   0.005300891222238011
   0.005486283651981548
   0.00563021199512061
   0.005576672519522731
   0.005787844288679508
   0.0059244518522813564
   0.005692022824971804
   0.006196685484999218
   0.00594130406476558
   0.00628480675200121
   0.006340249282165489
   0.00636386312784931
   0.006395210019225326
   0.006760054993119509
   0.006891900631175699
   0.0067526563543541885
   0.007085056713957906
   0.00723864455543992
   0.007680985603423561
   0.00739579485856659
   0.007816467175777046
   0.008055867917859626
   0.007981026569934472
   0.008233867016171684
   0.00814840880417766
   0.00837234692962493
   0.008384281029998934
   0.008977491228622838
   0.008825839549300678
   0.009093685390973234
   0.009235499431541318
   0.009539066545527398
   0.009679542959768297
   0.009412439069656706
   0.009924344874600036
   0.009684691175251796
   0.010089195406968784
   0.010314616510564025
   0.010587274266306696
   0.010435071936024207
   0.01078377573904428
   0.01128218118583459
   0.01120213523887299
   0.011784994679252087
   0.011801908435079472
   0.012173041675768633
   0.011844165219634517
   0.01230782687520425
   0.012340249105670435
   0.013182469419649718
   0.013136822250453112
   0.013273143770787688
   0.013848183193473432
   0.013764919378986568
   0.014417592902769866
   0.014497148387182909
   0.014898388335655639
   0.014871533849606771
   0.015315333428952829
   0.015583830527505104
   0.015606239654702219
   0.016101179161477585
   0.016347615720648682
   0.016502729257913674
   0.017407758033417167
   0.017590544673488653
   0.017858398081574956
   0.017983849198377973
   0.018019932714635756
   0.01879106234250741
   0.01922232035941551
   0.01932854398836084
   0.02009676608412408
   0.020161178575668636
   0.020385456776584626
   0.02056361014121791
   0.021051020697106352
   0.02168021531166146
   0.02197550935723675
   0.022203779080147593
   0.02266492945301176
   0.023707948194434707
   0.02417319080634578
   0.023965465967512502
   0.02487378877774755
   0.025199027266741867
   0.025329420261624623
   0.026222762033012464
   0.026382285083745113
   0.0271971625415226
   0.027683114784286828
   0.028305778809105394
   0.028828450912943622
   0.02902158507042646
   0.02983951376547547
   0.030079355993105968
   0.030744234295067424
   0.03130111633648232
   0.03176024887166346
   0.03270522794768445
   0.03357295519298234
   0.033765417176602454
   0.03421893922143116
   0.03486635003036596
   0.03588930533947404
   0.0366133692946989
   0.03749034814455582
   0.03837956036798754
   0.038738688611774146
   0.039313557915813216
   0.04038667250455279
   0.040541545174179044
   0.04133122373109705
   0.042418310562774654
   0.04327389186553481
   0.043752308290991915
   0.04475212710743479
   0.04582199788922347
   0.046428438195140705
   0.04724918412406716
   0.048016796322849366
   0.04897059252643366
   0.05000065717878116
   0.05112346715002808
   0.052232792370215095
   0.05256741335808716
   0.05352091036445475
   0.05464024655874093
   0.05574670945257666
   0.0569631234901142
   0.05814907730136395
   0.058830034729209536
   0.060057211707171355
   0.061043849204977234
   0.062250734596147536
   0.06345973280719042
   0.06484131101820814
   0.06612505908503977
   0.06679460083262719
   0.06847758113244072
   0.06989233185722164
   0.0710017317816967
   0.072664045931327
   0.07327696805518089
   0.07514778885469618
   0.07634269557560829
   0.07789875915725487
   0.07911020638173054
   0.08077847577857607
   0.08199504097297593
   0.0838194979927105
   0.08536584764359807
   0.08735241378319204
   0.08858967578651589
   0.09000116594750315
   0.09208178171603762
   0.09322332511978962
   0.09542714319081338
   0.09675229271903586
   0.09856517681189438
   0.10081406846269027
   0.10219365949172189
   0.10407765992757523
   0.10638983739060795
   0.1086000811118942
   0.110230455569729
   0.11217218407359286
   0.11419626241852227
   0.11627573464209977
   0.11843196739356313
   0.12064316023011831
   0.12290555902932138
   0.12489680971550074
   0.12748992387914426
   0.12985633116328985
   0.13240687378044239
   0.13470573276497924
   0.13702990273568028
   0.13938168753717256
   0.1419660384727277
   0.14494801112036687
   0.14741228654759414
   0.15000202611534952
   0.1532808921920472
   0.15576245164862423
   0.15873103182021467
   0.16151479847986067
   0.16448522216390749
   0.16752584657153655
   0.1704827121015794
   0.17371155242827116
   0.17691817672031326
   0.1798328247678938
   0.18330355376194973
   0.1870292255996105
   0.19005668699814274
   0.19314199906141596
   0.19684430043135615
   0.1999748865430607
   0.20384493457917957
   0.20796080760566402
   0.21152365512630023
   0.21537621206586394
   0.2189575694376424
   0.222918899257914
   0.22674551031389795
   0.2308242892747425
   0.23521507984302367
   0.23938256323247523
   0.24370405299606734
   0.24814544841666955
   0.2521997889730283
   0.2569445184451305
   0.2610972757991933
   0.26567456591732674
   0.27053827378230605
   0.2750942827616743
   0.28026585354179345
   0.2847301823859915
   0.28966885411156995
   0.29326893306315277
   0.2963469053765198
   0.29838687195994396
   0.29906850165095955
   0.2992422602781733
   0.2979226716379772
   0.29620441748704557
   0.29348096790108896
   0.28975863425960235
   0.2848637681138126
   0.27959840177352585
   0.2751759618327153
   0.27106216374461045
   0.2660517969707403
   0.2612402492486753
   0.2567747571344193
   0.25208841258502934
   0.24837919050981302
   0.2437228980989681
   0.23941180572987622
   0.2348044163202856
   0.23102689919357874
   0.22715236923228424
   0.22310594082408475
   0.21901491483230087
   0.21522243731895147
   0.21180582600854017
   0.20790726589590372
   0.20418169686313709
   0.20055895941031904
   0.19690990604535363
   0.1932569362563476
   0.1904509825397601
   0.1863243877428556
   0.18313789369693537
   0.1800664571755384
   0.17673980184169044
   0.17365131992299973
   0.17059746588361152
   0.16726107604472715
   0.16458996803544865
   0.1614242032509066
   0.15869185735569422
   0.15529878903275454
   0.15318999034894545
   0.15039403208359034
   0.14763440649984
   0.14504361643464356
   0.14240278152564295
   0.13983798774281614
   0.1372754205296418
   0.13444696558435226
   0.13209815014586693
   0.12974708248585015
   0.12775218942620906
   0.12534713146997023
   0.12286272133885852
   0.12090475688094328
   0.11861997675248465
   0.11657386166564099
   0.1139616769511137
   0.1127570343419425
   0.10981054757349132
   0.10809370535045046
   0.10635648103387964
   0.10464407519568415
   0.10246616404940706
   0.10017364373346914
   0.09873346348852552
   0.09714129697667208
   0.09502935667487179
   0.0933331888065012
   0.09212307679946431
   0.08983090227755702
   0.08815536215364328
   0.0869288097109353
   0.08520433310084646
   0.08337542039690116
   0.08227155087580397
   0.08040158457244484
   0.07900396550148606
   0.07754308510344426
   0.07661812073498019
   0.07522831567940359
   0.07376906571185513
   0.07223604071542127
   0.07069344914990355
   0.06970865783925265
   0.06828096287516748
   0.06763598980712857
   0.06583246039424624
   0.06472514681134374
   0.06360542339384276
   0.06250759003121141
   0.061297609625172174
   0.059966968072014445
   0.05867462983982089
   0.05814217854114172
   0.05676643737667531
   0.05582188233793268
   0.054737598131357576
   0.0536166773300062
   0.052653773463921846
   0.051824482920623534
   0.05078477433207713
   0.04934395134725228
   0.049359195276665525
   0.04813837787046838
   0.04711599902358009
   0.04671940206284751
   0.04538002099558792
   0.04459580260024479
   0.0436476204711093
   0.04351656399992995
   0.04206904224200974
   0.041546570055300595
   0.0403790321675743
   0.039835363765880184
   0.039466053653741465
   0.038428361851111995
   0.0378726253316297
   0.037295369672923205
   0.03651884372704043
   0.03568271438539955
   0.035079186346179694
   0.03442852576338406
   0.03375667867415277
   0.033435636000979554
   0.03245231109859512
   0.03170514259296116
   0.031170113397130914
   0.030975847187123068
   0.030079419345459445
   0.02985130063749317
   0.029138417191741903
   0.028819639421581944
   0.028164130115982636
   0.027764188472022732
   0.02710153286421268
   0.02670223539331492
   0.025910434206898193
   0.025771468128727167
   0.02526632508913791
   0.024793404735130673
   0.024253575134194134
   0.023751946762318243
   0.023387556136544065
   0.02314922166272551
   0.022847133659170463
   0.022287104208263575
   0.021735396081967312
   0.0213503647331843
   0.021119912287696652
   0.020417322714792945
   0.020514998517182494
   0.019801103984374204
   0.01975812181736918
   0.01882031704063457
   0.018817648631005948
   0.018684491960981972
   0.01791981578476743
   0.017616100361884865
   0.017587752302099323
   0.01705685771647287
   0.016496736160828904
   0.01628941259959978
   0.0164574034887038
   0.01626186470703775
   0.01582251129372326
   0.01533482102927843
   0.015157823029709774
   0.014868180439784823
   0.014517797276446589
   0.013811988704020867
   0.01402747310672881
   0.013688427168962838
   0.013144446296440182
   0.01312164242768412
   0.013029853339159271
   0.012683878046953936
   0.012497275016578614
   0.012307833290632434
   0.012303751907446769
   0.011699804763755674
   0.01140121002525609
   0.011326406243376582
   0.011308712623017705
   0.011076495058907398
   0.010871496316515036
   0.010843850821548588
   0.010568390594125484
   0.010319469160281453
   0.01034850493501356
   0.009858646477077876
   0.00955476255644273
   0.009601759763709984
   0.009337768255852145
   0.009284087711778686
   0.008751869020957752
   0.008677305502862049
   0.00838427806731146
   0.00822169265054344
   0.008537913547817171
   0.00809917644949164
   0.007873817178471952
   0.007777980842738043
   0.007463080430358499
   0.007456374451434156
   0.007266200985384316
   0.007197069525855645
   0.007382262552226113
   0.007176203257294208
   0.00720403533514377
   0.006670711505529226
   0.006700622621070374
   0.006426405084493196
   0.006480633931954497
   0.006196680078880948
   0.006082674096152119
   0.00594129467288065
   0.006107282897492141
   0.005916002701148808
   0.005735778342125853
   0.006123639172093666
   0.005683237435652324
   0.00530088669469552
   0.005422119050703332
   0.005357182071761235
   0.005272516814577266
   0.0050989639692784645
   0.0049193055770098285
   0.004837309065999401
   0.0043588634114869905
   0.004483264184720771
   0.004868221415465817
   0.0046151544188683434
   0.004254379013440152
   0.0042543774809012894
   0.004438436029729391
   0.004381748253836589
   0.004472104399496953
   0.004266117279213032
   0.003794712273677676
   0.0038340348342183854
   0.003820973860156596
   0.0038340362009245555
   0.004171307895612598
   0.0035355171036214775
   0.0032710710646514543
   0.0035776906014914145
   0.003535516481364498
   0.003435099393030717
   0.0033911505407457215
   0.0032710710646514543
   0.0035355183141938325
   0.003130483898696813
   0.0026832729566706403
   0.0032863235628890837
   0.002949565661245737
   0.0029664696593762765
   0.0031780393940289663
   0.002949566190137119
   0.0027748792964739926
   0.0028982673720690435
   0.00266457507118865
   0.002607674059387024
   0.002863557060720111
   0.002258312642217636
   0.0025099740536507543
   0.0022135897881043814
   0.0024289866179129107
   0.0019235348476177915
   0.002529816364877103
   0.002049386630189628
   0.001999996389996742
   0.0019493559038821003
   0.0019748382997096243
   0.0021679448309401233
   0.0023021676719995874
   0.002049387332838768
   0.0022583142363276198
   0.001897363897622172
   0.0019235352219286238
   0.002097613882486479
   0.002097613882486479
   0.0014491361530235866
   0.0018708254194338926
   0.001870826125004673
   0.0017888518664215883
   0.0016733177104184369
   0.002236064399788164
   0.0017320482094907174
   0.0019235359081649606
   0.0016431660628189715
   0.0014142124168596455
   0.0018165878976807042
   0.0013784035657237687
   0.0019235367815563082
   0.0014142124168596455
   0.0014491364290500739
   0.00154919204748798
   0.0013038396182046318
   0.0012649102893090877
   0.0009486828711429336
   0.0009999996799999488
   0.000999999499999875
   0.000999999499999875
   0.0014832386052149532
   0.0011832151283684637
   0.0014142128694082797
   0.001095444457743066
   0.0011401746839848708
   0.0013038396182046318
   0.0010954446585747725
   0.0010954446585747725
   0.0013784038268954421
   0.0011832153481087034
   0.0010488082713251265
   0.000836659733703015
   0.0013416400560508023
   0.0006324554055425568
   0.0007745965659619206
   0.00044721355077859614
   0.0007071066044098301
   0.0014491370915134289
   0.000999999499999875
   0.000894426833228968
   0.00044721355077859614
   0.0008366598771304861
   0.000948683039797803
   0.000894426833228968
   0.0007071066044098301
   0.0006324554055425568
   0.000948683039797803
   0.0006324554055425568
   0.001048808614571791
   0.0005477224753467763
   0.0005477224753467763
   0.00044721355077859614
   0.000836659733703015
   0.0006324554055425568
   0.0007745964368624477
   0.0007745965659619206
   0.00031622775020544923
   0.0006324554055425568
   0.0005477224753467763
   0.0005477224753467763
   0.0006324554055425568
   0.00044721355077859614
   0.00031622775020544923
   0.0006324554055425568
   0.00044721355077859614
   0.0
   0.0005477224753467763
   0.0008944269897537752
   0.00031622775020544923
   0.0006324554055425568
   0.0005477224753467763
   0.00044721355077859614
   0.00031622775020544923
   0.00031622775020544923
   0.00031622775020544923
   0.00044721355077859614
   0.00031622775020544923
   0.00044721355077859614
   0.00031622775020544923
   0.0007071067175469343
   0.0007745965659619206
   0.0008366598771304861
   0.0
   0.0005477224753467763
   0.0
   0.00044721355077859614
   0.00031622775020544923
   0.00031622775020544923
   0.00031622775020544923
   0.00031622775020544923
   0.0
   0.0
   0.0
   0.00031622775020544923
   0.00031622775020544923
   0.0
   0.0
   0.00031622775020544923
   0.00031622775020544923
   0.0
   0.00044721355077859614
   0.0
   0.0
   0.0
   0.0
   0.0
   0.0
   0.0
   0.00031622775020544923
   0.0
   0.0
   0.0
   0.00031622775020544923
   0.0
   0.0006324555004108985
   0.00031622775020544923
   0.0
   0.00031622775020544923
   0.0
   0.0
   0.0
   0.0
   0.0
   0.0
   0.0
   0.0
   0.00031622775020544923
   0.0
   0.0
   0.0
   0.0
   0.0
   0.0
   0.0
   0.0
   0.0
   0.00031622775020544923
   0.0
   0.0
   0.0
   0.0
   0.0
   0.0
   0.0
   0.0
   0.0
   0.0
   0.0
   0.0
   0.0
   0.0
   0.0
   0.0
   0.0
   0.0
   0.0
   0.0
   0.0
   0.0
   0.0
   0.0
   0.0
   0.0
   0.0
   0.0
   0.0
   0.0
   0.0
   0.0
   0.0
   0.0
   0.0
   0.0
   0.0
   0.0
   0.0
   0.0
   0.0
   0.0
   0.0
   0.0
   0.0
   0.0
   0.0
   0.0
   0.0
   0.0
   0.0
   0.0
   0.0
   0.0
   0.0
   0.0
   0.0
   0.0
   0.0
   0.0
   0.0
   0.0
   0.0
   0.0
   0.0
   0.0
   0.0
   0.0
   0.0
   0.0
   0.0
   0.0
   0.0
   0.0
   0.0
   0.0
   0.0
   0.0
   0.0
   0.0
