   0.1340307199843006
   0.15541124812779802
   0.16086796803512501
   0.16202093566496276
   0.16182003142302873
   0.1621134801526079
   0.16288325009908172
   0.16256724031363146
   0.16231202782834672
   0.16233316334945241
   0.16249937877038179
   0.16274261856609656
   0.16262322746763452
   0.1631933243720159
   0.16220858269166893
   0.16277612523512164
   0.16264926521555514
   0.16305001166019584
   0.16208363406575013
   0.16253800636208135
   0.1629480202019957
   0.16241293246980057
   0.1627544777261443
   0.1624879105518623
   0.1618999449011642
   0.1619164065223472
   0.1628324429565251
   0.16264916732621165
   0.16209801324232817
   0.16242123553722893
   0.1625206884503939
   0.16209028193494512
   0.1621969896972197
   0.16200941622498366
   0.1626039186794402
   0.16223031886487801
   0.1626629714077239
   0.16263927696811126
   0.16283261626513895
   0.16274076657445116
   0.16218381369495538
   0.16270176973195466
   0.16277477760341127
   0.1628672036591468
   0.16250371582902343
   0.16213913592933077
   0.16257507324405546
   0.16255662569529425
   0.1624232256641888
   0.1621038057418764
   0.16270137542922003
   0.16181012596200522
   0.1622453798116914
   0.1621985442484303
   0.16281902705393494
   0.16266450090781948
   0.16172370783728648
   0.16204389487185253
   0.16237869336581695
   0.16204368945083913
   0.16312383575627443
   0.1623293702459293
   0.1631087555472115
   0.16260261935033518
   0.16263937899263511
   0.16215743718100012
   0.1620467556409569
   0.1625773647846157
   0.1620465490214463
   0.16203239279057752
   0.16263300247412885
   0.16264599659724183
   0.16242861307389778
   0.16164241484087646
   0.1628819167492512
   0.1625118796396128
   0.16200784978068192
   0.16236899230468851
   0.162476268128487
   0.1618404346209871
   0.16237696549692632
   0.16222442370198145
   0.16255779785897692
   0.16176536682491713
   0.1628641684231372
   0.16222002748415498
   0.16185366489208702
   0.16273907248595834
   0.16230101935942978
   0.16216193804265536
   0.16252534466202495
   0.16199884254351943
   0.16183156819332253
   0.16227533691941606
   0.1627665739138107
   0.1621558341348223
   0.16129132653180703
   0.160297152977712
   0.15601109496430055
   0.13432663630415972
