   0.15543131861935033
   0.18800157644549154
   0.1931044213144536
   0.19312194534065774
   0.19390089908958646
   0.1935485465690714
   0.1940405887702622
   0.1935767116753459
   0.19281233739755865
   0.19380074258309743
   0.193465508796762
   0.19361337975212353
   0.1933932765739285
   0.19331819367498757
   0.1932639473822006
   0.19324342821526944
   0.19398549734552323
   0.1933164658915272
   0.19310053324004572
   0.19370707752521588
   0.19221841849063268
   0.19271053961576673
   0.19341168071241197
   0.1940300801338803
   0.19360028840050833
   0.19438441964632866
   0.19333568095390463
   0.19369168164317227
   0.19378543572724963
   0.19365247020371312
   0.193197301999795
   0.19426795244648562
   0.19357437522967752
   0.19387956980535623
   0.19368933795901105
   0.1940427343314869
   0.19375173784301908
   0.19279939465338058
   0.19354346269962205
   0.1935278119827742
   0.19453924732760225
   0.19338885176131534
   0.1941372869084144
   0.19300969247369418
   0.1948262234652974
   0.19471425560238265
   0.19363730527189227
   0.19395020942476449
   0.19370631120704354
   0.19463715310225332
   0.19360113634415993
   0.19422641815672242
   0.19368615821867602
   0.19439510214300668
   0.1942737418024114
   0.19364205716362343
   0.19302967554961595
   0.19372173536779502
   0.19347388162498833
   0.19372617529675745
   0.1940862032984055
   0.1939857931374357
   0.19336920117112757
   0.19314338264903097
   0.19337000750892058
   0.19309230211934914
   0.19361193977022698
   0.194268615420093
   0.19425968631540616
   0.1935106375121533
   0.1935642311686485
   0.19389444215033602
   0.1935793989028533
   0.19375217158586894
   0.19296132889713938
   0.19348492386447064
   0.1939958514606949
   0.19423678678726128
   0.1940691985328687
   0.19315218419968747
   0.19354671332572404
   0.1938210841151963
   0.1935039844414321
   0.19402498443819033
   0.19366575327194532
   0.1933780900597583
   0.19420874868038257
   0.19364137987486044
   0.19338460994856854
   0.19375962427698912
   0.19395642225572218
   0.19378838500550027
   0.19391956573538421
   0.19479526638907324
   0.19389231804047832
   0.19407390321666126
   0.19345604104744313
   0.19281218137428455
   0.18829900426194507
   0.15592502935949698
