   0.48876955680720335
   0.6239583144127178
   0.6926221140564023
   0.726035375804127
   0.7444280416250787
   0.756037353536874
   0.7641560337254427
   0.7652870652127801
   0.7664942125541457
   0.7679936732530809
   0.7707052987037198
   0.7715606507716098
   0.7705360793478201
   0.7705668628404352
   0.7701468192577049
   0.7709032238940956
   0.772189582733774
   0.7701689575527633
   0.7701930367265339
   0.7738333939550555
   0.7714137072292597
   0.7719274318104714
   0.7705151771034688
   0.7710752327908801
   0.7732228914110019
   0.7694901720741534
   0.771178600650822
   0.7707790337515934
   0.7697009015501021
   0.7703349382539975
   0.7712358835784289
   0.7713801584351972
   0.770829215321682
   0.7715497909208712
   0.771714687599964
   0.7711619191687242
   0.7719653829001402
   0.7713280988779743
   0.7724934307601845
   0.7712655387101838
   0.7716138603959626
   0.7718313993739242
   0.769720481865664
   0.77275670344294
   0.7693497281492728
   0.7704462427959267
   0.7684201193097172
   0.7727642389655462
   0.7725438132794218
   0.7699079371223484
   0.7722350599330168
   0.7726181509459831
   0.7691404522899312
   0.7735549044741427
   0.7727173454050064
   0.7731386057727035
   0.7675312854608534
   0.7709937626492188
   0.7703779936311719
   0.7699139617010722
   0.7707455042870572
   0.7709103162046738
   0.7718335288642234
   0.7694135226723728
   0.7698691052770984
   0.7706897855349518
   0.7688871374216375
   0.7724880851771373
   0.7707263263439493
   0.7703937906058174
   0.7690344470041638
   0.7715556123804945
   0.7694753546841575
   0.7696661873567722
   0.7723441098683346
   0.7709236989852564
   0.7695214866447785
   0.7730460717303659
   0.7755188365596222
   0.7745900041810764
   0.7731589013401514
   0.770573266707949
   0.767983212057653
   0.7724717854310538
   0.771092156504033
   0.7703744801395682
   0.770334573859638
   0.7700750238542735
   0.7733072276362029
   0.7697009893093226
   0.7682192559421496
   0.7682602704162177
   0.7640893564333886
   0.7650496964311796
   0.7569658350804216
   0.7485485854704089
   0.7314074781276919
   0.6938637689690895
   0.626753021263049
   0.49131321442839293
