   0.0
   0.0
   0.0
   0.0
   0.0
   0.0
   0.0
   0.0
   0.0
   0.0
   0.0
   0.0
   0.0
   0.0
   0.0
   0.0
   0.0
   0.0
   0.0
   0.0
   0.0
   0.0
   0.0
   0.0
   0.0
   0.0
   0.0
   0.0
   0.0
   0.0
   0.0
   0.0
   0.0
   0.0
   0.0
   0.0
   0.0
   0.0
   0.0
   0.0
   0.0
   0.0
   0.0
   0.0
   0.0
   0.0
   0.0
   0.0
   0.0
   0.0
   0.0
   0.0
   0.0
   0.0
   0.0
   0.0
   0.0
   0.0
   0.0
   0.0
   0.0
   0.0
   0.0
   0.0
   0.0
   0.0
   0.0
   0.0
   0.0
   0.0
   0.0
   0.0
   0.0
   0.0
   0.0
   0.0
   0.0
   0.0
   0.0
   0.0
   0.0
   0.0
   0.0
   0.0
   0.0
   0.0
   0.0
   0.0
   0.0
   0.0
   0.0
   0.00031622775020544923
   0.0
   0.0
   0.0
   0.0
   0.0
   0.0
   0.0
   0.00031622775020544923
   0.0
   0.0
   0.0
   0.0
   0.0
   0.0
   0.0
   0.0
   0.0
   0.0
   0.0
   0.0
   0.0
   0.0
   0.0
   0.0
   0.0
   0.0
   0.0
   0.0
   0.00031622775020544923
   0.0
   0.0
   0.00031622775020544923
   0.0
   0.0
   0.0
   0.0
   0.0
   0.00031622775020544923
   0.0
   0.00031622775020544923
   0.0
   0.00031622775020544923
   0.0
   0.0
   0.0
   0.00031622775020544923
   0.0
   0.00031622775020544923
   0.00031622775020544923
   0.0
   0.00031622775020544923
   0.00031622775020544923
   0.00031622775020544923
   0.00044721355077859614
   0.0
   0.00044721355077859614
   0.0
   0.00031622775020544923
   0.0006324555004108985
   0.00031622775020544923
   0.00044721355077859614
   0.00031622775020544923
   0.0
   0.0
   0.00031622775020544923
   0.0
   0.00044721355077859614
   0.00044721355077859614
   0.00031622775020544923
   0.00031622775020544923
   0.0
   0.0006324555004108985
   0.00031622775020544923
   0.0008944271015571923
   0.0007071067175469343
   0.00031622775020544923
   0.0014832392119951522
   0.0013038403851699026
   0.0011401753154668803
   0.0009999998199999838
   0.001048808728987321
   0.0008366598771304861
   0.0008366598771304861
   0.0007071066044098301
   0.0007745964368624477
   0.0007071066044098301
   0.001449137505552872
   0.0011832155340427203
   0.0007071066044098301
   0.0011401750698905849
   0.0015165745316337077
   0.000948683039797803
   0.0007071066044098301
   0.0010488084620177318
   0.0010954446585747725
   0.0013784042621814545
   0.0017888539795075503
   0.000948683039797803
   0.000894426833228968
   0.002121319492674312
   0.0009999996799999488
   0.001341640249843452
   0.0010488084620177318
   0.0015165741360052267
   0.0016124507558372132
   0.000948683039797803
   0.0017888532639654935
   0.0018708279210018222
   0.0017606801839062085
   0.0018165887564333323
   0.0017888530291781937
   0.0020248438729936684
   0.0024494870973328273
   0.0013784040590479993
   0.0018708272795744667
   0.0021213188704200035
   0.0018439067655388653
   0.002121317776760474
   0.002549506773868232
   0.0025298198433880625
   0.00236642886223102
   0.001999997109997912
   0.0025099763963033596
   0.001897363897622172
   0.0020248433001099123
   0.0022803483154991916
   0.0024698150355846487
   0.0027928427882714774
   0.0024289881000120195
   0.003193737471991084
   0.003033142996958765
   0.0029495711128908215
   0.00282842032944186
   0.0028460445797632897
   0.0034058678776488086
   0.0038209845014079815
   0.0033615375038812223
   0.0037148247011130958
   0.0031304877830779024
   0.0033166141530181045
   0.003768277012110442
   0.004301149817200047
   0.003794720537799852
   0.004147273682794518
   0.00440452149046863
   0.004438449457862509
   0.004460922369869263
   0.004711666197854004
   0.004669027204889687
   0.004449700682068402
   0.005157496384875127
   0.004785371867472788
   0.00513806356908904
   0.005059616364903569
   0.005329133959659862
   0.005205733868533811
   0.004826979153673651
   0.005549735038720318
   0.006236937542576484
   0.006340294501046462
   0.006123671264037612
   0.00645750015950445
   0.006745313536819471
   0.006811684006176447
   0.006228905213598935
   0.007429600471088604
   0.007049748698357978
   0.0073142861572405
   0.007628792761636667
   0.008006147137668654
   0.007962307163128034
   0.008631205338190026
   0.008994299834339525
   0.008859877511004314
   0.009465571331937655
   0.00925186569509091
   0.009186788557488411
   0.008988717407950925
   0.009627881062310648
   0.009695166556588907
   0.010059608483435128
   0.01063459714281646
   0.01044009408195156
   0.010779343874281032
   0.01121576016148705
   0.011579827873936643
   0.012003806462535124
   0.012057827398001682
   0.012747139898424274
   0.01262888860945412
   0.013037955850515832
   0.012770613626212329
   0.013776241205786141
   0.014052874492786164
   0.013637605172463383
   0.014962617455178087
   0.01565807622283146
   0.01622880993295565
   0.016142262630746657
   0.01701671531641756
   0.017060637936196877
   0.017351161044437343
   0.017735803048072
   0.01836722314994839
   0.01855127794951065
   0.01939959058949441
   0.019698696523120507
   0.019716404255340273
   0.020601603587827817
   0.02079239291279385
   0.021614969673585015
   0.023357781545129665
   0.02346877743535014
   0.02376277623847853
   0.02362976874177993
   0.02446122216386581
   0.02479398466543851
   0.025714252059898614
   0.026212742952808277
   0.027246607007845952
   0.027904320432327323
   0.02872148576658248
   0.028837570575726383
   0.02914087005821892
   0.03098424987699396
   0.03174877148552366
   0.03243523978499312
   0.03303040868275777
   0.033825332810631735
   0.03392118893906875
   0.03549314294339119
   0.03614134173367115
   0.03769885912279044
   0.03790032377051679
   0.03938313535461594
   0.040190177901447514
   0.041503073770384764
   0.04201108988779034
   0.043343241986611936
   0.044302615163328674
   0.04514531052457166
   0.04616487708193319
   0.047914308275399324
   0.04887616864853464
   0.050205097612792265
   0.051424219181140714
   0.052170092685752435
   0.05389375361765035
   0.05560073313824198
   0.05600732819828134
   0.058043869791649834
   0.05900809676646079
   0.06048861710272438
   0.06261116511805223
   0.06439439253568591
   0.0651147335434923
   0.06717079781981154
   0.06835874918684513
   0.07021403426409852
   0.0714267198882183
   0.07424301909270663
   0.07585396533069316
   0.07794520799536044
   0.07890479807337447
   0.08093149634104142
   0.0842210794039117
   0.08654074440146675
   0.08732361754279308
   0.09023099497423266
   0.0922437914593172
   0.09444401955523705
   0.09661028238422657
   0.099418388886111
   0.10178585977585491
   0.1044435772094675
   0.10677140006570111
   0.11000580777354439
   0.1124783188102934
   0.11549581827217814
   0.11845323454849176
   0.12123373496312814
   0.12422733596692799
   0.12767585155224148
   0.13092512700685077
   0.13384890513351239
   0.13734340254380623
   0.1403486002167104
   0.143984832538674
   0.14715646305612948
   0.1507194807548115
   0.15464824266586413
   0.1592609330595548
   0.16271316053460458
   0.1669068360014053
   0.17106197100790696
   0.1738541647444777
   0.17870160186050377
   0.18348439585422519
   0.1881550710229198
   0.1922430171417157
   0.19712228127728232
   0.2025311692315778
   0.20764880452908946
   0.34778287361845467
   0.35011329337046027
   0.35213644127353533
   0.35343890147316837
   0.35375592737014316
   0.3535764663842745
   0.3528314655154214
   0.35223565343614777
   0.35074249866880974
   0.34766706091610117
   0.2071687706328104
   0.20199831871577545
   0.19760518699224472
   0.19253410631791967
   0.18757088348845619
   0.1840340775678244
   0.1792734131145776
   0.1743718332748727
   0.1702590569535436
   0.16709370553791067
   0.16314221449321448
   0.15889025761398967
   0.15510436684861584
   0.15148629026694133
   0.14758003705078135
   0.1440561472802879
   0.14079125885647165
   0.13698058524619466
   0.13427860115353452
   0.12986823634807704
   0.12681742334864718
   0.12387262747576641
   0.1218333670182352
   0.11793124047337923
   0.11515764005640268
   0.11252871230383826
   0.10971420296019108
   0.10651495802937727
   0.10523621351944396
   0.10171425841050998
   0.09995279764523853
   0.09688762748540186
   0.09511634525143405
   0.09260937807149987
   0.08999664728638507
   0.08798226343752473
   0.08629959486758904
   0.08333975419780167
   0.0817757219286996
   0.0801186916815296
   0.0776413520535932
   0.0755235577810659
   0.07465574153238316
   0.07265087174418487
   0.07048535799660806
   0.06892291045791668
   0.06729283824449671
   0.06598228238519792
   0.06434194159139123
   0.06258544554638881
   0.060530123828635936
   0.05945976803848128
   0.05786691087927538
   0.056282683302682004
   0.05560166418768417
   0.0536142056525134
   0.05217611132731147
   0.05153231666430299
   0.05042885523576755
   0.04859290805827533
   0.047656069692747424
   0.04600152225263855
   0.04583904786271198
   0.044011759780767684
   0.043474734621271695
   0.04236036624003622
   0.04054486565324887
   0.03953732919609012
   0.03940963970895953
   0.038416621053783476
   0.036916577236249845
   0.03625579389559688
   0.035097933705419186
   0.034805331448500815
   0.03435749990846249
   0.03282114590793563
   0.0322608885159724
   0.03134801297036225
   0.030892422982828655
   0.030012656126207824
   0.029272800338197916
   0.028508499942297913
   0.027688646993126984
   0.02694230077758765
   0.026168852786471172
   0.02529496000313106
   0.025462283047480248
   0.02448780398484111
   0.024276784894009338
   0.02372287408367713
   0.02247867219477165
   0.02191350251123722
   0.021711937997101964
   0.02107656119745344
   0.02052139728576005
   0.01939177910120678
   0.01991830048573422
   0.018634600470898214
   0.019061629285032272
   0.018054276563739684
   0.018018243798716898
   0.016585094717546836
   0.01753750198745534
   0.01652479066100385
   0.016027330394984687
   0.015920866255012635
   0.015820131490920042
   0.014497634118710542
   0.014359051645564898
   0.014665665617011728
   0.01432423712593449
   0.013648638569102782
   0.013482841095258817
   0.012545501026264356
   0.01348287268945309
   0.012513568276075374
   0.011844482829993043
   0.011467030652701684
   0.011220238107544777
   0.0116186564300697
   0.010797888912190197
   0.010894695497809932
   0.009761976905832137
   0.010425719677317246
   0.010396913672335651
   0.01005466149355611
   0.009884160277433789
   0.008814620236289252
   0.008825964409060348
   0.008859890919757422
   0.008514574797956736
   0.008752013153555015
   0.007797334919060486
   0.007829328961667149
   0.00803109008727956
   0.007536497127976631
   0.007106256240102801
   0.006488380530610085
   0.007113293909294062
   0.006308671362497812
   0.0072869048566589645
   0.006534465835093179
   0.006348172788291131
   0.005282011956631677
   0.006164361673360835
   0.005753219772440472
   0.0054954184226499074
   0.0052057345677627475
   0.005639111245577622
   0.005215332227193201
   0.005709608687116832
   0.004658302685528281
   0.0052440170089350395
   0.0054680643513038505
   0.004658307459796959
   0.004438450602406205
   0.004062004036187065
   0.004527677452071868
   0.004207123690836769
   0.004449701252893277
   0.003872968840566627
   0.0039999874999804685
   0.003924269593185464
   0.003898704913173091
   0.003391155789697666
   0.003701341344701945
   0.0029325703128825404
   0.0033615388961010105
   0.002863558338850459
   0.0030983808674854675
   0.0027928427882714774
   0.0027018452046703193
   0.002810688867519847
   0.00246981370754962
   0.0025690423974703103
   0.0025884311831686777
   0.0029154711300234137
   0.002863560189693941
   0.002408315593936974
   0.0023874647117810978
   0.002366428186106648
   0.0027202902124589578
   0.002626781587799031
   0.0016124497635585425
   0.0019493565605091336
   0.0026645804754219754
   0.0024494864767946774
   0.002144758037635015
   0.0022135915951231834
   0.0017029373417715638
   0.0019235374677920886
   0.001612450309311887
   0.0014491370915134289
   0.001760680433809611
   0.0021213186252894683
   0.0022583165743535606
   0.0020736426283234056
   0.001303839832954953
   0.0009999996799999488
   0.0015165743470070962
   0.0014142128694082797
   0.0014142128694082797
   0.0017888534763920716
   0.001414213053256121
   0.0010954446585747725
   0.000894426833228968
   0.001224744377411058
   0.0017029377880592115
   0.001140174894478913
   0.0023452072637615636
   0.0008944269897537752
   0.0011832153481087034
   0.001140175210219903
   0.0011832158044921476
   0.001303839832954953
   0.00044721355077859614
   0.001048808614571791
   0.001303840017026629
   0.0005477224753467763
   0.0009486831662889355
   0.0009999996799999488
   0.0008944269897537752
   0.0011401750698905849
   0.0007071067175469343
   0.0005477224753467763
   0.0008366598771304861
   0.0014142132088196602
   0.0012247446713499104
   0.0007745965659619206
   0.0
   0.00044721355077859614
   0.001897366332577871
   0.0005477224753467763
   0.00044721355077859614
   0.0007071067175469343
   0.0
   0.0008366598771304861
   0.00044721355077859614
   0.00031622775020544923
   0.0008366598771304861
   0.0006324554055425568
   0.0007745965659619206
   0.00031622775020544923
   0.00031622775020544923
   0.0
   0.0
   0.00031622775020544923
   0.0
   0.0
   0.0
   0.0005477224753467763
   0.00031622775020544923
   0.00031622775020544923
   0.00044721355077859614
   0.00031622775020544923
   0.00031622775020544923
   0.0
   0.00044721355077859614
   0.0
   0.0007071067175469343
   0.00044721355077859614
   0.00044721355077859614
   0.0
   0.00031622775020544923
   0.0
   0.0
   0.0
   0.00031622775020544923
   0.0
   0.0
   0.0
   0.0
   0.0
   0.0
   0.0
   0.0
   0.0
   0.00031622775020544923
   0.00031622775020544923
   0.0
   0.0
   0.00044721355077859614
   0.0
   0.0
   0.00031622775020544923
   0.0
   0.0
   0.0
   0.0
   0.0
   0.0006324555004108985
   0.0
   0.0
   0.0
   0.0
   0.0
   0.0
   0.00031622775020544923
   0.0
   0.0
   0.0
   0.0
   0.0
   0.0
   0.0
   0.0
   0.0
   0.0
   0.0
   0.0
   0.0
   0.0
   0.0
   0.0
   0.0
   0.00031622775020544923
   0.0
   0.0
   0.0
   0.0
   0.0
   0.0
   0.0
   0.0
   0.0
   0.0
   0.0
   0.0
   0.0
   0.0
   0.0
   0.0
   0.0
   0.0
   0.0
   0.0
   0.0
   0.0
   0.00031622775020544923
   0.0
   0.0
   0.0
   0.0
   0.0
   0.0
   0.0
   0.0
   0.0
   0.0
   0.0
   0.0
   0.0
   0.0
   0.0
   0.0
   0.0
   0.0
   0.0
   0.0
   0.0
   0.0
   0.0
   0.0
   0.0
   0.0
   0.0
   0.0
   0.0
   0.0
   0.0
   0.0
   0.0
   0.0
   0.0
   0.0
   0.0
   0.0
   0.0
   0.0
   0.0
   0.0
   0.0
   0.0
   0.0
   0.0
   0.0
   0.0
   0.0
   0.0
   0.0
   0.0
   0.0
   0.0
   0.0
   0.0
