   0.1650362873454199
   0.20130944659799252
   0.22154166169558268
   0.23202297241762507
   0.23947854345805178
   0.24397811252249657
   0.245837334824778
   0.24710252601766336
   0.24906847089455142
   0.24919617341442063
   0.2501087188018642
   0.2500361075331121
   0.2502309877157304
   0.250115133012299
   0.2502672731176611
   0.25036634153775544
   0.2506466120942192
   0.2501929187213539
   0.2506680383416282
   0.25016773435898965
   0.25054027839084075
   0.25105922156493277
   0.25078800097913373
   0.2507819942595361
   0.25127884546622703
   0.25053495319887004
   0.2503753537742683
   0.25015590694155115
   0.2496429767205759
   0.24941172806425924
   0.2500814525610406
   0.249472745605527
   0.2500238073659186
   0.2505110864641324
   0.2513360663715218
   0.24954322958459524
   0.25005255074641813
   0.24996452714973377
   0.2512630476618279
   0.2510223366132783
   0.2506383650200224
   0.2498954232726962
   0.24943296724202277
   0.2495074565418637
   0.2501935212731137
   0.25024111889064116
   0.24948795517018452
   0.2500016869818082
   0.2496951071501202
   0.2502473251484619
   0.25004272521533194
   0.2500530944803323
   0.2508522604145914
   0.25003111983973114
   0.2500691897279431
   0.2507799285623752
   0.25038624236894486
   0.2505432259466418
   0.2504436379539117
   0.2505747841806114
   0.25085315744425063
   0.25050342191986125
   0.25040690248601377
   0.2503775901545304
   0.25076738782941854
   0.2508703127958946
   0.24977323926071424
   0.24994548810418643
   0.2497196314667912
   0.25070127057005515
   0.25115093876241035
   0.25099240521386296
   0.250211386095817
   0.24977607763705073
   0.2502187044519054
   0.2502178987098845
   0.2496629575223165
   0.2501315732322491
   0.24960260117793245
   0.25048569382220215
   0.25010686604679605
   0.25038145083370295
   0.25076271101669007
   0.24975668460161382
   0.24978823547949572
   0.2503538609859253
   0.2503960929008079
   0.2500956290944726
   0.24989388691184503
   0.24991268282214088
   0.24940052126599496
   0.24837361081846035
   0.24695413308191463
   0.24523267869996446
   0.2429151614452873
   0.23874001747455326
   0.2327509815822696
   0.2204760508869614
   0.20082372463608478
   0.16488504280980126
