   0.1066477906561594
   0.123285938841378
   0.12451891324871094
   0.1242414984455677
   0.12426755405575504
   0.12407486691107107
   0.12445808528673419
   0.12413945315797069
   0.12474192437188068
   0.12411707073239361
   0.12458234196482261
   0.12464131135025017
   0.12432289471497196
   0.12469587947498506
   0.12428914521353021
   0.12469895683669531
   0.12468254520882223
   0.12435431153908577
   0.1244905203677774
   0.12489120124508371
   0.12457976921539067
   0.1244661691866107
   0.12384347515210481
   0.12440809828544121
   0.12446721194656045
   0.12484460605372585
   0.12390203763259908
   0.12419161283722022
   0.12442473593156628
   0.12455167601666386
   0.12466352129135451
   0.1250226025481393
   0.12401584166351491
   0.12421845182983082
   0.12463238474666205
   0.1243488337167261
   0.12450832298119671
   0.12465348616368498
   0.1246219178844155
   0.12430675734874592
   0.12457948492428439
   0.12430689767490781
   0.12459171307257959
   0.12449874492439672
   0.124383479031582
   0.124532776800929
   0.12446227233306484
   0.12413331362112268
   0.12421156344620254
   0.12430992457849051
   0.12468018857861903
   0.12429574498392935
   0.12483143181550871
   0.1245453626338211
   0.12457135696057901
   0.1242496582665723
   0.12439757305635027
   0.12442749817138493
   0.12399192975185924
   0.12396978695533037
   0.12420717552697992
   0.12410116258923605
   0.1243686338588231
   0.12446631041269762
   0.12455308055026178
   0.12442139804888869
   0.12409390752168295
   0.12426763607633325
   0.1244473066301959
   0.12437753012244615
   0.12423510440994526
   0.124177895720575
   0.12415545357812519
   0.1247370103497755
   0.12452645272290543
   0.1242521091561427
   0.1242325036230052
   0.12451436632288661
   0.12478258902587332
   0.12439710553481541
   0.12461487650641877
   0.12462859229627044
   0.12463554800200462
   0.12447591106069479
   0.12439067435077278
   0.12460661533899395
   0.12406618106442223
   0.12434513416193656
   0.12416987190099699
   0.12408756475715042
   0.12450821256109977
   0.12408955348420753
   0.12405343336768233
   0.12459996831456258
   0.12440753542306028
   0.1242783130719113
   0.12440671055598246
   0.12454542339142775
   0.12298609052079833
   0.10687460845303715
