   0.3892512274010064
   0.5513950830210131
   0.6272716079440867
   0.6657648809653375
   0.6851095584720447
   0.6948936417163133
   0.7009270740011045
   0.7057602890436667
   0.708201733308215
   0.7084492616262932
   0.7108530355981888
   0.7103079531696094
   0.7098285073731823
   0.7085622791696154
   0.7078815564201048
   0.7079088564415549
   0.7090106174770515
   0.711268095874938
   0.71145469221507
   0.7083329160537367
   0.7063661879733202
   0.7089225742084674
   0.7070008037449462
   0.7075753584765301
   0.7103257701380684
   0.7089430438436928
   0.7118302715374712
   0.7125476228867724
   0.7095031213808999
   0.7103194422089191
   0.7097093988679521
   0.7117011507000323
   0.7077977069163195
   0.7114469372129941
   0.7091839535305632
   0.7143717425479539
   0.7100526068712374
   0.7111287626500281
   0.71201881504567
   0.7118121552242277
   0.7113749724998484
   0.7110833607322773
   0.7096947203065556
   0.7121885025776813
   0.7095549869993445
   0.7113017587693987
   0.7090771416289696
   0.7089187815663794
   0.7096083132398887
   0.7092116714768588
   0.7102340983329651
   0.7110988576555302
   0.7103272854480461
   0.7087740936024608
   0.7085534610504419
   0.7101785595381982
   0.7125565866027764
   0.7129134692714397
   0.7089649439563285
   0.7083531812810612
   0.7076386345088784
   0.7111930946364425
   0.7118594193150709
   0.7097812588894623
   0.712223179768561
   0.7123344193257546
   0.7106209955180046
   0.7108269455342558
   0.710451739151816
   0.7101657808592019
   0.7129193561338548
   0.7140265408719693
   0.7126113388053197
   0.7127215126633895
   0.709720446871048
   0.7086954698012116
   0.7095915583585743
   0.7090653860275229
   0.7114175086469547
   0.7097203392570274
   0.7096218411446409
   0.7082161936150289
   0.7096626804227414
   0.7095058269739862
   0.7079257735137986
   0.7078804455813426
   0.7091159963960127
   0.7105651960018798
   0.7112597800075511
   0.7112632081034137
   0.7097693803854601
   0.7085971387803862
   0.7057706388841916
   0.7013173127456572
   0.6984993884029964
   0.6888359376729338
   0.6670785370997631
   0.6272942960180572
   0.5508285423651901
   0.38932401459163807
