   1.2253372366328381
   1.8387399957101058
   2.343911795242944
   2.718733119994679
   3.0268083965497383
   3.240894923696077
   3.430819421164425
   3.5852437956422154
   3.6922341517502653
   3.770917304577097
   3.8303508027593245
   3.9056635622489297
   3.957983246593017
   4.006018784525979
   4.035351158778626
   4.062792811240932
   4.064626436715187
   4.087525958033783
   4.095097972092853
   4.104859319267226
   4.120422327618372
   4.132099201130583
   4.154220529253473
   4.158986654529081
   4.1668220166453
   4.180903568091352
   4.191754511312775
   4.176336344687649
   4.185835516676569
   4.194062517660413
   4.181972086605912
   4.179852259482385
   4.1817533657813915
   4.178649113828056
   4.168718874847643
   4.1735976310281755
   4.175577548969244
   4.163079280984089
   4.1859036044035935
   4.1761772519853615
   4.181064963432642
   4.178813067340534
   4.167168626787138
   4.179872273858975
   4.162817646617613
   4.160705427876263
   4.177993979947315
   4.180879861420441
   4.189099788250335
   4.186987052254998
   4.1807017181540225
   4.192539439215212
   4.207722958104062
   4.216212503634512
   4.206273797024631
   4.202596472543967
   4.214947797801416
   4.203072446163164
   4.198867809679057
   4.218430827281514
   4.224005937495827
   4.235913090309573
   4.214839859534286
   4.209898937945067
   4.18459028572392
   4.180670050359751
   4.2049249487179905
   4.193511067053955
   4.199119165905036
   4.183532241462829
   4.1822200282576
   4.173646685840932
   4.195734026975376
   4.171615996362082
   4.154466343028428
   4.151903398216775
   4.166142207752395
   4.143547112312228
   4.144408807407759
   4.12949759062177
   4.11895190876502
   4.111323298802832
   4.110169606901886
   4.0900461367538385
   4.086479808084092
   4.055156677421848
   4.016323333238498
   3.9604702965651692
   3.9074778564342503
   3.8453014366891964
   3.792864786284373
   3.6853880322896804
   3.5754744685816178
   3.444482073351377
   3.2603650544833167
   3.0330757914163637
   2.7256062285280684
   2.325122388519796
   1.839974024468552
   1.2182936565832558
