   0.0
   0.0
   0.0
   0.0
   0.0
   0.0
   0.0
   0.0
   0.0
   0.0
   0.0
   0.0
   0.0
   0.0
   0.0
   0.0
   0.0
   0.0
   0.0
   0.0
   0.0
   0.0
   0.0
   0.0
   0.0
   0.0
   0.0
   0.0
   0.0
   0.0
   0.0
   0.00031622775020544923
   0.0
   0.0
   0.0
   0.0
   0.0
   0.0
   0.0
   0.0
   0.0
   0.00031622775020544923
   0.0
   0.0
   0.0
   0.0
   0.0
   0.0
   0.00031622775020544923
   0.00031622775020544923
   0.0
   0.0
   0.00031622775020544923
   0.0
   0.0
   0.00031622775020544923
   0.0
   0.0
   0.00031622775020544923
   0.00031622775020544923
   0.00031622775020544923
   0.00031622775020544923
   0.0
   0.00031622775020544923
   0.0
   0.0
   0.00031622775020544923
   0.00031622775020544923
   0.00031622775020544923
   0.0
   0.0
   0.00031622775020544923
   0.00044721355077859614
   0.00031622775020544923
   0.00031622775020544923
   0.00031622775020544923
   0.0
   0.0006324554055425568
   0.0
   0.00044721355077859614
   0.0
   0.00031622775020544923
   0.00031622775020544923
   0.0006324554055425568
   0.00044721355077859614
   0.0005477224753467763
   0.00031622775020544923
   0.0006324554055425568
   0.0005477224753467763
   0.00031622775020544923
   0.00044721355077859614
   0.00044721355077859614
   0.00044721355077859614
   0.0007071066044098301
   0.000836659733703015
   0.00044721355077859614
   0.0007071066044098301
   0.000836659733703015
   0.0007745964368624477
   0.000836659733703015
   0.0009486828711429336
   0.0009486828711429336
   0.0006324554055425568
   0.0013784035657237687
   0.0010488082713251265
   0.000836659733703015
   0.0007745964368624477
   0.0011832151283684637
   0.0011401746839848708
   0.0012649100521380957
   0.0011401746839848708
   0.0014491364290500739
   0.0011832151283684637
   0.0011832151283684637
   0.0014832380658545681
   0.001702936167329827
   0.0018165875673911236
   0.001612449453471333
   0.0016733177104184369
   0.0018439057568107975
   0.0018973631808380808
   0.002049386630189628
   0.0018708254194338926
   0.002121315985420371
   0.002280346210556634
   0.002167943244183297
   0.002489972200648031
   0.0021908849718778028
   0.0023664252872212127
   0.002529814530751217
   0.0026832729566706403
   0.002792838205123956
   0.003049575955768277
   0.0028460389298110454
   0.0030166069001445976
   0.0029325636293182117
   0.0034928305770535162
   0.003255746863624382
   0.003741631938071942
   0.0036742112609375087
   0.004049660524043959
   0.0038986896465351023
   0.00399996879487828
   0.004571606709899705
   0.004254372657631205
   0.004404502986717116
   0.004919291005825941
   0.005147749915254237
   0.005128287159471474
   0.005375795411843721
   0.005431310132003143
   0.005983205398446555
   0.0059748445996527805
   0.006074428558309004
   0.006387358737381203
   0.00691359735882847
   0.0067969065640186635
   0.007463044268259435
   0.007402511044233571
   0.007582664950398376
   0.007918092769726812
   0.008543705404565399
   0.008467288420149629
   0.009142930451447174
   0.009375095390981364
   0.009843322304486427
   0.009969471237733726
   0.010377326819080143
   0.01087135706524259
   0.011166243493225463
   0.01144479389766369
   0.012156442359506338
   0.012628368667013171
   0.01300663841428676
   0.013478413704512858
   0.014161976698187298
   0.01461012860963243
   0.015064862841725443
   0.01591975953807092
   0.016279814126395915
   0.016754801752333567
   0.017199263867677592
   0.018143741283153263
   0.01868639028571329
   0.0189887798952434
   0.020323282534078987
   0.020964592836256086
   0.021814707051665855
   0.02262628556701254
   0.023482015296605187
   0.024389720716728184
   0.025239034744617316
   0.026357870322922524
   0.02702747100192691
   0.028299842810694198
   0.029276117160579884
   0.030459174485858935
   0.031371307049436116
   0.032738257534419876
   0.033715704560931245
   0.03504624151474734
   0.03677680645719527
   0.03819209202321863
   0.038906004898858475
   0.04085950607190449
   0.0426146796111387
   0.04423678147017479
   0.04535085649643235
   0.04695599955660618
   0.04903952527410925
   0.05068628617279037
   0.05286506344638206
   0.054745569943512325
   0.05648875454380279
   0.058890560596414766
   0.06122819803195256
   0.06360585999544383
   0.06593892132807452
   0.06816017122513704
   0.07058323880355732
   0.07377082871460779
   0.07620451618893725
   0.07913501578214285
   0.08226487977107849
   0.08518336961631655
   0.08816920377087456
   0.09163958987228173
   0.09501203481475386
   0.0983070285417579
   0.10238418278381675
   0.10633933067891672
   0.11016689188027408
   0.1140600198919411
   0.11828960235451803
   0.12256841997692554
   0.12747509450225955
   0.1320478584853234
   0.13707304021083067
   0.14198768406023812
   0.14699010282750333
   0.1526582959419828
   0.15818994141221496
   0.16415270250239564
   0.1701404575444653
   0.1763801779880891
   0.18224170177256357
   0.1870488493710667
   0.1906493811068895
   0.19335078907309894
   0.1945018414250878
   0.19407289848814543
   0.1933449728846085
   0.19093630391688218
   0.18724841981066223
   0.18217994481402172
   0.17591534634246667
   0.1702006792110713
   0.16395414456865676
   0.15823831413254502
   0.15269214580141313
   0.14731352317336655
   0.14182487285293083
   0.1371684941048782
   0.13218694426167812
   0.12732412507785004
   0.12287812555434754
   0.11837792770744891
   0.11423181673032255
   0.11057745086571674
   0.10642478203646931
   0.10244395146805886
   0.0989334833059061
   0.09511913253914797
   0.0913250553996547
   0.08813499677903211
   0.08494235258432627
   0.08207214148320977
   0.07920072302542445
   0.076310960600362
   0.07339828498677609
   0.07092416972224631
   0.06824854513643495
   0.06594590785757673
   0.063545772255202
   0.060819345816853373
   0.058758879967201555
   0.05685356950544091
   0.05487439552687574
   0.05281034509629718
   0.050736256164206676
   0.04919988270057155
   0.04715084461428024
   0.04573035149208893
   0.043608366433976864
   0.0420341274955244
   0.04100308555755286
   0.039555461772048627
   0.03796168541556078
   0.03665447400672939
   0.035145712409766286
   0.033629674252957015
   0.03252407868502965
   0.031512617792877826
   0.030423213176783283
   0.029391781501637494
   0.028317444037024245
   0.02739448867126379
   0.026382459963960905
   0.025159742014575586
   0.024328280293518488
   0.023520283533792697
   0.02265056060211314
   0.021688460503226134
   0.020921689050122125
   0.02005101058700035
   0.019436123016435145
   0.01889382035878398
   0.018289144573762874
   0.017629730613653746
   0.01670999339287721
   0.01631047249806087
   0.015519136372556303
   0.014894702760041907
   0.014685225840619544
   0.013880340845598858
   0.01335549455617425
   0.012656037616884677
   0.012481044364956003
   0.012007483718081819
   0.01153615922870346
   0.011067315833118705
   0.010525597657140425
   0.010338711427929498
   0.009924237691127717
   0.00946532229984801
   0.00943887592407062
   0.009267841901435305
   0.008723208124881579
   0.00830032302925615
   0.008080590467905177
   0.007790791738328012
   0.007252399327119267
   0.007368660604886074
   0.006862783720182357
   0.006760025732939187
   0.0064883198372151785
   0.006123611972520793
   0.006016540614007354
   0.005656765987735395
   0.005486265213239331
   0.005138026231929923
   0.005138028256053094
   0.00495977966849335
   0.0047957782726060225
   0.004358857533804013
   0.00504969107867006
   0.004505509062248127
   0.004312733328180633
   0.0040496589436642685
   0.003577686576546358
   0.0037282452051870195
   0.003331647758992538
   0.0033166078514048052
   0.0033166072061671698
   0.0032093447789229503
   0.0029154635566235433
   0.0030166069001445976
   0.0028106827622483475
   0.0030166069001445976
   0.002664573585022564
   0.002720284036640292
   0.0025298140326909407
   0.0024083119316234765
   0.0023664261999901876
   0.002236062825593235
   0.002097613081576295
   0.0020736396769930887
   0.0019748382997096243
   0.0021679436685486087
   0.0017888518664215883
   0.001612449453471333
   0.001999996389996742
   0.001974837914867952
   0.0016733177104184369
   0.0016733177104184369
   0.0014491361530235866
   0.0018708257829097824
   0.0013416395790226225
   0.0014491361530235866
   0.0012247439528325912
   0.0011832151283684637
   0.0009486828711429336
   0.0009486828711429336
   0.0011832153481087034
   0.000999999499999875
   0.0009486828711429336
   0.0007745964368624477
   0.0007745964368624477
   0.0009486828711429336
   0.0007071066044098301
   0.0007071066044098301
   0.0007745964368624477
   0.000894426833228968
   0.000894426833228968
   0.0007745964368624477
   0.0006324554055425568
   0.0006324554055425568
   0.00044721355077859614
   0.00031622775020544923
   0.0007745964368624477
   0.00044721355077859614
   0.00044721355077859614
   0.0006324554055425568
   0.0005477224753467763
   0.00031622775020544923
   0.0
   0.00044721355077859614
   0.00044721355077859614
   0.0006324554055425568
   0.0005477224753467763
   0.0
   0.00031622775020544923
   0.00044721355077859614
   0.0005477224753467763
   0.00031622775020544923
   0.00044721355077859614
   0.0
   0.0
   0.0005477224753467763
   0.00044721355077859614
   0.0
   0.0
   0.0
   0.0
   0.0
   0.00031622775020544923
   0.0
   0.0
   0.00031622775020544923
   0.00031622775020544923
   0.0
   0.0
   0.0
   0.0
   0.0
   0.00031622775020544923
   0.0
   0.0
   0.0
   0.00031622775020544923
   0.00031622775020544923
   0.0
   0.0
   0.0
   0.0
   0.0
   0.0
   0.0
   0.0
   0.0
   0.0
   0.0
   0.0
   0.0
   0.0
   0.0
   0.0
   0.0
   0.0
   0.0
   0.0
   0.0
   0.0
   0.0
   0.0
   0.0
   0.0
   0.0
   0.0
   0.0
   0.0
   0.0
   0.0
   0.0
   0.0
   0.0
   0.0
   0.0
   0.0
   0.0
   0.0
   0.0
   0.0
   0.0
   0.0
   0.0
   0.0
   0.0
   0.0
   0.0
