   0.6648343405691375
   0.9118118905980553
   1.0647173328048154
   1.1449743335044678
   1.2020647576416172
   1.2397852111781298
   1.2559059972402393
   1.2737394711933834
   1.2786782478778624
   1.2776675858
   1.2864482515977858
   1.2859858019107364
   1.3015486684096758
   1.2882814146233734
   1.2974279685250354
   1.2799071938039102
   1.2899468742855265
   1.300221141584769
   1.3013357794109097
   1.296009314534043
   1.3014650872858635
   1.3002449235724782
   1.3042371312759808
   1.2974672678337593
   1.3013434138516242
   1.2936031630125215
   1.2922113891616185
   1.2947437491256717
   1.3006865668730496
   1.3011463136788268
   1.296709273497726
   1.3026740557787277
   1.3020060852561328
   1.303722350488784
   1.2977464594041472
   1.2981854200013188
   1.2974363259520676
   1.299170405765156
   1.2943965937594242
   1.2983939084253284
   1.283237549170067
   1.2815184410940015
   1.2912216955546403
   1.3032575915082942
   1.29199467997318
   1.2940396598864348
   1.2937856728372747
   1.2947574089442393
   1.2829641993348841
   1.2954286497337475
   1.2880626043135481
   1.3073956403594897
   1.3073247707880395
   1.2959121484109175
   1.2936421397090465
   1.293383498416073
   1.30596383209337
   1.2971961831195773
   1.2950934515744414
   1.2954087711606712
   1.2916277017434241
   1.2947197339949676
   1.2853073662653614
   1.2851555188754396
   1.2966085618840406
   1.2838548808942545
   1.2928867783854856
   1.3074107422592947
   1.305556926420292
   1.2947107104894129
   1.3015641116652688
   1.2981226698259298
   1.2989510276030425
   1.2933357492928894
   1.292705838067965
   1.3019706142167726
   1.2908583659871442
   1.2968807413016048
   1.302516264526474
   1.3124082262463155
   1.291459889417786
   1.2895566431529868
   1.2809657237065322
   1.2986245489362966
   1.2943680941432387
   1.2999768391440671
   1.3025046071991453
   1.2926208208283665
   1.2899328390389169
   1.282766250881274
   1.2949511143633956
   1.281491181066417
   1.2728653613634868
   1.2637590940301875
   1.236531940549859
   1.2012796245167068
   1.142301815036639
   1.0578260837732258
   0.9209452448647532
   0.6730585590095411
