   1.0393370855304835
   1.7332085057488034
   2.235938984036908
   2.630884211127316
   2.943227762236555
   3.167185494275793
   3.3536396029531854
   3.4972572080633415
   3.6185714317116915
   3.705353128606773
   3.7859998663069176
   3.8513430190725675
   3.885426651387335
   3.9397404954458612
   3.981954786671993
   4.00988879922511
   4.023875086281879
   4.04140838408778
   4.049027334211391
   4.066169035391298
   4.061287233582968
   4.0851363789577455
   4.100888322714482
   4.095268637232484
   4.107221392055584
   4.089157946311685
   4.089491415811996
   4.095935158785475
   4.105100325080496
   4.0971224693083075
   4.107507232923516
   4.102649255560484
   4.105541739831663
   4.1082281797532865
   4.1202460972343635
   4.128245942339676
   4.122462437966415
   4.120069982766798
   4.133328061316208
   4.152942569538375
   4.147069786163599
   4.132416811425973
   4.138128877890465
   4.129622673366661
   4.128125024771416
   4.112384061456201
   4.109006076499644
   4.116706690425127
   4.111375874329176
   4.1207580225942655
   4.120023142058791
   4.124860277633656
   4.125721647804054
   4.113659060727323
   4.101632690027229
   4.1354774987544065
   4.1397464547631415
   4.13075737332405
   4.117631092851326
   4.110320629245241
   4.092281389757551
   4.086975069244245
   4.0901419185544166
   4.074857428572931
   4.093484402504912
   4.092511725242091
   4.0996172293079995
   4.101864562955608
   4.108678683703071
   4.1194028229925514
   4.134841789207297
   4.13376341763096
   4.136417767806342
   4.126678985989097
   4.123525241420986
   4.108870669485595
   4.101389146996417
   4.0854007881234855
   4.0599193725677605
   4.039351492612521
   4.044121832482795
   4.042790533772928
   4.0258711221636245
   4.014209448792502
   3.9955078670926176
   3.96193280677487
   3.9316651279882673
   3.877817435062667
   3.8262615179821413
   3.756684589006109
   3.712548684655327
   3.6308860259936555
   3.496747654174519
   3.344379248829295
   3.1703299921173818
   2.9410595173085157
   2.643546606444456
   2.243988192022409
   1.733547435506453
   1.036246373406923
