   1.8118624424607956
   3.3004102801924486
   4.655316478511423
   5.958467311112816
   7.135392510401933
   8.210956972089186
   9.183830898873302
   10.012678567890811
   10.847386790259671
   11.583612772378054
   12.2584333722707
   13.007022688651697
   13.662038517992109
   14.159392539286422
   14.711388126315613
   15.200262346999146
   15.652865427122281
   16.039514829320744
   16.283415640064586
   16.623064768868584
   16.986598303074103
   17.312468332849015
   17.556648367382085
   17.845655998825038
   18.12812266460871
   18.308602383139462
   18.542748427541696
   18.6522806926767
   18.811568130591876
   18.946238938375078
   18.955437878453246
   19.00355591961673
   19.10008728566181
   19.20977529255353
   19.3034715333771
   19.451993827654274
   19.552812411617413
   19.558606265761885
   19.7148992752588
   19.796427101636294
   19.916610345515625
   20.004136473199736
   20.144731133584283
   20.159785370323267
   20.201123344754865
   20.262945697402934
   20.2399733310101
   20.282960265119094
   20.283673756388414
   20.228922614899687
   20.24080095197569
   20.08283609708549
   20.086927832548213
   19.975290626108546
   19.849411334825525
   19.918255523765126
   19.876397512537327
   19.855321783733448
   19.77743843366729
   19.66159944220205
   19.61472077271558
   19.540765752815318
   19.447673790967904
   19.331362552781943
   19.339009275461862
   19.33071682642938
   19.267547323715075
   19.12593722681061
   19.077665968286055
   18.894583338298307
   18.840351739749977
   18.783098101152003
   18.708569292383103
   18.534689038662073
   18.228240077144033
   18.094848777038727
   17.752833864946748
   17.441403773492546
   17.213374328399414
   16.947210395315803
   16.611644847624213
   16.265136290852283
   15.945914515950472
   15.48326612023445
   14.996971660972092
   14.559678839191474
   14.039631162103227
   13.490705257587537
   12.910426985828162
   12.344811849643557
   11.72285832523792
   10.962643867749238
   10.047638773741818
   9.18430631542742
   8.207738912020776
   7.113126844110121
   5.978790615366957
   4.679665134985622
   3.2770673135442303
   1.800513485620144
