   0.14177598738277225
   0.17015364673726507
   0.18305795252476742
   0.1914224258835939
   0.19603159505750598
   0.19911571325236993
   0.20106090827050394
   0.20163551485467535
   0.20146906223626496
   0.20187119075170185
   0.2018540214015812
   0.20201796022769858
   0.20217042670952148
   0.20248873847399515
   0.20215582960439207
   0.2024133497116976
   0.20201847445298163
   0.20236418638363363
   0.20216135873977004
   0.20259264400426782
   0.20236654801779863
   0.20276580953836867
   0.2029834123463048
   0.20241722968243092
   0.2035501534579623
   0.20253240035547398
   0.2019616788991169
   0.20223347234679032
   0.2021031724302961
   0.20233281522392751
   0.20209614035104678
   0.20303756804569445
   0.2030149602210635
   0.20243584042663987
   0.2022920032111749
   0.20235332111443094
   0.2021916417465371
   0.20252545655080004
   0.20184694379246865
   0.20239598379095866
   0.20243656855200348
   0.2028536551387724
   0.20187386098492296
   0.20291615467192356
   0.20216436983185243
   0.20242168436844904
   0.20266654804688417
   0.20270242929908364
   0.20243116585308696
   0.20230835375248352
   0.20254624145967262
   0.20188621244403987
   0.20215908625634416
   0.20277272925874426
   0.20258234127285132
   0.2030739030004594
   0.2026398278483033
   0.2032043398115306
   0.2026042897768949
   0.20319599053042361
   0.20205274516895333
   0.20243753357218616
   0.2017906467102725
   0.20238623641334902
   0.2024881457246325
   0.20282039319927866
   0.2030404435597992
   0.20217525515233065
   0.20251972652401048
   0.20259063402020835
   0.20239468670091118
   0.202226283398672
   0.20156771342948254
   0.20175089056534545
   0.2021683818879451
   0.20238136007525495
   0.2022671315611857
   0.20251132840846214
   0.20248914755312197
   0.20260656982869535
   0.2021818017090312
   0.2026986210932625
   0.20283951664860572
   0.20295970372068933
   0.20250256738708278
   0.20242192320178662
   0.20222153317339872
   0.20234054097980464
   0.2024282460922882
   0.20238026899317532
   0.20201573090408084
   0.20193785419866184
   0.2009203403345714
   0.20060896609822804
   0.19846830280523386
   0.19606670790256567
   0.1913070380471926
   0.18393901774531146
   0.1696749215717809
   0.14236036130577218
