   0.15620658789433306
   0.16978903203608295
   0.17839064848738567
   0.1836441254199001
   0.18578889572843152
   0.1868225670582652
   0.18872120423457986
   0.19009363553743716
   0.18996591265919263
   0.19095245414500436
   0.18911672815377809
   0.19024137254246248
   0.19014799384805509
   0.19115479025582907
   0.19047155735067114
   0.19015680909078697
   0.1900045779206122
   0.19123520126336574
   0.18984222014873298
   0.19046339146733685
   0.1905826833365246
   0.19059032467772336
   0.1902618800836363
   0.19102801613962284
   0.1900099313947563
   0.19120294289155176
   0.1906829157309065
   0.1907981494366232
   0.18987833214677236
   0.19018332011309508
   0.19057403695989128
   0.1913217258251399
   0.19028973051596873
   0.19029278493623977
   0.19033200277872345
   0.19086590029641232
   0.19149919827798237
   0.18996634683764385
   0.19007225989920254
   0.18971717480394337
   0.1902983106081344
   0.19086053543632325
   0.19038972569524332
   0.19125101756330606
   0.19040291940450912
   0.19063812814332287
   0.19054832305530794
   0.18995372767174115
   0.1907624877314982
   0.19087553995604045
   0.1905225630379772
   0.19062229879119597
   0.19009918788158986
   0.19088914846452115
   0.19085058889170345
   0.18953049900316835
   0.19046178878187087
   0.18985332568896443
   0.19008517162482716
   0.19066720384898395
   0.19005248644600786
   0.19055544072628836
   0.19037003708648584
   0.19127484675594436
   0.19041510161791264
   0.19064177652337905
   0.19088266357820452
   0.1901049388730077
   0.19055747540718523
   0.19066615368121842
   0.19157693128137843
   0.19089060335081975
   0.19106497301085826
   0.19025136927651795
   0.1912968624520277
   0.1909397757802182
   0.19077349612435685
   0.19139934324733196
   0.19139668875202623
   0.1907567825538846
   0.19000801970064315
   0.19107042065141847
   0.1908549295111604
   0.19087414988622742
   0.19032496405020022
   0.19063705558773195
   0.19035564383939343
   0.1906929466445993
   0.19002031289775312
   0.1901596917433082
   0.18988722773172503
   0.19055476843550778
   0.1904408013786699
   0.18911908864321442
   0.18818014131887031
   0.1867874068795592
   0.18310722001177343
   0.17815847269549098
   0.1703064940768848
   0.1560351740145471
