   0.0
   0.0
   0.0
   0.0
   0.0
   0.00031622775020544923
   0.0
   0.0
   0.0
   0.0
   0.0
   0.0
   0.00031622775020544923
   0.0
   0.0
   0.0
   0.0
   0.0
   0.0
   0.0
   0.0
   0.0
   0.0
   0.0
   0.0
   0.00031622775020544923
   0.0
   0.0
   0.00031622775020544923
   0.0
   0.00031622775020544923
   0.0
   0.00031622775020544923
   0.00031622775020544923
   0.0
   0.0
   0.0
   0.0
   0.0
   0.0
   0.0
   0.00031622775020544923
   0.0
   0.00031622775020544923
   0.0005477224753467763
   0.0
   0.0
   0.00031622775020544923
   0.00031622775020544923
   0.00031622775020544923
   0.0
   0.00031622775020544923
   0.0
   0.0
   0.00044721355077859614
   0.00031622775020544923
   0.00044721355077859614
   0.00044721355077859614
   0.0
   0.0
   0.00031622775020544923
   0.00031622775020544923
   0.00044721355077859614
   0.0008366598771304861
   0.00031622775020544923
   0.0007071066044098301
   0.00044721355077859614
   0.0007071066044098301
   0.00044721355077859614
   0.0007071066044098301
   0.0005477224753467763
   0.00031622775020544923
   0.00044721355077859614
   0.0007071066044098301
   0.0007071066044098301
   0.0005477224753467763
   0.000836659733703015
   0.0005477224753467763
   0.000836659733703015
   0.0007071066044098301
   0.0007745964368624477
   0.000836659733703015
   0.0007745964368624477
   0.0007745964368624477
   0.000836659733703015
   0.000999999499999875
   0.000999999499999875
   0.0010488082713251265
   0.000836659733703015
   0.0007071066044098301
   0.0012649100521380957
   0.0011832151283684637
   0.00130383937277565
   0.0011832151283684637
   0.0014142121481588255
   0.0015165736348756692
   0.0010488082713251265
   0.0012247439528325912
   0.0012247439528325912
   0.0013784035657237687
   0.001760679297884768
   0.00130383937277565
   0.001612449453471333
   0.0012247439528325912
   0.001702936167329827
   0.0016431654542376432
   0.001581136853659417
   0.0019493555447890978
   0.0016431654542376432
   0.0018165872150821716
   0.002144756545624701
   0.002167943244183297
   0.002213589372489848
   0.002167943244183297
   0.0020736396769930887
   0.0022360623873228583
   0.0022583121994091074
   0.002213588938805035
   0.00299998709330557
   0.0026267760448884865
   0.0022583121994091074
   0.002898263749212621
   0.00286355247201793
   0.003049576559130792
   0.003033136825136644
   0.0026457420509187965
   0.0032863175987722184
   0.0032710679464052713
   0.003391145492307872
   0.003255746863624382
   0.003391145492307872
   0.0036055278393045307
   0.0038986881075561814
   0.00435885925902638
   0.00399996879487828
   0.0038986888821756476
   0.004505507295521781
   0.004312733328180633
   0.004381739266547018
   0.004625963903879925
   0.005009927144180842
   0.004949687819448818
   0.0050891403743657925
   0.0051671363200519495
   0.005347820307377577
   0.005683217109173289
   0.005630187186053409
   0.005999896745778214
   0.00613176860620164
   0.006426377454678491
   0.006737803274064923
   0.007113190561203882
   0.007273047690617737
   0.00732101168965055
   0.007543003215563414
   0.007483108220519064
   0.007758635444458001
   0.008245935801350869
   0.008461380442930102
   0.00853784694112046
   0.008654159665155248
   0.009235417001413634
   0.009914156229856377
   0.009974484302960229
   0.009999501985599082
   0.010444535144753929
   0.010848339702922287
   0.010610725741437293
   0.011157275523621345
   0.01182289262574942
   0.012127603700236909
   0.012115218051690196
   0.012906322851997776
   0.013201148158777706
   0.01366988434442662
   0.013898316903855661
   0.014534646262981428
   0.014904756819217145
   0.015490095869296613
   0.016004239658290547
   0.016389917739573923
   0.01700053708533939
   0.017467353355331196
   0.0182972523552035
   0.018471219740720968
   0.01914073083218089
   0.01969393709647718
   0.020511643666707942
   0.020868959302993526
   0.021607530009466608
   0.02231939449985147
   0.02265704598485866
   0.023388157488566732
   0.024099116521358207
   0.02509403313917474
   0.025720945472513253
   0.026758102361527807
   0.027610326437584907
   0.028426365205386356
   0.029110048160557893
   0.03004328502344575
   0.031043299540480553
   0.03201044132013803
   0.032710341085198116
   0.03372868556214428
   0.034791606992348026
   0.03595763262507697
   0.03748138915461912
   0.03853221695866979
   0.03958759425678706
   0.04089795926253534
   0.04201587793917914
   0.043169138737760335
   0.044605851361004194
   0.04621352965355492
   0.04776769829403548
   0.04881078825003751
   0.050217660705273795
   0.05202460567231625
   0.05372758452703788
   0.055122460385944316
   0.05689576767871227
   0.05848686574599463
   0.060627859270718114
   0.06190814400416152
   0.06448849661381478
   0.06630003287329501
   0.06830724917539865
   0.07047732896123406
   0.07273700028121864
   0.07466760211604495
   0.07714259862643985
   0.07949210020725331
   0.08200328234991572
   0.08471458753951411
   0.08714569596893469
   0.08954157377213112
   0.09250429844493714
   0.09556497561088999
   0.09820845103839078
   0.10121335952091502
   0.10441829554129871
   0.10764659559707404
   0.1108254734540304
   0.11443703707873601
   0.2305218640233286
   0.23135710448047625
   0.23233024550195785
   0.23324655021052296
   0.2335912479096766
   0.23341082666200383
   0.23298857485016297
   0.23260079527033006
   0.2317889249620007
   0.23023585509626862
   0.11416382346505394
   0.11083043758661246
   0.10756491951556511
   0.10459817181404271
   0.10159649845536017
   0.0979590956184774
   0.09559126054608759
   0.09252835551975405
   0.08947316463113396
   0.08716912859900573
   0.08457863865634159
   0.08197258125489279
   0.07942569440577778
   0.0772782379716308
   0.07501685077367617
   0.07269031490480696
   0.07044943742316187
   0.06845803999757807
   0.06622661270969549
   0.06431981639774789
   0.06233801202829619
   0.06021200830191599
   0.058589733666914716
   0.05683802037149077
   0.055326728119327644
   0.05364066528288031
   0.0519156296327031
   0.05075477735110263
   0.048901507899450296
   0.0473942559519611
   0.046251276189852315
   0.044834241319665485
   0.04327752440932822
   0.0420442203400182
   0.04093077214016369
   0.03986110914211997
   0.03841429258804593
   0.0374547741704579
   0.03601305354229213
   0.035221986453776284
   0.03383797227598013
   0.03277135524188769
   0.032122421918497984
   0.030645177379809697
   0.030116238785080716
   0.029049947177232527
   0.028435138768080594
   0.027537909316249845
   0.026838206848446487
   0.025977924720616156
   0.02531793416454036
   0.024412128501832855
   0.023782020374854614
   0.022885161983258937
   0.022153185088379504
   0.021517186595835434
   0.02064270633201955
   0.020313346941358532
   0.01929412086621207
   0.018925482926202965
   0.018517145348028133
   0.017977677680668325
   0.017103092818551855
   0.016832139690484985
   0.016638061434854724
   0.01621210177336671
   0.015596213347796957
   0.014931555030873374
   0.014479523856467103
   0.013987926648006131
   0.013818979823416778
   0.013287951473421327
   0.012879169441776903
   0.012663916556895027
   0.012307615931202923
   0.011776286697851747
   0.011255412027553677
   0.010765070923593583
   0.010506570879216491
   0.010391751929294694
   0.00993430695670312
   0.009700060968365095
   0.009586021580927095
   0.009251638177101394
   0.008654159665155248
   0.00844364008647929
   0.008330382137693325
   0.008068199287945235
   0.008123775159370182
   0.007562857861946104
   0.0074630383832591934
   0.007077963655600387
   0.0069568466391030925
   0.00687006347568929
   0.0064960169334754665
   0.0064960169334754665
   0.006212772389199528
   0.006164299330824226
   0.005839423285736358
   0.005839423285736358
   0.0055316442365719795
   0.005329092526875472
   0.00510874923929527
   0.005049689090429231
   0.0046475307465362724
   0.004774880119961128
   0.004527646159982027
   0.004449676801746392
   0.004037292943297526
   0.004171295261666333
   0.004110926220452029
   0.003962291446877677
   0.004012449026467501
   0.0035213422384085306
   0.0036055285548723644
   0.00356368401377002
   0.0032863175987722184
   0.0031937275963989163
   0.0031780349132758123
   0.0029325630496205876
   0.0029664663423002125
   0.0032710692303893536
   0.0026457420509187965
   0.0026267765626333734
   0.002509972173152523
   0.002236062825593235
   0.002549501972935106
   0.0023021667858780345
   0.0023021667858780345
   0.0024698102740898947
   0.002236062825593235
   0.0022583121994091074
   0.002024841522193774
   0.0016733177104184369
   0.002024841522193774
   0.002167943244183297
   0.0017888515198305308
   0.001702936167329827
   0.0017888515198305308
   0.002049385849468079
   0.0014832380658545681
   0.0012649100521380957
   0.001581136853659417
   0.0015491917763788962
   0.0017320482094907174
   0.0012247439528325912
   0.0011401746839848708
   0.0010488082713251265
   0.0013784035657237687
   0.0014491361530235866
   0.0010488082713251265
   0.000999999499999875
   0.000836659733703015
   0.000999999499999875
   0.000999999499999875
   0.000836659733703015
   0.0009486828711429336
   0.000836659733703015
   0.0007745964368624477
   0.0010488082713251265
   0.001095444457743066
   0.0011401746839848708
   0.0006324554055425568
   0.000836659733703015
   0.000836659733703015
   0.000894426833228968
   0.0010488084620177318
   0.0007071066044098301
   0.0006324554055425568
   0.00044721355077859614
   0.00044721355077859614
   0.0006324554055425568
   0.0
   0.0006324554055425568
   0.000948683039797803
   0.0005477224753467763
   0.0005477224753467763
   0.0007071066044098301
   0.00044721355077859614
   0.0
   0.0005477224753467763
   0.00031622775020544923
   0.0007745965659619206
   0.0005477224753467763
   0.00044721355077859614
   0.00031622775020544923
   0.0005477224753467763
   0.00031622775020544923
   0.00031622775020544923
   0.00044721355077859614
   0.00031622775020544923
   0.00031622775020544923
   0.0
   0.00044721355077859614
   0.00031622775020544923
   0.00031622775020544923
   0.00031622775020544923
   0.00031622775020544923
   0.00031622775020544923
   0.00044721355077859614
   0.00044721355077859614
   0.0
   0.0
   0.0
   0.00031622775020544923
   0.0
   0.00031622775020544923
   0.0
   0.00031622775020544923
   0.0
   0.0
   0.0
   0.0
   0.0
   0.0
   0.00031622775020544923
   0.0
   0.0
   0.00031622775020544923
   0.0
   0.0
   0.0
   0.0
   0.0
   0.0
   0.0
   0.0
   0.0
   0.0
   0.0
   0.0
   0.0
   0.0
   0.0
   0.0
   0.0
   0.0
   0.0
   0.0
   0.0
   0.0
   0.0
   0.0
   0.0
   0.0
