   0.8289639009534734
   1.0780780639174512
   1.2953159597858739
   1.4836114473375432
   1.6488406084370315
   1.8006322517024402
   1.9344102862412615
   2.04814597105553
   2.145183372074285
   2.241276516801084
   2.324928525111256
   2.403969138112842
   2.4671253339796095
   2.516515046626982
   2.572417895365953
   2.623710694389913
   2.6529610864162705
   2.695186613679283
   2.7230855690146796
   2.745057908750925
   2.7802982006043884
   2.8091203512551752
   2.8280743766030976
   2.8380488350273323
   2.8597862071488844
   2.878509688068463
   2.88841253692041
   2.9065695626932793
   2.915734298487261
   2.916818296979776
   2.932314367253279
   2.937549037553416
   2.9528168486675566
   2.9439934993771644
   2.951609606147127
   2.966783214802019
   2.9811206042317377
   2.9838839112765427
   2.997084370390497
   2.9950425161120835
   2.983899453479624
   2.993817392520626
   2.9953130830976584
   2.9953130641527275
   2.9994989804297316
   3.0057461809672152
   2.99570945504383
   3.0152923689115125
   3.0059206009525603
   3.013508474083987
   3.0047644306958574
   3.0065060744824716
   3.0073663289448125
   3.014727181604332
   2.996667338888152
   3.0008548742410053
   3.0001858837143742
   2.9940257008375863
   2.9840309106147007
   2.976183397144067
   2.9785653491780235
   2.984052329004302
   2.9760829675462674
   2.9812568134764907
   2.9761866220717748
   2.9661372512269217
   2.96486363360678
   2.950332411209117
   2.946932417873881
   2.9322705532573217
   2.9198979378805348
   2.9150630413931014
   2.8967155672725275
   2.885538703496281
   2.8743952787977856
   2.8597344005650247
   2.8486940439069617
   2.817851069620075
   2.8063425903433457
   2.7737764052864824
   2.752041774237993
   2.717414328055072
   2.7031023407927046
   2.6517185919889763
   2.609414081664886
   2.5740415203209137
   2.515646366549957
   2.4469305395650283
   2.388138975250603
   2.3076628996792405
   2.232930764110477
   2.139303826210527
   2.0346649429957746
   1.9254916885593145
   1.7960209764376363
   1.6469678320975185
   1.472083082164862
   1.2834192257855574
   1.074048866567532
   0.83503118277044
