   0.09594969663318378
   0.10990450893166304
   0.11046294911706821
   0.11070854078701427
   0.11083384516725926
   0.11026755257354723
   0.11106111455766145
   0.1107311608976895
   0.1102171425098655
   0.11092692624318047
   0.1103141825933547
   0.11040680294909368
   0.11083921833353932
   0.11093219987357142
   0.11070940494808922
   0.11078346738746717
   0.11074191769835846
   0.11080045535718705
   0.11066170220993349
   0.11079587927856342
   0.11052759805908205
   0.11099873072859888
   0.11083280084722212
   0.11071584746475999
   0.11079914999091825
   0.1106743114866318
   0.11099438547777991
   0.11099824213022474
   0.11078390884740437
   0.11079736097488965
   0.11059910794287629
   0.11115780389657759
   0.11083330367917398
   0.11045281391635073
   0.11090980352051842
   0.11060033273006009
   0.11038116112267526
   0.11105652482785512
   0.11075419784567987
   0.11068366768728799
   0.11071990182397201
   0.11042890130645147
   0.11084887966578642
   0.11058283174959846
   0.11063977095981355
   0.11089411551547719
   0.11098311420531504
   0.11075825060012459
   0.11083346346659027
   0.1108038444009954
   0.11023060320981647
   0.1107725144135945
   0.11090507858362483
   0.11091565079604411
   0.11102621515295386
   0.11050939971563506
   0.11088940780868116
   0.11054170730289993
   0.11086353282188874
   0.11097689964744915
   0.11083721162786439
   0.110931640142522
   0.11059739980288869
   0.1106568981650489
   0.11048494250236093
   0.1107400313472504
   0.11046130706156795
   0.11069248236009525
   0.11065824738012074
   0.11048076864613135
   0.1106851126184547
   0.11056713293556092
   0.11032588626627932
   0.11065419075981714
   0.11100144751758871
   0.11096334021283787
   0.11075477944716428
   0.11070528650931716
   0.11060463499582647
   0.11108596920205539
   0.11080715535735948
   0.11090977639703364
   0.11052218101648194
   0.11063316201284315
   0.11044635588936377
   0.11059834516081152
   0.11064115680337945
   0.11094436305531706
   0.11097035720876093
   0.11082659761555436
   0.11048099845634089
   0.11069117670343016
   0.11062175344619159
   0.11053324784805701
   0.11066328618250047
   0.11034169048840968
   0.11073674041793899
   0.11104230324299834
   0.10955721407552312
   0.09611154348354832
