   0.007755
   0.0098091
   0.0101206
   0.0101759
   0.0101483
   0.0102293
   0.0101763
   0.0102183
   0.0101946
   0.0102634
   0.0102054
   0.0101998
   0.0102047
   0.0101559
   0.0102667
   0.0102182
   0.0101859
   0.0102299
   0.0102479
   0.0101619
   0.010211
   0.010229
   0.0102194
   0.0101746
   0.0102024
   0.0102428
   0.0102079
   0.0102271
   0.0101785
   0.0102314
   0.0102698
   0.0101462
   0.0101546
   0.010256
   0.0101898
   0.0102308
   0.0102134
   0.0102063
   0.0101948
   0.0101784
   0.0101974
   0.0102317
   0.0102232
   0.0101738
   0.0102418
   0.010158
   0.0102184
   0.0101964
   0.0102008
   0.0102285
   0.0102639
   0.0101649
   0.0101722
   0.0102213
   0.0102149
   0.0102329
   0.0102232
   0.0101887
   0.0102714
   0.0101451
   0.0102307
   0.0102208
   0.0101623
   0.0102091
   0.010228
   0.0101942
   0.0101564
   0.0102431
   0.0102069
   0.0101512
   0.0101653
   0.0101768
   0.0101917
   0.0101848
   0.0101852
   0.0101689
   0.0102166
   0.0102039
   0.0102417
   0.0101677
   0.0102616
   0.0102667
   0.0101572
   0.0101669
   0.0102384
   0.0102129
   0.0101943
   0.010174
   0.0102304
   0.0102083
   0.0102146
   0.0102374
   0.0102237
   0.0102908
   0.0102234
   0.0102418
   0.0102278
   0.0101623
   0.0097431
   0.0077549
