   0.0157879
   0.022117
   0.0254759
   0.0275145
   0.0283328
   0.0292068
   0.029325
   0.0295784
   0.0295691
   0.0297366
   0.0297676
   0.0295489
   0.0295974
   0.0297516
   0.029449
   0.0296775
   0.029863
   0.0296736
   0.0298582
   0.0298357
   0.0298281
   0.029815
   0.0297883
   0.0297117
   0.0295616
   0.029507
   0.0297221
   0.0296523
   0.029797
   0.0299481
   0.0296834
   0.029929
   0.0295673
   0.0297441
   0.029615
   0.0296819
   0.0298193
   0.0296541
   0.0296587
   0.0297184
   0.0295537
   0.0295709
   0.0295597
   0.0295694
   0.0296522
   0.0296917
   0.0297137
   0.0295416
   0.0296668
   0.0299628
   0.0296926
   0.0296912
   0.0297199
   0.0295627
   0.0296992
   0.0297279
   0.0297839
   0.0296913
   0.0296558
   0.0296516
   0.0295302
   0.0295933
   0.0297354
   0.0299155
   0.0296839
   0.0295887
   0.0297692
   0.0298878
   0.0297801
   0.0297264
   0.0296442
   0.0296865
   0.0297366
   0.0297279
   0.0293813
   0.0296301
   0.0297006
   0.0298189
   0.0299907
   0.0298023
   0.0297927
   0.0296411
   0.0296252
   0.029822
   0.0296658
   0.0297996
   0.0296179
   0.0294766
   0.0297739
   0.0294723
   0.0296106
   0.0294816
   0.0293504
   0.029178
   0.0291268
   0.0284031
   0.027319
   0.0254729
   0.0219869
   0.0157936
