   0.903952
   2.607897
   4.611123
   6.570349
   8.322937
   9.741746
   10.974297
   12.08399
   12.902667
   13.767828
   14.428987
   15.106742
   15.500331
   15.877011
   15.970298
   16.059294
   16.249588
   16.413877
   16.553564
   16.626193
   16.490922
   16.518009
   16.681233
   16.804963
   17.05313
   17.186514
   17.213012
   17.151564
   17.074595
   17.105925
   17.26331
   17.17216
   17.085971
   17.226044
   17.094763
   17.108929
   17.153972
   17.098033
   16.984626
   17.072398
   17.086172
   17.133567
   16.907097
   17.06133
   17.053666
   17.093745
   17.063387
   17.090417
   17.142688
   17.177534
   17.307269
   17.413167
   17.396712
   17.282617
   17.329493
   17.521309
   17.331924
   17.314029
   17.263144
   17.186136
   17.277473
   17.291916
   17.14162
   17.054294
   17.144446
   17.105066
   17.09872
   17.157984
   17.219114
   17.105723
   17.016095
   17.116231
   17.122172
   17.146279
   17.14062
   17.095444
   17.031502
   17.024489
   16.936016
   16.921671
   16.785174
   16.51881
   16.319196
   16.203675
   16.05608
   15.890643
   15.539667
   15.320257
   14.840832
   14.221722
   13.693254
   13.074566
   12.201931
   11.12132
   9.784701
   8.277467
   6.574066
   4.591717
   2.644038
   0.91789
