   0.0066974
   0.0086064
   0.0094205
   0.0098949
   0.0100477
   0.0101009
   0.0101237
   0.0101855
   0.0101795
   0.0101757
   0.0102125
   0.0101244
   0.0101757
   0.0101303
   0.0101115
   0.0101327
   0.0101356
   0.010159
   0.0101521
   0.0102153
   0.0101393
   0.0101431
   0.0101429
   0.010149
   0.0101977
   0.0101855
   0.0101679
   0.0101891
   0.0102072
   0.0101769
   0.0101838
   0.0102799
   0.010153
   0.0101935
   0.0101207
   0.0101755
   0.0101802
   0.0101747
   0.0101564
   0.0101047
   0.0102368
   0.0101785
   0.0101907
   0.010165
   0.0101376
   0.010155
   0.0101965
   0.0101923
   0.0101951
   0.0101924
   0.0102004
   0.0101391
   0.0101795
   0.0101164
   0.0101449
   0.0101448
   0.0101599
   0.010137
   0.010207
   0.0101764
   0.0101973
   0.0101717
   0.0101227
   0.0101346
   0.0101964
   0.0101832
   0.0101176
   0.0101825
   0.0101027
   0.0101981
   0.010214
   0.0101897
   0.0101815
   0.0102055
   0.010236
   0.0101594
   0.0102021
   0.0101918
   0.0101352
   0.0101652
   0.0101763
   0.0102143
   0.0101929
   0.010141
   0.0101377
   0.0101195
   0.0101279
   0.0101789
   0.0101451
   0.0102114
   0.0101265
   0.010161
   0.0101516
   0.0101118
   0.0101619
   0.0099711
   0.0098524
   0.0095437
   0.0085811
   0.0067062
