   1.140184
   4.11858
   7.554918
   10.400801
   12.859381
   14.968662
   16.435332
   17.639285
   18.717076
   19.489004
   19.884799
   20.103656
   20.41029
   20.711423
   20.879877
   21.185017
   21.291231
   21.546166
   21.707341
   21.465297
   21.285972
   21.336596
   21.472362
   21.674199
   21.687186
   21.776834
   21.707358
   21.569821
   21.590054
   21.499952
   21.528541
   21.634773
   21.899136
   21.736193
   21.713287
   21.631176
   21.967887
   21.792499
   21.949346
   22.205842
   22.002887
   21.682307
   21.693242
   21.759277
   21.772514
   21.689093
   21.949185
   22.066805
   21.868705
   21.802606
   21.81995
   21.534359
   21.675055
   21.475339
   21.540277
   21.561154
   21.503409
   21.468792
   21.709577
   21.80099
   21.571046
   21.565388
   21.540594
   21.533132
   21.647126
   21.530438
   21.65141
   21.452872
   21.726564
   21.879066
   21.901781
   21.889714
   21.906706
   21.914071
   21.900095
   21.750704
   21.82723
   21.805651
   21.702716
   21.641349
   21.59442
   21.619121
   21.505392
   21.356616
   21.29785
   21.199874
   20.783395
   20.655776
   20.461708
   20.017909
   19.364473
   18.513114
   17.63524
   16.44677
   14.953349
   12.961103
   10.464638
   7.50416
   4.1565
   1.147278
