   0.0363267
   0.0513322
   0.0553499
   0.0570219
   0.057677
   0.0583387
   0.0579173
   0.0580852
   0.0577975
   0.0579752
   0.0583962
   0.0579766
   0.0581224
   0.0587221
   0.0576537
   0.0578952
   0.057923
   0.0572211
   0.0578914
   0.0578601
   0.0578724
   0.0578883
   0.0575789
   0.0580175
   0.057622
   0.057762
   0.0579571
   0.0579309
   0.0577214
   0.0572846
   0.0576642
   0.0572467
   0.0583043
   0.0581075
   0.0580208
   0.0578354
   0.0577784
   0.0582818
   0.0578764
   0.0582059
   0.0572255
   0.0572606
   0.0577355
   0.0579677
   0.0576485
   0.057741
   0.0575646
   0.0581964
   0.0582927
   0.0578638
   0.0577171
   0.0578456
   0.0577177
   0.058444
   0.0580068
   0.0579669
   0.05762
   0.0577393
   0.0579937
   0.0583108
   0.0577609
   0.0582503
   0.058156
   0.058354
   0.0578207
   0.0580586
   0.0581364
   0.0578275
   0.0580362
   0.0580299
   0.0581779
   0.0582446
   0.0581865
   0.0577813
   0.0579179
   0.0581036
   0.0578352
   0.0578067
   0.0583447
   0.0578057
   0.0576678
   0.0575142
   0.057904
   0.05801
   0.057741
   0.0576761
   0.058157
   0.0579072
   0.0579543
   0.0585182
   0.0576454
   0.0577009
   0.057881
   0.0582557
   0.0578284
   0.0576047
   0.05713
   0.0557284
   0.0515689
   0.036514
