   0.0402797
   0.0638897
   0.0803191
   0.0922855
   0.1001688
   0.1055176
   0.1082942
   0.1107138
   0.1120331
   0.1132261
   0.1136981
   0.1143727
   0.1149255
   0.1156172
   0.115263
   0.1147546
   0.1151075
   0.1155282
   0.1154397
   0.1158832
   0.1151105
   0.1153994
   0.1152482
   0.1148987
   0.1154197
   0.1154654
   0.1160133
   0.115616
   0.1155804
   0.1153993
   0.1155872
   0.1145323
   0.115586
   0.1150268
   0.1146115
   0.11523
   0.1154117
   0.1161787
   0.1156239
   0.1157612
   0.115745
   0.1161345
   0.1159663
   0.1150011
   0.1149164
   0.115907
   0.1154888
   0.1160881
   0.1155576
   0.1147944
   0.1149883
   0.1154272
   0.1147274
   0.1150755
   0.1145347
   0.1158562
   0.1160014
   0.115409
   0.1152684
   0.1158628
   0.1159435
   0.1161631
   0.1159246
   0.1155035
   0.116322
   0.1160732
   0.1163773
   0.1155658
   0.1157638
   0.1157565
   0.1157488
   0.1154478
   0.1158979
   0.1156725
   0.1158675
   0.1158311
   0.1149757
   0.1156967
   0.1159617
   0.1153945
   0.1161793
   0.115475
   0.1161662
   0.1151727
   0.1150519
   0.1148059
   0.1151882
   0.1146002
   0.1142265
   0.1133168
   0.1129845
   0.1123914
   0.1101791
   0.1085853
   0.1052733
   0.099855
   0.0918167
   0.0805694
   0.0641152
   0.0406134
