   0.033865
   0.0520596
   0.0563879
   0.0566087
   0.0568808
   0.0564821
   0.0566575
   0.0562582
   0.0565095
   0.0562305
   0.0567341
   0.0565616
   0.0568309
   0.0562758
   0.0566829
   0.0563996
   0.0568635
   0.056789
   0.0566975
   0.0565027
   0.0568766
   0.0567799
   0.0567384
   0.056735
   0.0567121
   0.0563031
   0.0566434
   0.0563801
   0.0563741
   0.0562654
   0.0561137
   0.0564168
   0.056377
   0.056923
   0.0563094
   0.0564507
   0.0562544
   0.0565321
   0.0563975
   0.0566189
   0.0570906
   0.0560441
   0.0561139
   0.0560214
   0.0565216
   0.0568015
   0.0562798
   0.055924
   0.0569444
   0.0570314
   0.0568253
   0.0563409
   0.0562174
   0.056326
   0.0565447
   0.0568297
   0.0565449
   0.0564707
   0.05687
   0.056884
   0.0568114
   0.0564769
   0.0566975
   0.0561612
   0.0566071
   0.056554
   0.0564238
   0.0566624
   0.0564907
   0.0568659
   0.056305
   0.056095
   0.0563369
   0.0557958
   0.0569352
   0.0561929
   0.0565628
   0.0569954
   0.0570856
   0.0567167
   0.0566307
   0.056294
   0.0566544
   0.056216
   0.056866
   0.0567363
   0.0565069
   0.0563799
   0.0566059
   0.0564908
   0.0568163
   0.0568835
   0.05677
   0.0571863
   0.0570924
   0.0567735
   0.0564718
   0.0552995
   0.0521654
   0.0337076
