   0.0
   0.0
   0.0
   0.0
   0.0
   0.0
   0.0
   0.0
   0.0
   0.0
   0.0
   0.0
   0.0
   0.0
   0.0
   0.0
   0.0
   0.0
   0.0
   0.0
   0.0
   0.0
   0.0
   0.0
   0.0
   0.0
   0.0
   0.0
   0.0
   0.0
   0.0
   0.0
   0.0
   0.0
   0.0
   0.0
   0.0
   0.0
   0.0
   0.0
   0.0
   0.0
   0.0
   0.0
   0.0
   0.0
   0.0
   0.0
   1e-07
   0.0
   0.0
   0.0
   0.0
   0.0
   0.0
   0.0
   0.0
   0.0
   0.0
   0.0
   0.0
   1e-07
   0.0
   1e-07
   0.0
   2e-07
   0.0
   1e-07
   0.0
   0.0
   1e-07
   0.0
   0.0
   1e-07
   1e-07
   1e-07
   0.0
   1e-07
   0.0
   4e-07
   2e-07
   1e-07
   1e-07
   1e-07
   2e-07
   1e-07
   1e-07
   0.0
   0.0
   2e-07
   1e-07
   1e-07
   1e-07
   0.0
   1e-07
   3e-07
   2e-07
   2e-07
   3e-07
   3e-07
   5e-07
   6e-07
   5e-07
   2e-07
   5e-07
   6e-07
   6e-07
   9e-07
   1.1e-06
   9e-07
   1e-06
   1.1e-06
   7e-07
   1.4e-06
   1.4e-06
   8e-07
   1.8e-06
   1.6e-06
   2e-06
   1e-06
   2.1e-06
   2.2e-06
   2e-06
   2.9e-06
   2.8e-06
   2.9e-06
   3e-06
   3.4e-06
   3.9e-06
   3.5e-06
   3.3e-06
   2.8e-06
   5.3e-06
   5.8e-06
   5e-06
   4.7e-06
   6e-06
   6.9e-06
   7.5e-06
   7.7e-06
   6.8e-06
   9.4e-06
   1e-05
   1.06e-05
   1.15e-05
   1.21e-05
   1.23e-05
   1.38e-05
   1.59e-05
   1.66e-05
   2.13e-05
   2.24e-05
   2.19e-05
   2.16e-05
   2.56e-05
   2.93e-05
   3.11e-05
   3.37e-05
   3.5e-05
   3.75e-05
   4.29e-05
   4.74e-05
   4.57e-05
   5.29e-05
   5.84e-05
   6.31e-05
   6.84e-05
   7.33e-05
   7.34e-05
   8.46e-05
   8.94e-05
   8.95e-05
   0.0001041
   0.0001092
   0.0001167
   0.0001321
   0.0001509
   0.0001548
   0.0001673
   0.0001784
   0.0001938
   0.0002076
   0.0002319
   0.0002445
   0.0002604
   0.000289
   0.0003118
   0.0003339
   0.0003631
   0.0003942
   0.0004219
   0.0004586
   0.0005099
   0.0005534
   0.0005825
   0.0006341
   0.0006818
   0.0007392
   0.0007955
   0.0008472
   0.0009299
   0.001034
   0.0010972
   0.0011845
   0.0012868
   0.0013779
   0.0014853
   0.0016158
   0.0017432
   0.0018928
   0.0020363
   0.0021918
   0.0023984
   0.0025519
   0.0027904
   0.0030131
   0.0032661
   0.0035137
   0.00381
   0.0041235
   0.0044698
   0.0048286
   0.0051657
   0.0056477
   0.0060868
   0.0066055
   0.0071219
   0.0077289
   0.0083566
   0.0090168
   0.0097843
   0.0105591
   0.0113827
   0.0123569
   0.0133836
   0.0144103
   0.0155932
   0.0168949
   0.0182579
   0.0197614
   0.0213987
   0.0232068
   0.0248975
   0.027133
   0.029202
   0.0315846
   0.0334571
   0.0349025
   0.0358283
   0.036206
   0.0363432
   0.0357354
   0.0348805
   0.0334545
   0.0316158
   0.0293365
   0.0271687
   0.0250607
   0.0230522
   0.0214229
   0.019775
   0.0183541
   0.0169773
   0.0156458
   0.0144234
   0.0133769
   0.0123459
   0.0114783
   0.0105753
   0.0096914
   0.009044
   0.008345
   0.007719
   0.007146
   0.0066058
   0.0061167
   0.0056351
   0.0052489
   0.0047918
   0.0044805
   0.0041308
   0.0038096
   0.0035182
   0.0032811
   0.0030383
   0.0028121
   0.0025695
   0.0023624
   0.0022162
   0.0020275
   0.0018773
   0.0017317
   0.0016041
   0.0014741
   0.0013683
   0.0012733
   0.0011834
   0.0010778
   0.0010054
   0.0009201
   0.0008424
   0.0007899
   0.0007454
   0.0006714
   0.0006132
   0.0005747
   0.0005302
   0.0004922
   0.0004565
   0.0004254
   0.0003869
   0.0003657
   0.0003315
   0.0003097
   0.000284
   0.000274
   0.0002485
   0.0002197
   0.0002076
   0.0001902
   0.0001827
   0.0001724
   0.000152
   0.0001444
   0.0001304
   0.0001239
   0.0001152
   0.0001039
   9.52e-05
   8.79e-05
   8.73e-05
   7.36e-05
   6.72e-05
   6.16e-05
   6e-05
   5.8e-05
   5.87e-05
   4.36e-05
   4.27e-05
   4.16e-05
   3.98e-05
   3.26e-05
   2.88e-05
   3.24e-05
   2.81e-05
   2.7e-05
   2.35e-05
   1.94e-05
   2.17e-05
   1.69e-05
   1.62e-05
   1.75e-05
   1.43e-05
   1.42e-05
   1.28e-05
   1.33e-05
   1.39e-05
   9.3e-06
   1.09e-05
   9e-06
   7.7e-06
   8.7e-06
   6.6e-06
   4.4e-06
   6.1e-06
   5.9e-06
   4.7e-06
   4.7e-06
   4.3e-06
   3.5e-06
   5e-06
   4.4e-06
   4.1e-06
   2.4e-06
   2.9e-06
   2.1e-06
   1.5e-06
   2.4e-06
   1.9e-06
   2.2e-06
   1.8e-06
   1.6e-06
   2e-06
   1.4e-06
   1.2e-06
   1.3e-06
   9e-07
   7e-07
   7e-07
   9e-07
   7e-07
   8e-07
   6e-07
   2e-07
   5e-07
   2e-07
   6e-07
   6e-07
   6e-07
   4e-07
   8e-07
   5e-07
   2e-07
   3e-07
   0.0
   3e-07
   4e-07
   0.0
   1e-07
   1e-07
   5e-07
   3e-07
   0.0
   2e-07
   3e-07
   2e-07
   0.0
   1e-07
   1e-07
   0.0
   1e-07
   2e-07
   0.0
   1e-07
   1e-07
   0.0
   2e-07
   2e-07
   0.0
   1e-07
   0.0
   0.0
   0.0
   1e-07
   1e-07
   0.0
   0.0
   1e-07
   0.0
   0.0
   0.0
   0.0
   0.0
   0.0
   0.0
   0.0
   1e-07
   0.0
   0.0
   0.0
   0.0
   0.0
   1e-07
   0.0
   0.0
   0.0
   0.0
   0.0
   0.0
   0.0
   0.0
   0.0
   0.0
   0.0
   0.0
   0.0
   0.0
   0.0
   0.0
   0.0
   0.0
   0.0
   0.0
   0.0
   0.0
   0.0
   0.0
   0.0
   0.0
   0.0
   0.0
   0.0
   0.0
   0.0
   0.0
   0.0
   0.0
   0.0
   0.0
   0.0
   0.0
   0.0
   0.0
   0.0
   0.0
   0.0
   0.0
   0.0
   0.0
   0.0
