   0.0243393
   0.0357001
   0.0376839
   0.0376942
   0.0379961
   0.0378606
   0.0380535
   0.037873
   0.0375725
   0.0379582
   0.0378277
   0.0378884
   0.0378
   0.0377694
   0.0377477
   0.0377415
   0.0380325
   0.0377711
   0.0376875
   0.037922
   0.0373418
   0.0375338
   0.0378064
   0.0380476
   0.0378818
   0.0381868
   0.0377767
   0.0379138
   0.0379556
   0.0379024
   0.0377232
   0.0381421
   0.0378672
   0.0379901
   0.0379148
   0.038054
   0.0379401
   0.0375701
   0.0378588
   0.0378548
   0.0382519
   0.0377994
   0.038091
   0.0376507
   0.0383633
   0.0383185
   0.0378972
   0.0380193
   0.0379234
   0.0382891
   0.0378813
   0.0381259
   0.0379139
   0.0381931
   0.0381437
   0.0378956
   0.0376597
   0.0379267
   0.0378308
   0.0379311
   0.0380711
   0.0380308
   0.0377914
   0.0377027
   0.0377914
   0.0376825
   0.0378867
   0.0381416
   0.03814
   0.037845
   0.0378663
   0.0379965
   0.0378737
   0.03794
   0.0376311
   0.0378358
   0.038036
   0.0381312
   0.0380669
   0.0377061
   0.0378573
   0.0379643
   0.0378437
   0.0380472
   0.0379063
   0.037797
   0.0381188
   0.037897
   0.0377966
   0.0379428
   0.038021
   0.037957
   0.0380066
   0.0383509
   0.0379955
   0.0380643
   0.0378247
   0.0375717
   0.0358134
   0.0244932
