   0.0182156
   0.0259087
   0.0271455
   0.0270761
   0.027024
   0.0269663
   0.0271581
   0.0271269
   0.0272243
   0.0269904
   0.0270449
   0.0271648
   0.0270005
   0.0271191
   0.026967
   0.0270637
   0.0271226
   0.0270091
   0.0271411
   0.0271236
   0.0272901
   0.0270432
   0.027259
   0.0270691
   0.0270359
   0.0272157
   0.0270009
   0.0269342
   0.0270697
   0.026989
   0.0271564
   0.0272512
   0.0268925
   0.0271736
   0.0267783
   0.0269255
   0.0271951
   0.0273367
   0.0270369
   0.0270434
   0.0267759
   0.0270597
   0.0269825
   0.02714
   0.0270771
   0.0271697
   0.0271355
   0.0269421
   0.0270891
   0.0270505
   0.0271937
   0.026968
   0.0270721
   0.026998
   0.0269677
   0.0270658
   0.0271406
   0.0271859
   0.027015
   0.027137
   0.0270703
   0.0271345
   0.0272908
   0.0271966
   0.0269281
   0.0271977
   0.0270118
   0.0271676
   0.0271503
   0.0270891
   0.0269975
   0.0270435
   0.0271837
   0.0270467
   0.0271011
   0.0270037
   0.0270561
   0.0269085
   0.02683
   0.0272687
   0.0271653
   0.0270611
   0.0270289
   0.0270416
   0.0269666
   0.0271395
   0.0269149
   0.0270939
   0.0271281
   0.0268829
   0.0272293
   0.0269474
   0.0272611
   0.0272866
   0.0271599
   0.0269476
   0.0271258
   0.0268841
   0.0257448
   0.0183577
