   3.60022
   12.03188
   24.01921
   39.425
   56.71783
   75.23771
   94.39463
   112.52341
   132.42177
   151.36824
   169.98492
   191.87481
   212.16117
   228.46488
   247.08187
   264.4832
   281.03596
   295.83262
   305.64083
   319.08088
   334.1786
   347.79207
   358.54953
   371.08012
   383.36471
   391.85779
   402.23781
   408.15684
   415.73977
   422.56538
   423.94717
   426.87318
   431.58691
   437.25364
   441.93813
   449.19515
   453.96345
   454.80557
   462.05498
   466.21396
   471.38267
   475.63014
   482.08142
   482.78095
   484.94392
   488.22439
   487.33254
   489.70434
   490.09758
   487.46138
   487.98863
   480.96742
   480.75756
   475.07767
   469.49733
   472.63062
   470.04842
   468.57924
   464.93603
   459.43974
   457.25578
   453.58988
   448.88109
   443.09431
   442.92148
   442.07646
   438.59684
   432.13745
   429.11533
   420.29701
   417.15337
   413.82665
   409.43755
   401.28725
   387.82638
   381.22299
   366.6159
   353.5827
   343.91688
   332.50259
   318.9486
   304.8924
   292.33492
   274.94982
   257.52468
   242.3869
   225.13355
   207.39841
   189.55564
   172.65005
   155.29226
   135.46899
   113.48084
   94.5045
   75.26527
   56.39918
   39.68918
   24.25052
   11.84977
   3.55703
