   0.0818883
   0.1521483
   0.1759363
   0.1831195
   0.1862537
   0.186021
   0.1861095
   0.1857096
   0.1877072
   0.1884203
   0.1877838
   0.1865846
   0.1878793
   0.185717
   0.1862031
   0.1869705
   0.1860746
   0.1868908
   0.1859238
   0.1871289
   0.186099
   0.1864012
   0.1872602
   0.187183
   0.1871397
   0.1873265
   0.1859707
   0.1867951
   0.1863671
   0.1858001
   0.1856546
   0.1869388
   0.1858116
   0.1856552
   0.1870324
   0.1861091
   0.1871077
   0.1861524
   0.1869806
   0.187361
   0.1869432
   0.1864884
   0.1865959
   0.1872174
   0.1869044
   0.1863231
   0.1866244
   0.1867914
   0.186566
   0.1865332
   0.186561
   0.1865525
   0.1862498
   0.1866325
   0.1870303
   0.1861797
   0.186442
   0.1865651
   0.186991
   0.1878165
   0.1883711
   0.1869234
   0.1873655
   0.1876216
   0.186783
   0.1860989
   0.1865401
   0.1881733
   0.1863123
   0.1851499
   0.1858243
   0.1858733
   0.1870278
   0.1872647
   0.1862348
   0.1861219
   0.1872636
   0.1874336
   0.188194
   0.1866515
   0.1856676
   0.1856038
   0.1870451
   0.1860656
   0.1869859
   0.187285
   0.1883697
   0.1864806
   0.1864883
   0.1868934
   0.1877062
   0.1866297
   0.1865691
   0.1858012
   0.1860897
   0.185799
   0.1834933
   0.1767318
   0.1520042
   0.082187
