   0.0333092
   0.0399018
   0.0449925
   0.0483163
   0.0499509
   0.0515034
   0.0516421
   0.0520096
   0.0527512
   0.0525862
   0.0530198
   0.0531744
   0.0529656
   0.0530457
   0.0528768
   0.0529458
   0.0535163
   0.0532777
   0.0532168
   0.0533919
   0.0527507
   0.0532374
   0.0533842
   0.0532185
   0.0533469
   0.0528746
   0.0533307
   0.0530259
   0.0532205
   0.0532129
   0.0528561
   0.0535589
   0.0532456
   0.0535849
   0.0527737
   0.0530946
   0.0531314
   0.0532384
   0.0533228
   0.0533749
   0.0528578
   0.0533626
   0.0530362
   0.0526679
   0.0530472
   0.0531162
   0.0530698
   0.0536193
   0.0534093
   0.0531853
   0.053217
   0.0530894
   0.0530975
   0.0532257
   0.0530698
   0.0534324
   0.0526425
   0.0535145
   0.0528886
   0.0533545
   0.0532071
   0.0529346
   0.0525985
   0.0531282
   0.0529525
   0.0528828
   0.053031
   0.0531105
   0.0535629
   0.0535577
   0.0527489
   0.0534144
   0.0527644
   0.0531917
   0.0528419
   0.0534742
   0.0525785
   0.05323
   0.0531495
   0.0529828
   0.0529999
   0.0527758
   0.0531335
   0.0528133
   0.0532467
   0.0530797
   0.0532892
   0.053226
   0.052846
   0.053142
   0.0529539
   0.0527011
   0.0520351
   0.0519709
   0.0508498
   0.0503931
   0.0483332
   0.0456743
   0.0405278
   0.0331065
