   0.0673124
   0.0892999
   0.0976454
   0.1016819
   0.1044032
   0.1039269
   0.1047231
   0.1040342
   0.1048985
   0.10501
   0.1049456
   0.1050376
   0.1046069
   0.1040917
   0.1048379
   0.1047364
   0.1036508
   0.1043469
   0.1042403
   0.1041257
   0.1038762
   0.1037511
   0.1042118
   0.1040683
   0.1048253
   0.1030049
   0.1044249
   0.1040884
   0.1044367
   0.1036958
   0.1045844
   0.1048816
   0.105116
   0.1045092
   0.1036013
   0.1038526
   0.1049439
   0.1050764
   0.1040058
   0.1050873
   0.1043396
   0.10423
   0.1039649
   0.1043247
   0.1038367
   0.1041216
   0.1029168
   0.1040481
   0.1042319
   0.1051608
   0.104381
   0.1044195
   0.1047484
   0.1038711
   0.1053626
   0.1042513
   0.1043736
   0.1048836
   0.1044797
   0.1040773
   0.1042372
   0.1055814
   0.1038549
   0.1037283
   0.1046823
   0.1052736
   0.103969
   0.1043948
   0.1046993
   0.1043032
   0.1040051
   0.1043965
   0.1040637
   0.1045465
   0.1044262
   0.1039804
   0.1048864
   0.1052989
   0.1043982
   0.105413
   0.1048563
   0.1036754
   0.1040332
   0.1049407
   0.1041701
   0.1044724
   0.1048299
   0.1048964
   0.1054436
   0.1052313
   0.1041669
   0.1043415
   0.1041606
   0.1040342
   0.1039298
   0.1036234
   0.1005291
   0.0971849
   0.0888028
   0.0674123
