   0.0079793
   0.0089966
   0.0095569
   0.0098557
   0.0100073
   0.0100755
   0.0101296
   0.0101604
   0.0102336
   0.010213
   0.0101961
   0.010177
   0.0102025
   0.0101975
   0.0102046
   0.0102146
   0.0102425
   0.0102396
   0.0102395
   0.0101975
   0.0102553
   0.0101831
   0.0101859
   0.010197
   0.0102148
   0.0101897
   0.0102213
   0.0102122
   0.0102362
   0.0102656
   0.0102073
   0.0101982
   0.0102409
   0.0101884
   0.010209
   0.0102492
   0.0101973
   0.0102333
   0.010212
   0.0101627
   0.0102215
   0.0102125
   0.0102107
   0.0101806
   0.0102268
   0.0102139
   0.0102444
   0.0102238
   0.0102047
   0.010198
   0.0101902
   0.0102016
   0.0102175
   0.0102686
   0.0101545
   0.0102117
   0.0101804
   0.0102136
   0.0102361
   0.0101808
   0.0101851
   0.0102268
   0.0102487
   0.010213
   0.0102526
   0.010176
   0.0102314
   0.0102813
   0.0101915
   0.0102115
   0.010243
   0.0102067
   0.0102434
   0.0102287
   0.0102437
   0.0101514
   0.0102465
   0.0101592
   0.0102691
   0.0102291
   0.0102395
   0.0102457
   0.0102108
   0.0102323
   0.0102384
   0.0102377
   0.0102569
   0.0101958
   0.0102056
   0.0102057
   0.0102366
   0.0102452
   0.0101675
   0.0101543
   0.010089
   0.0099776
   0.0098879
   0.00954
   0.0089954
   0.0079441
