   0.1744321
   0.3963395
   0.5070111
   0.5530928
   0.5697291
   0.5735754
   0.579719
   0.5848686
   0.581637
   0.5837031
   0.5839282
   0.5836941
   0.5874361
   0.5832409
   0.5855186
   0.5882931
   0.5856228
   0.5845614
   0.5840918
   0.5823967
   0.5841063
   0.5882288
   0.5878189
   0.5825973
   0.5878113
   0.5880144
   0.5854222
   0.5879494
   0.5863266
   0.5884092
   0.5843105
   0.5858866
   0.5836631
   0.5860881
   0.5872769
   0.5875476
   0.5866837
   0.5887071
   0.5904269
   0.5828675
   0.5884366
   0.5858682
   0.588297
   0.5870436
   0.5877594
   0.5827199
   0.5837167
   0.5834313
   0.5842333
   0.584577
   0.5852099
   0.5883299
   0.5842691
   0.5845156
   0.5878725
   0.5870361
   0.5883538
   0.5794197
   0.5806135
   0.5847234
   0.5851755
   0.5840422
   0.5837066
   0.5876717
   0.586885
   0.5879277
   0.5857226
   0.5860801
   0.5836918
   0.5847123
   0.5849605
   0.5869685
   0.5863017
   0.5870551
   0.589979
   0.5875252
   0.5892342
   0.5855592
   0.5898208
   0.5898773
   0.5843209
   0.5841721
   0.5884868
   0.5862564
   0.5840086
   0.5865814
   0.5894505
   0.5867209
   0.5898491
   0.5870636
   0.5890258
   0.5860421
   0.5865332
   0.5840527
   0.5792134
   0.5722664
   0.5516968
   0.5034896
   0.3941055
   0.1763591
