   0.0
   0.0
   0.0
   0.0
   0.0
   0.0
   0.0
   0.0
   0.0
   0.0
   0.0
   0.0
   0.0
   0.0
   0.0
   0.0
   0.0
   0.0
   0.0
   0.0
   0.0
   0.0
   0.0
   0.0
   0.0
   0.0
   0.0
   0.0
   0.0
   0.0
   0.0
   1e-07
   0.0
   0.0
   0.0
   0.0
   0.0
   0.0
   0.0
   0.0
   0.0
   1e-07
   0.0
   0.0
   0.0
   0.0
   0.0
   0.0
   1e-07
   1e-07
   0.0
   0.0
   1e-07
   0.0
   0.0
   1e-07
   0.0
   0.0
   1e-07
   1e-07
   1e-07
   1e-07
   0.0
   1e-07
   0.0
   0.0
   1e-07
   1e-07
   1e-07
   0.0
   0.0
   1e-07
   2e-07
   1e-07
   1e-07
   1e-07
   0.0
   4e-07
   0.0
   2e-07
   0.0
   1e-07
   1e-07
   4e-07
   2e-07
   3e-07
   1e-07
   4e-07
   3e-07
   1e-07
   2e-07
   2e-07
   2e-07
   5e-07
   7e-07
   2e-07
   5e-07
   7e-07
   6e-07
   7e-07
   9e-07
   9e-07
   4e-07
   1.9e-06
   1.1e-06
   7e-07
   6e-07
   1.4e-06
   1.3e-06
   1.6e-06
   1.3e-06
   2.1e-06
   1.4e-06
   1.4e-06
   2.2e-06
   2.9e-06
   3.3e-06
   2.6e-06
   2.8e-06
   3.4e-06
   3.6e-06
   4.2e-06
   3.5e-06
   4.5e-06
   5.2e-06
   4.7e-06
   6.2e-06
   4.8e-06
   5.6e-06
   6.4e-06
   7.2e-06
   7.8e-06
   9.3e-06
   8.1e-06
   9.1e-06
   8.6e-06
   1.22e-05
   1.06e-05
   1.4e-05
   1.35e-05
   1.64e-05
   1.52e-05
   1.6e-05
   2.09e-05
   1.81e-05
   1.94e-05
   2.42e-05
   2.65e-05
   2.63e-05
   2.89e-05
   2.95e-05
   3.58e-05
   3.57e-05
   3.69e-05
   4.08e-05
   4.78e-05
   4.62e-05
   5.57e-05
   5.48e-05
   5.75e-05
   6.27e-05
   7.3e-05
   7.17e-05
   8.36e-05
   8.79e-05
   9.69e-05
   9.94e-05
   0.0001077
   0.0001182
   0.0001247
   0.000131
   0.0001478
   0.0001595
   0.0001692
   0.0001817
   0.0002006
   0.0002135
   0.000227
   0.0002535
   0.0002651
   0.0002808
   0.0002959
   0.0003293
   0.0003493
   0.0003607
   0.0004132
   0.0004397
   0.0004761
   0.0005122
   0.0005517
   0.0005952
   0.0006374
   0.0006952
   0.000731
   0.0008015
   0.0008578
   0.0009286
   0.0009851
   0.0010729
   0.001138
   0.0012297
   0.0013543
   0.0014607
   0.0015159
   0.0016722
   0.0018192
   0.0019606
   0.0020608
   0.0022096
   0.0024105
   0.0025755
   0.0028023
   0.0030058
   0.0032009
   0.0034798
   0.0037626
   0.0040616
   0.0043663
   0.0046668
   0.0050062
   0.005471
   0.0058401
   0.0063006
   0.0068123
   0.0073077
   0.0078329
   0.0084672
   0.0091074
   0.0097561
   0.0105905
   0.011434
   0.0122824
   0.0131773
   0.0141865
   0.0152474
   0.0165128
   0.0177404
   0.019143
   0.0205687
   0.022076
   0.0238533
   0.0256594
   0.0276862
   0.029805
   0.0321039
   0.0343494
   0.0362558
   0.0377194
   0.0388395
   0.0393239
   0.0391433
   0.0388369
   0.0378384
   0.0363331
   0.0343268
   0.0319321
   0.0298259
   0.0276174
   0.0256757
   0.0238644
   0.0221761
   0.0205207
   0.0191692
   0.0177778
   0.0164734
   0.0153251
   0.0142079
   0.0132175
   0.012375
   0.0114527
   0.0106033
   0.0098818
   0.0091282
   0.0084087
   0.0078268
   0.0072662
   0.0067802
   0.0063113
   0.0058565
   0.0054156
   0.0050549
   0.004679
   0.0043672
   0.0040539
   0.0037123
   0.0034642
   0.0032425
   0.00302
   0.0027965
   0.0025806
   0.0024263
   0.002228
   0.0020955
   0.0019052
   0.0017699
   0.001684
   0.001567
   0.0014431
   0.0013453
   0.0012367
   0.0011322
   0.0010589
   0.000994
   0.0009264
   0.0008646
   0.0008025
   0.000751
   0.0006965
   0.0006334
   0.0005922
   0.0005535
   0.0005133
   0.0004706
   0.0004379
   0.0004022
   0.0003779
   0.0003571
   0.0003346
   0.0003109
   0.0002793
   0.0002661
   0.0002409
   0.0002219
   0.0002157
   0.0001927
   0.0001784
   0.0001602
   0.0001558
   0.0001442
   0.0001331
   0.0001225
   0.0001108
   0.0001069
   9.85e-05
   8.96e-05
   8.91e-05
   8.59e-05
   7.61e-05
   6.89e-05
   6.53e-05
   6.07e-05
   5.26e-05
   5.43e-05
   4.71e-05
   4.57e-05
   4.21e-05
   3.75e-05
   3.62e-05
   3.2e-05
   3.01e-05
   2.64e-05
   2.64e-05
   2.46e-05
   2.3e-05
   1.9e-05
   2.55e-05
   2.03e-05
   1.86e-05
   1.64e-05
   1.28e-05
   1.39e-05
   1.11e-05
   1.1e-05
   1.1e-05
   1.03e-05
   8.5e-06
   9.1e-06
   7.9e-06
   9.1e-06
   7.1e-06
   7.4e-06
   6.4e-06
   5.8e-06
   5.6e-06
   5e-06
   4.4e-06
   4.3e-06
   3.9e-06
   4.7e-06
   3.2e-06
   2.6e-06
   4e-06
   3.9e-06
   2.8e-06
   2.8e-06
   2.1e-06
   3.5e-06
   1.8e-06
   2.1e-06
   1.5e-06
   1.4e-06
   9e-07
   9e-07
   1.4e-06
   1e-06
   9e-07
   6e-07
   6e-07
   9e-07
   5e-07
   5e-07
   6e-07
   8e-07
   8e-07
   6e-07
   4e-07
   4e-07
   2e-07
   1e-07
   6e-07
   2e-07
   2e-07
   4e-07
   3e-07
   1e-07
   0.0
   2e-07
   2e-07
   4e-07
   3e-07
   0.0
   1e-07
   2e-07
   3e-07
   1e-07
   2e-07
   0.0
   0.0
   3e-07
   2e-07
   0.0
   0.0
   0.0
   0.0
   0.0
   1e-07
   0.0
   0.0
   1e-07
   1e-07
   0.0
   0.0
   0.0
   0.0
   0.0
   1e-07
   0.0
   0.0
   0.0
   1e-07
   1e-07
   0.0
   0.0
   0.0
   0.0
   0.0
   0.0
   0.0
   0.0
   0.0
   0.0
   0.0
   0.0
   0.0
   0.0
   0.0
   0.0
   0.0
   0.0
   0.0
   0.0
   0.0
   0.0
   0.0
   0.0
   0.0
   0.0
   0.0
   0.0
   0.0
   0.0
   0.0
   0.0
   0.0
   0.0
   0.0
   0.0
   0.0
   0.0
   0.0
   0.0
   0.0
   0.0
   0.0
   0.0
   0.0
   0.0
   0.0
   0.0
   0.0
