   0.243192
   0.371781
   0.496477
   0.593065
   0.686475
   0.758858
   0.81781
   0.860697
   0.89895
   0.937626
   0.960801
   0.988025
   1.002102
   1.018438
   1.029757
   1.031742
   1.056584
   1.060494
   1.071949
   1.064029
   1.074752
   1.083416
   1.069201
   1.06518
   1.082341
   1.082492
   1.080446
   1.078604
   1.069082
   1.06585
   1.076908
   1.072798
   1.093902
   1.08339
   1.073941
   1.08584
   1.085065
   1.068994
   1.08533
   1.06414
   1.074847
   1.077398
   1.081583
   1.087734
   1.076148
   1.066721
   1.063906
   1.079116
   1.082229
   1.074012
   1.079978
   1.076208
   1.095606
   1.086854
   1.08423
   1.083999
   1.069267
   1.085064
   1.077741
   1.070516
   1.07216
   1.099565
   1.088055
   1.085673
   1.10571
   1.096017
   1.093796
   1.088483
   1.083081
   1.090909
   1.074474
   1.084517
   1.078909
   1.073332
   1.068065
   1.05438
   1.056568
   1.059712
   1.067689
   1.078939
   1.053603
   1.034769
   1.04132
   1.036273
   1.032559
   1.026714
   1.015227
   0.998528
   0.976848
   0.954017
   0.939507
   0.899733
   0.859808
   0.81786
   0.750417
   0.677095
   0.59684
   0.489299
   0.366668
   0.242784
