   4.2584
   14.07285
   26.88955
   43.01484
   60.82775
   79.16747
   98.63974
   118.59949
   138.91921
   157.45518
   178.41499
   196.11277
   212.61659
   233.48696
   255.02327
   270.58981
   286.61299
   298.05831
   314.5434
   323.96177
   337.60266
   349.85117
   364.51328
   376.45435
   384.64733
   393.33583
   402.4108
   413.38335
   420.92601
   433.02805
   436.60195
   441.25759
   440.54399
   443.47368
   446.85019
   451.49653
   454.54905
   452.48822
   460.33021
   459.95492
   461.54186
   457.68787
   457.88732
   464.90831
   467.16935
   469.70403
   474.23706
   473.76398
   479.87924
   472.68391
   478.32519
   470.06511
   473.21837
   472.65054
   471.39757
   472.29523
   474.11245
   478.19333
   470.8567
   465.16621
   463.10268
   452.29979
   450.96673
   444.11062
   443.70136
   446.79428
   438.54912
   429.53889
   424.34717
   419.28721
   406.9949
   405.66714
   399.53888
   390.27695
   380.53106
   367.80439
   360.26418
   354.87038
   345.55994
   335.02944
   322.82973
   314.33001
   296.84651
   279.76788
   266.68473
   247.24082
   233.70792
   216.65861
   198.86407
   181.99018
   165.007
   142.88149
   121.62437
   100.44725
   80.30027
   61.14716
   43.72548
   27.63144
   14.05729
   4.49933
