   0.1134044
   0.1624889
   0.1851941
   0.19442
   0.1966555
   0.2017611
   0.2035211
   0.2026803
   0.2044596
   0.2035388
   0.2046595
   0.2051913
   0.2026988
   0.2044675
   0.2037649
   0.205893
   0.2050761
   0.2041022
   0.2046435
   0.2034037
   0.2025085
   0.2046173
   0.201816
   0.2039715
   0.2049307
   0.2033943
   0.2052367
   0.2045694
   0.2027734
   0.2031476
   0.2039885
   0.2045682
   0.2043807
   0.2032202
   0.2042664
   0.2053815
   0.2050932
   0.2038104
   0.2036721
   0.2040732
   0.2041626
   0.2033852
   0.2040265
   0.2039759
   0.2044636
   0.2038448
   0.2026633
   0.2028242
   0.2047753
   0.2036283
   0.2035833
   0.204348
   0.2058041
   0.2031328
   0.2044578
   0.204208
   0.2016386
   0.2034433
   0.2045025
   0.2030404
   0.2040322
   0.2049124
   0.2053262
   0.2035204
   0.2044922
   0.2051051
   0.2037618
   0.2029456
   0.2045053
   0.2038459
   0.2043196
   0.2041504
   0.202622
   0.2034983
   0.2033505
   0.2043365
   0.2035723
   0.2025212
   0.2056906
   0.2040613
   0.2046258
   0.2027269
   0.2056167
   0.2039873
   0.203332
   0.205148
   0.204579
   0.2045295
   0.2047526
   0.2041733
   0.2027045
   0.2044914
   0.2046081
   0.2037988
   0.2018642
   0.1991959
   0.1935948
   0.1839964
   0.1633575
   0.1133793
