   0.0153013
   0.0192947
   0.0204855
   0.0206515
   0.0206468
   0.0207232
   0.0206602
   0.0207532
   0.0207127
   0.0206513
   0.0205747
   0.0208993
   0.0207675
   0.020789
   0.0206994
   0.020538
   0.0206839
   0.020833
   0.0206846
   0.0207653
   0.0206182
   0.0206749
   0.020721
   0.0207521
   0.0206474
   0.0207341
   0.0207287
   0.0208488
   0.0207332
   0.0208433
   0.0207761
   0.0206796
   0.0207385
   0.0207137
   0.0206463
   0.0207854
   0.0208588
   0.0208041
   0.0207855
   0.0208675
   0.0207473
   0.0207195
   0.0206482
   0.0207856
   0.0206695
   0.020654
   0.0207831
   0.0206698
   0.0209301
   0.0208539
   0.0207291
   0.0205573
   0.0206914
   0.0207012
   0.0205971
   0.020766
   0.0205989
   0.0206452
   0.0206897
   0.0207953
   0.0207609
   0.0208121
   0.0206987
   0.0206571
   0.0207471
   0.0206798
   0.020815
   0.0207019
   0.0208713
   0.0207911
   0.0208277
   0.0208056
   0.0206846
   0.0206181
   0.0207571
   0.0206816
   0.020651
   0.0207974
   0.0207311
   0.0207452
   0.0204714
   0.0208379
   0.020684
   0.0205284
   0.0207319
   0.0207503
   0.0207178
   0.0206501
   0.0208853
   0.0208447
   0.0207406
   0.0205877
   0.0206428
   0.0207311
   0.0206517
   0.0208674
   0.0205944
   0.0203365
   0.0195485
   0.0153652
