   0.014735
   0.0169687
   0.0184209
   0.0193186
   0.0195434
   0.0198235
   0.019927
   0.0202286
   0.0200993
   0.0199869
   0.0201698
   0.0202245
   0.0203216
   0.0203241
   0.020168
   0.0202896
   0.0202451
   0.0202063
   0.0203612
   0.020383
   0.0203118
   0.0201796
   0.0204201
   0.0201454
   0.0201549
   0.0203394
   0.0201294
   0.020166
   0.0204187
   0.0203408
   0.0201635
   0.0201912
   0.0201687
   0.020458
   0.0202291
   0.0202743
   0.0202426
   0.0200832
   0.020239
   0.0202429
   0.0203145
   0.0203597
   0.0202741
   0.0203281
   0.0202813
   0.0203194
   0.0203328
   0.020235
   0.0202914
   0.0203025
   0.0201676
   0.0201903
   0.0204129
   0.0203411
   0.0201734
   0.0200427
   0.0201182
   0.0202529
   0.0202462
   0.0203133
   0.0202759
   0.020241
   0.0202547
   0.0203499
   0.0202751
   0.0202841
   0.0202836
   0.0202901
   0.0202236
   0.0202192
   0.020205
   0.0204579
   0.020199
   0.0201817
   0.0203263
   0.0202761
   0.0202601
   0.0202562
   0.0201813
   0.0202782
   0.0203186
   0.0203568
   0.0203671
   0.020138
   0.020186
   0.0200956
   0.0202498
   0.0201477
   0.0200481
   0.0203097
   0.0202547
   0.0203332
   0.0201738
   0.0200924
   0.0197616
   0.019643
   0.0193113
   0.0183983
   0.0170868
   0.0145779
