   0.009276
   0.0121987
   0.0123244
   0.0123795
   0.0124076
   0.0122804
   0.0124597
   0.0123851
   0.0122694
   0.0124294
   0.0122916
   0.0123118
   0.0124089
   0.0124303
   0.01238
   0.0123967
   0.0123873
   0.0124006
   0.0123694
   0.0123999
   0.0123395
   0.0124448
   0.0124078
   0.0123812
   0.0124005
   0.0123726
   0.0124439
   0.0124452
   0.0123963
   0.0124004
   0.012355
   0.0124809
   0.0124076
   0.0123224
   0.0124252
   0.0123552
   0.0123063
   0.0124582
   0.01239
   0.0123747
   0.0123821
   0.0123167
   0.0124114
   0.0123514
   0.0123644
   0.0124216
   0.0124413
   0.012391
   0.0124078
   0.0124014
   0.0122728
   0.0123943
   0.0124238
   0.0124267
   0.0124509
   0.0123353
   0.0124204
   0.0123422
   0.0124147
   0.0124404
   0.0124088
   0.0124301
   0.0123546
   0.0123677
   0.0123297
   0.0123867
   0.0123245
   0.0123764
   0.0123684
   0.0123282
   0.0123742
   0.0123477
   0.0122942
   0.0123675
   0.0124458
   0.0124375
   0.0123899
   0.0123785
   0.0123564
   0.012465
   0.0124017
   0.0124256
   0.0123376
   0.0123628
   0.012321
   0.0123549
   0.0123647
   0.0124337
   0.0124386
   0.012407
   0.0123287
   0.0123763
   0.0123607
   0.0123408
   0.0123693
   0.0122974
   0.0123861
   0.0124547
   0.0121217
   0.0093073
