   0.0442608
   0.056098
   0.061064
   0.0622998
   0.0628401
   0.0636065
   0.063102
   0.0631622
   0.063296
   0.0625482
   0.0636266
   0.063292
   0.0634123
   0.063445
   0.0640889
   0.0636945
   0.0633394
   0.0630058
   0.0633687
   0.063623
   0.0627082
   0.0632135
   0.0629767
   0.0639401
   0.0640031
   0.0635487
   0.0633728
   0.0632622
   0.063403
   0.0627695
   0.0633329
   0.062849
   0.0634351
   0.0634139
   0.0638064
   0.0636536
   0.0632692
   0.0637128
   0.0636551
   0.0633118
   0.0632571
   0.0634989
   0.063787
   0.0629816
   0.0630345
   0.0636151
   0.0628468
   0.0633888
   0.063401
   0.0636375
   0.0637524
   0.0637602
   0.0632747
   0.0636152
   0.063413
   0.0630931
   0.0633091
   0.0636469
   0.0635984
   0.0630224
   0.0628706
   0.0633251
   0.063775
   0.063401
   0.0639016
   0.063509
   0.0633742
   0.0636236
   0.0635754
   0.0638638
   0.0629914
   0.0633605
   0.0641246
   0.0638925
   0.0641856
   0.0638658
   0.0632016
   0.062942
   0.0634824
   0.063391
   0.0628781
   0.0637847
   0.0638366
   0.063339
   0.0627326
   0.0633128
   0.0633052
   0.0633623
   0.0629029
   0.0630937
   0.0634635
   0.0629752
   0.0633768
   0.0637267
   0.0635986
   0.0635703
   0.0628943
   0.0612623
   0.0562923
   0.0445586
