   0.1532495
   0.3084449
   0.3999486
   0.4510953
   0.4780794
   0.4920868
   0.5007537
   0.50783
   0.5114026
   0.5118196
   0.5153036
   0.5145158
   0.5138364
   0.5120348
   0.5110325
   0.5110627
   0.5126649
   0.5159496
   0.516243
   0.5117367
   0.5089092
   0.5125404
   0.5097998
   0.5106271
   0.5145912
   0.5125954
   0.5167671
   0.5178149
   0.5133892
   0.5145337
   0.5136683
   0.5165723
   0.510962
   0.5162581
   0.5129404
   0.520456
   0.5141996
   0.5157456
   0.5170422
   0.5167016
   0.5160728
   0.5156633
   0.513654
   0.5172384
   0.5134724
   0.5160096
   0.5128339
   0.5125726
   0.5135524
   0.5129954
   0.5144474
   0.5156858
   0.5146169
   0.5123477
   0.5120118
   0.5143769
   0.5178036
   0.5182968
   0.5125656
   0.5116818
   0.5106541
   0.5158254
   0.5167873
   0.5138029
   0.5173118
   0.5174578
   0.5149876
   0.5152982
   0.5147576
   0.5143476
   0.5183505
   0.5199277
   0.5179131
   0.5180429
   0.5137202
   0.512189
   0.5134917
   0.5127346
   0.5161332
   0.5137043
   0.5135733
   0.51152
   0.5136219
   0.5133908
   0.5111103
   0.5110162
   0.5127951
   0.5148731
   0.5159051
   0.5158766
   0.513721
   0.5119697
   0.5078604
   0.5013739
   0.4972138
   0.4833177
   0.4528806
   0.3999681
   0.3078254
   0.1532993
