   0.447802
   0.844824
   1.154277
   1.336792
   1.47496
   1.570378
   1.612808
   1.65936
   1.672888
   1.670454
   1.693451
   1.692656
   1.733757
   1.698816
   1.723593
   1.677389
   1.703449
   1.730106
   1.733301
   1.719193
   1.734002
   1.73087
   1.741617
   1.72309
   1.733721
   1.713314
   1.709387
   1.716046
   1.731692
   1.73319
   1.721357
   1.737341
   1.736078
   1.740458
   1.724608
   1.7251
   1.723738
   1.728256
   1.715666
   1.72573
   1.686228
   1.681714
   1.707023
   1.73857
   1.709015
   1.714191
   1.713809
   1.716488
   1.685453
   1.718393
   1.698721
   1.749549
   1.749974
   1.719609
   1.713325
   1.712983
   1.74606
   1.722818
   1.716921
   1.717948
   1.708189
   1.71634
   1.691484
   1.690612
   1.721271
   1.687804
   1.711088
   1.750473
   1.745232
   1.716672
   1.734617
   1.725354
   1.727207
   1.712797
   1.710775
   1.735266
   1.706203
   1.722289
   1.736854
   1.763641
   1.707631
   1.702442
   1.680229
   1.726638
   1.715312
   1.729993
   1.736173
   1.710303
   1.703185
   1.683968
   1.716163
   1.680815
   1.657543
   1.632802
   1.562354
   1.473283
   1.330472
   1.139141
   0.861647
   0.458782
