   0.0092406
   0.0117247
   0.0123111
   0.0123793
   0.0124081
   0.0123339
   0.0123277
   0.0123298
   0.0123975
   0.0124234
   0.012426
   0.0123795
   0.0123912
   0.01237
   0.012367
   0.0123913
   0.0123871
   0.0124118
   0.012387
   0.0123257
   0.0122968
   0.0123585
   0.0122927
   0.0123812
   0.0123909
   0.0124568
   0.0124055
   0.0124472
   0.0124035
   0.0122791
   0.0123676
   0.0123261
   0.012452
   0.0123031
   0.0124074
   0.0123246
   0.0123479
   0.0122825
   0.012368
   0.0124012
   0.0123332
   0.0123314
   0.0122905
   0.012418
   0.0123391
   0.0124312
   0.0124179
   0.0124003
   0.0122397
   0.012372
   0.0124337
   0.012361
   0.0124537
   0.0123081
   0.0123658
   0.0123578
   0.0123703
   0.0123599
   0.0123514
   0.0123627
   0.0124292
   0.0123678
   0.0123816
   0.0123532
   0.0123926
   0.012396
   0.0123909
   0.0123645
   0.0123226
   0.0123483
   0.0124614
   0.0122997
   0.0123517
   0.0123775
   0.0123419
   0.0122453
   0.0123768
   0.0124307
   0.0124486
   0.0123357
   0.0123385
   0.0123317
   0.0124149
   0.0123505
   0.0124245
   0.0123097
   0.0123275
   0.0123793
   0.0124119
   0.0123321
   0.0124258
   0.0123772
   0.012285
   0.01242
   0.0124103
   0.0123455
   0.0123289
   0.0122701
   0.011828
   0.0092018
