   1.540473
   3.485762
   5.680537
   7.662782
   9.518604
   10.940875
   12.281005
   13.432633
   14.266459
   14.900147
   15.398601
   16.023707
   16.470479
   16.883939
   17.144664
   17.388801
   17.417304
   17.617374
   17.691967
   17.781761
   17.927546
   18.026812
   18.227137
   18.269155
   18.344566
   18.464735
   18.553547
   18.418283
   18.507123
   18.585434
   18.483811
   18.464516
   18.479922
   18.450632
   18.364133
   18.402636
   18.42525
   18.317435
   18.522031
   18.433668
   18.471994
   18.452838
   18.354999
   18.466967
   18.326059
   18.301039
   18.448084
   18.470703
   18.544579
   18.527749
   18.473736
   18.577837
   18.712824
   18.78544
   18.70094
   18.672407
   18.775201
   18.670728
   18.634553
   18.800207
   18.856678
   18.955374
   18.769763
   18.727219
   18.503559
   18.464061
   18.674719
   18.577822
   18.622581
   18.494215
   18.477353
   18.402623
   18.598909
   18.384136
   18.23127
   18.207294
   18.325052
   18.135777
   18.133569
   17.996549
   17.901645
   17.827825
   17.811354
   17.630379
   17.591849
   17.314003
   16.96877
   16.489925
   16.037642
   15.515
   15.075816
   14.216682
   13.361297
   12.378573
   11.068558
   9.558012
   7.700113
   5.590752
   3.488283
   1.522823
