   0.0089298
   0.0117676
   0.0130889
   0.0138072
   0.0140326
   0.0141521
   0.0142298
   0.0142962
   0.014239
   0.0142779
   0.0143029
   0.0142976
   0.0142708
   0.0143186
   0.0143632
   0.0143255
   0.0143603
   0.0143526
   0.0143547
   0.0143277
   0.0143846
   0.0143519
   0.0142704
   0.0143909
   0.0144037
   0.0143341
   0.0143131
   0.0143861
   0.014284
   0.014329
   0.0143502
   0.0143758
   0.0142924
   0.014351
   0.0143619
   0.0143269
   0.0143572
   0.0143534
   0.0142492
   0.0143459
   0.0144155
   0.0143838
   0.0142542
   0.0142745
   0.0143994
   0.0142995
   0.0142848
   0.0143932
   0.0142794
   0.0142082
   0.0143705
   0.0144082
   0.0142563
   0.0143297
   0.0142279
   0.0142576
   0.0144016
   0.0143457
   0.0143128
   0.0143343
   0.0144068
   0.0143993
   0.0143681
   0.0142868
   0.0144055
   0.0142322
   0.0144215
   0.0143304
   0.0143475
   0.0143072
   0.0143581
   0.0143695
   0.0144982
   0.0143048
   0.0143588
   0.0143122
   0.0142828
   0.0144216
   0.01435
   0.0142896
   0.0143511
   0.0143828
   0.0143434
   0.0142945
   0.014275
   0.0143621
   0.0143716
   0.0142683
   0.014284
   0.0143028
   0.0142722
   0.014347
   0.0143105
   0.0143394
   0.0142041
   0.0140204
   0.0138389
   0.0131117
   0.0117837
   0.0089462
