   0.2412767
   0.394186
   0.4864822
   0.535103
   0.5629119
   0.580852
   0.5935406
   0.5953843
   0.5973122
   0.599695
   0.6039367
   0.6052965
   0.6036595
   0.6037071
   0.6030878
   0.6042431
   0.606295
   0.6031343
   0.6031816
   0.6088742
   0.6051013
   0.6058711
   0.6036365
   0.6045889
   0.6079719
   0.6020777
   0.6047318
   0.6040936
   0.6024302
   0.6034267
   0.604783
   0.6050485
   0.604172
   0.6052868
   0.6055497
   0.6046667
   0.605948
   0.6049595
   0.606774
   0.6048845
   0.6054084
   0.6057689
   0.6024415
   0.6072086
   0.6018612
   0.6035546
   0.6003498
   0.6071998
   0.6068497
   0.6027143
   0.6063691
   0.6070061
   0.6015634
   0.608479
   0.6071428
   0.6077908
   0.5990615
   0.6044582
   0.6035151
   0.602746
   0.6040661
   0.6042895
   0.6057392
   0.6019439
   0.602693
   0.6039387
   0.6011428
   0.606777
   0.6039992
   0.6034894
   0.6013862
   0.605272
   0.6020531
   0.6023873
   0.6065407
   0.6043437
   0.6021713
   0.6076831
   0.6115647
   0.6101236
   0.6078289
   0.6037882
   0.5997469
   0.606762
   0.6045674
   0.6034731
   0.6034285
   0.602989
   0.6080257
   0.6023533
   0.6000151
   0.6000506
   0.5935045
   0.594923
   0.582302
   0.5691545
   0.5430719
   0.4882631
   0.3977468
   0.2437828
