   0.0465177
   0.0730412
   0.0834359
   0.086685
   0.0876281
   0.0868503
   0.0877867
   0.087989
   0.0881355
   0.0880775
   0.0882305
   0.0884316
   0.0887189
   0.0882743
   0.0884844
   0.0883257
   0.0881155
   0.0878303
   0.0879281
   0.0886612
   0.0886754
   0.0880468
   0.0873746
   0.0883715
   0.0878891
   0.0884692
   0.0877719
   0.0878726
   0.0883845
   0.08762
   0.0878679
   0.0886528
   0.0882428
   0.0886669
   0.0883881
   0.0890164
   0.0877092
   0.0880596
   0.0877137
   0.0873729
   0.088627
   0.0876513
   0.0882941
   0.0884367
   0.0883179
   0.0893356
   0.0886842
   0.0874651
   0.0879694
   0.0885881
   0.0875396
   0.0881752
   0.0889998
   0.08863
   0.0885747
   0.0882388
   0.0877001
   0.0881124
   0.0879748
   0.0878968
   0.0880927
   0.0876399
   0.0882234
   0.0887051
   0.0888505
   0.088416
   0.0884458
   0.0885767
   0.0880549
   0.0884144
   0.0883363
   0.0878827
   0.0882637
   0.0884534
   0.0881497
   0.0884557
   0.0882872
   0.0879994
   0.0882577
   0.0884051
   0.0890775
   0.0896605
   0.0893669
   0.0876102
   0.0883027
   0.0882
   0.0885048
   0.088746
   0.0894679
   0.0881011
   0.0891013
   0.0885441
   0.0892614
   0.0888322
   0.0886235
   0.0878727
   0.0866818
   0.082331
   0.0723119
   0.0470011
