   6.00145
   15.94095
   29.60659
   45.13563
   64.42742
   83.05869
   101.89715
   123.70121
   143.04928
   164.60431
   184.92521
   203.55817
   220.83501
   238.50915
   256.52881
   276.47451
   294.00598
   307.60962
   321.14168
   335.26938
   350.43254
   363.89217
   371.20875
   384.27991
   393.55412
   402.08548
   409.29276
   418.61447
   426.2398
   431.08006
   438.87173
   444.62808
   448.18119
   447.68315
   454.67794
   455.66431
   454.59041
   464.76366
   467.43549
   476.65952
   475.23974
   481.65592
   478.78137
   481.0879
   478.88834
   490.02911
   485.05862
   491.98683
   489.65379
   493.09818
   492.21411
   497.52839
   488.45932
   480.79836
   483.75256
   480.44917
   482.0323
   477.87172
   475.10333
   477.77218
   482.58286
   471.20377
   463.94106
   464.55593
   460.77733
   457.77
   443.53037
   445.09857
   439.61061
   434.44626
   426.58319
   423.5009
   413.36739
   403.22252
   390.36883
   385.19397
   375.3333
   363.78663
   354.80273
   345.64946
   332.12291
   321.80422
   307.56897
   289.2816
   275.49653
   260.05998
   242.83604
   221.89255
   206.30596
   185.59584
   166.72636
   144.55175
   124.41208
   103.0943
   84.77165
   64.73947
   46.57653
   30.04546
   15.9452
   6.1067
