   0.1815066
   0.3522021
   0.4434867
   0.4938081
   0.5177122
   0.5345051
   0.5430659
   0.5474858
   0.5522288
   0.5502373
   0.5553154
   0.5521179
   0.5545477
   0.554571
   0.5534878
   0.5544486
   0.5563265
   0.5542778
   0.5547425
   0.5531851
   0.5540986
   0.5557866
   0.5537594
   0.5545668
   0.5513391
   0.5554216
   0.5554177
   0.5518469
   0.5530936
   0.5507209
   0.5529855
   0.5572387
   0.5554543
   0.5538198
   0.5572262
   0.5572132
   0.5560956
   0.5499919
   0.5490776
   0.5520605
   0.5561194
   0.5571875
   0.5517312
   0.5500117
   0.5536362
   0.5500469
   0.5543954
   0.5532982
   0.5540732
   0.5547755
   0.5537163
   0.5550147
   0.5553267
   0.5535536
   0.5548057
   0.5542119
   0.5533857
   0.5532863
   0.5538446
   0.5551415
   0.5546472
   0.5521853
   0.550991
   0.5533019
   0.5574456
   0.5554211
   0.5525892
   0.5532057
   0.5523639
   0.555187
   0.5524131
   0.5563822
   0.5514755
   0.5509569
   0.5545233
   0.5573439
   0.5539244
   0.5544849
   0.5545197
   0.5549042
   0.5579431
   0.5565889
   0.5525657
   0.5504173
   0.5541084
   0.5526302
   0.5529636
   0.5547368
   0.5537838
   0.5520537
   0.5532083
   0.5475259
   0.5432626
   0.5441878
   0.5321639
   0.515262
   0.4898516
   0.4420447
   0.3518523
   0.184224
