   1.111155
   3.101768
   5.177416
   7.187159
   9.015592
   10.462441
   11.754914
   12.805231
   13.726784
   14.415196
   15.063996
   15.604203
   15.900491
   16.360406
   16.723414
   16.970263
   17.098446
   17.257839
   17.331265
   17.481871
   17.44206
   17.65295
   17.787644
   17.743086
   17.849623
   17.693318
   17.70127
   17.761751
   17.84181
   17.772825
   17.867003
   17.831145
   17.86078
   17.880523
   17.984715
   18.04976
   17.99937
   17.982294
   18.096952
   18.269146
   18.223581
   18.096488
   18.146359
   18.075306
   18.060878
   17.920741
   17.894927
   17.959807
   17.909878
   17.992049
   17.990312
   18.021886
   18.025525
   17.920064
   17.819774
   18.106106
   18.147176
   18.064603
   17.955742
   17.892435
   17.738062
   17.685692
   17.714472
   17.581196
   17.738979
   17.735166
   17.795655
   17.814349
   17.875094
   17.965805
   18.098147
   18.088168
   18.109504
   18.021866
   17.99337
   17.871393
   17.804604
   17.660764
   17.438563
   17.256537
   17.290022
   17.27055
   17.118657
   17.016311
   16.851449
   16.557537
   16.293809
   15.842942
   15.410717
   14.840428
   14.470272
   13.819598
   12.798697
   11.68727
   10.482301
   9.001887
   7.254766
   5.213152
   3.101779
   1.104239
