   0.0114582
   0.0153488
   0.0156616
   0.015592
   0.0155986
   0.0155496
   0.015646
   0.015566
   0.015718
   0.0155609
   0.0156768
   0.0156925
   0.0156129
   0.0157066
   0.0156033
   0.0157064
   0.0157025
   0.0156206
   0.0156546
   0.0157554
   0.0156772
   0.0156477
   0.0154915
   0.0156334
   0.0156477
   0.0157445
   0.0155067
   0.0155791
   0.015638
   0.0156694
   0.0156982
   0.0157889
   0.0155347
   0.0155856
   0.015691
   0.0156187
   0.0156585
   0.0156962
   0.0156871
   0.0156082
   0.0156774
   0.0156088
   0.0156792
   0.0156561
   0.0156272
   0.0156647
   0.0156467
   0.0155648
   0.0155847
   0.0156089
   0.015702
   0.0156061
   0.0157411
   0.0156681
   0.0156754
   0.015593
   0.0156301
   0.0156381
   0.0155287
   0.0155231
   0.0155835
   0.0155564
   0.0156233
   0.0156479
   0.01567
   0.0156376
   0.0155544
   0.015597
   0.0156429
   0.015626
   0.0155897
   0.0155751
   0.0155701
   0.015717
   0.0156633
   0.0155941
   0.0155898
   0.0156603
   0.0157288
   0.0156306
   0.0156853
   0.0156895
   0.0156906
   0.0156503
   0.015629
   0.015684
   0.0155483
   0.0156177
   0.0155739
   0.015552
   0.0156586
   0.0155541
   0.0155441
   0.0156819
   0.0156332
   0.0156006
   0.0156328
   0.0156679
   0.0152751
   0.0115071
