   0.0319337
   0.0476099
   0.0520494
   0.0538709
   0.0543057
   0.0545581
   0.0544518
   0.054556
   0.0542881
   0.0544705
   0.0543592
   0.0546247
   0.0543093
   0.054311
   0.0540513
   0.0543045
   0.054378
   0.0543336
   0.0545364
   0.0537808
   0.0543643
   0.054328
   0.0539936
   0.054081
   0.0543396
   0.0546556
   0.0543889
   0.0546513
   0.0547534
   0.0548001
   0.0547041
   0.0539869
   0.0546631
   0.0537983
   0.0542584
   0.0543263
   0.0546421
   0.0543558
   0.054697
   0.0541803
   0.0539952
   0.0545275
   0.054421
   0.0546142
   0.0545043
   0.0540883
   0.054511
   0.0542241
   0.0546329
   0.0542338
   0.0547041
   0.0544885
   0.0542459
   0.0543869
   0.0544808
   0.0546088
   0.0546324
   0.0546626
   0.0542459
   0.0543725
   0.0549333
   0.0545222
   0.0544435
   0.0541971
   0.0548167
   0.0543789
   0.0545825
   0.054295
   0.0542009
   0.0543189
   0.0545702
   0.0541718
   0.0544795
   0.0543439
   0.0544316
   0.0548361
   0.0544574
   0.0542011
   0.0541595
   0.0543975
   0.0544961
   0.054349
   0.0545456
   0.0542534
   0.0542775
   0.0542108
   0.0545641
   0.0541831
   0.0547313
   0.054324
   0.0542787
   0.0546979
   0.0546314
   0.0541306
   0.0545823
   0.0541547
   0.0536606
   0.0524779
   0.0471667
   0.0321056
