   0.0491722
   0.0820967
   0.091533
   0.0930591
   0.0936251
   0.0940556
   0.0939077
   0.0934797
   0.0937681
   0.0934174
   0.0934716
   0.0937175
   0.0940479
   0.0933056
   0.0934725
   0.0939286
   0.0929215
   0.0926512
   0.0924964
   0.0929688
   0.0930794
   0.0935671
   0.0936195
   0.0938477
   0.0938729
   0.0944609
   0.0943372
   0.0936466
   0.0932813
   0.0930751
   0.0938002
   0.0933357
   0.0941339
   0.0944271
   0.0936881
   0.0936111
   0.0932164
   0.0936601
   0.0934832
   0.0930511
   0.0932936
   0.0928709
   0.0931203
   0.0942507
   0.0942736
   0.0943392
   0.0931868
   0.0930873
   0.0932498
   0.0933987
   0.0945003
   0.0935256
   0.0928289
   0.0934152
   0.093318
   0.0937162
   0.0933976
   0.0935045
   0.0932043
   0.0930834
   0.0929463
   0.0939878
   0.0941262
   0.0939272
   0.0931385
   0.0936828
   0.0930254
   0.0934792
   0.093187
   0.0926386
   0.0934794
   0.0936907
   0.0941222
   0.0936314
   0.0930635
   0.0935559
   0.0934874
   0.0938937
   0.0935778
   0.0939312
   0.0937768
   0.0935152
   0.0929762
   0.09329
   0.0937757
   0.0931338
   0.0942658
   0.0936035
   0.0932943
   0.0945409
   0.0945956
   0.0942708
   0.0941619
   0.094146
   0.0941466
   0.0937606
   0.0930139
   0.0910756
   0.082707
   0.0496932
