   0.0740352
   0.1269685
   0.1706239
   0.2056621
   0.2327865
   0.2528997
   0.2696245
   0.2802646
   0.2888475
   0.2957248
   0.2995944
   0.3033035
   0.306684
   0.3089705
   0.3096549
   0.3109686
   0.3117827
   0.3134224
   0.3147756
   0.3153218
   0.3160111
   0.3167554
   0.3167516
   0.3146976
   0.3157047
   0.3164421
   0.3164404
   0.3161141
   0.3152892
   0.3168872
   0.3161991
   0.3161642
   0.3158997
   0.315881
   0.3153308
   0.3157245
   0.31611
   0.3158741
   0.3158708
   0.3153011
   0.3149916
   0.3163267
   0.3159268
   0.3153843
   0.3146334
   0.3158877
   0.3137807
   0.3150225
   0.3155017
   0.3150653
   0.3149674
   0.3158372
   0.3154633
   0.3160092
   0.3161046
   0.3159382
   0.3155853
   0.3167119
   0.3162904
   0.3158816
   0.3156069
   0.3155483
   0.3160883
   0.3164113
   0.3146525
   0.3147543
   0.31683
   0.3150665
   0.3147108
   0.3160369
   0.3165245
   0.3156251
   0.3158976
   0.3156976
   0.3154862
   0.314073
   0.3150596
   0.3162581
   0.3157665
   0.3147453
   0.3134107
   0.3143557
   0.3132511
   0.3122446
   0.3112921
   0.3111305
   0.3089845
   0.3074323
   0.3043553
   0.3005916
   0.2941587
   0.2872092
   0.2778986
   0.2682503
   0.2529955
   0.2321682
   0.2048072
   0.1700359
   0.1258355
   0.0736571
