   0.0143851
   0.0197404
   0.0203538
   0.0203264
   0.0201717
   0.0201552
   0.0201607
   0.0202099
   0.0202301
   0.0202183
   0.0203571
   0.0202322
   0.0202807
   0.0202526
   0.0204545
   0.0202486
   0.0202349
   0.0202037
   0.0203247
   0.0202991
   0.0203551
   0.0201595
   0.0203841
   0.0202516
   0.0201339
   0.0202717
   0.0201882
   0.0203268
   0.0202461
   0.0200746
   0.020279
   0.0203115
   0.0201176
   0.020219
   0.0203375
   0.0203114
   0.020208
   0.0202295
   0.0202981
   0.0202732
   0.0202191
   0.0203239
   0.0202178
   0.0202943
   0.0201309
   0.0202956
   0.02033
   0.0202049
   0.0201915
   0.0203072
   0.02036
   0.0201511
   0.0202656
   0.020182
   0.0201053
   0.0202198
   0.0202864
   0.0202559
   0.0203527
   0.0202316
   0.0203673
   0.0201971
   0.020192
   0.0202037
   0.0203207
   0.0201668
   0.0203109
   0.0201035
   0.0202609
   0.0202209
   0.0202711
   0.0201562
   0.0201794
   0.0203446
   0.0201442
   0.0201789
   0.0201886
   0.0203225
   0.0202956
   0.0202121
   0.0201673
   0.0203047
   0.0203985
   0.0201923
   0.0203209
   0.0203074
   0.0203369
   0.0201516
   0.0201413
   0.0203744
   0.020264
   0.0201894
   0.0202806
   0.0201103
   0.0203631
   0.0201892
   0.0203273
   0.0200926
   0.0194984
   0.0144108
