   0.0105843
   0.0122458
   0.0125474
   0.012691
   0.0127327
   0.0127419
   0.0128027
   0.0126812
   0.0128028
   0.012799
   0.0126872
   0.0127241
   0.0128106
   0.0127818
   0.0126195
   0.0128189
   0.0128301
   0.0127114
   0.0127546
   0.0127905
   0.0127743
   0.0127679
   0.0128305
   0.0127547
   0.0127471
   0.0126879
   0.0127183
   0.0128494
   0.0127284
   0.0127102
   0.0127746
   0.0127246
   0.0127994
   0.0126942
   0.0127364
   0.0127692
   0.01274
   0.0127523
   0.0128765
   0.01271
   0.0127742
   0.0127736
   0.0127345
   0.0128086
   0.012796
   0.0126938
   0.0126664
   0.0127773
   0.0127256
   0.0127589
   0.0128064
   0.0127453
   0.0127283
   0.0128691
   0.0126813
   0.0128259
   0.0127461
   0.012766
   0.0128406
   0.0127394
   0.0128063
   0.0127815
   0.0126837
   0.0127889
   0.0127627
   0.0127426
   0.0128035
   0.0127191
   0.012809
   0.0128634
   0.0127924
   0.012739
   0.0126735
   0.012754
   0.0128203
   0.0127636
   0.0127945
   0.0127515
   0.012783
   0.0128322
   0.012739
   0.0127937
   0.012812
   0.0127812
   0.0127362
   0.0127302
   0.0127131
   0.0128076
   0.0127942
   0.0128334
   0.0128429
   0.0127125
   0.0127983
   0.0126977
   0.0127499
   0.0126956
   0.0127467
   0.0125003
   0.0121632
   0.0106333
