   4.78499
   20.43069
   44.85642
   74.61598
   107.85865
   143.06464
   181.32902
   219.60079
   255.78808
   287.18383
   316.59931
   348.04214
   377.40683
   399.95107
   422.66328
   446.47263
   467.25556
   490.59351
   507.21811
   517.87757
   535.79968
   545.81769
   564.96197
   570.88861
   575.53967
   582.72307
   594.82153
   604.59261
   616.91304
   620.05637
   633.35977
   640.52881
   642.37802
   648.55655
   654.74762
   661.69295
   665.41836
   668.47796
   675.82809
   678.65682
   680.24153
   684.4195
   686.20414
   693.4965
   689.83569
   682.50152
   685.42246
   689.5606
   691.768
   695.1535
   696.32675
   699.31623
   700.9391
   703.22061
   696.35197
   692.4247
   692.89271
   698.42287
   698.79308
   701.63935
   695.64288
   688.94634
   679.75706
   673.66141
   673.16902
   666.40497
   653.87724
   646.95398
   643.8287
   639.68055
   632.5595
   623.09004
   613.18109
   599.9827
   585.72655
   575.55443
   565.27394
   556.13806
   544.22224
   534.09682
   516.99977
   506.19934
   492.10076
   473.34202
   447.80202
   424.22906
   400.21079
   367.61674
   342.19442
   313.06906
   280.51514
   250.56239
   219.72852
   182.58113
   145.78158
   108.77136
   75.75524
   45.18856
   20.47966
   4.78363
