   0.0245847
   0.0290851
   0.0321317
   0.0340688
   0.0348787
   0.0352768
   0.0360005
   0.0365292
   0.036482
   0.0368622
   0.0361565
   0.0365892
   0.0365536
   0.0369433
   0.0366777
   0.0365571
   0.0364991
   0.0369726
   0.0364358
   0.0366754
   0.0367229
   0.0367242
   0.0365958
   0.036893
   0.036502
   0.0369627
   0.0367616
   0.0368058
   0.0364516
   0.0365686
   0.0367193
   0.0370069
   0.0366082
   0.0366113
   0.0366252
   0.0368302
   0.0370783
   0.036485
   0.0365273
   0.0363887
   0.0366147
   0.0368276
   0.0366475
   0.0369806
   0.0366526
   0.0367425
   0.0367077
   0.0364795
   0.0367889
   0.0368341
   0.0366976
   0.0367346
   0.0365356
   0.0368415
   0.0368267
   0.0363171
   0.0366735
   0.0364422
   0.03653
   0.0367525
   0.0365173
   0.0367115
   0.0366395
   0.0369889
   0.0366566
   0.0367481
   0.0368351
   0.0365393
   0.0367112
   0.0367553
   0.0371067
   0.0368408
   0.0369062
   0.0365947
   0.0369977
   0.0368598
   0.0367959
   0.0370393
   0.037037
   0.0367899
   0.0365022
   0.0369111
   0.0368281
   0.0368351
   0.0366239
   0.0367412
   0.0366341
   0.0367642
   0.036504
   0.0365583
   0.036452
   0.0367075
   0.0366619
   0.0361552
   0.0357905
   0.0352563
   0.033871
   0.0320483
   0.029261
   0.0245307
