   0.0
   0.0
   0.0
   0.0
   0.0
   0.0
   0.0
   0.0
   0.0
   0.0
   0.0
   0.0
   0.0
   0.0
   0.0
   0.0
   0.0
   0.0
   0.0
   0.0
   0.0
   0.0
   0.0
   0.0
   0.0
   0.0
   0.0
   0.0
   0.0
   0.0
   0.0
   0.0
   0.0
   0.0
   0.0
   0.0
   0.0
   0.0
   0.0
   0.0
   0.0
   0.0
   0.0
   0.0
   0.0
   0.0
   0.0
   0.0
   0.0
   0.0
   0.0
   0.0
   0.0
   0.0
   0.0
   0.0
   0.0
   0.0
   0.0
   0.0
   0.0
   0.0
   0.0
   0.0
   0.0
   0.0
   0.0
   0.0
   0.0
   0.0
   0.0
   0.0
   0.0
   0.0
   0.0
   0.0
   0.0
   0.0
   0.0
   0.0
   0.0
   0.0
   0.0
   0.0
   0.0
   0.0
   0.0
   0.0
   0.0
   0.0
   0.0
   0.0
   0.0
   0.0
   0.0
   0.0
   0.0
   0.0
   0.0
   0.0
   0.0
   0.0
   0.0
   0.0
   0.0
   0.0
   0.0
   0.0
   0.0
   0.0
   0.0
   0.0
   0.0
   0.0
   0.0
   0.0
   0.0
   0.0
   0.0
   0.0
   0.0
   0.0
   0.0
   0.0
   0.0
   0.0
   0.0
   0.0
   0.0
   0.0
   0.0
   0.0
   0.0
   0.0
   0.0
   0.0
   0.0
   0.0
   0.0
   0.0
   0.0
   0.0
   0.0
   0.0
   0.0
   1e-07
   0.0
   0.0
   0.0
   0.0
   0.0
   0.0
   0.0
   0.0
   0.0
   0.0
   0.0
   0.0
   0.0
   0.0
   0.0
   0.0
   0.0
   0.0
   0.0
   0.0
   0.0
   0.0
   0.0
   0.0
   0.0
   0.0
   0.0
   1e-07
   0.0
   0.0
   0.0
   0.0
   0.0
   1e-07
   0.0
   0.0
   0.0
   0.0
   0.0
   2e-07
   0.0
   1e-07
   0.0
   0.0
   0.0
   0.0
   0.0
   1e-07
   0.0
   1e-07
   4e-07
   0.0
   2e-07
   0.0
   1e-07
   2e-07
   0.0
   2e-07
   0.0
   2e-07
   0.0
   1e-07
   2e-07
   1e-07
   2e-07
   3e-07
   1e-07
   2e-07
   2e-07
   1e-07
   2e-07
   1e-07
   3e-07
   1e-07
   1e-07
   1e-07
   4e-07
   2e-07
   1e-07
   2e-07
   3e-07
   2e-07
   8e-07
   4e-07
   8e-07
   2e-07
   8e-07
   7e-07
   2e-07
   8e-07
   5e-07
   7e-07
   8e-07
   2e-07
   7e-07
   8e-07
   1.3e-06
   1e-06
   6e-07
   7e-07
   1.6e-06
   1.6e-06
   1.1e-06
   1.6e-06
   1.3e-06
   1.5e-06
   1.3e-06
   2.1e-06
   2.7e-06
   2e-06
   2.9e-06
   3.2e-06
   3.4e-06
   2.6e-06
   3.2e-06
   3e-06
   3.8e-06
   3.6e-06
   5.8e-06
   4.8e-06
   4.8e-06
   6.1e-06
   5.9e-06
   6.5e-06
   6.2e-06
   7.6e-06
   8.5e-06
   1.03e-05
   7.5e-06
   9.6e-06
   9.7e-06
   1.14e-05
   1.27e-05
   1.22e-05
   1.26e-05
   1.53e-05
   1.34e-05
   1.59e-05
   1.73e-05
   1.91e-05
   2.24e-05
   2.16e-05
   2.41e-05
   2.39e-05
   2.21e-05
   2.91e-05
   2.98e-05
   3.42e-05
   3.23e-05
   3.41e-05
   4.29e-05
   4.61e-05
   4.6e-05
   5.25e-05
   5.25e-05
   5.81e-05
   5.91e-05
   6.19e-05
   7.04e-05
   7.21e-05
   8.09e-05
   7.96e-05
   9.42e-05
   9.79e-05
   0.0001001
   0.0001177
   0.0001287
   0.0001272
   0.0001351
   0.0001438
   0.000159
   0.0001679
   0.0001848
   0.0001908
   0.0002076
   0.0002205
   0.0002472
   0.0002651
   0.000281
   0.0002867
   0.0003102
   0.0003431
   0.000363
   0.0004061
   0.000429
   0.000461
   0.0004877
   0.0005143
   0.0005629
   0.0006032
   0.0006416
   0.0007046
   0.000749
   0.0008009
   0.000852
   0.000897
   0.0009777
   0.0010408
   0.0011242
   0.0011971
   0.0012792
   0.0013815
   0.0014921
   0.0015609
   0.0016789
   0.0017999
   0.0019694
   0.0020853
   0.002218
   0.0024142
   0.002589
   0.0027038
   0.0029244
   0.0031198
   0.0033841
   0.0036384
   0.0038636
   0.0041367
   0.0044619
   0.0047658
   0.0051448
   0.0054943
   0.0059056
   0.0062805
   0.0067099
   0.0072646
   0.0077096
   0.0083306
   0.0088314
   0.0094803
   0.0102567
   0.0109234
   0.0117077
   0.012612
   0.013484
   0.0144614
   0.0154341
   0.0166111
   0.0177709
   0.0189856
   0.0203776
   0.0217461
   0.0233644
   0.0250852
   0.0268838
   0.0288193
   0.0309115
   0.0331699
   0.035446
   0.0379769
   0.0398757
   0.041222
   0.0422613
   0.0429811
   0.0428234
   0.0424448
   0.041407
   0.0399494
   0.037973
   0.0354967
   0.0330797
   0.0308101
   0.0287809
   0.0268743
   0.0250822
   0.0232899
   0.0218394
   0.0203696
   0.0190694
   0.017751
   0.0165262
   0.0154453
   0.0144335
   0.013464
   0.0125497
   0.0116781
   0.0109282
   0.0101943
   0.0095604
   0.0088918
   0.0082722
   0.0077152
   0.0072533
   0.0067461
   0.0063054
   0.0059151
   0.0054958
   0.0051248
   0.0047728
   0.0044581
   0.004148
   0.0039142
   0.0036257
   0.003383
   0.0031499
   0.0029412
   0.0027335
   0.0025655
   0.0024122
   0.0022448
   0.0020793
   0.0019725
   0.0018127
   0.0017196
   0.0015928
   0.0014884
   0.0013807
   0.0012894
   0.0011848
   0.0011163
   0.0010513
   0.0009908
   0.0009225
   0.0008584
   0.0008022
   0.0007411
   0.0006837
   0.0006394
   0.0006056
   0.0005661
   0.0005263
   0.0004897
   0.0004618
   0.000442
   0.0004
   0.0003679
   0.0003565
   0.0003257
   0.000298
   0.0002834
   0.0002501
   0.0002482
   0.0002302
   0.0002148
   0.0002042
   0.0001963
   0.0001783
   0.000165
   0.0001542
   0.0001471
   0.0001316
   0.0001226
   0.0001131
   0.0001036
   9.91e-05
   8.62e-05
   7.88e-05
   7.44e-05
   7.36e-05
   7.01e-05
   6.31e-05
   6.48e-05
   5.9e-05
   5.45e-05
   4.85e-05
   5.03e-05
   4.06e-05
   3.95e-05
   3.71e-05
   3.82e-05
   3.19e-05
   3e-05
   2.88e-05
   2.66e-05
   2.36e-05
   2.33e-05
   2.13e-05
   1.98e-05
   2.1e-05
   2.03e-05
   1.6e-05
   1.58e-05
   1.53e-05
   1.45e-05
   1.31e-05
   9.3e-06
   1.01e-05
   9e-06
   8.8e-06
   8.5e-06
   7.5e-06
   8.5e-06
   9.1e-06
   5.6e-06
   6e-06
   5.7e-06
   5.1e-06
   3.8e-06
   5e-06
   4.4e-06
   3.3e-06
   2.8e-06
   4.1e-06
   3.2e-06
   3.2e-06
   4.2e-06
   2e-06
   1.6e-06
   1.9e-06
   1.8e-06
   2.5e-06
   1.7e-06
   1.3e-06
   2.2e-06
   1.6e-06
   1.1e-06
   1.6e-06
   1.5e-06
   1.4e-06
   4e-07
   4e-07
   5e-07
   1.3e-06
   1.1e-06
   1.5e-06
   9e-07
   5e-07
   7e-07
   8e-07
   5e-07
   3e-07
   1e-07
   5e-07
   1e-07
   2e-07
   5e-07
   1e-07
   2e-07
   2e-07
   0.0
   2e-07
   4e-07
   0.0
   1e-07
   1e-07
   3e-07
   1e-07
   5e-07
   3e-07
   0.0
   1e-07
   3e-07
   0.0
   1e-07
   0.0
   2e-07
   0.0
   2e-07
   0.0
   0.0
   2e-07
   0.0
   0.0
   0.0
   0.0
   1e-07
   0.0
   0.0
   0.0
   0.0
   0.0
   0.0
   0.0
   1e-07
   0.0
   0.0
   0.0
   0.0
   0.0
   0.0
   1e-07
   0.0
   0.0
   0.0
   0.0
   0.0
   1e-07
   0.0
   0.0
   0.0
   0.0
   0.0
   0.0
   0.0
   0.0
   0.0
   1e-07
   0.0
   0.0
   1e-07
   0.0
   0.0
   0.0
   0.0
   0.0
   0.0
   0.0
   0.0
   0.0
   0.0
   0.0
   0.0
   0.0
   0.0
   0.0
   0.0
   0.0
   0.0
   0.0
   0.0
   0.0
   0.0
   0.0
   0.0
   0.0
   0.0
   0.0
   0.0
   0.0
   0.0
   0.0
   0.0
   0.0
   0.0
   0.0
   0.0
   0.0
   0.0
   0.0
   0.0
   0.0
   0.0
   0.0
   0.0
   0.0
   0.0
   0.0
   0.0
   0.0
   0.0
   0.0
   0.0
   0.0
   0.0
   0.0
   0.0
   0.0
   0.0
   0.0
   0.0
   0.0
   0.0
   0.0
   0.0
   0.0
   0.0
   0.0
   0.0
   0.0
   0.0
   0.0
   0.0
   0.0
   0.0
   0.0
   0.0
   0.0
   0.0
   0.0
   0.0
   0.0
   0.0
   0.0
   0.0
   0.0
   0.0
   0.0
   0.0
   0.0
   0.0
   0.0
   0.0
   0.0
   0.0
   0.0
   0.0
   0.0
   0.0
   0.0
   0.0
   0.0
   0.0
   0.0
   0.0
   0.0
   0.0
   0.0
   0.0
   0.0
   0.0
   0.0
   0.0
   0.0
   0.0
   0.0
   0.0
   0.0
   0.0
   0.0
   0.0
   0.0
   0.0
   0.0
   0.0
   0.0
   0.0
   0.0
   0.0
   0.0
   0.0
   0.0
   0.0
   0.0
   0.0
   0.0
   0.0
   0.0
   0.0
   0.0
   0.0
   0.0
   0.0
   0.0
   0.0
   0.0
   0.0
   0.0
   0.0
   0.0
   0.0
   0.0
   0.0
   0.0
   0.0
   0.0
   0.0
   0.0
   0.0
   0.0
   0.0
   0.0
   0.0
   0.0
   0.0
