   0.0
   0.0
   0.0
   0.0
   0.0
   0.0
   0.0
   0.0
   0.0
   0.0
   0.0
   0.0
   0.0
   0.0
   0.0
   0.0
   0.0
   0.0
   0.0
   0.0
   0.0
   0.0
   0.0
   0.0
   0.0
   0.0
   0.0
   0.0
   0.0
   0.0
   0.0
   0.0
   0.0
   0.0
   0.0
   0.0
   0.0
   0.0
   0.0
   0.0
   0.0
   0.0
   0.0
   0.0
   0.0
   0.0
   0.0
   0.0
   0.0
   0.0
   0.0
   0.0
   0.0
   0.0
   0.0
   0.0
   0.0
   0.0
   0.0
   0.0
   0.0
   0.0
   0.0
   0.0
   0.0
   0.0
   0.0
   0.0
   0.0
   0.0
   0.0
   0.0
   0.0
   0.0
   0.0
   0.0
   0.0
   0.0
   0.0
   0.0
   0.0
   0.0
   0.0
   0.0
   0.0
   0.0
   0.0
   0.0
   0.0
   0.0
   0.0
   0.0
   0.0
   0.0
   0.0
   0.0
   0.0
   0.0
   0.0
   0.0
   0.0
   0.0
   0.0
   0.0
   0.0
   0.0
   0.0
   0.0
   0.0
   0.0
   0.0
   0.0
   0.0
   0.0
   0.0
   0.0
   0.0
   0.0
   0.0
   0.0
   0.0
   0.0
   0.0
   0.0
   0.0
   0.0
   0.0
   0.0
   0.0
   0.0
   0.0
   0.0
   0.0
   0.0
   0.0
   0.0
   0.0
   0.0
   0.0
   0.0
   0.0
   0.0
   0.0
   0.0
   0.0
   0.0
   0.0
   0.0
   0.0
   0.0
   0.0
   0.0
   0.0
   0.0
   0.0
   0.0
   0.0
   0.0
   0.0
   0.0
   0.0
   0.0
   0.0
   0.0
   0.0
   0.0
   0.0
   1e-07
   1e-07
   1e-07
   0.0
   0.0
   0.0
   0.0
   0.0
   1e-07
   0.0
   1e-07
   1e-07
   1e-07
   1e-07
   1e-07
   0.0
   0.0
   0.0
   0.0
   1e-07
   1e-07
   1e-07
   0.0
   0.0
   0.0
   1e-07
   0.0
   0.0
   0.0
   2e-07
   2e-07
   1e-07
   3e-07
   3e-07
   1e-07
   0.0
   1e-07
   1e-07
   0.0
   2e-07
   1e-07
   1e-07
   5e-07
   2e-07
   1e-07
   7e-07
   5e-07
   3e-07
   1e-07
   7e-07
   3e-07
   6e-07
   6e-07
   5e-07
   4e-07
   4e-07
   6e-07
   9e-07
   6e-07
   5e-07
   1e-06
   5e-07
   8e-07
   1.4e-06
   1.1e-06
   1.3e-06
   2e-06
   1.3e-06
   1.6e-06
   2.1e-06
   1.4e-06
   1.8e-06
   2.5e-06
   1.9e-06
   2.1e-06
   2.9e-06
   2.7e-06
   3e-06
   4.8e-06
   3.6e-06
   2.4e-06
   2.4e-06
   3.6e-06
   2.5e-06
   3.2e-06
   4.1e-06
   3.8e-06
   5.4e-06
   8.9e-06
   6.9e-06
   7.1e-06
   6.5e-06
   7.1e-06
   7.9e-06
   7.8e-06
   7.7e-06
   1.08e-05
   1.15e-05
   1.08e-05
   1.34e-05
   1.09e-05
   1.24e-05
   1.45e-05
   1.57e-05
   1.57e-05
   2.1e-05
   1.6e-05
   1.91e-05
   2.2e-05
   2.2e-05
   2.42e-05
   2.38e-05
   2.34e-05
   2.46e-05
   2.82e-05
   3.14e-05
   3.09e-05
   3.4e-05
   3.49e-05
   3.88e-05
   4.09e-05
   4.35e-05
   4.84e-05
   5.69e-05
   5.44e-05
   5.28e-05
   6.04e-05
   6.52e-05
   7e-05
   7.51e-05
   7.78e-05
   8.13e-05
   8.95e-05
   9.49e-05
   0.0001054
   0.0001137
   0.0001171
   0.0001259
   0.0001324
   0.0001406
   0.0001485
   0.0001678
   0.0001685
   0.0001867
   0.0001957
   0.0002106
   0.0002231
   0.0002355
   0.0002516
   0.00027
   0.0002965
   0.0002914
   0.0003309
   0.0003419
   0.0003653
   0.000395
   0.0004215
   0.0004419
   0.0004865
   0.0005129
   0.0005361
   0.0005819
   0.0006232
   0.0006644
   0.0007174
   0.0007437
   0.0007916
   0.0008609
   0.0009168
   0.0009674
   0.0010214
   0.0011114
   0.0011993
   0.0012606
   0.0013235
   0.0014295
   0.0015029
   0.0016237
   0.0017307
   0.0018542
   0.0019524
   0.0021005
   0.0022512
   0.0023746
   0.0025109
   0.0027169
   0.0028899
   0.0030566
   0.0032548
   0.0034793
   0.0037596
   0.0039481
   0.0042362
   0.0045277
   0.0048023
   0.0051106
   0.0054491
   0.0058242
   0.0062096
   0.0066687
   0.0069878
   0.0075677
   0.0080976
   0.0085535
   0.0091112
   0.0097238
   0.0103684
   0.0110636
   0.0116911
   0.0124869
   0.01343
   0.0142331
   0.0152326
   0.0161534
   0.0173395
   0.0184183
   0.0196842
   0.0209242
   0.0223141
   0.0238108
   0.0254169
   0.0270828
   0.028857
   0.0308422
   0.0327358
   0.0349995
   0.0372479
   0.0397437
   0.0423194
   0.0444147
   0.0459256
   0.0470113
   0.0475033
   0.0474957
   0.0468257
   0.0458438
   0.0443861
   0.0423619
   0.039708
   0.0372868
   0.0350226
   0.0327521
   0.0308539
   0.028881
   0.0271575
   0.025466
   0.0238724
   0.0224845
   0.0209657
   0.019695
   0.0183914
   0.0173498
   0.0161877
   0.0151692
   0.0143304
   0.0133773
   0.0125462
   0.0118382
   0.0110468
   0.010355
   0.0096847
   0.0091379
   0.0085443
   0.0080327
   0.0075198
   0.007039
   0.0066693
   0.0062259
   0.0058024
   0.0054646
   0.0051476
   0.0047992
   0.0045219
   0.0042381
   0.003953
   0.0037306
   0.0034989
   0.0032653
   0.0030645
   0.0028671
   0.0026659
   0.0025381
   0.0023885
   0.0022166
   0.0021154
   0.0019668
   0.0018525
   0.0017195
   0.0016138
   0.001519
   0.0014315
   0.0013557
   0.0012506
   0.0011935
   0.0011152
   0.0010289
   0.0009687
   0.0009181
   0.0008772
   0.0007957
   0.0007501
   0.000703
   0.0006659
   0.0006149
   0.0005962
   0.0005424
   0.0005124
   0.0004747
   0.0004546
   0.0004232
   0.0003915
   0.00038
   0.0003453
   0.0003217
   0.0003095
   0.0002786
   0.0002781
   0.0002464
   0.0002391
   0.0002257
   0.0002083
   0.0002036
   0.0001856
   0.000166
   0.0001582
   0.0001556
   0.0001433
   0.0001316
   0.000125
   0.0001187
   0.0001086
   0.0001026
   9.74e-05
   9.49e-05
   7.93e-05
   8.12e-05
   7.67e-05
   7.22e-05
   7.09e-05
   6.48e-05
   6.23e-05
   5.51e-05
   5.08e-05
   4.98e-05
   4.56e-05
   4.19e-05
   3.65e-05
   3.84e-05
   3.33e-05
   3.2e-05
   3.11e-05
   2.93e-05
   2.41e-05
   2.3e-05
   2.55e-05
   1.98e-05
   2.14e-05
   1.91e-05
   1.88e-05
   1.91e-05
   1.63e-05
   1.52e-05
   1.48e-05
   1.29e-05
   1.31e-05
   1.1e-05
   1.09e-05
   1.15e-05
   9.3e-06
   9.9e-06
   7.3e-06
   7e-06
   9.1e-06
   6.3e-06
   6.6e-06
   5.7e-06
   6.5e-06
   4.7e-06
   6.4e-06
   4e-06
   4.4e-06
   3.8e-06
   2.6e-06
   4.4e-06
   3.5e-06
   2.6e-06
   2.8e-06
   2.1e-06
   2.4e-06
   2.4e-06
   1.9e-06
   2.4e-06
   9e-07
   1.3e-06
   9e-07
   1.1e-06
   1.7e-06
   1.2e-06
   8e-07
   1.4e-06
   1.3e-06
   1.6e-06
   8e-07
   7e-07
   9e-07
   1.2e-06
   3e-07
   7e-07
   9e-07
   4e-07
   1e-07
   5e-07
   3e-07
   4e-07
   3e-07
   3e-07
   2e-07
   4e-07
   3e-07
   3e-07
   2e-07
   1e-07
   1e-07
   2e-07
   3e-07
   8e-07
   2e-07
   1e-07
   3e-07
   1e-07
   1e-07
   1e-07
   1e-07
   2e-07
   0.0
   2e-07
   0.0
   1e-07
   2e-07
   0.0
   0.0
   1e-07
   0.0
   0.0
   0.0
   0.0
   0.0
   0.0
   0.0
   0.0
   0.0
   0.0
   0.0
   0.0
   0.0
   0.0
   0.0
   0.0
   0.0
   0.0
   0.0
   0.0
   0.0
   0.0
   1e-07
   0.0
   0.0
   0.0
   0.0
   0.0
   1e-07
   1e-07
   0.0
   0.0
   0.0
   0.0
   0.0
   0.0
   0.0
   0.0
   0.0
   1e-07
   0.0
   0.0
   1e-07
   0.0
   0.0
   0.0
   0.0
   0.0
   0.0
   0.0
   0.0
   0.0
   0.0
   0.0
   0.0
   0.0
   0.0
   0.0
   0.0
   0.0
   0.0
   0.0
   0.0
   0.0
   0.0
   0.0
   0.0
   0.0
   0.0
   0.0
   0.0
   0.0
   0.0
   0.0
   0.0
   0.0
   0.0
   0.0
   0.0
   0.0
   0.0
   0.0
   0.0
   0.0
   0.0
   0.0
   0.0
   0.0
   0.0
   0.0
   0.0
   0.0
   0.0
   0.0
   0.0
   0.0
   0.0
   0.0
   0.0
   0.0
   0.0
   0.0
   0.0
   0.0
   0.0
   0.0
   0.0
   0.0
   0.0
   0.0
   0.0
   0.0
   0.0
   0.0
   0.0
   0.0
   0.0
   0.0
   0.0
   0.0
   0.0
   0.0
   0.0
   0.0
   0.0
   0.0
   0.0
   0.0
   0.0
   0.0
   0.0
   0.0
   0.0
   0.0
   0.0
   0.0
   0.0
   0.0
   0.0
   0.0
   0.0
   0.0
   0.0
   0.0
   0.0
   0.0
   0.0
   0.0
   0.0
   0.0
   0.0
   0.0
   0.0
   0.0
   0.0
   0.0
   0.0
   0.0
   0.0
   0.0
   0.0
   0.0
   0.0
   0.0
   0.0
   0.0
   0.0
   0.0
   0.0
   0.0
   0.0
   0.0
   0.0
   0.0
   0.0
   0.0
   0.0
   0.0
   0.0
   0.0
   0.0
   0.0
   0.0
   0.0
   0.0
   0.0
   0.0
   0.0
   0.0
   0.0
   0.0
