   0.0134861
   0.0156267
   0.0163472
   0.0165462
   0.0166707
   0.0164741
   0.0165317
   0.0165489
   0.0165957
   0.0165061
   0.0165502
   0.016509
   0.0166777
   0.0165009
   0.0165875
   0.0165078
   0.0166147
   0.0164172
   0.0165392
   0.0164886
   0.0164912
   0.016547
   0.0165515
   0.0166452
   0.0165928
   0.0164825
   0.0165154
   0.016649
   0.016578
   0.0166262
   0.016671
   0.016626
   0.0166584
   0.0165343
   0.0164987
   0.0164072
   0.0166118
   0.0165182
   0.0166039
   0.0165515
   0.0165419
   0.0164821
   0.0165987
   0.0166554
   0.0165181
   0.0165118
   0.0165112
   0.0164705
   0.0164584
   0.0164902
   0.0165459
   0.0166158
   0.016502
   0.0167016
   0.0166452
   0.0165329
   0.0164949
   0.0164616
   0.0164704
   0.016581
   0.0165387
   0.0165256
   0.0164523
   0.0165629
   0.0165468
   0.0163974
   0.0165224
   0.0165685
   0.0164956
   0.0164919
   0.016651
   0.016511
   0.0166363
   0.0165928
   0.0164199
   0.0165295
   0.0166211
   0.0165654
   0.0165745
   0.0164058
   0.01647
   0.0165779
   0.0164981
   0.0164672
   0.0164532
   0.0164663
   0.0164411
   0.0166334
   0.0165273
   0.0164625
   0.0164401
   0.0164698
   0.0166462
   0.0165072
   0.0165687
   0.01655
   0.0164335
   0.0162186
   0.0155997
   0.0135322
