   0.0076597
   0.0099923
   0.0110636
   0.0115352
   0.0117026
   0.0117896
   0.0118435
   0.0119286
   0.0118415
   0.0118441
   0.0118033
   0.011772
   0.0118489
   0.0118584
   0.0118253
   0.011874
   0.0118326
   0.0119197
   0.0118902
   0.011912
   0.0118612
   0.0118324
   0.0117401
   0.0119241
   0.0118242
   0.0118934
   0.0118971
   0.0118417
   0.0118488
   0.0118441
   0.0119594
   0.0118793
   0.0118248
   0.0119036
   0.0118955
   0.011846
   0.0119335
   0.0118426
   0.0118603
   0.0118311
   0.0117312
   0.0119489
   0.0118933
   0.0118503
   0.011793
   0.0119157
   0.0119491
   0.0118177
   0.0118287
   0.0118769
   0.0117863
   0.0119224
   0.0118458
   0.0118867
   0.0117775
   0.0118837
   0.0118992
   0.0118719
   0.0119137
   0.011861
   0.0118543
   0.0119324
   0.0118533
   0.0118141
   0.0117924
   0.01194
   0.0118822
   0.0118739
   0.0118559
   0.0119131
   0.0118791
   0.0118217
   0.0118328
   0.0118178
   0.0118351
   0.0118447
   0.0118709
   0.0118872
   0.0118897
   0.0118532
   0.0118774
   0.0118191
   0.0118192
   0.0118273
   0.0118856
   0.0118846
   0.0118572
   0.0119151
   0.0119308
   0.0118692
   0.0118123
   0.0118784
   0.0118909
   0.0118532
   0.0117798
   0.0116782
   0.0115165
   0.0109922
   0.0099678
   0.0076262
