   0.0274942
   0.0410231
   0.0497758
   0.0546655
   0.0582809
   0.0605246
   0.0614701
   0.0621181
   0.0631213
   0.0631905
   0.0636561
   0.0636257
   0.0637225
   0.0636616
   0.0637411
   0.0637892
   0.0639337
   0.0637053
   0.0639506
   0.0636917
   0.0638818
   0.0641509
   0.0640123
   0.0640091
   0.064263
   0.0638816
   0.0637989
   0.0636891
   0.0634245
   0.063305
   0.0636472
   0.0633422
   0.0636175
   0.0638668
   0.0642885
   0.0633771
   0.0636321
   0.0635881
   0.0642491
   0.0641277
   0.0639285
   0.0635476
   0.0633172
   0.0633529
   0.0637026
   0.0637308
   0.0633508
   0.0636099
   0.0634517
   0.0637366
   0.0636327
   0.0636355
   0.0640403
   0.0636227
   0.0636411
   0.0640065
   0.0638062
   0.0638867
   0.0638361
   0.0639018
   0.0640429
   0.0638626
   0.0638168
   0.0637993
   0.0639981
   0.0640539
   0.0634983
   0.0635796
   0.0634671
   0.0639726
   0.0641982
   0.064117
   0.0637173
   0.0634893
   0.0637161
   0.0637143
   0.0634321
   0.0636754
   0.0634051
   0.0638515
   0.0636645
   0.0638029
   0.0639946
   0.0634859
   0.0635024
   0.0637912
   0.0638071
   0.0636532
   0.0635515
   0.0635592
   0.0632917
   0.0627714
   0.0620434
   0.061166
   0.0599953
   0.0579205
   0.0550079
   0.0493015
   0.0408289
   0.0274417
