   0.0097321
   0.0119275
   0.0123187
   0.0124717
   0.0126042
   0.0126274
   0.0125496
   0.0125808
   0.0125213
   0.0125831
   0.0125165
   0.0124913
   0.0125281
   0.0124439
   0.0125506
   0.0125527
   0.012506
   0.0125041
   0.0125408
   0.0125096
   0.0124788
   0.0125179
   0.0125441
   0.01256
   0.0125502
   0.0125044
   0.0125291
   0.0124493
   0.0125157
   0.0124678
   0.0125069
   0.0125057
   0.0124831
   0.0124835
   0.0125651
   0.0124714
   0.012492
   0.0124347
   0.012582
   0.01253
   0.0125067
   0.0125548
   0.0125215
   0.0125106
   0.0125328
   0.0124959
   0.0125182
   0.0125296
   0.0125051
   0.0124787
   0.0125369
   0.0124967
   0.0125007
   0.0124778
   0.0124201
   0.012509
   0.0125283
   0.0124444
   0.0124879
   0.0124919
   0.0125967
   0.0125251
   0.0125071
   0.0124292
   0.0124652
   0.0124246
   0.012572
   0.0125356
   0.0124448
   0.0124597
   0.0125539
   0.0125485
   0.0124947
   0.0124851
   0.012417
   0.012465
   0.0124908
   0.0125463
   0.0124153
   0.0125149
   0.0124854
   0.0124885
   0.0125679
   0.012504
   0.0125534
   0.0125517
   0.0125891
   0.0124478
   0.0125286
   0.0125369
   0.012582
   0.0125305
   0.0123751
   0.0125813
   0.0125387
   0.0124857
   0.0124957
   0.0123161
   0.0120073
   0.0096777
