   0.355149
   0.75897
   1.050839
   1.256625
   1.39576
   1.445667
   1.483884
   1.512778
   1.544378
   1.559533
   1.562396
   1.573391
   1.59487
   1.593892
   1.607408
   1.611679
   1.596573
   1.604128
   1.619508
   1.625753
   1.589005
   1.603001
   1.609134
   1.592438
   1.606716
   1.611014
   1.620065
   1.621074
   1.593128
   1.573187
   1.578458
   1.59037
   1.610486
   1.580401
   1.576691
   1.555743
   1.585838
   1.596574
   1.622479
   1.594319
   1.606655
   1.61707
   1.601163
   1.588581
   1.601571
   1.579965
   1.587743
   1.587216
   1.600268
   1.60315
   1.578835
   1.58294
   1.631116
   1.587546
   1.598603
   1.607116
   1.601607
   1.592906
   1.606446
   1.591751
   1.615751
   1.635503
   1.625598
   1.618162
   1.646842
   1.615718
   1.605654
   1.627516
   1.588928
   1.603193
   1.620613
   1.611032
   1.601232
   1.62479
   1.649545
   1.631041
   1.622046
   1.613964
   1.614267
   1.635033
   1.631324
   1.631886
   1.606934
   1.580253
   1.592666
   1.610863
   1.606308
   1.56849
   1.578985
   1.552104
   1.554773
   1.543402
   1.526744
   1.460063
   1.412808
   1.321029
   1.189709
   1.034299
   0.747967
   0.340194
