   0.0264861
   0.035544
   0.0378051
   0.038355
   0.0388991
   0.0388915
   0.0389783
   0.0387713
   0.0390456
   0.0388358
   0.0392711
   0.0387554
   0.0387363
   0.0383989
   0.038537
   0.0390594
   0.0388459
   0.0392041
   0.039124
   0.038884
   0.0391832
   0.0391095
   0.0384895
   0.0392592
   0.0387743
   0.0389216
   0.0390247
   0.0390145
   0.0388256
   0.0391681
   0.0391212
   0.0388063
   0.0385256
   0.0388652
   0.0389772
   0.0389115
   0.0385049
   0.0388283
   0.0393284
   0.0389157
   0.0388936
   0.0388919
   0.0387789
   0.0387847
   0.039082
   0.0388098
   0.0388054
   0.0391295
   0.0391379
   0.0391921
   0.0387711
   0.0387076
   0.0389708
   0.0392285
   0.0390881
   0.0387471
   0.0387957
   0.0390741
   0.0391212
   0.0390927
   0.0388603
   0.0384766
   0.0392263
   0.0390307
   0.0388847
   0.0387731
   0.0386273
   0.0387994
   0.0387523
   0.0390681
   0.0387475
   0.0389744
   0.0391301
   0.0389167
   0.0388754
   0.0390643
   0.0389301
   0.0389932
   0.0387973
   0.0390099
   0.0388709
   0.0391672
   0.0389534
   0.0385589
   0.0386979
   0.0389162
   0.0387058
   0.0387814
   0.0387723
   0.0391944
   0.0387731
   0.0391622
   0.0386483
   0.0391298
   0.0389979
   0.038697
   0.0383697
   0.0378348
   0.0357874
   0.026521
