   0.0077291
   0.0100307
   0.0102255
   0.0102327
   0.0102426
   0.0101583
   0.0101452
   0.0102735
   0.010228
   0.0102048
   0.0102607
   0.0101944
   0.0101654
   0.0102079
   0.0102095
   0.0102277
   0.01019
   0.0102386
   0.0102072
   0.0101743
   0.0102219
   0.0102391
   0.0102005
   0.0101748
   0.0101934
   0.0101826
   0.0101747
   0.0102004
   0.010187
   0.0102536
   0.0102641
   0.0101697
   0.0102514
   0.0102589
   0.010219
   0.0102685
   0.0102151
   0.0102686
   0.0101419
   0.0102325
   0.0100894
   0.0102529
   0.0101354
   0.0101986
   0.0102018
   0.0101818
   0.0102259
   0.010262
   0.0102608
   0.0102277
   0.0102036
   0.0102186
   0.0102145
   0.0102286
   0.0102159
   0.010175
   0.0102327
   0.010172
   0.0101571
   0.0102633
   0.0102123
   0.0102145
   0.0102652
   0.010164
   0.0102486
   0.0101797
   0.0102236
   0.0101949
   0.0102204
   0.0102211
   0.0102219
   0.0102773
   0.0101362
   0.0102612
   0.0102133
   0.0102093
   0.0101969
   0.0102176
   0.0102221
   0.0101859
   0.010231
   0.0102313
   0.0102186
   0.010205
   0.0101863
   0.0102266
   0.0102065
   0.0101598
   0.0101561
   0.0102223
   0.010198
   0.0102293
   0.0101713
   0.0101995
   0.0101856
   0.010193
   0.0101729
   0.0101829
   0.0100489
   0.0077498
