   0.0185969
   0.0221583
   0.0239744
   0.0249957
   0.0257607
   0.0260596
   0.0265633
   0.0264956
   0.0266235
   0.0266193
   0.0267843
   0.0267656
   0.0267985
   0.0267529
   0.02679
   0.0266328
   0.0267921
   0.0264828
   0.0269022
   0.0267601
   0.0269729
   0.0269
   0.0268886
   0.0267395
   0.0270278
   0.0268164
   0.0270139
   0.0269731
   0.0266991
   0.0265908
   0.0270305
   0.0267794
   0.0268939
   0.0266258
   0.0267655
   0.026784
   0.0267691
   0.0266997
   0.0266735
   0.0266352
   0.0266392
   0.0268068
   0.0267964
   0.0268108
   0.0265983
   0.0267808
   0.0267034
   0.026784
   0.0267963
   0.0267711
   0.0265471
   0.0268046
   0.02685
   0.0269525
   0.0266781
   0.0266068
   0.0268053
   0.0266013
   0.0267245
   0.0268986
   0.0266196
   0.0267549
   0.0266325
   0.0266625
   0.0269024
   0.0269695
   0.0267929
   0.0266358
   0.0266703
   0.0271139
   0.0268827
   0.0266005
   0.0266614
   0.0265264
   0.026787
   0.026841
   0.0266897
   0.0269917
   0.026858
   0.026718
   0.0269846
   0.0268641
   0.0267224
   0.0267694
   0.0267582
   0.0266622
   0.0270722
   0.026823
   0.0268857
   0.0266421
   0.0267323
   0.0267414
   0.026504
   0.0264546
   0.0261821
   0.025838
   0.025162
   0.0241922
   0.021986
   0.018612
