   0.019641
   0.0257919
   0.0272936
   0.0275914
   0.0275296
   0.0277911
   0.0278306
   0.0278334
   0.0276629
   0.0279137
   0.0281263
   0.0275812
   0.0275187
   0.0277285
   0.0278414
   0.0278547
   0.0280384
   0.0277681
   0.0279156
   0.0278849
   0.0279904
   0.0280044
   0.0278737
   0.027801
   0.027953
   0.0280111
   0.0278285
   0.0277609
   0.0276701
   0.0279348
   0.0277507
   0.0276516
   0.0277949
   0.0277477
   0.0279044
   0.0278005
   0.0278223
   0.0278339
   0.0278997
   0.0278876
   0.0280688
   0.0277587
   0.0280014
   0.0280122
   0.0278655
   0.027776
   0.0278703
   0.0278456
   0.0275573
   0.0278309
   0.0280617
   0.0281008
   0.0276994
   0.0279245
   0.0278124
   0.0278592
   0.0277467
   0.0280002
   0.0277881
   0.0281713
   0.0278008
   0.0279369
   0.0277128
   0.0279152
   0.0275074
   0.0279598
   0.0279683
   0.0280216
   0.0279672
   0.0280053
   0.0279106
   0.027731
   0.0276627
   0.0278809
   0.0279116
   0.0280115
   0.027777
   0.0278519
   0.0279635
   0.0278637
   0.0277851
   0.0276012
   0.0276032
   0.0278541
   0.0277997
   0.0277052
   0.0279499
   0.0278308
   0.0277362
   0.0279278
   0.0276662
   0.0280437
   0.027761
   0.0278856
   0.0276204
   0.0279876
   0.0277014
   0.0269878
   0.025996
   0.0198827
