   0.0229893
   0.0275807
   0.029057
   0.0297152
   0.0295718
   0.0298392
   0.0295878
   0.0296747
   0.0296924
   0.0295353
   0.0297404
   0.0298911
   0.0296275
   0.0298027
   0.0297397
   0.0296523
   0.0299195
   0.0297052
   0.0296993
   0.0296873
   0.0297247
   0.0296963
   0.0297725
   0.0296734
   0.0296409
   0.029824
   0.0298184
   0.0299294
   0.0300007
   0.0298494
   0.0297715
   0.0297866
   0.0298711
   0.0299557
   0.0296861
   0.0295097
   0.0298085
   0.0297663
   0.0297425
   0.0296271
   0.0297542
   0.0295978
   0.0297884
   0.0293412
   0.0296361
   0.0296381
   0.0298316
   0.0299262
   0.0298232
   0.0300919
   0.0296748
   0.0296923
   0.0296185
   0.0299509
   0.0297255
   0.0298862
   0.0298359
   0.0298396
   0.0299674
   0.0298336
   0.0299277
   0.0296381
   0.0295007
   0.0298525
   0.0297061
   0.0297877
   0.0297816
   0.0297899
   0.0296808
   0.0297628
   0.0298586
   0.0298268
   0.0298191
   0.0297349
   0.0297959
   0.0299473
   0.0294179
   0.0297513
   0.0295153
   0.0298614
   0.0299333
   0.0299671
   0.0297208
   0.0297009
   0.0296517
   0.0299004
   0.0298501
   0.0297449
   0.0298071
   0.0298832
   0.0297749
   0.0297178
   0.029886
   0.0297191
   0.0296958
   0.0295491
   0.0295941
   0.029095
   0.0273708
   0.0233599
