   0.0180965
   0.024386
   0.0261463
   0.0265251
   0.0264611
   0.0265577
   0.026811
   0.0267063
   0.0266227
   0.0266284
   0.026682
   0.0267641
   0.0267247
   0.0269137
   0.026589
   0.026776
   0.0267336
   0.0268661
   0.026549
   0.0266974
   0.0268319
   0.0266578
   0.0267679
   0.0266799
   0.0264848
   0.0264911
   0.0267941
   0.0267343
   0.0265521
   0.0266586
   0.0266913
   0.0265497
   0.0265846
   0.0265244
   0.0267181
   0.0265952
   0.0267395
   0.0267295
   0.0267927
   0.0267632
   0.02658
   0.0267511
   0.0267752
   0.0268049
   0.0266856
   0.0265655
   0.0267085
   0.0267036
   0.0266586
   0.0265546
   0.02675
   0.0264574
   0.0266002
   0.0265863
   0.0267903
   0.0267387
   0.0264296
   0.0265352
   0.0266457
   0.0265352
   0.0268896
   0.0266286
   0.0268846
   0.0267191
   0.0267289
   0.0265727
   0.0265366
   0.0267105
   0.0265362
   0.026531
   0.0267283
   0.0267325
   0.0266605
   0.0264039
   0.0268099
   0.0266882
   0.0265214
   0.0266402
   0.0266766
   0.0264671
   0.0266425
   0.0265936
   0.0267032
   0.0264424
   0.0268032
   0.0265924
   0.0264728
   0.0267633
   0.0266199
   0.0265737
   0.0266919
   0.0265188
   0.0264637
   0.0266093
   0.0267712
   0.0265704
   0.0262877
   0.0259606
   0.024576
   0.0181761
