   2.20418
   3.95593
   6.15921
   8.76117
   11.8939
   14.60833
   18.14905
   21.54532
   25.13457
   28.99306
   32.82915
   37.41893
   41.73446
   46.00001
   49.48961
   53.12397
   57.67488
   61.81417
   64.96376
   68.7515
   72.60439
   76.7681
   79.68803
   82.77846
   86.46185
   88.5517
   92.00757
   94.88603
   98.20365
   101.24228
   104.18812
   105.20497
   109.53773
   111.99971
   111.4802
   113.8974
   117.31545
   119.64829
   122.03434
   122.48689
   123.2951
   124.82314
   127.28044
   127.38865
   127.60743
   129.08752
   128.25406
   129.28131
   130.07969
   129.81447
   127.812
   127.05384
   128.21647
   125.91676
   127.20642
   126.04783
   123.77087
   124.03156
   122.01845
   120.36452
   119.88515
   118.81989
   117.65193
   113.98548
   113.33116
   111.90632
   109.40744
   107.86663
   104.95428
   102.61671
   101.36885
   97.0846
   95.34474
   92.78732
   89.68879
   85.0499
   83.45855
   79.78485
   75.90491
   72.14489
   68.87857
   64.82437
   60.53073
   57.19068
   52.86868
   49.29032
   45.24008
   40.52438
   37.42976
   32.86782
   29.44847
   25.87547
   21.77682
   18.4346
   14.98961
   11.6842
   8.76975
   6.24718
   4.14267
   2.25884
