   0.053444
   0.0810534
   0.0887305
   0.0924186
   0.0944317
   0.0947995
   0.0953636
   0.0951683
   0.0944889
   0.0943126
   0.0950494
   0.0949777
   0.0952987
   0.0948466
   0.0953424
   0.0943787
   0.0948168
   0.0954412
   0.0948373
   0.094408
   0.0946588
   0.0941703
   0.0949458
   0.0941147
   0.0942435
   0.0950563
   0.0945329
   0.0951943
   0.0954015
   0.0953828
   0.095179
   0.0949468
   0.0939727
   0.0939372
   0.0946432
   0.0949664
   0.0945398
   0.0945008
   0.0948857
   0.094122
   0.0944868
   0.0954097
   0.0943365
   0.095111
   0.095215
   0.0945666
   0.0949257
   0.0957609
   0.0947106
   0.095491
   0.0942331
   0.0951338
   0.0945208
   0.094995
   0.0941493
   0.094585
   0.0945712
   0.094886
   0.0958497
   0.0947777
   0.0951941
   0.095204
   0.0946279
   0.0953243
   0.0953142
   0.0952445
   0.0944232
   0.0948534
   0.094894
   0.0942501
   0.095572
   0.0947525
   0.0942619
   0.094296
   0.0939144
   0.0953086
   0.0949082
   0.0946273
   0.0941947
   0.0952911
   0.0949572
   0.094288
   0.0951046
   0.0953477
   0.0948975
   0.0952884
   0.0949545
   0.0953359
   0.0954883
   0.0951431
   0.0949407
   0.0951813
   0.0952907
   0.0939599
   0.0943154
   0.0944229
   0.0926558
   0.08952
   0.0808139
   0.0537739
