   0.0081159
   0.009775
   0.0101135
   0.0102095
   0.0102623
   0.0101978
   0.0102818
   0.0102077
   0.0102735
   0.0101638
   0.0102489
   0.0102095
   0.0102227
   0.0101896
   0.0101633
   0.0102198
   0.0102126
   0.0102284
   0.0101979
   0.0102004
   0.0101963
   0.0101737
   0.0101975
   0.0101965
   0.0102342
   0.0102293
   0.0102468
   0.0102363
   0.0102507
   0.0101992
   0.0102451
   0.0102523
   0.0102652
   0.0102233
   0.010218
   0.0101587
   0.010197
   0.0102357
   0.0101932
   0.0102128
   0.0102145
   0.0102305
   0.0102012
   0.0102345
   0.0102656
   0.0101854
   0.0102225
   0.0102959
   0.0101851
   0.010221
   0.0103182
   0.0102631
   0.0102445
   0.0102058
   0.0102838
   0.0102482
   0.0101942
   0.0102245
   0.010271
   0.0102282
   0.0102537
   0.0102445
   0.0101935
   0.0101785
   0.0102545
   0.0102332
   0.0102109
   0.0102192
   0.0101564
   0.0101827
   0.0102711
   0.010207
   0.0102375
   0.0102386
   0.0102696
   0.0102152
   0.0101895
   0.0102298
   0.0102424
   0.0102036
   0.0102184
   0.0102179
   0.0101893
   0.0101975
   0.0102017
   0.0101855
   0.0102229
   0.0102295
   0.0102165
   0.0102428
   0.0102051
   0.0102385
   0.0102154
   0.0101751
   0.0102246
   0.0101602
   0.0101798
   0.010076
   0.0097893
   0.0081187
