   0.0118341
   0.0134347
   0.0144558
   0.0149397
   0.0152659
   0.0155809
   0.0157009
   0.0156396
   0.0155885
   0.0156643
   0.0157846
   0.0157637
   0.0156682
   0.0157191
   0.0157119
   0.0156742
   0.0157085
   0.0157091
   0.015762
   0.015849
   0.015716
   0.0157174
   0.015844
   0.0157411
   0.0157325
   0.015765
   0.0157499
   0.0156926
   0.0157578
   0.0157614
   0.0156891
   0.0157431
   0.015619
   0.015742
   0.0157211
   0.0157341
   0.0157181
   0.0157632
   0.0156087
   0.0157881
   0.0156531
   0.015762
   0.0157223
   0.0157118
   0.0156931
   0.0155975
   0.0157634
   0.0157807
   0.0158804
   0.0157314
   0.0157593
   0.0157459
   0.0156529
   0.0157848
   0.0157663
   0.0157224
   0.0157516
   0.0157221
   0.0157809
   0.0157647
   0.0158111
   0.0158011
   0.0156997
   0.0156865
   0.0156636
   0.0156707
   0.0156895
   0.0157058
   0.0157131
   0.0156047
   0.0157935
   0.0157628
   0.0157512
   0.0156827
   0.0155874
   0.0157138
   0.0158065
   0.0157863
   0.0156749
   0.0156975
   0.0157273
   0.0156879
   0.0156845
   0.0157632
   0.0158291
   0.015764
   0.0157704
   0.0157105
   0.0156461
   0.0156636
   0.0157017
   0.0157164
   0.0156287
   0.0156347
   0.0154888
   0.0153169
   0.014921
   0.0144593
   0.0134217
   0.0116977
