   0.0
   0.0
   0.0
   0.0
   0.0
   0.0
   0.0
   0.0
   0.0
   0.0
   0.0
   0.0
   0.0
   0.0
   0.0
   0.0
   0.0
   0.0
   0.0
   0.0
   0.0
   0.0
   0.0
   0.0
   0.0
   0.0
   0.0
   0.0
   0.0
   0.0
   0.0
   0.0
   0.0
   0.0
   0.0
   0.0
   0.0
   0.0
   0.0
   0.0
   0.0
   0.0
   0.0
   0.0
   0.0
   0.0
   0.0
   0.0
   0.0
   0.0
   0.0
   0.0
   0.0
   0.0
   0.0
   0.0
   0.0
   0.0
   0.0
   0.0
   1e-07
   0.0
   1e-07
   0.0
   0.0
   0.0
   0.0
   0.0
   0.0
   0.0
   0.0
   0.0
   0.0
   0.0
   0.0
   0.0
   0.0
   0.0
   0.0
   0.0
   1e-07
   1e-07
   0.0
   0.0
   0.0
   0.0
   1e-07
   2e-07
   0.0
   2e-07
   0.0
   1e-07
   0.0
   1e-07
   0.0
   3e-07
   2e-07
   0.0
   1e-07
   2e-07
   0.0
   3e-07
   3e-07
   5e-07
   6e-07
   0.0
   1e-07
   5e-07
   7e-07
   3e-07
   5e-07
   4e-07
   6e-07
   6e-07
   1e-06
   2e-07
   1e-06
   8e-07
   6e-07
   1.2e-06
   1.2e-06
   1.5e-06
   7e-07
   1.3e-06
   1.3e-06
   1.6e-06
   1.2e-06
   2.2e-06
   1.8e-06
   2.8e-06
   1.5e-06
   2.4e-06
   2.6e-06
   2.6e-06
   2.2e-06
   5.4e-06
   3.3e-06
   5.3e-06
   4.5e-06
   4.7e-06
   6.4e-06
   6e-06
   5.8e-06
   7.6e-06
   8e-06
   1.04e-05
   8e-06
   9.1e-06
   1.16e-05
   1.07e-05
   1.12e-05
   1.23e-05
   1.47e-05
   1.55e-05
   1.77e-05
   1.82e-05
   1.83e-05
   2.11e-05
   2.27e-05
   2.9e-05
   2.86e-05
   3e-05
   3.51e-05
   3.62e-05
   3.89e-05
   3.92e-05
   4.6e-05
   4.83e-05
   5.51e-05
   5.68e-05
   5.94e-05
   7.07e-05
   7.05e-05
   7.56e-05
   7.89e-05
   9.5e-05
   9.98e-05
   0.0001084
   0.0001226
   0.0001357
   0.0001435
   0.0001488
   0.0001666
   0.0001841
   0.0001963
   0.0002122
   0.0002312
   0.0002437
   0.0002643
   0.0002872
   0.0003142
   0.0003523
   0.0003823
   0.0003979
   0.0004471
   0.00049
   0.0005252
   0.0005667
   0.0006246
   0.0006686
   0.0007339
   0.0008003
   0.0008604
   0.0009376
   0.0010137
   0.0011128
   0.0011978
   0.0013018
   0.0014247
   0.0015299
   0.0016499
   0.0018046
   0.0019637
   0.0021372
   0.0023148
   0.0025062
   0.0027477
   0.0029488
   0.0032091
   0.0035169
   0.0037692
   0.0040989
   0.0044895
   0.0048482
   0.0052654
   0.0057513
   0.0061672
   0.0067303
   0.0073259
   0.0078893
   0.0085737
   0.00936
   0.0100929
   0.0109752
   0.0118749
   0.0130003
   0.0140882
   0.0153587
   0.0165743
   0.0180708
   0.0195723
   0.0213036
   0.023058
   0.0249571
   0.0271517
   0.029399
   0.0313176
   0.0326893
   0.0335992
   0.0339978
   0.0340866
   0.0336509
   0.0326364
   0.0313179
   0.0293768
   0.0271899
   0.0251132
   0.0230272
   0.0212378
   0.0195726
   0.0180381
   0.0166082
   0.0151895
   0.0140631
   0.0129495
   0.0118875
   0.0110745
   0.0101304
   0.0093121
   0.0085903
   0.0079223
   0.0072647
   0.0067144
   0.0061983
   0.0057211
   0.0052572
   0.0048255
   0.0044199
   0.0040897
   0.0037737
   0.0034442
   0.0032337
   0.0029677
   0.0027287
   0.0024858
   0.0023109
   0.0021139
   0.0019753
   0.0017956
   0.0016582
   0.0015445
   0.0013892
   0.0013269
   0.001196
   0.001111
   0.0009978
   0.0009589
   0.0008477
   0.0008081
   0.0007365
   0.0006739
   0.0006044
   0.0005637
   0.0005277
   0.0004757
   0.0004371
   0.0004023
   0.0003818
   0.0003475
   0.0003199
   0.0002976
   0.0002742
   0.000254
   0.0002322
   0.0002078
   0.0002009
   0.0001774
   0.0001715
   0.0001577
   0.0001442
   0.0001247
   0.0001233
   0.0001077
   0.0001011
   8.76e-05
   9.03e-05
   7.87e-05
   7.43e-05
   6.61e-05
   5.84e-05
   5.66e-05
   5.63e-05
   4.73e-05
   4.63e-05
   4.1e-05
   3.93e-05
   3.31e-05
   3.45e-05
   2.99e-05
   2.7e-05
   2.82e-05
   2.09e-05
   1.96e-05
   1.9e-05
   2e-05
   1.62e-05
   1.44e-05
   1.47e-05
   1.39e-05
   1.28e-05
   9.8e-06
   1.07e-05
   8.8e-06
   8.4e-06
   7.4e-06
   8.1e-06
   6.1e-06
   6.3e-06
   4.5e-06
   5.4e-06
   4.4e-06
   4.1e-06
   4e-06
   3.4e-06
   3.1e-06
   3.5e-06
   3.1e-06
   3.6e-06
   1.5e-06
   2.3e-06
   2.4e-06
   2.1e-06
   1.8e-06
   2.3e-06
   1.9e-06
   1.6e-06
   8e-07
   1.9e-06
   1.1e-06
   1e-06
   9e-07
   5e-07
   9e-07
   1e-06
   4e-07
   4e-07
   8e-07
   6e-07
   1e-06
   2e-07
   7e-07
   1e-07
   3e-07
   3e-07
   1e-07
   2e-07
   1e-07
   1e-07
   1e-07
   1e-07
   0.0
   2e-07
   2e-07
   1e-07
   1e-07
   0.0
   0.0
   1e-07
   0.0
   0.0
   0.0
   0.0
   1e-07
   0.0
   1e-07
   0.0
   2e-07
   0.0
   1e-07
   1e-07
   0.0
   0.0
   1e-07
   0.0
   0.0
   0.0
   1e-07
   0.0
   0.0
   0.0
   0.0
   0.0
   1e-07
   2e-07
   0.0
   0.0
   0.0
   0.0
   0.0
   0.0
   0.0
   0.0
   0.0
   0.0
   0.0
   0.0
   0.0
   0.0
   0.0
   1e-07
   0.0
   0.0
   0.0
   0.0
   0.0
   0.0
   0.0
   0.0
   0.0
   0.0
   0.0
   0.0
   0.0
   0.0
   0.0
   0.0
   0.0
   0.0
   0.0
   0.0
   0.0
   0.0
   0.0
   0.0
   0.0
   0.0
   0.0
   0.0
   0.0
   0.0
   0.0
   0.0
   0.0
   0.0
   0.0
   0.0
   0.0
   0.0
   0.0
   0.0
   0.0
   0.0
   0.0
   0.0
   0.0
   0.0
   0.0
   0.0
   0.0
   0.0
