   0.0121439
   0.0150908
   0.0157811
   0.0158551
   0.0159299
   0.0159448
   0.0159716
   0.015962
   0.0159049
   0.0159675
   0.0158727
   0.0159548
   0.0159518
   0.0158502
   0.0160133
   0.0158602
   0.0158671
   0.0158847
   0.0158658
   0.0158706
   0.0159036
   0.0159615
   0.0159874
   0.0158832
   0.0158818
   0.0158262
   0.0158888
   0.0158984
   0.0158517
   0.0158824
   0.0160059
   0.0159911
   0.0159258
   0.0158995
   0.0160203
   0.016009
   0.0160132
   0.0158798
   0.0159988
   0.0159583
   0.016007
   0.0159357
   0.0159528
   0.0159518
   0.0159567
   0.0158944
   0.0159401
   0.0159664
   0.0159439
   0.0158518
   0.0158829
   0.0158898
   0.0159276
   0.0159707
   0.0159573
   0.0160101
   0.0159326
   0.0158737
   0.015884
   0.0158358
   0.0159307
   0.0159414
   0.0158793
   0.0158518
   0.0161762
   0.0159923
   0.0158988
   0.0159904
   0.0159151
   0.0158188
   0.0158335
   0.0158954
   0.0160984
   0.01599
   0.0159103
   0.0160641
   0.0159088
   0.015919
   0.0157859
   0.0160331
   0.0158237
   0.0159284
   0.0159048
   0.0159199
   0.0158776
   0.01595
   0.0159516
   0.0157983
   0.015894
   0.0159622
   0.0159979
   0.0160621
   0.0159541
   0.0159339
   0.0159521
   0.0158946
   0.0157942
   0.0156299
   0.015161
   0.0120276
