   0.0128332
   0.0174612
   0.0198888
   0.0209675
   0.0216014
   0.0220619
   0.0222273
   0.0224932
   0.0223772
   0.022535
   0.0224422
   0.0224061
   0.0223363
   0.0225142
   0.0223457
   0.0224365
   0.0224854
   0.0224458
   0.0224853
   0.0225254
   0.0223667
   0.0224074
   0.0225458
   0.022626
   0.0224449
   0.0224209
   0.0222466
   0.0223498
   0.0223809
   0.0224653
   0.0224533
   0.0224068
   0.0223558
   0.0223972
   0.0224538
   0.0225079
   0.0225081
   0.0225776
   0.0222962
   0.0225195
   0.0223251
   0.0224889
   0.0225572
   0.022417
   0.0224062
   0.0224113
   0.0225098
   0.0223752
   0.0225496
   0.0224369
   0.0225382
   0.0225039
   0.0224406
   0.022517
   0.0224171
   0.0225189
   0.0224745
   0.02262
   0.0224618
   0.0226082
   0.0225133
   0.0224998
   0.0226602
   0.0226862
   0.0224364
   0.0222207
   0.0224057
   0.0224388
   0.0223644
   0.0224462
   0.0224293
   0.0225757
   0.0224423
   0.0224654
   0.0223411
   0.0224381
   0.022572
   0.0225395
   0.0225842
   0.0225476
   0.0224833
   0.0223952
   0.0225389
   0.0225609
   0.0225374
   0.0224475
   0.0224742
   0.0223559
   0.022425
   0.0224
   0.0225828
   0.0223284
   0.0223569
   0.0222292
   0.0221353
   0.0217016
   0.0211154
   0.0199722
   0.0173936
   0.0128365
