   0.333758
   0.878029
   1.300397
   1.516967
   1.630849
   1.701208
   1.739124
   1.755325
   1.774802
   1.744395
   1.771097
   1.783848
   1.787047
   1.792645
   1.751109
   1.7715
   1.793848
   1.797323
   1.788632
   1.763317
   1.775024
   1.763828
   1.75762
   1.745017
   1.766404
   1.764372
   1.77136
   1.778328
   1.782317
   1.798044
   1.786751
   1.813228
   1.801784
   1.780191
   1.791592
   1.768281
   1.790896
   1.772745
   1.762218
   1.759086
   1.760907
   1.777806
   1.745821
   1.754614
   1.740982
   1.748253
   1.742088
   1.757232
   1.785879
   1.775196
   1.759641
   1.777415
   1.78877
   1.792986
   1.797338
   1.759299
   1.738511
   1.792493
   1.764454
   1.7508
   1.746191
   1.753372
   1.776603
   1.777287
   1.759928
   1.775957
   1.775665
   1.761108
   1.76074
   1.764168
   1.769059
   1.773522
   1.787763
   1.736235
   1.719857
   1.723155
   1.761145
   1.760531
   1.736606
   1.762428
   1.762735
   1.744323
   1.781559
   1.788022
   1.787669
   1.81198
   1.813839
   1.767362
   1.786828
   1.784004
   1.773243
   1.754124
   1.73651
   1.76296
   1.698621
   1.625605
   1.50638
   1.322201
   0.921311
   0.34335
