   0.282765
   0.646094
   0.929489
   1.114334
   1.254936
   1.343968
   1.403212
   1.427905
   1.45359
   1.466815
   1.469027
   1.499421
   1.52822
   1.522251
   1.514032
   1.490603
   1.51087
   1.491225
   1.488771
   1.509026
   1.49985
   1.50645
   1.493754
   1.495799
   1.539242
   1.513087
   1.526142
   1.510115
   1.506432
   1.485807
   1.502438
   1.495422
   1.498869
   1.507714
   1.502055
   1.498701
   1.494515
   1.504783
   1.517767
   1.516488
   1.508831
   1.515288
   1.492359
   1.517792
   1.49653
   1.483383
   1.480205
   1.501316
   1.505302
   1.518244
   1.520349
   1.504598
   1.483862
   1.469231
   1.470921
   1.48936
   1.499046
   1.467237
   1.483028
   1.499879
   1.472881
   1.457207
   1.455399
   1.476243
   1.495294
   1.492026
   1.496558
   1.497525
   1.513153
   1.515685
   1.520694
   1.508865
   1.496925
   1.510442
   1.530434
   1.532576
   1.529065
   1.52743
   1.505168
   1.493339
   1.502033
   1.496853
   1.49807
   1.488145
   1.48797
   1.483786
   1.496642
   1.510166
   1.485274
   1.47593
   1.494005
   1.488688
   1.456301
   1.432682
   1.349564
   1.25573
   1.109156
   0.928161
   0.646984
   0.277121
