   0.0752626
   0.1284227
   0.1529531
   0.1625556
   0.1686932
   0.1690095
   0.1707352
   0.1708524
   0.1717609
   0.1709793
   0.1708303
   0.1710429
   0.1721234
   0.1731263
   0.1717861
   0.1707306
   0.1706792
   0.170517
   0.1713142
   0.1714021
   0.1727137
   0.1727238
   0.1706097
   0.1715383
   0.1716404
   0.1713437
   0.1712359
   0.1723629
   0.1700454
   0.1714075
   0.169664
   0.1712947
   0.1719683
   0.1712394
   0.1714003
   0.1710192
   0.1718451
   0.1722859
   0.1711983
   0.1715091
   0.171471
   0.1714861
   0.1712301
   0.1700742
   0.171022
   0.1711421
   0.1714104
   0.1721342
   0.1714764
   0.1722158
   0.1707185
   0.1709281
   0.1726855
   0.1708944
   0.1720198
   0.1724522
   0.1727509
   0.1723721
   0.1722417
   0.1716768
   0.1707671
   0.1724474
   0.1715075
   0.1715849
   0.1714287
   0.1709006
   0.1715053
   0.1726092
   0.1716387
   0.1714068
   0.171977
   0.1714682
   0.1706277
   0.1724301
   0.1719819
   0.171827
   0.1725315
   0.1705548
   0.1716078
   0.1730005
   0.1717993
   0.1727605
   0.171815
   0.1707247
   0.1714354
   0.1724386
   0.1710658
   0.1711939
   0.1722364
   0.1727931
   0.1725242
   0.1722218
   0.1721732
   0.1724741
   0.171752
   0.1679233
   0.1619996
   0.154077
   0.1293819
   0.0749731
