   0.1410637
   0.202375
   0.2496472
   0.2890927
   0.3179177
   0.3407977
   0.3589092
   0.3690564
   0.3806298
   0.3911654
   0.3946627
   0.3979941
   0.4035585
   0.4058279
   0.4084434
   0.4106815
   0.4096932
   0.4101769
   0.4099195
   0.4140265
   0.4141113
   0.4133592
   0.4147987
   0.4143343
   0.4157387
   0.4125214
   0.4112974
   0.4142282
   0.4114001
   0.4118589
   0.4126286
   0.4170998
   0.4153732
   0.4135595
   0.41043
   0.4125244
   0.4169489
   0.4116187
   0.4124504
   0.4141771
   0.4128796
   0.4144722
   0.4126499
   0.4136857
   0.4117453
   0.4163092
   0.4144862
   0.4105891
   0.4124534
   0.4120594
   0.4148537
   0.41391
   0.4128141
   0.4114286
   0.4118949
   0.4151422
   0.4129668
   0.4124607
   0.4142038
   0.4126717
   0.4127761
   0.4136544
   0.4141982
   0.4130413
   0.4155888
   0.4125764
   0.4154936
   0.4133036
   0.4145501
   0.4159525
   0.4131747
   0.4155667
   0.415824
   0.4152707
   0.4146013
   0.4121681
   0.4127713
   0.4124171
   0.4132544
   0.4117347
   0.4099681
   0.4103854
   0.4116406
   0.4095834
   0.4072681
   0.4070595
   0.4026172
   0.4008213
   0.3970543
   0.3911438
   0.3858023
   0.3809441
   0.3720722
   0.3578745
   0.339335
   0.317352
   0.2884444
   0.2504601
   0.2018046
   0.1410444
