   0.047399
   0.0596332
   0.0679611
   0.0734908
   0.0769829
   0.0790326
   0.08042
   0.0813012
   0.0830599
   0.0828389
   0.0829629
   0.0832852
   0.083084
   0.0835153
   0.0828416
   0.082892
   0.0835861
   0.0835762
   0.0827366
   0.082433
   0.0833713
   0.083623
   0.083273
   0.0830411
   0.0834399
   0.0838095
   0.0828509
   0.083925
   0.0835138
   0.0839825
   0.0839136
   0.083135
   0.0834953
   0.0837638
   0.0831177
   0.0836582
   0.0830951
   0.0830849
   0.0831299
   0.0837419
   0.0831591
   0.0835481
   0.0834899
   0.083542
   0.0837876
   0.0832779
   0.0833818
   0.0833216
   0.0838173
   0.0838074
   0.0836333
   0.0834994
   0.0837579
   0.0836978
   0.0833337
   0.083119
   0.0832409
   0.0838792
   0.0840515
   0.0829245
   0.0837338
   0.0831532
   0.0834059
   0.0840153
   0.0837273
   0.0836708
   0.0831487
   0.0836169
   0.0839478
   0.0847584
   0.0838064
   0.0840658
   0.0834879
   0.0836099
   0.0836794
   0.083575
   0.0829358
   0.0836995
   0.0829862
   0.0835195
   0.083982
   0.0836908
   0.0836328
   0.0833598
   0.0831712
   0.0836103
   0.0831439
   0.0840921
   0.0835057
   0.0825317
   0.0825037
   0.0820738
   0.0817787
   0.0805826
   0.0791147
   0.0764323
   0.0734994
   0.0673701
   0.059114
   0.0471658
