   0.0202698
   0.0292759
   0.033937
   0.037146
   0.0389767
   0.04023
   0.0410312
   0.0412703
   0.0412066
   0.0413727
   0.0413653
   0.0414332
   0.0414949
   0.0416305
   0.0414908
   0.0415947
   0.0414349
   0.0415779
   0.0414945
   0.04167
   0.041578
   0.0417409
   0.0418321
   0.0415983
   0.0420656
   0.0416465
   0.0414099
   0.0415208
   0.0414681
   0.0415614
   0.0414643
   0.0418545
   0.0418464
   0.0416064
   0.0415481
   0.0415748
   0.0415066
   0.0416449
   0.0413654
   0.0415905
   0.0416069
   0.041778
   0.0413748
   0.0418032
   0.0414929
   0.0416016
   0.0416996
   0.0417139
   0.0416006
   0.0415536
   0.0416504
   0.0413788
   0.0414902
   0.0417426
   0.0416645
   0.041869
   0.0416915
   0.0419234
   0.0416756
   0.0419206
   0.0414475
   0.0416059
   0.0413395
   0.041587
   0.041625
   0.0417639
   0.0418572
   0.0414981
   0.0416402
   0.0416681
   0.0415872
   0.0415196
   0.0412491
   0.0413227
   0.0414961
   0.0415837
   0.0415345
   0.041638
   0.0416263
   0.0416771
   0.0414993
   0.0417149
   0.041774
   0.0418235
   0.041633
   0.0415995
   0.0415166
   0.041563
   0.0415986
   0.0415807
   0.0414305
   0.0413982
   0.0409802
   0.0408472
   0.0399687
   0.0389933
   0.0371023
   0.0342653
   0.0291101
   0.0204383
