   0.00951
   0.0108544
   0.0116549
   0.0118612
   0.0121488
   0.0122947
   0.0123886
   0.0124061
   0.012409
   0.0124206
   0.0123883
   0.0124428
   0.0124581
   0.0124502
   0.0124568
   0.0124522
   0.0125107
   0.0124654
   0.0124412
   0.0124069
   0.0124401
   0.0123899
   0.0124669
   0.0124545
   0.0124853
   0.0124743
   0.0125103
   0.0124366
   0.0124996
   0.0124748
   0.0124236
   0.0124012
   0.012428
   0.0124307
   0.0124145
   0.0124304
   0.0123746
   0.012481
   0.0124389
   0.012526
   0.0124558
   0.012544
   0.0124854
   0.0124111
   0.0124927
   0.0124345
   0.0124269
   0.0124357
   0.0124618
   0.0123929
   0.0124342
   0.0124349
   0.0123926
   0.0124267
   0.012406
   0.0124216
   0.0125345
   0.012485
   0.0124952
   0.0124736
   0.0124444
   0.0123991
   0.0125439
   0.0124454
   0.0124024
   0.0124465
   0.0125271
   0.0124472
   0.0123618
   0.0125327
   0.0124097
   0.0124823
   0.012426
   0.0124937
   0.0124413
   0.0124054
   0.012435
   0.0124389
   0.0124688
   0.0124437
   0.0124416
   0.0125411
   0.0124461
   0.0124025
   0.0124099
   0.0124807
   0.0125142
   0.0125071
   0.012423
   0.0124122
   0.0123977
   0.0124186
   0.0122915
   0.012461
   0.0122764
   0.0121913
   0.0118464
   0.0116231
   0.0108383
   0.0094968
