   0.0112983
   0.0146335
   0.0154155
   0.0155003
   0.015658
   0.0155274
   0.0155253
   0.0156074
   0.0155003
   0.0154635
   0.0155538
   0.0155843
   0.0155825
   0.0155102
   0.0155524
   0.0156441
   0.015683
   0.0155819
   0.0155959
   0.0155128
   0.0156523
   0.0155717
   0.0155216
   0.0155703
   0.0155668
   0.0155416
   0.0154964
   0.0154779
   0.0155475
   0.0154846
   0.0155609
   0.0155713
   0.0154483
   0.015565
   0.0156101
   0.0155704
   0.0155525
   0.0156256
   0.015564
   0.0155914
   0.0155936
   0.015638
   0.0155806
   0.0155424
   0.0155816
   0.0156323
   0.0155495
   0.0155496
   0.0155488
   0.0156364
   0.0156164
   0.0154718
   0.0155281
   0.0155091
   0.0155682
   0.0156402
   0.0156268
   0.0154905
   0.0155386
   0.0155856
   0.0155686
   0.0156815
   0.0155237
   0.0156156
   0.0155376
   0.0156449
   0.0156124
   0.0155107
   0.0155515
   0.0155763
   0.0155601
   0.0155575
   0.0154603
   0.0156279
   0.0155769
   0.0157539
   0.0155292
   0.0154729
   0.0154573
   0.0156118
   0.015436
   0.0156287
   0.0156412
   0.0155857
   0.0155096
   0.0156396
   0.0155956
   0.0155037
   0.0156417
   0.0155364
   0.0155561
   0.0155687
   0.0156525
   0.015559
   0.015468
   0.0155808
   0.0154922
   0.0154809
   0.0147173
   0.0112044
