   0.0107244
   0.0140523
   0.0158905
   0.0167523
   0.0173136
   0.0174266
   0.0174729
   0.0176346
   0.0176482
   0.0176194
   0.0176436
   0.0177041
   0.0176968
   0.0176163
   0.0176282
   0.0176555
   0.0176414
   0.0177064
   0.017829
   0.0177715
   0.0177121
   0.0177601
   0.0177542
   0.0176042
   0.0177188
   0.0177133
   0.0176869
   0.0176678
   0.0177226
   0.017586
   0.0176734
   0.0177357
   0.0177859
   0.0176003
   0.0177107
   0.0176572
   0.0177216
   0.01763
   0.0176534
   0.0176861
   0.0176278
   0.0176312
   0.0177064
   0.0176058
   0.0175729
   0.0177645
   0.0177051
   0.0175368
   0.0177231
   0.0176943
   0.0176321
   0.0177044
   0.0177632
   0.0177009
   0.0177347
   0.0177921
   0.0176843
   0.0177709
   0.0177883
   0.0176658
   0.0177251
   0.0177648
   0.0176559
   0.0176198
   0.0176005
   0.0176211
   0.0175766
   0.017625
   0.0176721
   0.0176414
   0.0175748
   0.0176714
   0.017658
   0.0177973
   0.0176919
   0.0176711
   0.017653
   0.0177034
   0.0178263
   0.0176722
   0.0177844
   0.0176306
   0.0177679
   0.0177199
   0.0177313
   0.0175913
   0.0176312
   0.0177544
   0.0176383
   0.0177407
   0.0177297
   0.0176032
   0.0176654
   0.0177794
   0.0174423
   0.0170822
   0.0168265
   0.016084
   0.0140661
   0.0106281
