   0.0879078
   0.1446907
   0.1668154
   0.1754688
   0.180508
   0.1837437
   0.1823593
   0.1835255
   0.1853964
   0.1855955
   0.1849899
   0.1855431
   0.186011
   0.1852338
   0.1856146
   0.1853228
   0.1854837
   0.1857186
   0.1849259
   0.1839933
   0.1847755
   0.1837551
   0.185064
   0.1850207
   0.1851417
   0.185405
   0.1848881
   0.1849814
   0.1847715
   0.1846042
   0.1852315
   0.1846256
   0.1837153
   0.1850507
   0.1852895
   0.1849523
   0.1841712
   0.1852497
   0.1859816
   0.1851922
   0.1857432
   0.1844718
   0.1851957
   0.1846468
   0.1860496
   0.1863449
   0.1845366
   0.1852365
   0.1842967
   0.1841519
   0.1847
   0.1841017
   0.186161
   0.1839561
   0.1842298
   0.1873907
   0.1853347
   0.1847321
   0.184686
   0.1852521
   0.1847425
   0.1842684
   0.1842738
   0.184698
   0.1861417
   0.1865503
   0.1864895
   0.1863809
   0.1852089
   0.1847056
   0.1854725
   0.1858874
   0.1859309
   0.1845646
   0.1846049
   0.1842192
   0.1831847
   0.1853513
   0.1842716
   0.1840099
   0.1836515
   0.1845001
   0.1862293
   0.1846755
   0.1848921
   0.1854362
   0.1852453
   0.1843624
   0.1847336
   0.1857867
   0.1866633
   0.1854966
   0.1856689
   0.1830792
   0.1826979
   0.1813305
   0.175746
   0.1649407
   0.1433272
   0.0880947
