   0.0
   0.0
   0.0
   0.0
   0.0
   0.0
   0.0
   0.0
   0.0
   0.0
   0.0
   0.0
   0.0
   0.0
   0.0
   0.0
   0.0
   0.0
   0.0
   0.0
   0.0
   0.0
   0.0
   0.0
   0.0
   0.0
   0.0
   0.0
   0.0
   0.0
   0.0
   0.0
   0.0
   0.0
   0.0
   0.0
   0.0
   0.0
   0.0
   0.0
   0.0
   0.0
   0.0
   0.0
   0.0
   0.0
   0.0
   0.0
   0.0
   0.0
   0.0
   0.0
   0.0
   0.0
   0.0
   0.0
   0.0
   0.0
   0.0
   0.0
   0.0
   0.0
   0.0
   0.0
   0.0
   0.0
   0.0
   0.0
   0.0
   0.0
   0.0
   0.0
   0.0
   0.0
   0.0
   0.0
   0.0
   0.0
   0.0
   0.0
   0.0
   0.0
   0.0
   0.0
   0.0
   0.0
   0.0
   0.0
   0.0
   0.0
   0.0
   0.0
   0.0
   0.0
   0.0
   0.0
   0.0
   0.0
   0.0
   0.0
   0.0
   0.0
   0.0
   0.0
   0.0
   0.0
   0.0
   0.0
   0.0
   0.0
   0.0
   0.0
   0.0
   0.0
   0.0
   0.0
   0.0
   0.0
   0.0
   0.0
   0.0
   0.0
   0.0
   0.0
   0.0
   0.0
   0.0
   0.0
   0.0
   0.0
   0.0
   0.0
   0.0
   0.0
   0.0
   0.0
   0.0
   0.0
   1e-07
   0.0
   0.0
   0.0
   0.0
   0.0
   0.0
   0.0
   0.0
   0.0
   0.0
   0.0
   0.0
   0.0
   1e-07
   0.0
   0.0
   0.0
   0.0
   0.0
   0.0
   1e-07
   4e-07
   0.0
   1e-07
   0.0
   0.0
   1e-07
   4e-07
   2e-07
   2e-07
   2e-07
   0.0
   1e-07
   0.0
   1e-07
   1e-07
   2e-07
   1e-07
   2e-07
   2e-07
   2e-07
   3e-07
   1e-07
   1e-07
   2e-07
   6e-07
   0.0
   2e-07
   3e-07
   3e-07
   4e-07
   7e-07
   2e-07
   3e-07
   4e-07
   2e-07
   4e-07
   3e-07
   4e-07
   8e-07
   5e-07
   6e-07
   7e-07
   3e-07
   3e-07
   7e-07
   7e-07
   9e-07
   1e-06
   7e-07
   1.3e-06
   9e-07
   9e-07
   8e-07
   1.3e-06
   1.1e-06
   1.5e-06
   1.5e-06
   2.5e-06
   1.7e-06
   1.5e-06
   1.7e-06
   2.1e-06
   1.1e-06
   1.5e-06
   3.5e-06
   1.5e-06
   2.5e-06
   2.2e-06
   2.9e-06
   2.8e-06
   2.9e-06
   3.1e-06
   4.4e-06
   3.1e-06
   4.1e-06
   3.8e-06
   4.3e-06
   4.4e-06
   4e-06
   4.9e-06
   6.5e-06
   5.5e-06
   6.3e-06
   7.2e-06
   7.7e-06
   7.1e-06
   8e-06
   9.3e-06
   6.9e-06
   1.09e-05
   9.7e-06
   1.05e-05
   1.11e-05
   9.9e-06
   1.2e-05
   1.38e-05
   1.29e-05
   1.51e-05
   1.55e-05
   1.62e-05
   1.76e-05
   1.89e-05
   1.52e-05
   1.87e-05
   2.28e-05
   2.27e-05
   2.73e-05
   2.64e-05
   2.99e-05
   3.39e-05
   3.17e-05
   3.4e-05
   3.47e-05
   4.14e-05
   3.87e-05
   3.98e-05
   4.23e-05
   4.83e-05
   5.1e-05
   5.55e-05
   5.85e-05
   6.22e-05
   6.9e-05
   6.97e-05
   8.1e-05
   7.42e-05
   8.46e-05
   8.64e-05
   9.15e-05
   9.64e-05
   0.000109
   0.0001091
   0.0001158
   0.0001155
   0.0001391
   0.0001447
   0.0001518
   0.0001537
   0.0001655
   0.0001828
   0.0001805
   0.0001979
   0.0002157
   0.0002263
   0.0002367
   0.0002473
   0.00026
   0.0002829
   0.0002974
   0.0003151
   0.0003333
   0.0003572
   0.0003787
   0.0003912
   0.0004188
   0.0004503
   0.0004656
   0.0005141
   0.0005397
   0.0005742
   0.0005961
   0.0006429
   0.0006632
   0.000711
   0.0007729
   0.000793
   0.0008442
   0.0009021
   0.0009597
   0.0010119
   0.001088
   0.0011455
   0.0012195
   0.0012941
   0.0013733
   0.0014321
   0.001542
   0.0016098
   0.0017292
   0.0018393
   0.001926
   0.0020364
   0.0021309
   0.0022869
   0.0024225
   0.0025835
   0.0027481
   0.0029359
   0.0030895
   0.0032835
   0.0034463
   0.0036922
   0.0039019
   0.0041176
   0.0043502
   0.00462
   0.0049081
   0.005229
   0.0055248
   0.0058859
   0.0062532
   0.006582
   0.0070206
   0.0074262
   0.0078085
   0.0083227
   0.0088253
   0.0093702
   0.0099898
   0.0104751
   0.0111207
   0.0118063
   0.0125726
   0.0133459
   0.0141094
   0.0149656
   0.0158522
   0.0167944
   0.0177945
   0.0188518
   0.0200029
   0.0212616
   0.022548
   0.023868
   0.0253908
   0.026849
   0.0284635
   0.0301301
   0.0320325
   0.0340006
   0.0359327
   0.0381195
   0.0404197
   0.0428264
   0.0455672
   0.0480626
   0.0504015
   0.0518143
   0.0528749
   0.0534205
   0.0534136
   0.0529778
   0.0519358
   0.0501018
   0.0480139
   0.0453298
   0.0428181
   0.0405112
   0.0382077
   0.0360223
   0.0339388
   0.0318614
   0.0302245
   0.0284852
   0.0269369
   0.0252994
   0.0238623
   0.0226303
   0.0212167
   0.0199886
   0.0188553
   0.0177948
   0.0167519
   0.0158557
   0.0149991
   0.0141448
   0.0133456
   0.0125355
   0.0118368
   0.0112461
   0.0104981
   0.0100012
   0.0093953
   0.0088008
   0.008407
   0.0079364
   0.0074681
   0.0070593
   0.0066074
   0.0062294
   0.0059047
   0.0055613
   0.0052037
   0.0049299
   0.0046801
   0.0043998
   0.0041732
   0.0039108
   0.0036764
   0.003431
   0.0032686
   0.0031145
   0.0029178
   0.0027422
   0.0025783
   0.0024454
   0.0022983
   0.0021845
   0.0020497
   0.0019476
   0.0018311
   0.00174
   0.0016264
   0.0015255
   0.0014462
   0.0013742
   0.0013096
   0.0012092
   0.001168
   0.0011136
   0.0010263
   0.0009554
   0.0009128
   0.0008501
   0.0008196
   0.0007626
   0.000713
   0.0006728
   0.0006415
   0.0006026
   0.0005737
   0.000541
   0.0005079
   0.0004699
   0.0004734
   0.0004209
   0.0004013
   0.0003831
   0.0003475
   0.0003342
   0.0003135
   0.0002971
   0.0002839
   0.0002627
   0.0002394
   0.0002378
   0.0002185
   0.0002068
   0.0001962
   0.0001854
   0.0001783
   0.0001589
   0.0001588
   0.0001446
   0.0001472
   0.0001299
   0.0001361
   0.0001185
   0.0001117
   9.83e-05
   0.0001016
   9.6e-05
   9.33e-05
   8.21e-05
   7.95e-05
   7.58e-05
   6.89e-05
   6.86e-05
   5.59e-05
   6.52e-05
   5.78e-05
   4.94e-05
   4.68e-05
   4.05e-05
   4.34e-05
   3.89e-05
   4.14e-05
   3.73e-05
   3.05e-05
   2.71e-05
   3.21e-05
   3.2e-05
   2.42e-05
   3.03e-05
   2.13e-05
   2.21e-05
   2.28e-05
   2.15e-05
   2.32e-05
   1.78e-05
   1.72e-05
   1.71e-05
   1.77e-05
   1.47e-05
   1.36e-05
   1.06e-05
   1.21e-05
   1.06e-05
   1.32e-05
   9.8e-06
   1e-05
   8.7e-06
   9e-06
   9.1e-06
   7.2e-06
   7e-06
   7.4e-06
   6.7e-06
   7e-06
   5.2e-06
   5e-06
   5.7e-06
   6.2e-06
   6e-06
   5.1e-06
   4.1e-06
   4.2e-06
   4.3e-06
   3.3e-06
   3.4e-06
   3.9e-06
   3e-06
   2.9e-06
   3.4e-06
   3.1e-06
   2.3e-06
   2.8e-06
   1.2e-06
   2e-06
   1.5e-06
   2.2e-06
   1.5e-06
   2e-06
   2.5e-06
   1.6e-06
   1.9e-06
   1.6e-06
   7e-07
   8e-07
   9e-07
   7e-07
   9e-07
   1.1e-06
   1.5e-06
   1.2e-06
   8e-07
   8e-07
   4e-07
   5e-07
   6e-07
   3e-07
   3e-07
   5e-07
   5e-07
   2e-07
   3e-07
   3e-07
   5e-07
   3e-07
   3e-07
   4e-07
   1e-07
   5e-07
   3e-07
   1e-07
   3e-07
   3e-07
   0.0
   2e-07
   2e-07
   1e-07
   0.0
   2e-07
   0.0
   0.0
   1e-07
   1e-07
   0.0
   0.0
   0.0
   3e-07
   1e-07
   1e-07
   2e-07
   0.0
   0.0
   0.0
   1e-07
   0.0
   1e-07
   2e-07
   3e-07
   1e-07
   0.0
   0.0
   0.0
   0.0
   1e-07
   1e-07
   0.0
   1e-07
   0.0
   0.0
   0.0
   0.0
   0.0
   0.0
   0.0
   0.0
   0.0
   0.0
   0.0
   0.0
   0.0
   0.0
   0.0
   0.0
   0.0
   0.0
   0.0
   0.0
   0.0
   1e-07
   1e-07
   0.0
   1e-07
   0.0
   1e-07
   2e-07
   0.0
   4e-07
   0.0
   0.0
   0.0
   0.0
   0.0
   0.0
   0.0
   0.0
   0.0
   0.0
   0.0
   0.0
   0.0
   0.0
   0.0
   0.0
   0.0
   0.0
   0.0
   0.0
   0.0
   0.0
   0.0
   0.0
   0.0
   0.0
   0.0
   0.0
   0.0
   0.0
   0.0
   0.0
   0.0
   0.0
   0.0
   0.0
   0.0
   0.0
   0.0
   0.0
   0.0
   0.0
   0.0
   0.0
   0.0
   0.0
   0.0
   0.0
   0.0
   0.0
   0.0
   0.0
   0.0
   0.0
   0.0
   0.0
   0.0
   0.0
   0.0
   0.0
   0.0
   0.0
   0.0
   0.0
   0.0
   0.0
   0.0
   0.0
   0.0
   0.0
   0.0
   0.0
   0.0
   0.0
   0.0
   0.0
   0.0
   0.0
   0.0
   0.0
   0.0
   0.0
   0.0
   0.0
   0.0
   0.0
   0.0
   0.0
   0.0
   0.0
   0.0
   0.0
   0.0
   0.0
   0.0
   0.0
   0.0
   0.0
   0.0
   0.0
   0.0
   0.0
   0.0
   0.0
   0.0
   0.0
   0.0
   0.0
   0.0
   0.0
   0.0
   0.0
   0.0
   0.0
   0.0
   0.0
   0.0
   0.0
   0.0
