   0.123718
   0.227428
   0.325614
   0.412476
   0.499012
   0.562891
   0.621572
   0.662618
   0.695384
   0.722285
   0.744115
   0.776113
   0.782588
   0.800579
   0.809517
   0.81222
   0.824163
   0.836576
   0.840652
   0.840268
   0.840404
   0.851746
   0.862531
   0.853271
   0.861534
   0.860563
   0.862406
   0.86498
   0.860582
   0.860007
   0.861358
   0.860538
   0.859715
   0.858639
   0.866989
   0.856047
   0.851925
   0.858732
   0.858111
   0.853641
   0.857536
   0.857448
   0.855377
   0.856009
   0.881948
   0.863792
   0.860961
   0.861539
   0.866855
   0.864659
   0.857219
   0.864785
   0.855673
   0.851517
   0.853864
   0.852902
   0.863155
   0.862079
   0.863141
   0.859991
   0.857074
   0.862365
   0.861631
   0.852296
   0.845749
   0.855381
   0.858233
   0.851591
   0.850335
   0.858842
   0.858083
   0.855739
   0.857644
   0.859867
   0.85531
   0.856367
   0.854812
   0.850462
   0.850864
   0.846492
   0.841314
   0.827404
   0.831149
   0.830408
   0.813112
   0.812233
   0.797606
   0.776835
   0.764514
   0.749162
   0.730436
   0.700263
   0.665625
   0.612668
   0.558222
   0.49285
   0.417166
   0.327079
   0.23017
   0.125403
