   0.0311646
   0.0386638
   0.0411799
   0.0418699
   0.0420176
   0.0418044
   0.0421552
   0.0423165
   0.0419345
   0.0421481
   0.0422525
   0.0418765
   0.0420673
   0.0423633
   0.0421022
   0.0422502
   0.042336
   0.0420461
   0.0419139
   0.0421701
   0.0419988
   0.0421022
   0.0421578
   0.0425246
   0.0420053
   0.0419292
   0.0423019
   0.042162
   0.0422868
   0.0421083
   0.0421355
   0.0421907
   0.0420707
   0.0422698
   0.0418408
   0.042364
   0.0422504
   0.0418475
   0.042281
   0.0422015
   0.042411
   0.0424685
   0.0424663
   0.0421602
   0.042414
   0.0423898
   0.0421533
   0.0421068
   0.042038
   0.0423069
   0.0420472
   0.0421299
   0.0423415
   0.0423225
   0.0421004
   0.0421458
   0.0421648
   0.0420129
   0.0420901
   0.0423497
   0.0418852
   0.0420902
   0.0420684
   0.0421643
   0.0420362
   0.0421
   0.0421747
   0.042297
   0.0421229
   0.0424484
   0.0422987
   0.0422088
   0.0419701
   0.0420346
   0.0420923
   0.0423621
   0.0424259
   0.0421728
   0.0420936
   0.0421819
   0.04236
   0.0417837
   0.0424058
   0.0419361
   0.0419994
   0.0420366
   0.0425591
   0.0420603
   0.0424386
   0.0419645
   0.0420932
   0.042048
   0.0419665
   0.0416181
   0.0418831
   0.0421662
   0.0417303
   0.0408608
   0.0383275
   0.0311988
