   0.711534
   1.212388
   1.759936
   2.318017
   2.873961
   3.438413
   3.978604
   4.472691
   4.91847
   5.379856
   5.802422
   6.214999
   6.559768
   6.839066
   7.156899
   7.45844
   7.635393
   7.889772
   8.067626
   8.208724
   8.430048
   8.610502
   8.737259
   8.809856
   8.952251
   9.077498
   9.143807
   9.266873
   9.329561
   9.346156
   9.4494
   9.492817
   9.596375
   9.549711
   9.59893
   9.701859
   9.797301
   9.816725
   9.908307
   9.896607
   9.826758
   9.892873
   9.905698
   9.904388
   9.934113
   9.979681
   9.915115
   10.041194
   9.980123
   10.02783
   9.970761
   9.981512
   9.988595
   10.032128
   9.913517
   9.938456
   9.935951
   9.893644
   9.827262
   9.774968
   9.788608
   9.818424
   9.764629
   9.795358
   9.759615
   9.68982
   9.676752
   9.582361
   9.555874
   9.455594
   9.372699
   9.335828
   9.210187
   9.135209
   9.053741
   8.956243
   8.879453
   8.679061
   8.599547
   8.393444
   8.251957
   8.035927
   7.936641
   7.627858
   7.378543
   7.165756
   6.836264
   6.455856
   6.136281
   5.719112
   5.343145
   4.893161
   4.415054
   3.943245
   3.42016
   2.866564
   2.282494
   1.727468
   1.203607
   0.721895
