   1.13223
   2.51706
   4.3311
   6.51328
   9.05243
   11.85554
   14.87079
   18.22601
   21.57754
   24.75654
   28.52983
   31.95083
   35.52046
   38.85466
   42.36235
   46.37498
   50.05695
   53.61126
   57.23745
   60.62474
   64.19904
   67.7583
   70.22355
   74.06133
   77.25636
   80.27169
   83.13637
   85.91745
   88.21895
   91.02218
   93.57092
   96.0791
   98.62425
   101.63509
   104.29719
   107.33441
   108.42993
   109.82627
   110.45681
   112.9018
   115.21197
   116.13701
   116.07637
   117.16149
   118.2945
   118.36843
   119.59838
   121.44744
   121.44624
   122.06082
   121.57991
   121.47068
   121.22884
   120.71856
   119.80031
   119.5159
   118.85256
   117.78645
   116.70635
   115.42665
   113.16521
   111.85387
   110.69752
   108.54497
   106.53961
   104.99605
   103.32483
   101.06869
   98.13733
   96.38365
   93.74899
   90.57402
   87.39906
   84.90745
   81.44067
   78.21078
   75.51695
   71.87259
   68.37763
   65.44446
   60.88516
   57.5635
   53.7651
   50.06024
   46.76817
   43.30545
   39.67417
   35.59459
   32.00113
   28.49622
   24.92957
   21.47088
   18.09247
   14.96843
   12.07593
   9.06182
   6.54604
   4.33757
   2.5461
   1.16756
