   0.0731165
   0.0972085
   0.1143681
   0.1256925
   0.1336091
   0.1404942
   0.1442698
   0.1475821
   0.1497015
   0.1498491
   0.1511397
   0.1516674
   0.1534696
   0.1526653
   0.1533854
   0.1524894
   0.1524667
   0.1543641
   0.153933
   0.1530543
   0.1530327
   0.1530291
   0.1522711
   0.1526149
   0.1539597
   0.1538075
   0.1539276
   0.1544033
   0.1532645
   0.1533014
   0.1530249
   0.1531127
   0.1543283
   0.1540757
   0.1533708
   0.1532405
   0.1531879
   0.1533115
   0.1546634
   0.1541992
   0.1535514
   0.1523353
   0.1532237
   0.1533954
   0.1546384
   0.1532361
   0.1534654
   0.1543636
   0.1538527
   0.1537302
   0.153999
   0.1532489
   0.1546018
   0.1546065
   0.1541675
   0.154736
   0.1542746
   0.1547026
   0.1532293
   0.1532275
   0.1529483
   0.1537413
   0.1530582
   0.1538581
   0.1522306
   0.1534158
   0.1537833
   0.1537755
   0.1532555
   0.1539584
   0.1533411
   0.1534353
   0.1537128
   0.1523095
   0.1533282
   0.1530933
   0.1531751
   0.1538235
   0.1528789
   0.1527784
   0.1524485
   0.1534032
   0.1536916
   0.1531612
   0.152965
   0.1525773
   0.1534936
   0.1529363
   0.1521326
   0.1516896
   0.1519539
   0.1498144
   0.1479301
   0.1443535
   0.1404546
   0.1337279
   0.1255861
   0.1142788
   0.0966677
   0.073065
