   0.0086169
   0.0097469
   0.0101621
   0.0102045
   0.0102395
   0.0102237
   0.0102748
   0.0102188
   0.0102189
   0.0102999
   0.0102089
   0.0101762
   0.0103101
   0.0102831
   0.0102451
   0.0102415
   0.0102027
   0.0102228
   0.0102051
   0.0102196
   0.0101854
   0.0101973
   0.0102431
   0.0102895
   0.0102231
   0.0101812
   0.0102271
   0.0102366
   0.0102264
   0.0102981
   0.0102525
   0.0102753
   0.0102649
   0.0102709
   0.0102158
   0.0101787
   0.0102358
   0.0102751
   0.0102437
   0.0102425
   0.0102409
   0.010231
   0.0102095
   0.010216
   0.0102666
   0.0102633
   0.0102474
   0.010282
   0.01021
   0.0101946
   0.0102505
   0.0102794
   0.0102621
   0.0102235
   0.0103203
   0.0102394
   0.0102056
   0.010273
   0.0102507
   0.0102396
   0.0102313
   0.0102293
   0.0101729
   0.0102455
   0.0102717
   0.0102899
   0.0102318
   0.0102595
   0.010325
   0.010226
   0.0101896
   0.010229
   0.0101804
   0.0102658
   0.0102727
   0.0102667
   0.0102269
   0.0101917
   0.0102665
   0.0102737
   0.0102712
   0.010253
   0.0102514
   0.010312
   0.0102771
   0.0102348
   0.010239
   0.0101933
   0.0102211
   0.0102531
   0.0102729
   0.0102621
   0.0102859
   0.0102119
   0.0102194
   0.0101592
   0.0102359
   0.0100933
   0.0097815
   0.008627
