   0.0141352
   0.0187883
   0.0195164
   0.0200593
   0.0201495
   0.0202989
   0.0201769
   0.0201611
   0.0200139
   0.0201671
   0.0200577
   0.0200401
   0.0200045
   0.0201095
   0.0202068
   0.0200664
   0.0200471
   0.0200557
   0.020037
   0.0198988
   0.0200026
   0.0199501
   0.0203149
   0.0199861
   0.0202077
   0.0200544
   0.0200213
   0.0202
   0.0201641
   0.0199394
   0.0201312
   0.0199473
   0.0199646
   0.0199548
   0.0199471
   0.0199703
   0.0200072
   0.0201215
   0.0201416
   0.0201368
   0.0200222
   0.0199365
   0.0198223
   0.0201362
   0.020113
   0.0198998
   0.0200704
   0.0201261
   0.0200324
   0.0199304
   0.020153
   0.0199243
   0.0200891
   0.0201213
   0.0199385
   0.0200298
   0.0201247
   0.0200547
   0.0199791
   0.0200156
   0.0199686
   0.0200645
   0.0201414
   0.0200805
   0.0200981
   0.0200139
   0.0200516
   0.0200436
   0.0201255
   0.020026
   0.0199667
   0.0199011
   0.0200911
   0.0200334
   0.0201532
   0.0200927
   0.0200667
   0.0202858
   0.0200244
   0.0200238
   0.020033
   0.0201648
   0.0200172
   0.0201219
   0.0201753
   0.0200748
   0.0199903
   0.0201304
   0.0200578
   0.0199921
   0.0201459
   0.0201126
   0.0200477
   0.0201044
   0.0200289
   0.0199746
   0.0199602
   0.0199281
   0.0186411
   0.0141417
