   0.023633
   0.0333725
   0.0358318
   0.0367636
   0.036866
   0.0369144
   0.0369472
   0.0371304
   0.0371485
   0.0365658
   0.0369262
   0.0371343
   0.0372841
   0.0370604
   0.036917
   0.0372892
   0.0367976
   0.0368208
   0.0368169
   0.0368233
   0.0371448
   0.0369228
   0.0368118
   0.0371088
   0.0370314
   0.0373163
   0.036791
   0.037018
   0.0370513
   0.0371199
   0.0371678
   0.0366518
   0.0372293
   0.0367458
   0.0369003
   0.0371478
   0.0371801
   0.0370994
   0.0367604
   0.0369175
   0.0368739
   0.0367455
   0.0368349
   0.0368663
   0.0369426
   0.0367573
   0.0372871
   0.0368883
   0.0369021
   0.0369027
   0.0370476
   0.0370914
   0.0371405
   0.0367495
   0.0368374
   0.0369176
   0.0370435
   0.0370721
   0.0368002
   0.0370279
   0.0370963
   0.0372148
   0.0369094
   0.0371024
   0.0368398
   0.0368636
   0.036745
   0.0368431
   0.0370508
   0.0370873
   0.0365635
   0.0366351
   0.0370139
   0.0370039
   0.0369586
   0.0368958
   0.0375186
   0.0372184
   0.0370879
   0.0371187
   0.0372497
   0.0368322
   0.0368248
   0.0370465
   0.0368228
   0.0368691
   0.0368314
   0.0365756
   0.0371384
   0.0366677
   0.0371306
   0.0365305
   0.0366911
   0.0366477
   0.0365692
   0.0367348
   0.0363935
   0.0354384
   0.0330572
   0.0236819
