   0.360204
   0.733393
   1.174181
   1.661646
   2.145549
   2.639131
   3.130727
   3.615562
   4.044313
   4.464248
   4.853457
   5.188098
   5.531506
   5.834149
   6.108735
   6.361729
   6.615193
   6.852486
   7.038466
   7.170608
   7.324818
   7.439079
   7.547908
   7.656571
   7.72897
   7.875511
   7.971861
   8.017664
   8.108541
   8.160423
   8.188366
   8.223891
   8.261607
   8.28918
   8.304971
   8.428116
   8.465589
   8.498634
   8.576126
   8.617902
   8.634693
   8.604051
   8.654911
   8.637592
   8.6729
   8.637044
   8.65922
   8.638694
   8.649117
   8.658822
   8.716842
   8.751517
   8.702821
   8.703872
   8.692138
   8.693401
   8.673767
   8.633577
   8.670538
   8.636478
   8.600764
   8.592386
   8.558837
   8.464201
   8.425309
   8.455049
   8.41069
   8.402391
   8.313425
   8.250763
   8.235936
   8.143416
   8.063583
   7.991935
   7.887302
   7.830001
   7.680115
   7.547008
   7.450143
   7.323042
   7.089273
   6.928528
   6.760224
   6.553165
   6.340373
   6.114766
   5.824813
   5.494529
   5.184054
   4.849796
   4.466071
   4.029005
   3.597241
   3.130113
   2.652399
   2.151074
   1.676557
   1.183565
   0.734444
   0.357835
