   0.017315
   0.0206008
   0.0214826
   0.0215872
   0.0217197
   0.0217202
   0.0219774
   0.022019
   0.0217193
   0.0218815
   0.0217951
   0.0219975
   0.021757
   0.0217359
   0.0219625
   0.0220983
   0.0219425
   0.0219941
   0.0220229
   0.0219197
   0.0219766
   0.0217559
   0.021767
   0.0218927
   0.0217981
   0.0218129
   0.0218629
   0.021533
   0.0218052
   0.0218394
   0.0219625
   0.0219193
   0.0218506
   0.0219328
   0.0220022
   0.0220312
   0.0216479
   0.0218908
   0.0220113
   0.0219482
   0.0219842
   0.0219351
   0.0219141
   0.0219163
   0.0218274
   0.0219708
   0.021773
   0.0219349
   0.0216576
   0.0220083
   0.0217675
   0.0217099
   0.0218312
   0.0218123
   0.0218223
   0.0220639
   0.0217733
   0.0219423
   0.0216271
   0.0218148
   0.0219827
   0.0219278
   0.0217981
   0.0219189
   0.0218757
   0.0217968
   0.0217678
   0.0217366
   0.0219278
   0.0218225
   0.0218625
   0.022055
   0.0221185
   0.0218814
   0.0219526
   0.0220224
   0.0219905
   0.022086
   0.0219531
   0.0220144
   0.0219079
   0.0219433
   0.0220046
   0.0218295
   0.0218528
   0.0217975
   0.021891
   0.0219473
   0.0218354
   0.0218905
   0.0219723
   0.0218794
   0.0217063
   0.0220407
   0.0218548
   0.0219028
   0.0216414
   0.0214924
   0.0205962
   0.017421
