   0.0
   0.0
   0.0
   0.0
   0.0
   0.0
   0.0
   0.0
   0.0
   0.0
   0.0
   0.0
   0.0
   0.0
   0.0
   0.0
   0.0
   0.0
   0.0
   0.0
   0.0
   0.0
   0.0
   0.0
   0.0
   0.0
   0.0
   0.0
   0.0
   0.0
   0.0
   0.0
   0.0
   0.0
   0.0
   0.0
   0.0
   0.0
   0.0
   0.0
   0.0
   0.0
   0.0
   0.0
   0.0
   0.0
   0.0
   1e-07
   0.0
   0.0
   0.0
   0.0
   0.0
   0.0
   0.0
   0.0
   1e-07
   0.0
   0.0
   0.0
   0.0
   0.0
   1e-07
   0.0
   0.0
   0.0
   0.0
   1e-07
   0.0
   3e-07
   0.0
   1e-07
   1e-07
   1e-07
   1e-07
   2e-07
   0.0
   0.0
   1e-07
   1e-07
   0.0
   0.0
   1e-07
   2e-07
   0.0
   1e-07
   0.0
   0.0
   1e-07
   0.0
   4e-07
   0.0
   0.0
   0.0
   0.0
   1e-07
   1e-07
   2e-07
   3e-07
   1e-07
   0.0
   1e-07
   3e-07
   0.0
   2e-07
   2e-07
   0.0
   0.0
   1e-07
   2e-07
   0.0
   1e-07
   2e-07
   1e-07
   3e-07
   1e-07
   1e-07
   0.0
   3e-07
   1e-07
   0.0
   7e-07
   0.0
   2e-07
   4e-07
   2e-07
   2e-07
   3e-07
   6e-07
   2e-07
   4e-07
   2e-07
   9e-07
   1e-06
   7e-07
   7e-07
   1e-06
   2e-07
   1.3e-06
   1.2e-06
   7e-07
   1e-07
   8e-07
   1e-06
   9e-07
   9e-07
   9e-07
   1.6e-06
   1.5e-06
   1.3e-06
   1.5e-06
   1e-06
   7e-07
   1.1e-06
   1.2e-06
   8e-07
   1e-06
   2e-06
   1.2e-06
   1.4e-06
   1.4e-06
   2.9e-06
   2e-06
   2.6e-06
   1.1e-06
   2.1e-06
   2.5e-06
   2.2e-06
   2.6e-06
   4.2e-06
   2.7e-06
   2.4e-06
   1.9e-06
   2.2e-06
   2.7e-06
   3.4e-06
   3.4e-06
   2.8e-06
   2.3e-06
   3.9e-06
   3.2e-06
   3.8e-06
   3.9e-06
   4.7e-06
   5.9e-06
   4.7e-06
   5.9e-06
   5e-06
   6.7e-06
   5.7e-06
   6.6e-06
   6e-06
   6.2e-06
   6.8e-06
   8.2e-06
   8.3e-06
   6.4e-06
   7.6e-06
   8.6e-06
   9.3e-06
   1.03e-05
   1.17e-05
   1.13e-05
   1.09e-05
   1.26e-05
   1.38e-05
   1.4e-05
   1.33e-05
   1.45e-05
   1.49e-05
   1.87e-05
   1.58e-05
   1.55e-05
   1.77e-05
   1.99e-05
   2.27e-05
   1.81e-05
   2.01e-05
   2.21e-05
   2.65e-05
   2.88e-05
   2.37e-05
   2.68e-05
   3.02e-05
   3.22e-05
   3.32e-05
   2.89e-05
   3.29e-05
   4.11e-05
   3.83e-05
   3.79e-05
   4.47e-05
   4.39e-05
   4.89e-05
   4.64e-05
   4.26e-05
   5.3e-05
   5.17e-05
   5.83e-05
   6.1e-05
   5.74e-05
   6.73e-05
   6.86e-05
   7.15e-05
   7.06e-05
   7.81e-05
   8.14e-05
   8.38e-05
   8.96e-05
   8.93e-05
   9.98e-05
   9.94e-05
   0.0001019
   0.0001136
   0.0001159
   0.0001182
   0.0001238
   0.0001378
   0.0001446
   0.0001495
   0.0001522
   0.000147
   0.0001673
   0.0001751
   0.0001876
   0.0001971
   0.0001922
   0.0001993
   0.0002276
   0.000228
   0.0002301
   0.0002587
   0.0002522
   0.0002702
   0.0002851
   0.0002977
   0.000315
   0.0003252
   0.0003438
   0.0003597
   0.0003718
   0.0003926
   0.0004037
   0.00043
   0.000455
   0.0004573
   0.0004939
   0.0005047
   0.0005524
   0.0005539
   0.0005866
   0.0006186
   0.0006548
   0.0006863
   0.0007056
   0.0007478
   0.0007781
   0.0008
   0.0008291
   0.0008908
   0.0009262
   0.0009812
   0.0010176
   0.001082
   0.0011048
   0.0011631
   0.0012054
   0.0012676
   0.0013355
   0.0013722
   0.001432
   0.0015195
   0.0016141
   0.0016714
   0.0017235
   0.001804
   0.0019131
   0.0020148
   0.0020941
   0.0021997
   0.0023012
   0.0024262
   0.0024935
   0.0026016
   0.0027392
   0.0028625
   0.0029907
   0.0031658
   0.0032701
   0.0034564
   0.0035975
   0.0037978
   0.0039538
   0.0041138
   0.0043482
   0.0045291
   0.0047307
   0.0049905
   0.005181
   0.0054186
   0.0056162
   0.0059559
   0.0061808
   0.0065699
   0.0068324
   0.0070915
   0.0074962
   0.0078268
   0.0082121
   0.0085089
   0.0089604
   0.0093477
   0.0097338
   0.0103315
   0.0107681
   0.0112287
   0.0117662
   0.0123064
   0.012825
   0.0133711
   0.0140163
   0.0146932
   0.0153152
   0.0161192
   0.0167748
   0.0176347
   0.018513
   0.0192842
   0.0202361
   0.0210498
   0.0221994
   0.0231401
   0.024229
   0.025326
   0.0265025
   0.0276293
   0.029107
   0.0302481
   0.0317317
   0.0331116
   0.0348397
   0.0363689
   0.0379796
   0.0398816
   0.0416008
   0.0436169
   0.0454765
   0.0476485
   0.0499044
   0.052053
   0.0544707
   0.0571973
   0.0598843
   0.0626705
   0.0655441
   0.068405
   0.0707054
   0.0725092
   0.0738546
   0.0745593
   0.0743702
   0.0739838
   0.0726329
   0.0707968
   0.0684524
   0.0653513
   0.0625117
   0.0598841
   0.0572638
   0.0547902
   0.052292
   0.0498347
   0.0476794
   0.0456712
   0.0435288
   0.0415113
   0.0398166
   0.0381477
   0.0364445
   0.0347586
   0.0332306
   0.0316115
   0.0303473
   0.0291097
   0.0274982
   0.0264409
   0.0252741
   0.0241055
   0.0231402
   0.0221097
   0.0212082
   0.0201164
   0.0191906
   0.0184122
   0.017668
   0.0169031
   0.0161584
   0.0153353
   0.0147981
   0.0140562
   0.0133788
   0.0128703
   0.0122483
   0.0117491
   0.011289
   0.010735
   0.0102033
   0.0097927
   0.0093794
   0.008868
   0.0085872
   0.008185
   0.0078468
   0.0074675
   0.0070956
   0.0068324
   0.0065506
   0.0062286
   0.0059484
   0.0056412
   0.0054911
   0.0052403
   0.0050075
   0.0047642
   0.0045153
   0.0043651
   0.0041354
   0.0039806
   0.0037856
   0.0035884
   0.0034333
   0.003309
   0.0031522
   0.0029665
   0.0028924
   0.0027754
   0.0026172
   0.0025186
   0.0024125
   0.0022916
   0.0021854
   0.002066
   0.0019873
   0.0019212
   0.001812
   0.0017743
   0.0016705
   0.0015771
   0.0015032
   0.0014699
   0.0013919
   0.0013325
   0.0012815
   0.0012323
   0.0011677
   0.0011149
   0.0010686
   0.0010102
   0.0010047
   0.0009359
   0.0008924
   0.0008579
   0.0007865
   0.000802
   0.0007409
   0.0007048
   0.0006873
   0.0006365
   0.0006179
   0.0005704
   0.0005669
   0.0005484
   0.0005162
   0.0005011
   0.0004654
   0.0004547
   0.0004457
   0.0004034
   0.0003962
   0.0003749
   0.0003675
   0.0003317
   0.000333
   0.0003042
   0.0003017
   0.0002891
   0.0002799
   0.0002494
   0.0002586
   0.00024
   0.0002335
   0.0002246
   0.0002168
   0.0001959
   0.0001875
   0.0001741
   0.0001681
   0.0001786
   0.0001561
   0.0001553
   0.0001352
   0.0001355
   0.0001335
   0.0001301
   0.0001158
   0.0001091
   0.0001138
   0.0001101
   0.0001023
   9.09e-05
   9.26e-05
   9.27e-05
   7.78e-05
   8.07e-05
   8.19e-05
   7.13e-05
   7.22e-05
   6.81e-05
   6e-05
   6.55e-05
   5.96e-05
   5.6e-05
   4.92e-05
   4.6e-05
   4.84e-05
   4.58e-05
   4.22e-05
   4.29e-05
   4.62e-05
   3.83e-05
   3.59e-05
   3.74e-05
   3.18e-05
   3.41e-05
   2.8e-05
   3.12e-05
   2.68e-05
   2.71e-05
   2.22e-05
   2.57e-05
   2.19e-05
   2.15e-05
   2.18e-05
   2.18e-05
   1.66e-05
   1.77e-05
   1.57e-05
   1.49e-05
   1.76e-05
   1.37e-05
   1.38e-05
   1.21e-05
   1.32e-05
   1.29e-05
   1.4e-05
   1.21e-05
   1.43e-05
   9.2e-06
   8.5e-06
   1.2e-05
   7.7e-06
   1.17e-05
   1.01e-05
   7.5e-06
   8e-06
   7.2e-06
   9.5e-06
   7.7e-06
   5.9e-06
   6.7e-06
   4.8e-06
   5.2e-06
   5.1e-06
   4.8e-06
   3.9e-06
   3.6e-06
   4.4e-06
   5.4e-06
   4.5e-06
   4.1e-06
   4e-06
   1.6e-06
   3.1e-06
   2.8e-06
   3.2e-06
   2.7e-06
   2.9e-06
   3.3e-06
   3e-06
   3e-06
   2.7e-06
   2.3e-06
   1.9e-06
   2.5e-06
   2.6e-06
   1.6e-06
   1.8e-06
   1.2e-06
   1.7e-06
   2e-06
   1.5e-06
   1e-06
   1e-06
   1.8e-06
   1e-06
   8e-07
   1.1e-06
   1.3e-06
   1.3e-06
   6e-07
   9e-07
   5e-07
   1.1e-06
   8e-07
   3e-07
   5e-07
   4e-07
   5e-07
   4e-07
   7e-07
   1.2e-06
   4e-07
   9e-07
   6e-07
   5e-07
   7e-07
   4e-07
   4e-07
   2e-07
   6e-07
   3e-07
   3e-07
   5e-07
   0.0
   3e-07
   4e-07
   1e-07
   4e-07
   2e-07
   2e-07
   5e-07
   0.0
   1e-07
   2e-07
   1e-07
   1e-07
   1e-07
   2e-07
   1e-07
   3e-07
   1e-07
   1e-07
   1e-07
   0.0
   0.0
   2e-07
   1e-07
   1e-07
   2e-07
   0.0
   1e-07
   0.0
   0.0
   1e-07
   2e-07
   0.0
   1e-07
   1e-07
   1e-07
   1e-07
   0.0
   1e-07
   0.0
   1e-07
   0.0
   0.0
   0.0
   1e-07
   0.0
   0.0
   0.0
   0.0
   2e-07
   0.0
   0.0
   2e-07
   0.0
   0.0
   1e-07
   0.0
   0.0
   0.0
   0.0
   0.0
   0.0
   0.0
   0.0
   0.0
   0.0
   1e-07
   1e-07
   0.0
   1e-07
   0.0
   0.0
   0.0
   0.0
   0.0
   0.0
   0.0
   0.0
   0.0
   1e-07
   0.0
   0.0
   0.0
   0.0
   0.0
   0.0
   0.0
   0.0
   0.0
   0.0
   0.0
   0.0
   0.0
   0.0
   0.0
   0.0
   0.0
   0.0
   0.0
   0.0
   0.0
   0.0
   0.0
   0.0
   0.0
   0.0
   0.0
   0.0
   0.0
   0.0
   0.0
   0.0
   0.0
   0.0
   0.0
   0.0
   0.0
   0.0
   0.0
   0.0
   0.0
   0.0
   0.0
   0.0
   0.0
   0.0
   0.0
