   0.0
   0.0
   0.0
   0.0
   0.0
   0.0
   0.0
   0.0
   0.0
   0.0
   0.0
   0.0
   0.0
   0.0
   0.0
   0.0
   0.0
   0.0
   0.0
   0.0
   0.0
   0.0
   0.0
   0.0
   0.0
   0.0
   0.0
   0.0
   0.0
   0.0
   0.0
   0.0
   0.0
   0.0
   0.0
   0.0
   0.0
   0.0
   0.0
   0.0
   0.0
   0.0
   0.0
   0.0
   0.0
   0.0
   0.0
   0.0
   0.0
   0.0
   0.0
   0.0
   0.0
   0.0
   0.0
   0.0
   0.0
   0.0
   0.0
   0.0
   0.0
   0.0
   0.0
   0.0
   0.0
   0.0
   0.0
   0.0
   0.0
   0.0
   0.0
   0.0
   0.0
   0.0
   0.0
   0.0
   0.0
   0.0
   0.0
   0.0
   0.0
   0.0
   0.0
   0.0
   0.0
   0.0
   0.0
   0.0
   0.0
   0.0
   0.0
   0.0
   0.0
   0.0
   0.0
   0.0
   0.0
   0.0
   0.0
   0.0
   0.0
   0.0
   0.0
   0.0
   0.0
   0.0
   0.0
   0.0
   0.0
   0.0
   0.0
   0.0
   0.0
   0.0
   0.0
   0.0
   0.0
   0.0
   0.0
   0.0
   0.0
   0.0
   0.0
   0.0
   0.0
   0.0
   0.0
   0.0
   0.0
   0.0
   0.0
   0.0
   0.0
   0.0
   0.0
   0.0
   0.0
   0.0
   0.0
   0.0
   0.0
   0.0
   0.0
   0.0
   0.0
   0.0
   0.0
   0.0
   0.0
   0.0
   0.0
   0.0
   0.0
   0.0
   0.0
   0.0
   0.0
   0.0
   0.0
   0.0
   0.0
   0.0
   0.0
   0.0
   0.0
   0.0
   0.0
   0.0
   0.0
   0.0
   0.0
   0.0
   0.0
   0.0
   0.0
   0.0
   0.0
   1e-06
   0.0
   1e-06
   0.0
   0.0
   0.0
   1e-06
   1e-06
   1e-06
   1e-06
   5e-06
   0.0
   1e-06
   1e-06
   2.5e-05
   1.6e-05
   9e-06
   0.0
   4e-06
   0.0
   0.0
   0.0
   0.0
   1e-06
   4e-06
   8e-06
   4e-06
   0.0
   0.0
   1e-06
   9e-06
   5e-06
   1e-06
   1e-06
   4e-06
   3.6e-05
   4e-06
   5e-06
   1.2e-05
   2.5e-05
   2.9e-05
   1.7e-05
   1.7e-05
   5e-06
   1.1e-05
   1.1e-05
   4e-05
   3.9e-05
   1.8e-05
   5e-06
   6.2e-05
   5.6e-05
   1e-05
   6e-06
   8e-06
   5.4e-05
   7.6e-05
   1.8e-05
   8.7e-05
   3.2e-05
   1.5e-05
   1.8e-05
   1.5e-05
   3.3e-05
   4e-05
   2.5e-05
   6.9e-05
   9e-05
   5.3e-05
   7.2e-05
   1.9e-05
   1.9e-05
   8.9e-05
   0.000116
   5.9e-05
   0.000232
   9.3e-05
   0.000118
   2.9e-05
   5.5e-05
   0.000156
   4.3e-05
   0.000128
   9.9e-05
   9.5e-05
   8.5e-05
   7.7e-05
   0.000202
   0.000119
   0.000129
   0.000178
   0.000107
   0.000157
   0.00018
   0.000209
   0.000266
   0.000222
   0.000111
   0.000229
   0.000167
   0.000208
   0.000271
   0.000501
   0.000222
   0.000188
   0.000386
   0.000195
   0.000486
   0.000336
   0.000307
   0.000606
   0.000362
   0.0003
   0.000392
   0.000346
   0.000695
   0.000503
   0.000491
   0.000449
   0.000505
   0.000664
   0.000687
   0.000731
   0.000723
   0.000414
   0.000881
   0.000556
   0.000788
   0.000867
   0.000649
   0.000773
   0.000643
   0.000845
   0.000895
   0.00093
   0.00084
   0.001185
   0.001005
   0.001135
   0.001072
   0.001023
   0.001148
   0.001302
   0.001051
   0.001039
   0.001187
   0.001606
   0.00165
   0.001454
   0.001445
   0.001516
   0.001562
   0.001477
   0.001844
   0.00205
   0.001641
   0.001914
   0.001748
   0.002223
   0.002211
   0.001964
   0.002259
   0.002557
   0.002772
   0.002335
   0.002642
   0.002834
   0.003403
   0.003433
   0.003521
   0.003093
   0.003735
   0.003386
   0.003973
   0.003833
   0.004202
   0.004767
   0.004743
   0.004338
   0.00448
   0.005536
   0.005532
   0.006246
   0.005112
   0.006003
   0.00651
   0.006562
   0.006098
   0.006959
   0.007372
   0.007216
   0.008102
   0.007625
   0.008995
   0.008917
   0.009623
   0.009347
   0.009962
   0.010371
   0.01082
   0.011407
   0.011857
   0.011564
   0.012551
   0.011548
   0.013236
   0.01416
   0.014989
   0.01483
   0.015502
   0.015814
   0.01786
   0.017412
   0.017907
   0.018434
   0.018385
   0.019369
   0.019383
   0.021243
   0.022531
   0.023052
   0.023854
   0.026072
   0.026093
   0.027065
   0.029653
   0.030118
   0.029501
   0.03189
   0.032891
   0.034317
   0.034319
   0.036216
   0.038802
   0.038014
   0.041655
   0.042913
   0.043663
   0.046479
   0.049302
   0.049296
   0.05257
   0.054093
   0.057384
   0.058519
   0.062251
   0.064974
   0.065906
   0.06902
   0.071887
   0.075405
   0.078477
   0.080846
   0.081811
   0.085743
   0.089581
   0.092036
   0.100717
   0.100576
   0.103065
   0.108662
   0.111928
   0.118328
   0.122039
   0.124171
   0.132561
   0.135253
   0.139057
   0.141196
   0.146517
   0.156823
   0.164608
   0.169804
   0.172932
   0.183718
   0.191442
   0.195282
   0.209502
   0.215481
   0.221478
   0.228628
   0.242543
   0.251815
   0.263709
   0.272046
   0.27932
   0.290445
   0.30196
   0.311997
   0.322223
   0.339067
   0.343165
   0.363372
   0.37907
   0.395465
   0.412283
   0.423592
   0.437564
   0.4566
   0.4721
   0.494354
   0.505316
   0.525459
   0.551817
   0.567516
   0.594292
   0.605615
   0.641347
   0.664301
   0.691168
   0.716194
   0.748473
   0.77177
   0.814196
   0.837346
   0.876059
   0.909003
   0.932331
   1.21354
   1.244059
   1.266588
   1.277705
   1.288024
   1.286409
   1.284864
   1.271218
   1.246582
   1.207259
   0.937985
   0.907616
   0.870299
   0.841413
   0.805294
   0.78498
   0.74968
   0.718261
   0.688418
   0.674146
   0.638044
   0.619024
   0.594307
   0.567976
   0.556353
   0.530145
   0.509282
   0.493568
   0.465121
   0.448775
   0.438565
   0.420413
   0.405599
   0.395048
   0.375553
   0.360512
   0.343906
   0.334912
   0.32349
   0.308856
   0.297171
   0.287274
   0.277371
   0.269456
   0.260498
   0.244597
   0.237157
   0.224913
   0.220856
   0.209638
   0.204808
   0.195592
   0.193426
   0.183448
   0.175024
   0.169672
   0.168012
   0.157133
   0.14935
   0.150383
   0.138401
   0.137521
   0.128163
   0.125357
   0.121697
   0.115568
   0.113211
   0.108157
   0.106125
   0.098971
   0.100295
   0.09216
   0.091407
   0.086807
   0.080891
   0.080938
   0.076459
   0.075727
   0.072223
   0.065063
   0.063561
   0.063604
   0.061089
   0.057485
   0.055721
   0.054248
   0.053611
   0.049239
   0.049071
   0.047409
   0.046672
   0.043848
   0.042954
   0.043846
   0.038873
   0.038358
   0.035895
   0.033643
   0.034716
   0.032215
   0.032113
   0.030763
   0.029988
   0.029212
   0.026839
   0.024268
   0.024918
   0.023745
   0.023507
   0.02046
   0.0224
   0.020224
   0.01961
   0.019712
   0.018625
   0.017287
   0.017339
   0.015742
   0.015473
   0.014001
   0.014
   0.014953
   0.01323
   0.013778
   0.012769
   0.011352
   0.011461
   0.010489
   0.010222
   0.009887
   0.010023
   0.009417
   0.009322
   0.009291
   0.008301
   0.008956
   0.008656
   0.007029
   0.007392
   0.006986
   0.006526
   0.006607
   0.005275
   0.006508
   0.006372
   0.005528
   0.004798
   0.005681
   0.005196
   0.005128
   0.004342
   0.004337
   0.00426
   0.004174
   0.004609
   0.003738
   0.003879
   0.003899
   0.003285
   0.003137
   0.002801
   0.002801
   0.003311
   0.003778
   0.003429
   0.002694
   0.002622
   0.00233
   0.002081
   0.002426
   0.00212
   0.00175
   0.002005
   0.001866
   0.00168
   0.001585
   0.001545
   0.00142
   0.001658
   0.001545
   0.001508
   0.001568
   0.001137
   0.001238
   0.001445
   0.001028
   0.001339
   0.001241
   0.001038
   0.00086
   0.000961
   0.001361
   0.0013
   0.000845
   0.000882
   0.00077
   0.001003
   0.000666
   0.000716
   0.000666
   0.000828
   0.000823
   0.000755
   0.000609
   0.000506
   0.000801
   0.000467
   0.000533
   0.000439
   0.000512
   0.000247
   0.000468
   0.000438
   0.000468
   0.000434
   0.000474
   0.000385
   0.000519
   0.000356
   0.000306
   0.000213
   0.000307
   0.000357
   0.000116
   0.000191
   0.000288
   0.000323
   0.000137
   0.000411
   0.000203
   0.000115
   0.000185
   0.000213
   0.000195
   0.000207
   0.000169
   0.000314
   0.000258
   0.000286
   0.000111
   0.000172
   0.000116
   0.00013
   9e-05
   0.000124
   0.00011
   0.000143
   0.00023
   7e-05
   4.8e-05
   5.9e-05
   0.000124
   3.8e-05
   7.1e-05
   6.6e-05
   5.2e-05
   0.00014
   7.9e-05
   4.5e-05
   4.1e-05
   3.3e-05
   3.1e-05
   0.000135
   6.1e-05
   4.3e-05
   3.6e-05
   5.1e-05
   1.5e-05
   3.8e-05
   8.8e-05
   3.2e-05
   2e-05
   3.5e-05
   1.4e-05
   5.1e-05
   1.2e-05
   6.4e-05
   2.2e-05
   2e-06
   6.7e-05
   4.6e-05
   2.1e-05
   1e-05
   9e-06
   6e-06
   5e-06
   1.4e-05
   4.5e-05
   4e-06
   2e-06
   5e-06
   5e-06
   1.3e-05
   1.7e-05
   7e-06
   2.9e-05
   6e-06
   7e-06
   3.1e-05
   1e-06
   5e-06
   3.2e-05
   2.7e-05
   1e-06
   1.3e-05
   4e-06
   2e-06
   1.8e-05
   4.1e-05
   2.9e-05
   5e-06
   2e-05
   0.0
   6e-06
   9e-06
   5e-06
   9e-06
   1.4e-05
   5e-06
   5e-06
   0.0
   5e-06
   1e-06
   1.4e-05
   0.0
   1e-06
   1e-06
   1e-06
   2e-05
   4e-06
   4e-06
   0.0
   0.0
   0.0
   0.0
   1.6e-05
   0.0
   0.0
   2.6e-05
   0.0
   0.0
   1e-06
   0.0
   0.0
   0.0
   1.6e-05
   0.0
   0.0
   0.0
   4e-06
   0.0
   0.0
   0.0
   0.0
   0.0
   1e-06
   0.0
   9e-06
   0.0
   0.0
   0.0
   0.0
   0.0
   0.0
   0.0
   0.0
   0.0
   0.0
   0.0
   0.0
   0.0
   0.0
   0.0
   0.0
   0.0
   0.0
   0.0
   0.0
   0.0
   0.0
   0.0
   0.0
   0.0
   0.0
   0.0
   0.0
   0.0
   0.0
   0.0
   0.0
   0.0
   0.0
   0.0
   0.0
   0.0
   0.0
   0.0
   0.0
   0.0
   0.0
   0.0
   0.0
   0.0
   0.0
   0.0
   0.0
   0.0
   0.0
   0.0
   0.0
   0.0
   0.0
   0.0
   0.0
   0.0
   0.0
   0.0
   0.0
   0.0
   0.0
   0.0
   0.0
   0.0
   0.0
   0.0
   0.0
   0.0
   0.0
   0.0
   0.0
   0.0
   0.0
   0.0
   0.0
   0.0
   0.0
   0.0
   0.0
   0.0
   0.0
   0.0
   0.0
   0.0
   0.0
   0.0
   0.0
   0.0
   0.0
   0.0
   0.0
   0.0
   0.0
   0.0
   0.0
   0.0
   0.0
   0.0
   0.0
   0.0
   0.0
   0.0
   0.0
   0.0
   0.0
   0.0
   0.0
   0.0
   0.0
   0.0
   0.0
   0.0
   0.0
   0.0
   0.0
   0.0
   0.0
   0.0
   0.0
   0.0
   0.0
   0.0
   0.0
   0.0
   0.0
   0.0
   0.0
   0.0
   0.0
   0.0
   0.0
   0.0
   0.0
   0.0
   0.0
   0.0
   0.0
   0.0
   0.0
   0.0
   0.0
   0.0
   0.0
   0.0
   0.0
   0.0
