   0.279769
   0.645041
   0.938742
   1.127285
   1.243657
   1.37256
   1.412584
   1.437603
   1.474722
   1.459879
   1.47943
   1.487444
   1.489729
   1.509097
   1.514635
   1.53906
   1.512195
   1.529346
   1.511389
   1.511584
   1.48657
   1.472206
   1.483271
   1.494206
   1.499099
   1.495214
   1.501907
   1.511896
   1.496485
   1.509089
   1.50698
   1.514968
   1.509666
   1.491657
   1.497265
   1.483384
   1.477115
   1.502988
   1.504337
   1.495766
   1.503551
   1.503199
   1.504674
   1.521286
   1.514879
   1.527262
   1.500099
   1.502126
   1.495079
   1.486122
   1.486084
   1.498264
   1.488451
   1.481703
   1.48846
   1.505754
   1.510784
   1.497574
   1.481931
   1.508064
   1.522328
   1.50801
   1.48017
   1.505807
   1.485153
   1.475433
   1.47406
   1.478537
   1.519859
   1.511481
   1.493978
   1.484662
   1.501621
   1.490682
   1.498809
   1.51037
   1.520787
   1.513635
   1.472394
   1.479084
   1.458282
   1.47892
   1.492185
   1.507172
   1.49886
   1.491428
   1.508277
   1.509653
   1.496698
   1.492509
   1.465035
   1.450345
   1.424157
   1.41505
   1.348873
   1.255347
   1.129841
   0.947701
   0.648073
   0.275194
