   0.0238117
   0.0332233
   0.036029
   0.0367064
   0.0369052
   0.0370725
   0.0368679
   0.0366354
   0.0367815
   0.0368761
   0.0370586
   0.0371379
   0.037033
   0.0370704
   0.0370139
   0.0368754
   0.0366479
   0.0366358
   0.0368319
   0.0364436
   0.0370749
   0.0369526
   0.0368413
   0.0372497
   0.0369745
   0.0370654
   0.0370209
   0.0369998
   0.0370464
   0.0369277
   0.0369792
   0.0372572
   0.0369095
   0.0368555
   0.0368307
   0.0369127
   0.036976
   0.0369931
   0.0365128
   0.037148
   0.0369842
   0.0370301
   0.0368798
   0.036697
   0.0370474
   0.0369138
   0.0372584
   0.0369049
   0.0371893
   0.0369538
   0.0369106
   0.037041
   0.0370111
   0.0369097
   0.0369967
   0.0371085
   0.0368349
   0.0367925
   0.0369659
   0.0369935
   0.0369095
   0.0368014
   0.0368954
   0.0368937
   0.0367863
   0.036817
   0.0370885
   0.0367102
   0.0370661
   0.0370241
   0.0368174
   0.0369508
   0.0369358
   0.0370604
   0.0371068
   0.0369578
   0.036854
   0.0371352
   0.0369356
   0.0369584
   0.0370291
   0.0368502
   0.0367235
   0.0371137
   0.0371705
   0.0371165
   0.0366882
   0.0369586
   0.0369473
   0.0372254
   0.0368385
   0.0370395
   0.0367185
   0.0370226
   0.0368153
   0.0370266
   0.0364008
   0.0356931
   0.033052
   0.0235658
