   0.0
   0.0
   0.0
   0.0
   0.0
   1e-07
   0.0
   0.0
   0.0
   0.0
   0.0
   0.0
   1e-07
   0.0
   0.0
   0.0
   0.0
   0.0
   0.0
   0.0
   0.0
   0.0
   0.0
   0.0
   0.0
   1e-07
   0.0
   0.0
   1e-07
   0.0
   1e-07
   0.0
   1e-07
   1e-07
   0.0
   0.0
   0.0
   0.0
   0.0
   0.0
   0.0
   1e-07
   0.0
   1e-07
   3e-07
   0.0
   0.0
   1e-07
   1e-07
   1e-07
   0.0
   1e-07
   0.0
   0.0
   2e-07
   1e-07
   2e-07
   2e-07
   0.0
   0.0
   1e-07
   1e-07
   2e-07
   7e-07
   1e-07
   5e-07
   2e-07
   5e-07
   2e-07
   5e-07
   3e-07
   1e-07
   2e-07
   5e-07
   5e-07
   3e-07
   7e-07
   3e-07
   7e-07
   5e-07
   6e-07
   7e-07
   6e-07
   6e-07
   7e-07
   1e-06
   1e-06
   1.1e-06
   7e-07
   5e-07
   1.6e-06
   1.4e-06
   1.7e-06
   1.4e-06
   2e-06
   2.3e-06
   1.1e-06
   1.5e-06
   1.5e-06
   1.9e-06
   3.1e-06
   1.7e-06
   2.6e-06
   1.5e-06
   2.9e-06
   2.7e-06
   2.5e-06
   3.8e-06
   2.7e-06
   3.3e-06
   4.6e-06
   4.7e-06
   4.9e-06
   4.7e-06
   4.3e-06
   5e-06
   5.1e-06
   4.9e-06
   9e-06
   6.9e-06
   5.1e-06
   8.4e-06
   8.2e-06
   9.3e-06
   9.2e-06
   7e-06
   1.08e-05
   1.07e-05
   1.15e-05
   1.06e-05
   1.15e-05
   1.3e-05
   1.52e-05
   1.9e-05
   1.6e-05
   1.52e-05
   2.03e-05
   1.86e-05
   1.92e-05
   2.14e-05
   2.51e-05
   2.45e-05
   2.59e-05
   2.67e-05
   2.86e-05
   3.23e-05
   3.17e-05
   3.6e-05
   3.76e-05
   4.13e-05
   4.54e-05
   5.06e-05
   5.29e-05
   5.36e-05
   5.69e-05
   5.6e-05
   6.02e-05
   6.8e-05
   7.16e-05
   7.29e-05
   7.49e-05
   8.53e-05
   9.83e-05
   9.95e-05
   0.0001
   0.0001091
   0.0001177
   0.0001126
   0.0001245
   0.0001398
   0.0001471
   0.0001468
   0.0001666
   0.0001743
   0.0001869
   0.0001932
   0.0002113
   0.0002222
   0.00024
   0.0002562
   0.0002687
   0.0002891
   0.0003052
   0.0003349
   0.0003413
   0.0003665
   0.000388
   0.0004209
   0.0004357
   0.0004671
   0.0004984
   0.0005136
   0.0005473
   0.0005811
   0.0006301
   0.000662
   0.0007165
   0.0007629
   0.0008087
   0.0008481
   0.0009034
   0.0009646
   0.0010257
   0.0010711
   0.0011389
   0.0012119
   0.0012946
   0.0014068
   0.0014869
   0.0015696
   0.0016754
   0.0017684
   0.001867
   0.0019936
   0.0021402
   0.0022869
   0.0023881
   0.0025281
   0.0027138
   0.0028949
   0.0030476
   0.0032475
   0.0034323
   0.0036891
   0.0038472
   0.0041759
   0.0044148
   0.0046875
   0.0049915
   0.0053185
   0.0056062
   0.0059862
   0.0063588
   0.0067696
   0.0072279
   0.0076519
   0.0080819
   0.0086303
   0.0092161
   0.0097382
   0.0103495
   0.0110227
   0.0117228
   0.0124341
   0.013269
   0.0562505
   0.0566831
   0.0571928
   0.0576737
   0.0578516
   0.0577612
   0.0575375
   0.0573347
   0.0569086
   0.0561021
   0.0132048
   0.0124354
   0.0117047
   0.011061
   0.0104287
   0.0096883
   0.0092213
   0.0086347
   0.0080695
   0.0076561
   0.0072046
   0.0067645
   0.006348
   0.0060074
   0.005659
   0.0053116
   0.0049876
   0.0047083
   0.004405
   0.004154
   0.003901
   0.0036385
   0.0034444
   0.0032409
   0.0030703
   0.0028855
   0.0027024
   0.0025826
   0.002397
   0.0022512
   0.0021437
   0.0020141
   0.0018764
   0.0017708
   0.0016781
   0.0015914
   0.0014778
   0.0014048
   0.0012986
   0.0012421
   0.0011463
   0.0010751
   0.0010329
   0.00094
   0.0009078
   0.0008446
   0.0008092
   0.0007589
   0.0007208
   0.0006753
   0.0006414
   0.0005963
   0.0005659
   0.000524
   0.000491
   0.0004632
   0.0004263
   0.0004128
   0.0003724
   0.0003583
   0.000343
   0.0003233
   0.0002926
   0.0002834
   0.0002769
   0.0002629
   0.0002433
   0.000223
   0.0002097
   0.0001957
   0.000191
   0.0001766
   0.0001659
   0.0001604
   0.0001515
   0.0001387
   0.0001267
   0.0001159
   0.0001104
   0.000108
   9.87e-05
   9.41e-05
   9.19e-05
   8.56e-05
   7.49e-05
   7.13e-05
   6.94e-05
   6.51e-05
   6.6e-05
   5.72e-05
   5.57e-05
   5.01e-05
   4.84e-05
   4.72e-05
   4.22e-05
   4.22e-05
   3.86e-05
   3.8e-05
   3.41e-05
   3.41e-05
   3.06e-05
   2.84e-05
   2.61e-05
   2.55e-05
   2.16e-05
   2.28e-05
   2.05e-05
   1.98e-05
   1.63e-05
   1.74e-05
   1.69e-05
   1.57e-05
   1.61e-05
   1.24e-05
   1.3e-05
   1.27e-05
   1.08e-05
   1.02e-05
   1.01e-05
   8.6e-06
   8.8e-06
   1.07e-05
   7e-06
   6.9e-06
   6.3e-06
   5e-06
   6.5e-06
   5.3e-06
   5.3e-06
   6.1e-06
   5e-06
   5.1e-06
   4.1e-06
   2.8e-06
   4.1e-06
   4.7e-06
   3.2e-06
   2.9e-06
   3.2e-06
   4.2e-06
   2.2e-06
   1.6e-06
   2.5e-06
   2.4e-06
   3e-06
   1.5e-06
   1.3e-06
   1.1e-06
   1.9e-06
   2.1e-06
   1.1e-06
   1e-06
   7e-07
   1e-06
   1e-06
   7e-07
   9e-07
   7e-07
   6e-07
   1.1e-06
   1.2e-06
   1.3e-06
   4e-07
   7e-07
   7e-07
   8e-07
   1.1e-06
   5e-07
   4e-07
   2e-07
   2e-07
   4e-07
   0.0
   4e-07
   9e-07
   3e-07
   3e-07
   5e-07
   2e-07
   0.0
   3e-07
   1e-07
   6e-07
   3e-07
   2e-07
   1e-07
   3e-07
   1e-07
   1e-07
   2e-07
   1e-07
   1e-07
   0.0
   2e-07
   1e-07
   1e-07
   1e-07
   1e-07
   1e-07
   2e-07
   2e-07
   0.0
   0.0
   0.0
   1e-07
   0.0
   1e-07
   0.0
   1e-07
   0.0
   0.0
   0.0
   0.0
   0.0
   0.0
   1e-07
   0.0
   0.0
   1e-07
   0.0
   0.0
   0.0
   0.0
   0.0
   0.0
   0.0
   0.0
   0.0
   0.0
   0.0
   0.0
   0.0
   0.0
   0.0
   0.0
   0.0
   0.0
   0.0
   0.0
   0.0
   0.0
   0.0
   0.0
   0.0
   0.0
