   0.0
   0.0
   0.0
   0.0
   0.0
   0.0
   0.0
   0.0
   0.0
   0.0
   0.0
   0.0
   0.0
   0.0
   0.0
   0.0
   0.0
   0.0
   0.0
   0.0
   0.0
   0.0
   0.0
   0.0
   0.0
   0.0
   0.0
   0.0
   0.0
   0.0
   0.0
   0.0
   0.0
   0.0
   0.0
   0.0
   0.0
   0.0
   0.0
   0.0
   0.0
   0.0
   0.0
   0.0
   0.0
   0.0
   0.0
   0.0
   0.0
   0.0
   0.0
   0.0
   0.0
   0.0
   0.0
   0.0
   0.0
   0.0
   0.0
   0.0
   0.0
   0.0
   0.0
   0.0
   0.0
   0.0
   0.0
   0.0
   0.0
   0.0
   0.0
   0.0
   0.0
   0.0
   0.0
   0.0
   0.0
   0.0
   0.0
   0.0
   0.0
   0.0
   0.0
   0.0
   0.0
   0.0
   0.0
   0.0
   0.0
   0.0
   1e-07
   0.0
   0.0
   0.0
   0.0
   0.0
   0.0
   1e-07
   0.0
   0.0
   0.0
   0.0
   0.0
   0.0
   0.0
   0.0
   0.0
   1e-07
   0.0
   0.0
   0.0
   0.0
   0.0
   0.0
   0.0
   0.0
   0.0
   0.0
   0.0
   0.0
   0.0
   0.0
   0.0
   0.0
   0.0
   0.0
   0.0
   0.0
   0.0
   0.0
   0.0
   0.0
   0.0
   1e-07
   0.0
   0.0
   0.0
   0.0
   0.0
   0.0
   0.0
   0.0
   0.0
   0.0
   0.0
   0.0
   0.0
   0.0
   4e-07
   0.0
   0.0
   0.0
   0.0
   1e-07
   2e-07
   2e-07
   2e-07
   0.0
   0.0
   4e-07
   0.0
   0.0
   1e-07
   1e-07
   4e-07
   0.0
   0.0
   0.0
   1e-07
   2e-07
   1e-07
   1e-06
   0.0
   1e-07
   3e-07
   1.1e-06
   0.0
   0.0
   4e-07
   0.0
   2e-07
   0.0
   2e-07
   2e-07
   1e-07
   2e-07
   2e-07
   2e-07
   4e-07
   2e-07
   0.0
   0.0
   1e-07
   0.0
   0.0
   6e-07
   2e-07
   2e-07
   4e-07
   1.1e-06
   6e-07
   1.2e-06
   3e-07
   3e-07
   7e-07
   6e-07
   8e-07
   9e-07
   7e-07
   8e-07
   2e-07
   1.1e-06
   1.1e-06
   1.1e-06
   1.1e-06
   2e-06
   1.1e-06
   1.7e-06
   2.9e-06
   1.6e-06
   3.3e-06
   3.3e-06
   1.1e-06
   2.1e-06
   1.2e-06
   2.2e-06
   3.5e-06
   3.9e-06
   3.3e-06
   2.3e-06
   2.8e-06
   3.3e-06
   2.1e-06
   3.5e-06
   2.8e-06
   4.8e-06
   3.5e-06
   2.9e-06
   3.4e-06
   5.9e-06
   5.6e-06
   5.3e-06
   5.8e-06
   7.7e-06
   6.4e-06
   6e-06
   6.3e-06
   9.7e-06
   6.8e-06
   7.6e-06
   1.18e-05
   1.26e-05
   1.04e-05
   1.09e-05
   1.31e-05
   9.8e-06
   1.67e-05
   1.81e-05
   1.24e-05
   1.63e-05
   1.77e-05
   1.82e-05
   1.89e-05
   1.65e-05
   1.98e-05
   2.36e-05
   2.44e-05
   2.71e-05
   2.3e-05
   2.35e-05
   2.57e-05
   2.68e-05
   2.75e-05
   3.18e-05
   3.37e-05
   4.09e-05
   3.92e-05
   3.89e-05
   3.84e-05
   4.72e-05
   5.25e-05
   4.83e-05
   4.88e-05
   5.86e-05
   6.11e-05
   7.05e-05
   6.4e-05
   7.48e-05
   8.36e-05
   8.83e-05
   8.01e-05
   9.14e-05
   9.44e-05
   8.7e-05
   0.0001091
   0.0001116
   0.0001133
   0.0001161
   0.000122
   0.000152
   0.0001367
   0.0001502
   0.0001592
   0.0001695
   0.0001714
   0.0001939
   0.0001994
   0.0002147
   0.000223
   0.0002464
   0.0002553
   0.0002691
   0.0002747
   0.0003039
   0.0003015
   0.0003155
   0.0003315
   0.0003796
   0.0003941
   0.0004081
   0.0004398
   0.0004351
   0.000477
   0.0005146
   0.0005289
   0.0005852
   0.0006029
   0.0006299
   0.0006272
   0.0007101
   0.000751
   0.0008057
   0.0008069
   0.0008836
   0.0009485
   0.0009918
   0.00107
   0.0011172
   0.0011654
   0.0012102
   0.0012901
   0.0014275
   0.0014266
   0.0015042
   0.0015928
   0.0017274
   0.0017984
   0.001893
   0.0020159
   0.0021114
   0.0022268
   0.0023906
   0.0024883
   0.0026814
   0.0028536
   0.0029688
   0.0031688
   0.0033305
   0.0035164
   0.0036458
   0.0038756
   0.0040729
   0.0043053
   0.0046138
   0.0048935
   0.0051601
   0.0054403
   0.0058168
   0.0061805
   0.0064079
   0.006764
   0.0072189
   0.0076144
   0.0080283
   0.0084525
   0.0089217
   0.009445
   0.009987
   0.0105881
   0.0112324
   0.0117137
   0.0124404
   0.0133364
   0.0140715
   0.0147519
   0.0154151
   0.0162855
   0.0173769
   0.0182984
   0.0193401
   0.0206084
   0.0215737
   0.0229412
   0.0242413
   0.0255369
   0.0889311
   0.0900227
   0.091063
   0.0913629
   0.091367
   0.0915015
   0.0914583
   0.0909873
   0.0900565
   0.0888029
   0.025612
   0.0243578
   0.022915
   0.0218972
   0.0205584
   0.019477
   0.018438
   0.0173967
   0.0163977
   0.0155151
   0.0147095
   0.0140061
   0.0132324
   0.0124739
   0.0118367
   0.0111932
   0.0106391
   0.0100155
   0.0094025
   0.008922
   0.0085092
   0.0079718
   0.0075624
   0.0070899
   0.0068352
   0.00637
   0.0061607
   0.00578
   0.00542
   0.0051331
   0.0048356
   0.0046218
   0.0043593
   0.0040961
   0.0038897
   0.003694
   0.003493
   0.0033597
   0.0031629
   0.0029256
   0.0028148
   0.0026123
   0.0024924
   0.0023969
   0.0022255
   0.0021504
   0.0020392
   0.001933
   0.0017551
   0.0016889
   0.0016297
   0.001561
   0.001513
   0.0013664
   0.0012952
   0.001217
   0.0011674
   0.001049
   0.0010558
   0.000998
   0.0009513
   0.0008843
   0.000838
   0.0008094
   0.0007637
   0.0007175
   0.0006495
   0.0006309
   0.0006002
   0.0005617
   0.0005482
   0.0005188
   0.0004968
   0.000438
   0.0004347
   0.0004073
   0.0003917
   0.0003928
   0.0003579
   0.0003207
   0.000317
   0.0002927
   0.0002721
   0.0002654
   0.0002443
   0.0002332
   0.0002079
   0.0002122
   0.0001978
   0.0001897
   0.0001764
   0.0001757
   0.0001646
   0.0001485
   0.0001397
   0.000126
   0.0001411
   0.0001178
   0.0001213
   0.0001002
   0.0001011
   9.82e-05
   0.0001021
   7.97e-05
   8.87e-05
   7.6e-05
   6.84e-05
   7.68e-05
   7.04e-05
   6.44e-05
   5.83e-05
   5.96e-05
   5.35e-05
   5.07e-05
   5.12e-05
   4.61e-05
   3.79e-05
   3.9e-05
   3.65e-05
   3.23e-05
   3.54e-05
   3.19e-05
   2.79e-05
   2.59e-05
   2.61e-05
   3.07e-05
   2.46e-05
   2.29e-05
   2.01e-05
   2.38e-05
   1.83e-05
   1.6e-05
   1.96e-05
   1.82e-05
   1.81e-05
   1.13e-05
   1.7e-05
   1.36e-05
   1.41e-05
   9.9e-06
   9.2e-06
   1.19e-05
   1.1e-05
   8.6e-06
   7.8e-06
   8.9e-06
   7.8e-06
   7.2e-06
   6.2e-06
   6.5e-06
   6.6e-06
   5.1e-06
   5.2e-06
   5e-06
   5.6e-06
   4.9e-06
   7.3e-06
   6.1e-06
   5.3e-06
   2.5e-06
   3.2e-06
   4.3e-06
   3.9e-06
   2.6e-06
   2.4e-06
   1.7e-06
   2.6e-06
   1.5e-06
   1e-06
   1e-06
   2.4e-06
   2e-06
   2e-06
   2.3e-06
   1.5e-06
   1.4e-06
   3e-06
   2e-06
   2.9e-06
   1.4e-06
   7e-07
   9e-07
   5e-07
   9e-07
   9e-07
   2e-07
   1e-06
   5e-07
   9e-07
   3e-07
   6e-07
   1e-07
   6e-07
   5e-07
   3e-07
   2e-07
   4e-07
   6e-07
   1e-07
   6e-07
   9e-07
   4e-07
   4e-07
   2e-07
   0.0
   3e-07
   3e-07
   1e-06
   2e-07
   1e-07
   3e-07
   2e-07
   2e-07
   0.0
   0.0
   1e-07
   3e-07
   0.0
   1e-07
   0.0
   1e-07
   1e-07
   6e-07
   1.1e-06
   0.0
   0.0
   4e-07
   1e-07
   0.0
   0.0
   1e-07
   0.0
   1e-07
   0.0
   0.0
   0.0
   0.0
   0.0
   0.0
   0.0
   9e-07
   0.0
   0.0
   0.0
   0.0
   0.0
   0.0
   0.0
   0.0
   0.0
   0.0
   1e-07
   0.0
   0.0
   0.0
   0.0
   0.0
   1e-07
   0.0
   0.0
   1e-07
   0.0
   0.0
   0.0
   0.0
   0.0
   0.0
   0.0
   0.0
   0.0
   0.0
   0.0
   0.0
   0.0
   0.0
   0.0
   0.0
   0.0
   0.0
   0.0
   0.0
   0.0
   0.0
   0.0
   0.0
   0.0
   0.0
   0.0
   0.0
   0.0
   0.0
   0.0
   0.0
   0.0
   0.0
   0.0
   0.0
   0.0
   0.0
   0.0
   0.0
   0.0
   0.0
   0.0
   0.0
   0.0
   0.0
   0.0
   0.0
   0.0
   0.0
   0.0
   0.0
   0.0
   0.0
   0.0
   0.0
   0.0
   0.0
   0.0
   0.0
   0.0
   0.0
   0.0
   0.0
   0.0
   0.0
   0.0
   0.0
   0.0
   0.0
   0.0
   0.0
   0.0
   0.0
   0.0
   0.0
   0.0
   1e-07
   0.0
   0.0
   0.0
   0.0
   0.0
   0.0
   0.0
   0.0
   0.0
   0.0
   0.0
   0.0
   0.0
   0.0
   0.0
   0.0
   0.0
   0.0
   0.0
   0.0
   0.0
   0.0
   0.0
   0.0
   0.0
   0.0
   0.0
   0.0
   0.0
   0.0
   0.0
   0.0
   0.0
   0.0
   0.0
   0.0
   0.0
   0.0
   0.0
   0.0
   0.0
   0.0
   0.0
   0.0
   0.0
   0.0
   0.0
   0.0
   0.0
   0.0
   0.0
   0.0
   0.0
   0.0
   0.0
   0.0
