   0.0467845
   0.0734348
   0.0831298
   0.0866557
   0.0878959
   0.0881932
   0.0882719
   0.0881112
   0.0879555
   0.0880602
   0.0885829
   0.0883609
   0.0894883
   0.0882876
   0.0884142
   0.0886724
   0.088186
   0.0875937
   0.0885474
   0.0885031
   0.0882391
   0.0881499
   0.087866
   0.0881521
   0.0884889
   0.0890042
   0.0887756
   0.088927
   0.0878429
   0.0875928
   0.0887697
   0.0888708
   0.0878124
   0.087612
   0.088075
   0.0880178
   0.0884043
   0.0883831
   0.0886011
   0.087862
   0.088623
   0.0885735
   0.0882801
   0.0874684
   0.087831
   0.0889571
   0.08845
   0.0889942
   0.0876861
   0.0885001
   0.0887326
   0.0876638
   0.0885056
   0.0887277
   0.0885897
   0.0883513
   0.0886617
   0.0893493
   0.0884996
   0.0893465
   0.0886142
   0.0880629
   0.0890172
   0.0878613
   0.089166
   0.0881871
   0.0881084
   0.0882219
   0.0882563
   0.0882519
   0.0884942
   0.0888693
   0.08868
   0.0887946
   0.0881889
   0.0883633
   0.0889569
   0.0879655
   0.0881294
   0.0885874
   0.0887218
   0.0886604
   0.087585
   0.0874917
   0.0885487
   0.0887626
   0.0884279
   0.0877536
   0.0882764
   0.088059
   0.0882194
   0.0882451
   0.0876872
   0.0877827
   0.0876473
   0.0866871
   0.0860551
   0.0821586
   0.0727559
   0.0470705
