   0.0322367
   0.0471688
   0.0521067
   0.0534603
   0.0545635
   0.0546114
   0.0545865
   0.0545875
   0.0546091
   0.0540825
   0.054666
   0.0546005
   0.0544544
   0.0546672
   0.0549449
   0.054642
   0.0545463
   0.0543143
   0.0546296
   0.0547002
   0.0544212
   0.0541519
   0.0540755
   0.0542379
   0.0544392
   0.0544744
   0.0543808
   0.0543891
   0.0546557
   0.0540308
   0.0541137
   0.0540623
   0.054301
   0.0543009
   0.0538564
   0.0541383
   0.0543695
   0.0541169
   0.0543501
   0.0540969
   0.0542236
   0.0545675
   0.0544876
   0.0541727
   0.0542418
   0.0540521
   0.0546618
   0.0545617
   0.0549973
   0.0549911
   0.0547623
   0.0542174
   0.0543254
   0.0548061
   0.0541353
   0.0549587
   0.0546142
   0.0544497
   0.0544611
   0.0549163
   0.0549867
   0.0543798
   0.0543284
   0.0542008
   0.0543064
   0.054304
   0.054206
   0.0541348
   0.0545513
   0.0539693
   0.0543048
   0.0547649
   0.054239
   0.0547416
   0.054712
   0.0543941
   0.0545229
   0.0545759
   0.0544348
   0.0545647
   0.0542658
   0.0545874
   0.0545763
   0.0543092
   0.0546818
   0.0546209
   0.0543687
   0.0548069
   0.0544401
   0.0546305
   0.0549374
   0.054354
   0.05408
   0.0543402
   0.0544522
   0.0542067
   0.05346
   0.0520326
   0.047372
   0.032132
