   0.0
   0.0
   0.0
   0.0
   0.0
   0.0
   0.0
   0.0
   0.0
   0.0
   0.0
   0.0
   0.0
   0.0
   0.0
   0.0
   0.0
   0.0
   0.0
   0.0
   0.0
   0.0
   0.0
   0.0
   0.0
   0.0
   0.0
   0.0
   0.0
   0.0
   0.0
   0.0
   0.0
   0.0
   0.0
   0.0
   0.0
   0.0
   0.0
   0.0
   0.0
   0.0
   0.0
   0.0
   0.0
   0.0
   0.0
   0.0
   0.0
   0.0
   0.0
   0.0
   0.0
   0.0
   0.0
   0.0
   0.0
   0.0
   0.0
   0.0
   0.0
   0.0
   0.0
   0.0
   0.0
   0.0
   0.0
   0.0
   0.0
   0.0
   0.0
   0.0
   0.0
   0.0
   0.0
   0.0
   0.0
   0.0
   0.0
   0.0
   0.0
   0.0
   0.0
   0.0
   0.0
   0.0
   0.0
   0.0
   0.0
   0.0
   0.0
   0.0
   0.0
   0.0
   0.0
   0.0
   0.0
   0.0
   0.0
   0.0
   0.0
   0.0
   0.0
   1e-07
   1e-07
   0.0
   1e-07
   0.0
   3e-07
   3e-07
   1e-07
   0.0
   0.0
   5e-07
   3e-07
   1e-07
   2e-07
   5e-07
   1e-07
   2e-07
   0.0
   4e-07
   5e-07
   9e-07
   7e-07
   5e-07
   7e-07
   5e-07
   5e-07
   6e-07
   9e-07
   9e-07
   6e-07
   1.2e-06
   1.5e-06
   1e-06
   1.8e-06
   8e-07
   2.2e-06
   1.9e-06
   7e-07
   1.4e-06
   2.1e-06
   2e-06
   1.7e-06
   2.4e-06
   2.8e-06
   4.8e-06
   4.2e-06
   4e-06
   4.6e-06
   4.6e-06
   4.7e-06
   5.9e-06
   4.8e-06
   6.8e-06
   7.9e-06
   8e-06
   8.5e-06
   7.6e-06
   9.8e-06
   1.15e-05
   1.52e-05
   1.57e-05
   1.33e-05
   1.74e-05
   1.84e-05
   2.46e-05
   2.12e-05
   2.36e-05
   2.86e-05
   2.86e-05
   3.17e-05
   3.25e-05
   3.82e-05
   4.33e-05
   5.29e-05
   4.99e-05
   6.38e-05
   6.41e-05
   6.87e-05
   8.23e-05
   8.37e-05
   9.93e-05
   0.0001063
   0.0001181
   0.0001335
   0.0001434
   0.000164
   0.0001798
   0.000196
   0.0002058
   0.0002339
   0.0002468
   0.0002885
   0.0003195
   0.0003337
   0.0003723
   0.0004282
   0.0004716
   0.0005125
   0.0005785
   0.0006385
   0.0007026
   0.0008072
   0.0008299
   0.0009231
   0.0010203
   0.0011552
   0.0012759
   0.0013827
   0.001537
   0.0016854
   0.0018697
   0.0020653
   0.0022898
   0.0025696
   0.0028753
   0.0030864
   0.0034399
   0.0038607
   0.004262
   0.0047988
   0.0052825
   0.0058211
   0.0065368
   0.0072312
   0.0080577
   0.0089778
   0.0100701
   0.0112725
   0.0126249
   0.0142678
   0.0161103
   0.0181869
   0.0207377
   0.0234504
   0.0271279
   0.0310149
   0.0358695
   0.041621
   0.048465
   0.0566493
   0.066676
   0.0789313
   0.0927735
   0.1038796
   0.1120376
   0.1168853
   0.1193483
   0.1195158
   0.1169382
   0.1117226
   0.1038331
   0.0927896
   0.0789627
   0.0666038
   0.0566763
   0.0484957
   0.04168
   0.0359598
   0.0311281
   0.0270715
   0.0236818
   0.0206842
   0.0182403
   0.0161979
   0.014278
   0.0126732
   0.0113179
   0.0101551
   0.0090901
   0.0080458
   0.0071543
   0.0064679
   0.0058946
   0.0052594
   0.0047445
   0.0042621
   0.0038239
   0.003479
   0.0031266
   0.0028272
   0.0025886
   0.002291
   0.0020964
   0.0018359
   0.0017211
   0.0015752
   0.001396
   0.001295
   0.0011201
   0.0010458
   0.0009444
   0.0008373
   0.0007688
   0.0007176
   0.0006189
   0.0005767
   0.0005222
   0.0004768
   0.0004172
   0.0003902
   0.0003556
   0.0003355
   0.0002822
   0.0002549
   0.0002429
   0.0002082
   0.0001873
   0.0001814
   0.0001553
   0.0001367
   0.0001289
   0.0001156
   0.0001061
   9.1e-05
   8.62e-05
   7.95e-05
   7.42e-05
   6.01e-05
   6.16e-05
   5.57e-05
   4.48e-05
   4.64e-05
   4.34e-05
   3.9e-05
   3.06e-05
   3.07e-05
   2.46e-05
   2.49e-05
   1.93e-05
   2.01e-05
   1.35e-05
   1.61e-05
   1.61e-05
   1.18e-05
   1.63e-05
   1.35e-05
   9.6e-06
   7.4e-06
   8.1e-06
   6.5e-06
   6.6e-06
   4.4e-06
   4.4e-06
   5.5e-06
   3.7e-06
   5.2e-06
   4.1e-06
   3.5e-06
   3.6e-06
   3.7e-06
   2.7e-06
   2.6e-06
   2.2e-06
   2.5e-06
   2.2e-06
   7e-07
   1.9e-06
   8e-07
   5e-07
   7e-07
   1.4e-06
   7e-07
   5e-07
   1.6e-06
   6e-07
   6e-07
   7e-07
   6e-07
   5e-07
   3e-07
   4e-07
   3e-07
   0.0
   2e-07
   1e-07
   0.0
   0.0
   1e-07
   2e-07
   1e-07
   1e-07
   0.0
   0.0
   1e-07
   0.0
   0.0
   2e-07
   0.0
   0.0
   0.0
   2e-07
   1e-07
   1e-07
   6e-07
   1e-07
   0.0
   0.0
   0.0
   0.0
   0.0
   0.0
   0.0
   0.0
   0.0
   0.0
   0.0
   0.0
   0.0
   0.0
   0.0
   0.0
   0.0
   0.0
   0.0
   0.0
   0.0
   0.0
   0.0
   0.0
   0.0
   0.0
   0.0
   0.0
   0.0
   0.0
   0.0
   0.0
   0.0
   0.0
   0.0
   0.0
   0.0
   0.0
   0.0
   0.0
   0.0
   0.0
   0.0
   0.0
   0.0
   0.0
   0.0
   0.0
   0.0
   0.0
   0.0
   0.0
   0.0
   0.0
   0.0
   0.0
   0.0
   0.0
   0.0
   0.0
   0.0
   0.0
   0.0
   0.0
   0.0
   0.0
   0.0
   0.0
   0.0
   0.0
   0.0
   0.0
   0.0
   0.0
   0.0
   0.0
   0.0
   0.0
   0.0
   0.0
   0.0
   0.0
   0.0
   0.0
   0.0
   0.0
   0.0
   0.0
   0.0
   0.0
   0.0
   0.0
   0.0
   0.0
   0.0
   0.0
   0.0
   0.0
   0.0
   0.0
   0.0
   0.0
