   0.0
   0.0
   0.0
   0.0
   0.0
   0.0
   0.0
   0.0
   0.0
   0.0
   0.0
   0.0
   0.0
   0.0
   0.0
   0.0
   0.0
   0.0
   0.0
   0.0
   0.0
   0.0
   0.0
   0.0
   0.0
   0.0
   0.0
   0.0
   0.0
   0.0
   0.0
   0.0
   0.0
   0.0
   0.0
   0.0
   0.0
   0.0
   0.0
   0.0
   0.0
   0.0
   0.0
   0.0
   0.0
   0.0
   0.0
   0.0
   0.0
   0.0
   0.0
   0.0
   0.0
   0.0
   0.0
   0.0
   0.0
   0.0
   0.0
   0.0
   0.0
   0.0
   0.0
   0.0
   0.0
   0.0
   0.0
   0.0
   0.0
   0.0
   0.0
   0.0
   0.0
   0.0
   0.0
   0.0
   0.0
   0.0
   0.0
   0.0
   0.0
   0.0
   0.0
   0.0
   0.0
   0.0
   0.0
   0.0
   0.0
   0.0
   0.0
   0.0
   0.0
   0.0
   0.0
   0.0
   0.0
   0.0
   0.0
   0.0
   0.0
   0.0
   0.0
   0.0
   0.0
   0.0
   0.0
   0.0
   0.0
   0.0
   0.0
   0.0
   0.0
   0.0
   0.0
   0.0
   0.0
   0.0
   0.0
   0.0
   0.0
   0.0
   0.0
   0.0
   0.0
   0.0
   0.0
   0.0
   0.0
   0.0
   0.0
   0.0
   0.0
   0.0
   0.0
   0.0
   0.0
   0.0
   0.0
   0.0
   0.0
   0.0
   0.0
   0.0
   0.0
   0.0
   0.0
   0.0
   0.0
   0.0
   0.0
   0.0
   0.0
   0.0
   0.0
   0.0
   0.0
   0.0
   0.0
   0.0
   0.0
   0.0
   0.0
   0.0
   0.0
   0.0
   0.0
   0.0
   0.0
   0.0
   0.0
   0.0
   0.0
   0.0
   0.0
   0.0
   0.0
   0.0
   0.0
   0.0
   0.0
   0.0
   0.0
   0.0
   0.0
   0.0
   0.0
   0.0
   0.0
   0.0
   0.0
   0.0
   0.0
   0.0
   0.0
   0.0
   0.0
   0.0
   0.0
   0.0
   0.0
   0.0
   0.0
   0.0
   0.0
   0.0
   0.0
   0.0
   0.0
   0.0
   0.0
   0.0
   0.0
   0.0
   0.0
   0.0
   0.0
   0.0
   0.0
   0.0
   0.0
   0.0
   0.0
   0.0
   0.0
   0.0
   0.0
   0.0
   0.0
   0.0
   0.0
   0.0
   0.0
   0.0
   0.0
   0.0
   0.0
   0.0
   0.0
   0.0
   0.0
   0.0
   0.0
   0.0
   0.0
   0.0
   0.0
   0.0
   0.0
   0.0
   0.0
   0.0
   0.0
   0.0
   0.0
   0.0
   0.0
   0.0
   0.0
   0.0
   0.0
   0.0
   0.0
   0.0
   0.0
   0.0
   0.0
   0.0
   0.0
   0.0
   0.0
   1e-06
   1e-06
   0.0
   4e-06
   0.0
   0.0
   1e-06
   1e-06
   0.0
   9e-06
   0.0
   0.0
   0.0
   0.0
   0.0
   0.0
   1e-06
   0.0
   9e-06
   0.0
   0.0
   0.0
   0.0
   0.0
   0.0
   0.0
   0.0
   0.0
   0.0
   0.0
   0.0
   0.0
   0.0
   0.0
   0.0
   0.0
   1e-06
   0.0
   0.0
   0.0
   0.0
   0.0
   0.0
   0.0
   0.0
   1e-06
   0.0
   4e-06
   4e-06
   1e-06
   0.0
   1e-05
   1e-06
   0.0
   0.0
   9e-06
   5e-06
   0.0
   0.0
   0.0
   0.0
   0.0
   0.0
   1e-06
   0.0
   5e-06
   0.0
   1e-06
   0.0
   0.0
   2e-06
   1e-06
   0.0
   4e-06
   1e-06
   1e-06
   1e-06
   1e-06
   0.0
   0.0
   1e-06
   2e-06
   1e-06
   1e-06
   4e-06
   1.6e-05
   1e-06
   1e-06
   6e-06
   0.0
   0.0
   4e-06
   7e-06
   0.0
   0.0
   9e-06
   1.1e-05
   1e-06
   1.7e-05
   0.0
   0.0
   4e-06
   1e-06
   4e-06
   0.0
   1.8e-05
   0.0
   0.0
   0.0
   1e-06
   1e-06
   1e-06
   4e-06
   0.0
   0.0
   2e-06
   6e-06
   1.3e-05
   2.6e-05
   3.6e-05
   1.7e-05
   2e-06
   0.0
   1e-06
   1e-06
   0.0
   5e-06
   0.000104
   1e-06
   1.7e-05
   1e-06
   9e-06
   0.0
   1e-06
   1.7e-05
   0.0
   9e-06
   9e-06
   1.8e-05
   4e-06
   4e-06
   2e-06
   2e-06
   1e-06
   1.7e-05
   4e-06
   1e-06
   1.3e-05
   4e-06
   1.4e-05
   1e-06
   3e-06
   7e-06
   1.1e-05
   1e-06
   6e-06
   2.7e-05
   5e-06
   4e-06
   4.4e-05
   7.4e-05
   6e-06
   5e-06
   2.1e-05
   6e-06
   2.4e-05
   0.0
   7e-06
   3e-06
   3.8e-05
   2.6e-05
   2.7e-05
   1.3e-05
   3.2e-05
   7e-06
   3.2e-05
   5e-06
   1.5e-05
   4e-06
   2.9e-05
   1.2e-05
   7.9e-05
   3.6e-05
   1.1e-05
   5e-06
   0.0
   4.4e-05
   1.4e-05
   1.5e-05
   4.2e-05
   7e-06
   2.1e-05
   2.5e-05
   4.2e-05
   1.6e-05
   1.5e-05
   0.000103
   2.2e-05
   1.9e-05
   4.2e-05
   3.8e-05
   4.4e-05
   6e-06
   5.8e-05
   7e-06
   1.2e-05
   2.4e-05
   2.6e-05
   4.7e-05
   6e-06
   3.7e-05
   1.9e-05
   3.2e-05
   3.8e-05
   6.6e-05
   8.9e-05
   1.6e-05
   2.4e-05
   7.3e-05
   7.9e-05
   6e-06
   2.2e-05
   6.6e-05
   6.9e-05
   4.3e-05
   5.6e-05
   2.4e-05
   3.3e-05
   6e-05
   3.1e-05
   2.9e-05
   4.8e-05
   5e-05
   5.9e-05
   3.5e-05
   8.1e-05
   9.3e-05
   0.000211
   5e-05
   4.4e-05
   4.4e-05
   8.2e-05
   5.3e-05
   0.000123
   2.7e-05
   3.6e-05
   6.6e-05
   3.5e-05
   0.0001
   0.000156
   0.000101
   0.000104
   0.000145
   0.000124
   7e-05
   6.1e-05
   6.3e-05
   5.3e-05
   0.000104
   0.000186
   0.000159
   7.9e-05
   0.000143
   0.000142
   8.8e-05
   7.9e-05
   0.000118
   0.000122
   0.000116
   0.000116
   9.4e-05
   0.000148
   7.6e-05
   0.000209
   0.000176
   0.000111
   8.4e-05
   0.000121
   0.000149
   7.9e-05
   0.00012
   0.000176
   0.000147
   0.000108
   0.000126
   0.000139
   0.000145
   0.000288
   8.7e-05
   0.000165
   0.000127
   0.000132
   0.000217
   6.4e-05
   0.000154
   0.000201
   0.000143
   0.000257
   0.000179
   0.000254
   0.000269
   0.000214
   0.000149
   0.00023
   0.000299
   0.000266
   0.000194
   0.000226
   0.000186
   0.000201
   0.000207
   0.000258
   0.000173
   0.000171
   0.000185
   0.00023
   0.000306
   0.000168
   0.000236
   0.000242
   0.00019
   0.000303
   0.000335
   0.000323
   0.000439
   0.000347
   0.000331
   0.000252
   0.000297
   0.000429
   0.000237
   0.000292
   0.000435
   0.00029
   0.000374
   0.000364
   0.000308
   0.000431
   0.000309
   0.00045
   0.000367
   0.000269
   0.000412
   0.000446
   0.000435
   0.000379
   0.000548
   0.00054
   0.000454
   0.000517
   0.000559
   0.00056
   0.000503
   0.000424
   0.000391
   0.000674
   0.000546
   0.000475
   0.000421
   0.000793
   0.000573
   0.000783
   0.000657
   0.000569
   0.000588
   0.000537
   0.000562
   0.000492
   0.000661
   0.000698
   0.000896
   0.000941
   0.00064
   0.000713
   0.000736
   0.00084
   0.000825
   0.000601
   0.000833
   0.000863
   0.000908
   0.000959
   0.00085
   0.000937
   0.000952
   0.000837
   0.000897
   0.001005
   0.000737
   0.001294
   0.000917
   0.001023
   0.001148
   0.001057
   0.001104
   0.000852
   0.000974
   0.001209
   0.001174
   0.001154
   0.001306
   0.001363
   0.001248
   0.001394
   0.001322
   0.001538
   0.001146
   0.001254
   0.00114
   0.001382
   0.001652
   0.001206
   0.001167
   0.001395
   0.001432
   0.00177
   0.001583
   0.001521
   0.001816
   0.001564
   0.001768
   0.001518
   0.001987
   0.002142
   0.001657
   0.001751
   0.002153
   0.001874
   0.00182
   0.001716
   0.00178
   0.002501
   0.002561
   0.002332
   0.0019
   0.002218
   0.002363
   0.00257
   0.002266
   0.002166
   0.002713
   0.002279
   0.002406
   0.00244
   0.002461
   0.002977
   0.002828
   0.003074
   0.002859
   0.002871
   0.002808
   0.003049
   0.003213
   0.003003
   0.003244
   0.003158
   0.003404
   0.003345
   0.003299
   0.003363
   0.003363
   0.003386
   0.003598
   0.003646
   0.004622
   0.004185
   0.003932
   0.003897
   0.004342
   0.004517
   0.004488
   0.004471
   0.004451
   0.004561
   0.004592
   0.004273
   0.004917
   0.0047
   0.004797
   0.005139
   0.004915
   0.005308
   0.005133
   0.005878
   0.005901
   0.005695
   0.005778
   0.006512
   0.006296
   0.006287
   0.006267
   0.006619
   0.005636
   0.006448
   0.006469
   0.006623
   0.007047
   0.007334
   0.007092
   0.006751
   0.006958
   0.008121
   0.008242
   0.007239
   0.00831
   0.008892
   0.008225
   0.009699
   0.008211
   0.008696
   0.008579
   0.008788
   0.009144
   0.009759
   0.00924
   0.010222
   0.01051
   0.010291
   0.010149
   0.010364
   0.010776
   0.012348
   0.011371
   0.011579
   0.011162
   0.012441
   0.012343
   0.01155
   0.011807
   0.012852
   0.012091
   0.012927
   0.013418
   0.012592
   0.01322
   0.014845
   0.01389
   0.014887
   0.014872
   0.015669
   0.014675
   0.015738
   0.015731
   0.017346
   0.016239
   0.016632
   0.017332
   0.017436
   0.017897
   0.017489
   0.018251
   0.018272
   0.018114
   0.018853
   0.020458
   0.02017
   0.020454
   0.021581
   0.020938
   0.021712
   0.021361
   0.021987
   0.022719
   0.022443
   0.023102
   0.023655
   0.024247
   0.024135
   0.025464
   0.024085
   0.025294
   0.025475
   0.027493
   0.02648
   0.027975
   0.029089
   0.029831
   0.030785
   0.029148
   0.031234
   0.030653
   0.031297
   0.033757
   0.032963
   0.033087
   0.033384
   0.035427
   0.035429
   0.035826
   0.037498
   0.035702
   0.038612
   0.039667
   0.038285
   0.039704
   0.041749
   0.041948
   0.042484
   0.043075
   0.044488
   0.044855
   0.045674
   0.046759
   0.047821
   0.047636
   0.048106
   0.05077
   0.051752
   0.052444
   0.051739
   0.052915
   0.054398
   0.054907
   0.05549
   0.056585
   0.058457
   0.059326
   0.059906
   0.061526
   0.062667
   0.064688
   0.066471
   0.067734
   0.067718
   0.068491
   0.070895
   0.072037
   0.072964
   0.074893
   0.076173
   0.077347
   0.078806
   0.079304
   0.082658
   0.084716
   0.083892
   0.086393
   0.086455
   0.091422
   0.09051
   0.093025
   0.09515
   0.096981
   0.095339
   0.099468
   0.100685
   0.103722
   0.104944
   0.104791
   0.107938
   0.11156
   0.114283
   0.115249
   0.11592
   0.119537
   0.120505
   0.126797
   0.125994
   0.129508
   0.130769
   0.133938
   0.136338
   0.138743
   0.142727
   0.145704
   0.146786
   0.148411
   0.150905
   0.153445
   0.159177
   0.158896
   0.16269
   0.165534
   0.170988
   0.173158
   0.174274
   0.17538
   0.183987
   0.185285
   0.187477
   0.193783
   0.196476
   0.199983
   0.204483
   0.204533
   0.20651
   0.213619
   0.216569
   0.223812
   0.225981
   0.232484
   0.234048
   0.239126
   0.245331
   0.248489
   0.256695
   0.255789
   0.26274
   0.266765
   0.270909
   0.277777
   0.282328
   0.284823
   0.290403
   0.297111
   0.301679
   0.305689
   0.309417
   0.321786
   0.325139
   0.332156
   0.337648
   0.344384
   0.349686
   0.353989
   0.362213
   0.370362
   0.376885
   0.387062
   0.393312
   0.402725
   0.410453
   0.409962
   0.418068
   0.610537
   0.613292
   0.616448
   0.625754
   0.618688
   0.619153
   0.621427
   0.624572
   0.616983
   0.605755
   0.417239
   0.415547
   0.402249
   0.397697
   0.386164
   0.385014
   0.372998
   0.363833
   0.36878
   0.353692
   0.347429
   0.341786
   0.332897
   0.333071
   0.325654
   0.319863
   0.313936
   0.306989
   0.300477
   0.298415
   0.291395
   0.286431
   0.280462
   0.275802
   0.271449
   0.267825
   0.257458
   0.258658
   0.254055
   0.250874
   0.24395
   0.237947
   0.234423
   0.231816
   0.227978
   0.22399
   0.217592
   0.210825
   0.212241
   0.210085
   0.203914
   0.202877
   0.196654
   0.192098
   0.189455
   0.184751
   0.182685
   0.177379
   0.175242
   0.171399
   0.167572
   0.168658
   0.164268
   0.161929
   0.161137
   0.154417
   0.155809
   0.1486
   0.146181
   0.14568
   0.141885
   0.13987
   0.13558
   0.132925
   0.133808
   0.125869
   0.128821
   0.122793
   0.123946
   0.123069
   0.116917
   0.115455
   0.114847
   0.112871
   0.108541
   0.106236
   0.105369
   0.104134
   0.102071
   0.101183
   0.099475
   0.09709
   0.094594
   0.095643
   0.089121
   0.090761
   0.088161
   0.085828
   0.084222
   0.083908
   0.082029
   0.079643
   0.079113
   0.077748
   0.076242
   0.073036
   0.073349
   0.072549
   0.069349
   0.069376
   0.067386
   0.066617
   0.065133
   0.064208
   0.062969
   0.061302
   0.061809
   0.060021
   0.056085
   0.05609
   0.05466
   0.055818
   0.055966
   0.052131
   0.052808
   0.050867
   0.049816
   0.05145
   0.048406
   0.04953
   0.048321
   0.046158
   0.046406
   0.043753
   0.043471
   0.04358
   0.042927
   0.042496
   0.038666
   0.04144
   0.038967
   0.038739
   0.037842
   0.037478
   0.036173
   0.037316
   0.034357
   0.034958
   0.034965
   0.033511
   0.032845
   0.033201
   0.031448
   0.03161
   0.030883
   0.031033
   0.031236
   0.030314
   0.028058
   0.027407
   0.028151
   0.027063
   0.027279
   0.027032
   0.026082
   0.025388
   0.02485
   0.023254
   0.023643
   0.023051
   0.022768
   0.022048
   0.022368
   0.022116
   0.022191
   0.021555
   0.021146
   0.019875
   0.019463
   0.020136
   0.018311
   0.018983
   0.017833
   0.01813
   0.017521
   0.017131
   0.017334
   0.017547
   0.016597
   0.016491
   0.016422
   0.015586
   0.014473
   0.015491
   0.015196
   0.014851
   0.0144
   0.014577
   0.013814
   0.013298
   0.014031
   0.013018
   0.013472
   0.012403
   0.012467
   0.012259
   0.012111
   0.012664
   0.01214
   0.011978
   0.01065
   0.010711
   0.011486
   0.010878
   0.010257
   0.010066
   0.009591
   0.01
   0.00989
   0.009433
   0.009173
   0.009666
   0.008695
   0.009207
   0.008505
   0.008442
   0.008218
   0.00801
   0.007989
   0.008181
   0.00751
   0.007351
   0.007219
   0.007346
   0.006757
   0.007264
   0.006725
   0.006677
   0.006594
   0.006428
   0.006472
   0.006042
   0.00646
   0.006097
   0.005892
   0.006062
   0.006084
   0.005669
   0.005921
   0.005608
   0.005891
   0.005816
   0.004883
   0.005859
   0.004921
   0.004994
   0.005179
   0.004399
   0.004983
   0.004246
   0.004589
   0.004956
   0.004236
   0.004632
   0.003961
   0.003393
   0.00447
   0.003854
   0.003902
   0.003902
   0.003682
   0.003893
   0.003731
   0.003819
   0.003847
   0.003741
   0.003448
   0.003991
   0.003
   0.002934
   0.002777
   0.003247
   0.003089
   0.00281
   0.002867
   0.002948
   0.002885
   0.002836
   0.003275
   0.002273
   0.002875
   0.002202
   0.002466
   0.002652
   0.002638
   0.002612
   0.002447
   0.002213
   0.002088
   0.002215
   0.002102
   0.001959
   0.002113
   0.002172
   0.002446
   0.001688
   0.001643
   0.001847
   0.001742
   0.001988
   0.001971
   0.001386
   0.00174
   0.001546
   0.00168
   0.001348
   0.001521
   0.001839
   0.001319
   0.001213
   0.001559
   0.001245
   0.001335
   0.001319
   0.001344
   0.001242
   0.001261
   0.00139
   0.001192
   0.00127
   0.001443
   0.001263
   0.001166
   0.001396
   0.00101
   0.001146
   0.001041
   0.001177
   0.001153
   0.001155
   0.001125
   0.000945
   0.000957
   0.00093
   0.000978
   0.000994
   0.001107
   0.000832
   0.000822
   0.000735
   0.000799
   0.000898
   0.000878
   0.000915
   0.00081
   0.000711
   0.000727
   0.000754
   0.001009
   0.000766
   0.000629
   0.000559
   0.000684
   0.000588
   0.000655
   0.000671
   0.000548
   0.000688
   0.000529
   0.00066
   0.000605
   0.000664
   0.000535
   0.000461
   0.000417
   0.000576
   0.000874
   0.000603
   0.000649
   0.000601
   0.000674
   0.00042
   0.0005
   0.000491
   0.000449
   0.000713
   0.000487
   0.000509
   0.000357
   0.000311
   0.000461
   0.000219
   0.000372
   0.000552
   0.000382
   0.000392
   0.000522
   0.000341
   0.000456
   0.000441
   0.000459
   0.000339
   0.000301
   0.000359
   0.000232
   0.000376
   0.000337
   0.000216
   0.000502
   0.000287
   0.000325
   0.000297
   0.000375
   0.000188
   0.000187
   0.000283
   0.000245
   0.000204
   0.000208
   0.000219
   0.000265
   0.000209
   0.000285
   0.00026
   0.000256
   0.000239
   0.000135
   0.000172
   0.000192
   0.000187
   0.000126
   0.000142
   0.000134
   0.000223
   0.000161
   0.000132
   0.000243
   0.000199
   0.000203
   0.000156
   0.000226
   0.000131
   0.00021
   0.000172
   0.000233
   9.9e-05
   0.000138
   0.00017
   0.000175
   0.000133
   0.000128
   8.3e-05
   9.1e-05
   9.2e-05
   9.4e-05
   7.4e-05
   9.8e-05
   8.2e-05
   0.000114
   8.5e-05
   8.9e-05
   0.000167
   8.7e-05
   7.6e-05
   0.000101
   9.8e-05
   0.000131
   9.7e-05
   0.000142
   0.000107
   8.1e-05
   8.3e-05
   0.00016
   8.4e-05
   0.000144
   6.2e-05
   6.5e-05
   0.000106
   0.000119
   6.1e-05
   6.4e-05
   4.1e-05
   4.1e-05
   2.8e-05
   6.1e-05
   9.4e-05
   4.1e-05
   4.2e-05
   3.9e-05
   4.4e-05
   3.3e-05
   0.000126
   5.4e-05
   1.7e-05
   4.3e-05
   4.1e-05
   5.9e-05
   7.2e-05
   4e-05
   6e-05
   7.5e-05
   2.3e-05
   4.8e-05
   8.4e-05
   7.5e-05
   3.7e-05
   0.000111
   1.9e-05
   3.1e-05
   5.3e-05
   3.9e-05
   7.3e-05
   3.3e-05
   2.4e-05
   4.4e-05
   4.4e-05
   7.3e-05
   1.7e-05
   2.5e-05
   2.3e-05
   8.3e-05
   2.4e-05
   5.9e-05
   6.8e-05
   3.1e-05
   5e-05
   6.9e-05
   4e-05
   7.7e-05
   6.3e-05
   1.7e-05
   2.2e-05
   2.3e-05
   2.5e-05
   1.6e-05
   1.7e-05
   9e-05
   6.4e-05
   1.9e-05
   6.3e-05
   3.7e-05
   4.7e-05
   1.1e-05
   1.5e-05
   9.7e-05
   6e-06
   9e-06
   5.4e-05
   6.2e-05
   7e-06
   6e-06
   1.3e-05
   1.6e-05
   1.4e-05
   1e-05
   8e-06
   2.8e-05
   3.2e-05
   4.5e-05
   4.2e-05
   2.2e-05
   5e-06
   3e-05
   7.2e-05
   3.9e-05
   0.000132
   5.2e-05
   7.6e-05
   7e-06
   4.1e-05
   1e-05
   1.9e-05
   1e-06
   9e-06
   1.3e-05
   4.2e-05
   1e-05
   6e-06
   2.3e-05
   3.3e-05
   5e-06
   1e-05
   2.8e-05
   9e-06
   1.1e-05
   7.5e-05
   5e-06
   1e-05
   1.5e-05
   4e-05
   6e-06
   2.6e-05
   9e-06
   2.4e-05
   5e-06
   3e-06
   2.3e-05
   3e-06
   1.4e-05
   9e-06
   0.0
   6e-06
   0.0
   0.0
   9.7e-05
   1.4e-05
   2e-06
   1e-06
   0.0
   1.2e-05
   2.5e-05
   1e-06
   1e-06
   4e-06
   5.8e-05
   4e-06
   2.5e-05
   0.0
   4.9e-05
   4.9e-05
   1.7e-05
   4e-06
   3.3e-05
   1.6e-05
   5e-06
   2e-06
   1.4e-05
   5e-06
   1e-06
   1e-06
   3.6e-05
   1e-05
   2e-06
   2e-06
   0.000113
   0.0
   1e-06
   0.0
   9e-06
   4e-06
   1e-05
   0.0
   1e-06
   1e-06
   1.2e-05
   5e-06
   7e-06
   3e-06
   0.0
   2e-06
   0.0
   0.0
   9e-06
   0.0
   0.0
   9e-06
   1.6e-05
   1e-06
   0.0
   1e-06
   0.0
   5e-06
   5e-06
   0.0
   0.0
   1e-06
   0.0
   0.0
   0.0
   0.0
   0.0
   0.0
   4e-06
   2e-06
   0.0
   0.0
   0.0
   2e-06
   0.0
   0.0
   0.0
   0.0
   0.0
   0.0
   0.0
   1e-06
   0.0
   0.0
   0.0
   0.0
   0.0
   0.0
   0.0
   1e-06
   0.0
   0.0
   0.0
   0.0
   0.0
   0.0
   0.0
   0.0
   0.0
   0.0
   0.0
   0.0
   0.0
   0.0
   0.0
   0.0
   0.0
   1e-06
   0.0
   0.0
   1e-06
   0.0
   0.0
   1e-06
   4e-06
   1e-06
   0.0
   0.0
   0.0
   0.0
   0.0
   0.0
   0.0
   0.0
   0.0
   0.0
   0.0
   0.0
   0.0
   0.0
   1e-06
   0.0
   0.0
   0.0
   0.0
   0.0
   0.0
   0.0
   0.0
   0.0
   0.0
   0.0
   0.0
   0.0
   0.0
   0.0
   0.0
   4e-06
   0.0
   0.0
   0.0
   0.0
   0.0
   4e-06
   0.0
   0.0
   0.0
   0.0
   0.0
   0.0
   0.0
   0.0
   0.0
   0.0
   0.0
   0.0
   0.0
   0.0
   0.0
   1e-06
   0.0
   0.0
   0.0
   0.0
   0.0
   0.0
   0.0
   0.0
   0.0
   0.0
   0.0
   0.0
   0.0
   0.0
   0.0
   0.0
   0.0
   0.0
   0.0
   0.0
   0.0
   0.0
   0.0
   0.0
   0.0
   0.0
   0.0
   0.0
   0.0
   0.0
   0.0
   0.0
   0.0
   0.0
   0.0
   0.0
   0.0
   0.0
   0.0
   0.0
   0.0
   0.0
   0.0
   0.0
   0.0
   1e-06
   0.0
   0.0
   0.0
   0.0
   0.0
   0.0
   0.0
   0.0
   0.0
   0.0
   0.0
   0.0
   0.0
   0.0
   0.0
   0.0
   0.0
   0.0
   0.0
   0.0
   1e-06
   0.0
   0.0
   0.0
   0.0
   0.0
   0.0
   0.0
   0.0
   0.0
   1e-06
   0.0
   0.0
   1e-06
   0.0
   1e-06
   0.0
   0.0
   1e-06
   0.0
   0.0
   0.0
   0.0
   1e-06
   0.0
   1e-06
   0.0
   0.0
   0.0
   0.0
   0.0
   0.0
   0.0
   0.0
   0.0
   0.0
   0.0
   0.0
   0.0
   0.0
   0.0
   0.0
   0.0
   0.0
   0.0
   0.0
   0.0
   0.0
   0.0
   0.0
   0.0
   0.0
   0.0
   0.0
   0.0
   0.0
   0.0
   0.0
   0.0
   0.0
   0.0
   0.0
   0.0
   0.0
   0.0
   0.0
   0.0
   0.0
   0.0
   0.0
   0.0
   0.0
   0.0
   0.0
   0.0
   0.0
   0.0
   0.0
   0.0
   0.0
   0.0
   0.0
   0.0
   0.0
   0.0
   0.0
   0.0
   0.0
   0.0
   0.0
   0.0
   0.0
   0.0
   0.0
   0.0
   0.0
   0.0
   0.0
   0.0
   0.0
   0.0
   0.0
   0.0
   0.0
   0.0
   0.0
   0.0
   0.0
   0.0
   0.0
   0.0
   0.0
   0.0
   0.0
   0.0
   0.0
   0.0
   0.0
   0.0
   0.0
   0.0
   0.0
   0.0
   0.0
   0.0
   0.0
   0.0
   0.0
   0.0
   0.0
   0.0
   0.0
   0.0
   0.0
   0.0
   0.0
   0.0
   0.0
   0.0
   0.0
   0.0
   0.0
   0.0
   0.0
   0.0
   0.0
   0.0
   0.0
   0.0
   0.0
   0.0
   0.0
   0.0
   0.0
   0.0
   0.0
   0.0
   0.0
   0.0
   0.0
   0.0
   0.0
   0.0
   0.0
   0.0
