   3.56226
   11.82246
   24.10366
   39.27452
   57.80177
   76.88205
   97.42319
   118.24057
   137.64575
   156.56081
   175.69367
   193.13068
   212.29794
   230.9863
   244.74363
   262.10727
   280.45297
   296.95936
   310.1088
   323.05781
   332.23462
   343.11634
   352.28327
   359.30375
   365.03864
   373.89267
   380.56386
   388.70359
   393.67504
   400.91092
   408.1273
   410.46546
   417.86824
   425.67155
   437.19969
   443.93019
   448.04067
   455.98541
   459.44323
   459.7392
   462.15021
   469.40245
   472.26808
   475.5295
   477.79711
   480.37993
   479.86365
   480.67898
   478.96222
   476.50706
   475.88775
   475.10208
   475.94611
   475.20838
   473.54275
   474.38204
   471.1176
   470.80552
   467.94403
   467.05034
   464.4058
   463.11157
   455.98961
   452.85019
   442.82911
   441.20494
   444.83911
   440.27993
   437.4055
   431.49133
   425.18605
   412.3156
   402.67072
   401.36815
   390.07756
   377.36042
   364.55817
   353.67963
   343.94809
   330.57352
   318.59042
   302.90597
   285.33909
   273.01606
   257.93822
   241.88844
   224.57823
   206.17602
   188.91966
   170.0811
   150.24043
   130.52545
   112.34352
   93.6763
   74.29962
   56.16844
   38.8786
   24.06623
   11.96435
   3.55229
