   0.0
   0.0
   0.0
   0.0
   0.0
   0.0
   0.0
   0.0
   0.0
   0.0
   0.0
   0.0
   0.0
   0.0
   0.0
   0.0
   0.0
   0.0
   0.0
   0.0
   0.0
   0.0
   0.0
   0.0
   0.0
   0.0
   0.0
   0.0
   0.0
   0.0
   0.0
   0.0
   0.0
   0.0
   0.0
   0.0
   0.0
   0.0
   0.0
   0.0
   0.0
   0.0
   0.0
   0.0
   0.0
   0.0
   0.0
   0.0
   0.0
   0.0
   0.0
   0.0
   0.0
   0.0
   0.0
   0.0
   0.0
   0.0
   0.0
   0.0
   0.0
   0.0
   0.0
   0.0
   0.0
   0.0
   0.0
   0.0
   0.0
   0.0
   0.0
   0.0
   0.0
   0.0
   0.0
   0.0
   0.0
   0.0
   0.0
   0.0
   0.0
   0.0
   0.0
   0.0
   0.0
   0.0
   0.0
   0.0
   0.0
   0.0
   0.0
   0.0
   0.0
   0.0
   0.0
   0.0
   0.0
   0.0
   0.0
   0.0
   0.0
   0.0
   0.0
   0.0
   0.0
   0.0
   0.0
   0.0
   0.0
   0.0
   0.0
   0.0
   0.0
   0.0
   0.0
   0.0
   0.0
   0.0
   0.0
   0.0
   0.0
   0.0
   0.0
   0.0
   0.0
   0.0
   0.0
   0.0
   0.0
   0.0
   0.0
   0.0
   0.0
   0.0
   0.0
   0.0
   0.0
   0.0
   0.0
   0.0
   0.0
   0.0
   0.0
   0.0
   0.0
   0.0
   0.0
   0.0
   0.0
   0.0
   0.0
   0.0
   0.0
   0.0
   0.0
   0.0
   0.0
   0.0
   0.0
   0.0
   0.0
   0.0
   0.0
   0.0
   0.0
   0.0
   0.0
   0.0
   0.0
   0.0
   0.0
   0.0
   0.0
   0.0
   0.0
   0.0
   0.0
   0.0
   0.0
   0.0
   0.0
   0.0
   0.0
   0.0
   0.0
   0.0
   0.0
   0.0
   0.0
   0.0
   0.0
   0.0
   0.0
   0.0
   0.0
   0.0
   0.0
   0.0
   0.0
   0.0
   0.0
   0.0
   0.0
   0.0
   0.0
   0.0
   0.0
   0.0
   0.0
   0.0
   0.0
   0.0
   0.0
   0.0
   0.0
   0.0
   0.0
   0.0
   0.0
   0.0
   0.0
   0.0
   0.0
   0.0
   0.0
   0.0
   0.0
   0.0
   0.0
   0.0
   0.0
   0.0
   0.0
   0.0
   0.0
   0.0
   0.0
   0.0
   0.0
   0.0
   0.0
   0.0
   0.0
   0.0
   0.0
   0.0
   0.0
   0.0
   0.0
   0.0
   0.0
   0.0
   0.0
   0.0
   0.0
   0.0
   0.0
   0.0
   0.0
   0.0
   0.0
   0.0
   0.0
   0.0
   0.0
   0.0
   0.0
   0.0
   0.0
   0.0
   0.0
   0.0
   0.0
   0.0
   0.0
   0.0
   0.0
   0.0
   0.0
   0.0
   0.0
   0.0
   0.0
   0.0
   0.0
   0.0
   0.0
   0.0
   0.0
   0.0
   0.0
   0.0
   0.0
   0.0
   0.0
   0.0
   0.0
   0.0
   0.0
   0.0
   0.0
   0.0
   0.0
   0.0
   0.0
   0.0
   0.0
   0.0
   0.0
   0.0
   0.0
   0.0
   0.0
   0.0
   0.0
   0.0
   0.0
   0.0
   0.0
   0.0
   0.0
   0.0
   0.0
   0.0
   0.0
   0.0
   0.0
   0.0
   0.0
   0.0
   0.0
   0.0
   0.0
   0.0
   0.0
   0.0
   0.0
   0.0
   0.0
   0.0
   0.0
   0.0
   0.0
   0.0
   0.0
   0.0
   0.0
   0.0
   0.0
   0.0
   0.0
   0.0
   0.0
   0.0
   0.0
   0.0
   0.0
   0.0
   0.0
   0.0
   0.0
   0.0
   0.0
   0.0
   0.0
   0.0
   0.0
   0.0
   0.0
   0.0
   0.0
   0.0
   0.0
   0.0
   0.0
   0.0
   0.0
   0.0
   0.0
   0.0
   0.0
   0.0
   0.0
   0.0
   0.0
   0.0
   0.0
   0.0
   0.0
   0.0
   0.0
   0.0
   0.0
   0.0
   0.0
   0.0
   0.0
   0.0
   0.0
   0.0
   0.0
   0.0
   0.0
   0.0
   0.0
   0.0
   0.0
   0.0
   0.0
   0.0
   0.0
   0.0
   0.0
   0.0
   0.0
   0.0
   0.0
   0.0
   0.0
   0.0
   0.0
   0.0
   0.0
   0.0
   0.0
   1e-06
   0.0
   0.0
   0.0
   0.0
   0.0
   0.0
   0.0
   0.0
   0.0
   0.0
   0.0
   0.0
   0.0
   0.0
   0.0
   0.0
   0.0
   0.0
   0.0
   0.0
   0.0
   0.0
   0.0
   0.0
   0.0
   0.0
   0.0
   0.0
   0.0
   0.0
   0.0
   0.0
   0.0
   0.0
   0.0
   0.0
   0.0
   1e-06
   1e-06
   0.0
   0.0
   0.0
   0.0
   0.0
   0.0
   0.0
   0.0
   0.0
   1e-06
   0.0
   0.0
   0.0
   0.0
   0.0
   0.0
   0.0
   0.0
   1e-06
   0.0
   0.0
   0.0
   0.0
   0.0
   0.0
   1e-06
   1e-06
   0.0
   0.0
   1e-06
   1e-06
   0.0
   0.0
   0.0
   0.0
   0.0
   0.0
   0.0
   0.0
   4e-06
   0.0
   1e-06
   1e-06
   1e-06
   1e-06
   0.0
   0.0
   0.0
   0.0
   0.0
   0.0
   0.0
   1e-06
   0.0
   0.0
   1e-06
   0.0
   0.0
   1e-06
   0.0
   0.0
   1e-06
   0.0
   0.0
   0.0
   0.0
   0.0
   0.0
   0.0
   0.0
   0.0
   0.0
   0.0
   0.0
   2e-06
   0.0
   2e-06
   0.0
   5e-06
   2e-06
   3e-06
   1e-06
   1e-06
   2e-06
   0.0
   2e-06
   1e-06
   2e-06
   3e-06
   1e-06
   2e-06
   2e-06
   1e-05
   1e-06
   2e-06
   3e-06
   8e-06
   4e-06
   8e-06
   9e-06
   4e-06
   1e-06
   1e-06
   2e-06
   1e-06
   1e-06
   1e-06
   3e-06
   2e-06
   2e-06
   2e-06
   2e-06
   0.0
   4e-06
   2e-06
   3e-06
   1.5e-05
   6e-06
   4e-06
   2e-06
   6e-06
   6e-06
   1e-05
   5e-06
   4e-06
   5e-06
   1.5e-05
   7e-06
   3e-06
   3e-06
   3e-06
   1.5e-05
   1.4e-05
   4e-06
   5e-06
   4e-06
   8e-06
   6e-06
   8e-06
   1e-05
   8e-06
   2.7e-05
   5e-06
   1.4e-05
   1.1e-05
   7e-06
   3e-06
   1e-05
   6e-06
   7e-06
   3e-06
   9e-06
   1.5e-05
   5e-06
   3e-06
   1.7e-05
   1.2e-05
   3e-06
   2e-05
   8e-06
   8e-06
   1.3e-05
   9e-06
   1.3e-05
   8e-06
   1.1e-05
   1.8e-05
   7e-06
   1.2e-05
   1.8e-05
   1.5e-05
   3.1e-05
   2.2e-05
   4.3e-05
   2.7e-05
   1.5e-05
   2.4e-05
   2.2e-05
   1.3e-05
   1.7e-05
   3.1e-05
   1.1e-05
   2.5e-05
   2e-05
   2.2e-05
   3.3e-05
   1.9e-05
   3.8e-05
   2e-05
   1.5e-05
   2.3e-05
   1.7e-05
   3.6e-05
   3.8e-05
   4.4e-05
   3.4e-05
   3e-05
   3.1e-05
   4.5e-05
   3.9e-05
   2.2e-05
   2.8e-05
   3.7e-05
   3.9e-05
   3.6e-05
   3.8e-05
   2.8e-05
   4.3e-05
   3.7e-05
   4.1e-05
   4.5e-05
   4.3e-05
   4.4e-05
   4.3e-05
   6.1e-05
   4.8e-05
   6.7e-05
   5.5e-05
   5.7e-05
   6.7e-05
   6.4e-05
   6.9e-05
   6.4e-05
   6.4e-05
   6e-05
   6.6e-05
   7e-05
   7.3e-05
   5.2e-05
   6.5e-05
   8.1e-05
   5.7e-05
   6.8e-05
   6.9e-05
   0.000107
   9.7e-05
   7.2e-05
   8.9e-05
   8.2e-05
   0.000122
   0.000111
   9.3e-05
   0.000106
   0.000114
   0.000117
   0.000175
   0.000105
   0.000104
   0.000123
   0.000146
   0.000139
   0.000113
   0.000174
   0.000134
   0.000118
   0.00018
   0.000161
   0.000176
   0.000183
   0.000155
   0.000203
   0.00017
   0.000184
   0.000168
   0.000192
   0.000201
   0.000174
   0.000193
   0.000184
   0.000216
   0.000205
   0.0002
   0.000182
   0.000191
   0.00025
   0.000247
   0.000254
   0.000237
   0.000286
   0.000291
   0.000288
   0.000257
   0.000278
   0.000302
   0.00035
   0.000267
   0.000342
   0.000287
   0.000344
   0.00035
   0.000315
   0.000319
   0.000369
   0.000361
   0.000372
   0.000364
   0.000349
   0.000351
   0.000376
   0.000423
   0.000412
   0.000415
   0.000394
   0.000484
   0.000413
   0.000563
   0.000452
   0.000591
   0.000485
   0.000507
   0.000529
   0.000579
   0.000609
   0.000582
   0.000641
   0.000597
   0.00067
   0.000747
   0.000693
   0.000601
   0.00074
   0.000713
   0.000785
   0.000755
   0.000839
   0.00081
   0.000878
   0.000845
   0.000976
   0.000902
   0.001011
   0.001022
   0.001032
   0.001032
   0.000926
   0.001114
   0.001083
   0.001096
   0.001095
   0.001121
   0.001199
   0.001234
   0.001217
   0.001374
   0.001383
   0.001259
   0.00138
   0.001406
   0.001446
   0.00146
   0.001652
   0.001505
   0.001578
   0.001643
   0.001605
   0.001637
   0.001657
   0.001807
   0.001851
   0.001885
   0.001967
   0.001959
   0.002014
   0.001953
   0.002051
   0.002254
   0.002154
   0.002223
   0.0025
   0.002466
   0.002526
   0.002567
   0.002564
   0.002748
   0.002535
   0.002848
   0.0029
   0.002959
   0.002913
   0.003129
   0.003271
   0.003241
   0.00341
   0.003383
   0.003349
   0.003576
   0.003527
   0.003764
   0.004224
   0.004006
   0.004042
   0.004303
   0.004449
   0.004453
   0.004437
   0.004726
   0.004796
   0.004836
   0.005024
   0.005071
   0.005313
   0.005332
   0.005625
   0.005691
   0.005759
   0.005829
   0.005976
   0.005961
   0.006502
   0.00663
   0.006622
   0.007041
   0.006989
   0.007218
   0.007306
   0.007745
   0.008069
   0.007979
   0.008064
   0.008443
   0.008772
   0.008951
   0.009037
   0.009431
   0.009381
   0.010058
   0.010061
   0.010204
   0.01098
   0.010854
   0.011181
   0.011284
   0.01184
   0.012088
   0.012338
   0.013007
   0.012847
   0.013384
   0.013731
   0.013816
   0.014089
   0.014641
   0.015175
   0.015797
   0.01568
   0.01606
   0.01645
   0.0167
   0.017588
   0.01787
   0.018629
   0.018649
   0.019254
   0.01983
   0.020665
   0.020933
   0.021319
   0.021996
   0.021854
   0.023317
   0.023511
   0.023932
   0.024483
   0.024789
   0.026112
   0.026806
   0.026988
   0.027602
   0.028632
   0.029341
   0.03014
   0.031445
   0.031721
   0.032374
   0.033542
   0.034036
   0.034639
   0.036113
   0.036975
   0.037741
   0.038364
   0.039548
   0.040391
   0.041171
   0.042506
   0.043822
   0.044572
   0.045539
   0.04725
   0.048292
   0.049872
   0.05129
   0.051678
   0.053052
   0.054614
   0.056414
   0.057271
   0.058306
   0.060822
   0.062402
   0.064217
   0.06571
   0.067489
   0.068558
   0.070664
   0.072554
   0.074732
   0.07644
   0.078582
   0.080843
   0.084002
   0.08581
   0.087739
   0.090876
   0.093359
   0.097408
   0.098887
   0.101684
   0.105847
   0.110318
   0.113049
   0.117618
   0.120849
   0.126655
   0.130172
   0.136725
   0.140884
   0.147847
   0.153648
   0.160935
   0.167697
   0.172768
   0.177116
   0.179628
   0.181583
   0.182737
   0.180434
   0.178749
   0.173569
   0.168226
   0.160052
   0.153019
   0.147413
   0.141074
   0.136474
   0.130422
   0.126396
   0.121882
   0.11756
   0.114168
   0.109612
   0.106352
   0.101648
   0.09998
   0.096774
   0.094217
   0.091659
   0.087177
   0.086123
   0.083917
   0.081848
   0.079293
   0.07738
   0.074693
   0.073105
   0.070983
   0.06935
   0.066686
   0.065432
   0.06373
   0.062503
   0.060713
   0.058596
   0.057443
   0.055882
   0.054845
   0.052974
   0.051762
   0.050465
   0.049164
   0.047974
   0.046043
   0.04575
   0.044597
   0.043295
   0.042293
   0.041252
   0.040755
   0.038839
   0.038354
   0.03793
   0.036676
   0.035584
   0.034819
   0.033788
   0.033602
   0.032432
   0.031745
   0.030835
   0.030053
   0.029141
   0.028231
   0.028148
   0.027509
   0.026521
   0.025445
   0.025064
   0.024718
   0.024377
   0.023181
   0.023132
   0.02199
   0.021598
   0.021328
   0.020525
   0.019951
   0.019167
   0.018803
   0.018425
   0.018017
   0.017768
   0.017699
   0.017101
   0.01661
   0.016267
   0.015362
   0.015337
   0.015284
   0.01456
   0.014413
   0.014043
   0.013502
   0.013434
   0.012973
   0.012519
   0.012165
   0.011553
   0.011749
   0.011578
   0.011263
   0.010936
   0.010376
   0.010276
   0.009818
   0.009852
   0.009355
   0.009461
   0.008874
   0.008531
   0.008533
   0.008468
   0.008351
   0.0079
   0.007685
   0.007599
   0.007629
   0.007133
   0.007059
   0.006787
   0.006635
   0.006595
   0.006386
   0.006384
   0.005913
   0.005864
   0.005742
   0.005598
   0.00524
   0.005226
   0.005168
   0.005067
   0.004983
   0.004854
   0.00445
   0.004532
   0.004376
   0.004298
   0.004294
   0.004256
   0.004144
   0.003865
   0.003945
   0.00394
   0.003673
   0.003764
   0.003628
   0.003377
   0.003367
   0.003274
   0.003133
   0.003253
   0.003125
   0.002818
   0.003005
   0.002938
   0.002597
   0.002856
   0.002613
   0.002545
   0.002413
   0.002269
   0.002233
   0.002406
   0.002302
   0.002189
   0.002176
   0.002194
   0.001962
   0.001982
   0.002002
   0.001897
   0.001833
   0.001755
   0.00165
   0.001661
   0.001713
   0.001554
   0.001629
   0.001642
   0.001544
   0.001537
   0.001377
   0.001325
   0.001366
   0.001348
   0.001342
   0.001319
   0.001259
   0.001178
   0.001274
   0.001171
   0.001193
   0.00112
   0.001056
   0.000982
   0.001067
   0.001037
   0.000979
   0.000976
   0.000986
   0.000895
   0.000957
   0.000809
   0.000853
   0.000785
   0.000765
   0.000749
   0.000672
   0.000693
   0.000679
   0.000759
   0.00065
   0.000728
   0.00062
   0.000635
   0.00057
   0.000669
   0.00053
   0.000547
   0.000639
   0.00054
   0.000525
   0.000557
   0.000541
   0.000555
   0.000463
   0.000494
   0.000428
   0.000378
   0.00045
   0.000448
   0.000462
   0.000376
   0.000372
   0.000319
   0.000394
   0.000361
   0.000319
   0.000299
   0.000338
   0.000338
   0.000344
   0.000289
   0.000289
   0.000244
   0.000268
   0.000288
   0.000276
   0.00024
   0.000254
   0.000275
   0.000254
   0.000281
   0.00021
   0.000253
   0.000249
   0.000244
   0.000193
   0.000239
   0.000176
   0.000208
   0.000207
   0.000188
   0.000196
   0.000194
   0.000195
   0.000182
   0.000173
   0.000152
   0.000188
   0.000162
   0.00016
   0.000122
   0.000161
   0.000118
   0.000107
   0.000147
   0.000163
   0.000106
   0.000133
   0.00011
   9.9e-05
   9.2e-05
   0.000113
   0.000106
   0.000112
   0.000101
   0.000102
   0.000103
   0.00011
   0.000115
   9.9e-05
   6.8e-05
   0.000107
   0.000105
   0.000135
   7e-05
   8.4e-05
   0.000107
   9.8e-05
   9.3e-05
   7.9e-05
   9e-05
   7.3e-05
   9.1e-05
   6.2e-05
   7.4e-05
   5.2e-05
   9e-05
   4.9e-05
   5.5e-05
   5.4e-05
   5.9e-05
   5.7e-05
   5.2e-05
   5e-05
   4.4e-05
   5.7e-05
   6.6e-05
   3.8e-05
   4.1e-05
   4.4e-05
   3.1e-05
   3.4e-05
   2.4e-05
   2.4e-05
   5e-05
   2.2e-05
   2.5e-05
   2.2e-05
   3.4e-05
   3.4e-05
   3.5e-05
   2.8e-05
   2.2e-05
   2.6e-05
   1.7e-05
   2.9e-05
   2.4e-05
   4.2e-05
   3.2e-05
   3.5e-05
   2.8e-05
   2.5e-05
   3.2e-05
   3.3e-05
   1.7e-05
   3e-05
   3.9e-05
   1.3e-05
   2e-05
   1.5e-05
   2.3e-05
   1.2e-05
   2.3e-05
   1.9e-05
   1.4e-05
   9e-06
   1.9e-05
   1.8e-05
   1.8e-05
   1.3e-05
   9e-06
   1.6e-05
   1.3e-05
   6e-06
   1.5e-05
   1.2e-05
   6e-06
   1e-05
   9e-06
   7e-06
   5e-06
   9e-06
   6e-06
   3.3e-05
   1.2e-05
   9e-06
   4e-06
   1.5e-05
   5e-06
   4e-06
   1.2e-05
   7e-06
   1.1e-05
   6e-06
   7e-06
   6e-06
   1e-06
   3e-06
   2.1e-05
   4e-06
   7e-06
   7e-06
   5e-06
   2e-06
   3e-06
   3e-06
   3e-06
   2e-06
   2e-06
   8e-06
   4e-06
   5e-06
   3e-06
   8e-06
   6e-06
   3e-06
   3e-06
   2e-06
   3e-06
   5e-06
   5e-06
   3e-06
   5e-06
   4e-06
   1e-06
   3e-06
   4e-06
   3e-06
   2e-06
   7e-06
   3e-06
   3e-06
   1e-06
   6e-06
   1e-06
   6e-06
   1e-06
   1e-06
   3e-06
   1e-06
   1e-06
   2e-06
   5e-06
   3e-06
   3e-06
   1e-06
   1e-06
   0.0
   5e-06
   3e-06
   0.0
   1e-06
   1e-06
   3e-06
   0.0
   1e-06
   2e-06
   3e-06
   4e-06
   2e-06
   1e-06
   4e-06
   1e-06
   1e-06
   3e-06
   1e-06
   1e-06
   1e-06
   1e-06
   0.0
   1e-06
   0.0
   1e-06
   5e-06
   1e-06
   2e-06
   6e-06
   1e-06
   2e-06
   1e-06
   0.0
   0.0
   9e-06
   2e-06
   1e-06
   2e-06
   0.0
   0.0
   2e-06
   0.0
   0.0
   2e-06
   0.0
   2e-06
   2e-06
   2e-06
   1e-06
   0.0
   1e-06
   3e-06
   3e-06
   1e-06
   2e-06
   0.0
   2e-06
   4e-06
   2e-06
   2e-06
   3e-06
   2e-06
   0.0
   0.0
   4e-06
   1e-06
   0.0
   4e-06
   0.0
   1e-06
   0.0
   0.0
   2e-06
   1e-06
   8e-06
   1e-06
   0.0
   2e-06
   1e-06
   6e-06
   0.0
   5e-06
   1e-06
   0.0
   1e-06
   0.0
   1e-06
   1e-06
   0.0
   1e-06
   5e-06
   0.0
   5e-06
   0.0
   0.0
   1e-06
   1e-06
   0.0
   0.0
   0.0
   0.0
   0.0
   1e-06
   1e-06
   0.0
   0.0
   0.0
   0.0
   0.0
   0.0
   0.0
   0.0
   0.0
   1e-06
   0.0
   0.0
   0.0
   0.0
   0.0
   0.0
   0.0
   0.0
   0.0
   0.0
   0.0
   0.0
   0.0
   0.0
   1e-06
   0.0
   0.0
   1e-06
   0.0
   1e-06
   0.0
   0.0
   0.0
   0.0
   0.0
   0.0
   0.0
   0.0
   0.0
   0.0
   0.0
   0.0
   0.0
   0.0
   0.0
   0.0
   1e-06
   0.0
   0.0
   0.0
   0.0
   0.0
   0.0
   0.0
   0.0
   0.0
   0.0
   0.0
   0.0
   0.0
   0.0
   0.0
   0.0
   0.0
   0.0
   0.0
   0.0
   0.0
   0.0
   0.0
   0.0
   0.0
   0.0
   0.0
   0.0
   0.0
   0.0
   0.0
   0.0
   0.0
   0.0
   0.0
   0.0
   0.0
   0.0
   0.0
   0.0
   0.0
   0.0
   0.0
   0.0
   0.0
   0.0
   0.0
   0.0
   0.0
   0.0
   0.0
   0.0
   0.0
   0.0
   0.0
   0.0
   0.0
   0.0
   0.0
   0.0
   0.0
   0.0
   0.0
   0.0
   0.0
   0.0
   0.0
   0.0
   0.0
   0.0
   0.0
   0.0
   0.0
   0.0
   0.0
   0.0
   0.0
   0.0
   0.0
   0.0
   0.0
   0.0
   0.0
   0.0
   0.0
   0.0
   0.0
   0.0
   0.0
   0.0
   0.0
   0.0
   0.0
   0.0
   0.0
   0.0
   0.0
   0.0
   0.0
   0.0
   0.0
   0.0
   0.0
   0.0
   0.0
   0.0
   0.0
   0.0
   0.0
   0.0
   0.0
   0.0
   0.0
   0.0
   0.0
   0.0
   0.0
   0.0
   0.0
   0.0
   0.0
   0.0
   0.0
   0.0
   0.0
   0.0
   0.0
   0.0
   0.0
   0.0
   0.0
   0.0
   0.0
   0.0
   0.0
   0.0
   0.0
   0.0
   0.0
   0.0
   0.0
   0.0
   0.0
   0.0
   0.0
   0.0
   0.0
   0.0
   0.0
   0.0
   0.0
   0.0
   0.0
   0.0
   0.0
   0.0
   0.0
   0.0
   0.0
   0.0
   0.0
   0.0
   0.0
   0.0
   0.0
   0.0
   0.0
   0.0
   0.0
   0.0
   0.0
   0.0
   0.0
   0.0
   0.0
   0.0
   0.0
   0.0
   0.0
   0.0
   0.0
   0.0
   0.0
   0.0
   0.0
   0.0
   0.0
   0.0
   0.0
   0.0
   0.0
   0.0
   0.0
   0.0
   0.0
   0.0
   0.0
   0.0
   0.0
   0.0
   0.0
   0.0
   0.0
   0.0
   0.0
   0.0
   0.0
   0.0
   0.0
   0.0
   0.0
   0.0
   0.0
   0.0
   0.0
   0.0
   0.0
   0.0
   0.0
   0.0
   0.0
   0.0
   0.0
   0.0
   0.0
   0.0
   0.0
   0.0
   0.0
   0.0
   0.0
   0.0
   0.0
   0.0
   0.0
   0.0
   0.0
   0.0
   0.0
   0.0
   0.0
   0.0
   0.0
   0.0
   0.0
   0.0
   0.0
   0.0
   0.0
   0.0
   0.0
   0.0
   0.0
   0.0
   0.0
   0.0
   0.0
   0.0
   0.0
   0.0
   0.0
   0.0
   0.0
   0.0
   0.0
   0.0
   0.0
   0.0
   0.0
   0.0
   0.0
   0.0
   0.0
   0.0
   0.0
   0.0
   0.0
   0.0
   0.0
   0.0
   0.0
   0.0
   0.0
   0.0
   0.0
   0.0
   0.0
   0.0
   0.0
   0.0
   0.0
   0.0
   0.0
   0.0
   0.0
   0.0
   0.0
   0.0
   0.0
   0.0
   0.0
   0.0
   0.0
   0.0
   0.0
   0.0
   0.0
   0.0
   0.0
   0.0
   0.0
   0.0
   0.0
   0.0
   0.0
   0.0
   0.0
   0.0
   0.0
   0.0
   0.0
   0.0
   0.0
   0.0
   0.0
   0.0
   0.0
   0.0
   0.0
   0.0
   0.0
   0.0
   0.0
   0.0
   0.0
   0.0
   0.0
   0.0
   0.0
   0.0
   0.0
   0.0
   0.0
   0.0
   0.0
   0.0
   0.0
   0.0
   0.0
   0.0
   0.0
   0.0
   0.0
   0.0
   0.0
   0.0
   0.0
   0.0
   0.0
   0.0
   0.0
   0.0
   0.0
   0.0
   0.0
   0.0
   0.0
   0.0
   0.0
   0.0
   0.0
   0.0
   0.0
   0.0
   0.0
   0.0
   0.0
   0.0
   0.0
   0.0
   0.0
   0.0
   0.0
   0.0
   0.0
   0.0
   0.0
   0.0
   0.0
   0.0
   0.0
   0.0
   0.0
   0.0
   0.0
   0.0
   0.0
   0.0
   0.0
   0.0
   0.0
   0.0
   0.0
   0.0
