   0.0
   0.0
   0.0
   0.0
   0.0
   0.0
   0.0
   0.0
   0.0
   0.0
   0.0
   0.0
   0.0
   0.0
   0.0
   0.0
   0.0
   0.0
   0.0
   0.0
   0.0
   0.0
   0.0
   0.0
   0.0
   0.0
   0.0
   0.0
   0.0
   0.0
   0.0
   0.0
   0.0
   0.0
   0.0
   0.0
   0.0
   0.0
   0.0
   0.0
   0.0
   0.0
   0.0
   0.0
   0.0
   0.0
   0.0
   0.0
   0.0
   0.0
   0.0
   0.0
   0.0
   0.0
   0.0
   0.0
   0.0
   0.0
   0.0
   0.0
   0.0
   0.0
   0.0
   0.0
   0.0
   0.0
   0.0
   0.0
   0.0
   0.0
   0.0
   0.0
   0.0
   0.0
   0.0
   0.0
   0.0
   0.0
   0.0
   0.0
   0.0
   0.0
   0.0
   0.0
   0.0
   0.0
   0.0
   0.0
   0.0
   0.0
   0.0
   0.0
   0.0
   0.0
   0.0
   0.0
   0.0
   0.0
   0.0
   0.0
   0.0
   0.0
   4e-07
   0.0
   1e-07
   0.0
   0.0
   0.0
   0.0
   0.0
   0.0
   1e-07
   0.0
   1e-07
   0.0
   1e-07
   1e-07
   1e-07
   0.0
   0.0
   0.0
   1e-07
   1e-07
   0.0
   0.0
   0.0
   0.0
   0.0
   1e-07
   1e-07
   1e-07
   4e-07
   1e-07
   1e-07
   0.0
   1e-07
   9e-07
   0.0
   2e-07
   0.0
   5e-07
   1e-07
   1e-07
   4e-07
   5e-07
   2e-06
   1e-07
   1e-07
   2e-07
   2e-07
   2.9e-06
   5e-07
   2.2e-06
   1e-07
   2e-07
   9e-07
   3.2e-06
   4.2e-06
   2.1e-06
   1.9e-06
   6e-07
   1.2e-06
   1.8e-06
   2.3e-06
   1.9e-06
   7e-07
   4.2e-06
   4.2e-06
   5.1e-06
   1.7e-06
   6.1e-06
   4e-06
   5.1e-06
   6.1e-06
   3.9e-06
   2.1e-06
   5.9e-06
   8.4e-06
   7.7e-06
   1.69e-05
   1.18e-05
   6.1e-06
   1.08e-05
   1.47e-05
   1.53e-05
   1.41e-05
   1.08e-05
   1.27e-05
   1.43e-05
   2.02e-05
   1.69e-05
   1.65e-05
   2.15e-05
   1.81e-05
   3.03e-05
   2.7e-05
   3.91e-05
   3.74e-05
   5.53e-05
   4.79e-05
   5.55e-05
   4.49e-05
   7.02e-05
   4.7e-05
   5.8e-05
   7.3e-05
   7.06e-05
   8.07e-05
   9.17e-05
   9.72e-05
   0.0001159
   0.0001332
   0.0001349
   0.0001458
   0.0001519
   0.0001603
   0.0002068
   0.0001931
   0.0002455
   0.0002432
   0.0002492
   0.0003057
   0.000346
   0.0003725
   0.0003973
   0.0004295
   0.0005155
   0.0005135
   0.0005826
   0.0005851
   0.0006841
   0.0006914
   0.0007934
   0.0008516
   0.000909
   0.0009417
   0.0010826
   0.0011848
   0.0012588
   0.0014187
   0.0014865
   0.0016558
   0.0018298
   0.0019826
   0.0021143
   0.0024365
   0.0024808
   0.0026529
   0.0030337
   0.0032059
   0.003641
   0.0039476
   0.0042242
   0.0047608
   0.0050241
   0.0054782
   0.0060007
   0.0064398
   0.0070735
   0.0075454
   0.0083596
   0.0089508
   0.0099045
   0.0109433
   0.0116442
   0.0129587
   0.0141924
   0.0151464
   0.0166099
   0.0179753
   0.019969
   0.0213991
   0.0232821
   0.0253383
   0.0276081
   0.0300308
   0.0325227
   0.0355898
   0.039034
   0.0420329
   0.04587
   0.0504654
   0.0547839
   0.0596954
   0.0648622
   0.0703198
   0.0767535
   0.0836099
   0.0913765
   0.0992473
   0.1080129
   0.1178642
   0.1284948
   0.1398432
   0.1523568
   0.2974143
   0.3085654
   0.316641
   0.3216936
   0.3239731
   0.3254797
   0.3212512
   0.31687
   0.3094773
   0.2982041
   0.1523038
   0.1401948
   0.1282348
   0.1181059
   0.1079233
   0.0993667
   0.0912934
   0.0835261
   0.0765826
   0.0706806
   0.0649656
   0.0598397
   0.0544955
   0.0501017
   0.0462914
   0.0420073
   0.0387152
   0.0356058
   0.0328242
   0.0297664
   0.0275532
   0.0254388
   0.023203
   0.0213249
   0.0197411
   0.0179096
   0.016659
   0.0154461
   0.0139014
   0.0128836
   0.0117263
   0.0108711
   0.0099782
   0.0093299
   0.0081659
   0.0076929
   0.0071182
   0.0065487
   0.0059611
   0.0055657
   0.0049843
   0.0046749
   0.0042643
   0.0040988
   0.0035685
   0.0032901
   0.003016
   0.0027996
   0.0025585
   0.0022445
   0.002173
   0.0019404
   0.0017628
   0.0016778
   0.0015603
   0.0014357
   0.0012876
   0.0012106
   0.0010838
   0.0010495
   0.0009267
   0.0008359
   0.0007995
   0.0007263
   0.0007003
   0.0006377
   0.0005568
   0.00055
   0.0004854
   0.0004386
   0.000388
   0.0003767
   0.0003358
   0.0003141
   0.0002913
   0.0002849
   0.0002297
   0.0002299
   0.000218
   0.0001906
   0.0001812
   0.0001597
   0.0001482
   0.0001329
   0.000131
   0.0001086
   0.000104
   9.79e-05
   7.75e-05
   6e-05
   7.06e-05
   7.69e-05
   5.33e-05
   6.47e-05
   4.55e-05
   4.2e-05
   5.24e-05
   3.31e-05
   2.96e-05
   4.11e-05
   3.03e-05
   3.01e-05
   1.57e-05
   1.84e-05
   1.94e-05
   1.32e-05
   1.23e-05
   1.32e-05
   1.04e-05
   1.58e-05
   7.9e-06
   9.4e-06
   1.35e-05
   4.7e-06
   9.1e-06
   6.9e-06
   6.8e-06
   1.03e-05
   7.5e-06
   2.2e-06
   2.9e-06
   2.8e-06
   3.8e-06
   2.4e-06
   3e-06
   4.3e-06
   1.8e-06
   6.6e-06
   3.2e-06
   3.1e-06
   1.7e-06
   8e-07
   9e-07
   6e-07
   7e-07
   3e-07
   2e-07
   2e-07
   4e-07
   4e-07
   7e-07
   1.5e-06
   1e-06
   1e-07
   3e-07
   9e-07
   1e-07
   2e-07
   1e-07
   4e-07
   1.7e-06
   1e-07
   4e-07
   3.6e-06
   0.0
   1e-07
   5e-07
   2e-07
   0.0
   0.0
   0.0
   4e-07
   1.6e-06
   0.0
   0.0
   0.0
   0.0
   0.0
   4e-07
   0.0
   0.0
   0.0
   0.0
   0.0
   0.0
   0.0
   0.0
   0.0
   0.0
   0.0
   0.0
   1e-07
   0.0
   1e-07
   0.0
   0.0
   0.0
   0.0
   0.0
   0.0
   0.0
   0.0
   0.0
   0.0
   0.0
   0.0
   0.0
   0.0
   0.0
   0.0
   0.0
   0.0
   0.0
   0.0
   0.0
   0.0
   0.0
   0.0
   0.0
   0.0
   0.0
   0.0
   0.0
   0.0
   0.0
   0.0
   0.0
   0.0
   0.0
   0.0
   0.0
   0.0
   0.0
   0.0
   0.0
   0.0
   0.0
   0.0
   0.0
   0.0
   0.0
   0.0
   0.0
   0.0
   0.0
   0.0
   0.0
   0.0
   0.0
   0.0
   0.0
   0.0
   0.0
   0.0
   0.0
   0.0
   0.0
   0.0
   0.0
   0.0
   0.0
   0.0
   0.0
   0.0
   0.0
   0.0
   0.0
   0.0
   0.0
   0.0
   0.0
   0.0
   0.0
   0.0
   0.0
   0.0
   0.0
   0.0
   0.0
   0.0
   0.0
   0.0
   0.0
   0.0
   0.0
   0.0
   0.0
   0.0
   0.0
   0.0
   0.0
   0.0
   0.0
   0.0
   0.0
   0.0
   0.0
   0.0
   0.0
   0.0
   0.0
   0.0
   0.0
   0.0
   0.0
