   0.0
   0.0
   0.0
   0.0
   0.0
   0.0
   0.0
   0.0
   0.0
   0.0
   0.0
   0.0
   0.0
   0.0
   0.0
   0.0
   0.0
   0.0
   0.0
   0.0
   0.0
   0.0
   0.0
   0.0
   0.0
   0.0
   0.0
   0.0
   0.0
   0.0
   0.0
   0.0
   0.0
   0.0
   0.0
   0.0
   0.0
   0.0
   0.0
   0.0
   0.0
   0.0
   0.0
   0.0
   0.0
   0.0
   0.0
   0.0
   0.0
   0.0
   0.0
   0.0
   0.0
   0.0
   0.0
   0.0
   0.0
   0.0
   0.0
   0.0
   0.0
   0.0
   0.0
   0.0
   0.0
   0.0
   0.0
   0.0
   0.0
   0.0
   0.0
   0.0
   0.0
   0.0
   0.0
   0.0
   0.0
   0.0
   0.0
   0.0
   0.0
   0.0
   0.0
   0.0
   0.0
   0.0
   0.0
   0.0
   1e-07
   1e-07
   4e-07
   1e-07
   0.0
   0.0
   2e-07
   0.0
   0.0
   0.0
   2e-07
   0.0
   1e-07
   0.0
   1e-07
   0.0
   0.0
   0.0
   0.0
   1e-07
   0.0
   0.0
   0.0
   0.0
   0.0
   0.0
   1e-07
   2e-07
   1e-07
   2e-07
   2e-07
   0.0
   0.0
   0.0
   0.0
   1e-07
   7e-07
   0.0
   1e-07
   1.1e-06
   0.0
   0.0
   2e-07
   1e-07
   2e-07
   9e-07
   2e-07
   0.0
   7e-07
   2e-07
   1e-07
   3e-07
   1e-07
   1e-07
   3e-07
   2e-07
   0.0
   0.0
   4e-07
   1e-07
   0.0
   2e-07
   1e-07
   4e-07
   1e-07
   2e-07
   1e-07
   4e-07
   0.0
   4e-07
   3e-07
   2e-07
   0.0
   5e-07
   1.5e-06
   3e-07
   3e-07
   3e-07
   1.3e-06
   3e-07
   6e-07
   1.1e-06
   9e-07
   9e-07
   1.6e-06
   2e-07
   6e-07
   8e-07
   5e-07
   1.4e-06
   3e-07
   8e-07
   4e-07
   3e-07
   1.3e-06
   1e-06
   1e-06
   6e-07
   1.1e-06
   1.5e-06
   8e-07
   1e-06
   1.7e-06
   1.1e-06
   1.8e-06
   1.7e-06
   1.4e-06
   1.3e-06
   1.6e-06
   1.4e-06
   1.7e-06
   1.8e-06
   1e-06
   1.8e-06
   2.2e-06
   2.2e-06
   2.6e-06
   2e-06
   1.5e-06
   1.5e-06
   2.6e-06
   3.5e-06
   3.2e-06
   2.1e-06
   1.8e-06
   3.6e-06
   2.1e-06
   3.3e-06
   2.6e-06
   5.6e-06
   3.6e-06
   4.1e-06
   3.1e-06
   3.1e-06
   4.5e-06
   3.3e-06
   3.5e-06
   3.8e-06
   2.7e-06
   3.4e-06
   3.6e-06
   3.2e-06
   6.3e-06
   4.1e-06
   8.6e-06
   6.8e-06
   6.7e-06
   6.5e-06
   5.8e-06
   6.9e-06
   6.4e-06
   8.3e-06
   9.4e-06
   6.7e-06
   8.2e-06
   1.03e-05
   8e-06
   7.2e-06
   1.01e-05
   9.4e-06
   1.32e-05
   1.28e-05
   7.7e-06
   1.16e-05
   1.17e-05
   9.7e-06
   1.1e-05
   1.27e-05
   1.4e-05
   1.65e-05
   1.56e-05
   1.57e-05
   1.6e-05
   1.57e-05
   1.9e-05
   1.79e-05
   1.97e-05
   1.88e-05
   1.93e-05
   1.81e-05
   1.89e-05
   2.01e-05
   2.19e-05
   2.21e-05
   2.72e-05
   2.66e-05
   2.41e-05
   2.97e-05
   2.81e-05
   3.01e-05
   3.17e-05
   3.11e-05
   3.35e-05
   3.51e-05
   3.24e-05
   3.84e-05
   3.53e-05
   3.95e-05
   4.02e-05
   4.05e-05
   4.09e-05
   4.57e-05
   4.75e-05
   4.56e-05
   5.02e-05
   5.24e-05
   5.9e-05
   5.47e-05
   6.11e-05
   6.49e-05
   6.37e-05
   6.78e-05
   6.64e-05
   7.01e-05
   7.03e-05
   8.06e-05
   7.79e-05
   8.27e-05
   8.53e-05
   9.1e-05
   9.37e-05
   8.86e-05
   9.85e-05
   9.38e-05
   0.0001018
   0.0001064
   0.0001121
   0.0001089
   0.0001163
   0.0001273
   0.0001255
   0.0001389
   0.0001393
   0.0001482
   0.0001403
   0.0001515
   0.0001523
   0.0001738
   0.0001726
   0.0001762
   0.0001918
   0.0001895
   0.0002079
   0.0002102
   0.000222
   0.0002212
   0.0002346
   0.0002429
   0.0002436
   0.0002593
   0.0002673
   0.0002724
   0.0003031
   0.0003095
   0.000319
   0.0003235
   0.0003248
   0.0003532
   0.0003696
   0.0003737
   0.000404
   0.0004066
   0.0004157
   0.000423
   0.0004433
   0.0004702
   0.0004831
   0.0004932
   0.0005139
   0.0005623
   0.0005846
   0.0005746
   0.000619
   0.0006353
   0.0006419
   0.000688
   0.0006964
   0.0007401
   0.0007668
   0.0008017
   0.0008316
   0.0008428
   0.000891
   0.0009054
   0.0009459
   0.0009805
   0.0010095
   0.0010705
   0.0011281
   0.0011411
   0.001172
   0.0012168
   0.0012893
   0.0013419
   0.001407
   0.0014746
   0.0015024
   0.0015474
   0.0016331
   0.0016457
   0.0017105
   0.0018018
   0.0018753
   0.0019171
   0.0020058
   0.002103
   0.0021592
   0.0022363
   0.0023097
   0.0024025
   0.0025049
   0.0026188
   0.0027339
   0.0027692
   0.0028708
   0.0029924
   0.0031151
   0.0032529
   0.00339
   0.0034702
   0.0036168
   0.003737
   0.0038866
   0.0040396
   0.0042178
   0.0043872
   0.0044769
   0.0047061
   0.0049032
   0.0050608
   0.0053013
   0.0053918
   0.0056715
   0.0058541
   0.0060966
   0.0062886
   0.0065579
   0.0067582
   0.0070635
   0.0073281
   0.0076751
   0.0078956
   0.0081509
   0.0085342
   0.0087487
   0.0091698
   0.0094291
   0.0097882
   0.0102434
   0.0105283
   0.0109234
   0.0114178
   0.0119015
   0.0122651
   0.0127058
   0.0131734
   0.0136624
   0.0141797
   0.0147207
   0.0152835
   0.0157897
   0.0164601
   0.0170853
   0.0177721
   0.0184029
   0.0190545
   0.0197225
   0.020473
   0.0213565
   0.0221031
   0.0229001
   0.0239293
   0.0247269
   0.0256983
   0.0266269
   0.0276371
   0.0286937
   0.0297385
   0.0309022
   0.032083
   0.0331776
   0.0345076
   0.0359635
   0.0371731
   0.0384282
   0.0399649
   0.0412917
   0.0429581
   0.0447726
   0.0463813
   0.0481534
   0.0498374
   0.0517364
   0.0536043
   0.0556419
   0.057876
   0.0600493
   0.0623491
   0.0647741
   0.067033
   0.0697136
   0.0721286
   0.0748548
   0.0777991
   0.080627
   0.0839029
   0.0868084
   0.0900803
   0.092524
   0.0946422
   0.0960574
   0.0965477
   0.0966521
   0.0957369
   0.0945508
   0.0926722
   0.0901443
   0.0868924
   0.0834873
   0.080688
   0.0781075
   0.0750844
   0.0722179
   0.06962
   0.0669766
   0.0648931
   0.0623566
   0.0600674
   0.0576673
   0.0557458
   0.0538016
   0.051825
   0.049859
   0.0480817
   0.046507
   0.0447475
   0.0431047
   0.0415343
   0.0399897
   0.0384729
   0.0373268
   0.0356895
   0.0344421
   0.0332649
   0.0320174
   0.030882
   0.0297787
   0.0285988
   0.0276721
   0.0265969
   0.025685
   0.0245784
   0.0239003
   0.0230206
   0.02217
   0.0213856
   0.0206012
   0.0198536
   0.0191225
   0.0183328
   0.017688
   0.0170567
   0.0165281
   0.0159041
   0.0152727
   0.0147842
   0.014225
   0.013733
   0.0131193
   0.0128393
   0.0121715
   0.0117903
   0.0114103
   0.011043
   0.0105846
   0.010113
   0.0098218
   0.0095053
   0.0090936
   0.0087697
   0.008542
   0.0081202
   0.0078182
   0.0076004
   0.0073002
   0.0069886
   0.0068039
   0.0064966
   0.0062716
   0.0060408
   0.0058966
   0.0056838
   0.0054648
   0.005239
   0.0050169
   0.0048775
   0.004679
   0.0045907
   0.0043484
   0.0042027
   0.0040583
   0.0039189
   0.0037682
   0.0036059
   0.0034518
   0.0033893
   0.0032304
   0.0031235
   0.0030031
   0.0028811
   0.0027783
   0.0026913
   0.0025842
   0.0024394
   0.0024408
   0.0023214
   0.0022237
   0.0021863
   0.0020626
   0.0019918
   0.0019079
   0.0018964
   0.0017722
   0.0017284
   0.0016325
   0.0015888
   0.0015594
   0.0014784
   0.0014359
   0.0013924
   0.001335
   0.0012745
   0.0012317
   0.0011864
   0.0011405
   0.0011189
   0.001054
   0.001006
   0.0009723
   0.0009602
   0.0009054
   0.0008917
   0.0008496
   0.0008311
   0.0007937
   0.0007713
   0.0007349
   0.0007134
   0.0006717
   0.0006645
   0.0006387
   0.000615
   0.0005885
   0.0005644
   0.0005472
   0.0005361
   0.0005222
   0.0004969
   0.0004726
   0.000456
   0.0004462
   0.000417
   0.000421
   0.0003922
   0.0003905
   0.0003543
   0.0003542
   0.0003492
   0.0003212
   0.0003104
   0.0003094
   0.000291
   0.0002722
   0.0002654
   0.0002709
   0.0002645
   0.0002504
   0.0002352
   0.0002298
   0.0002211
   0.0002108
   0.0001908
   0.0001968
   0.0001874
   0.0001728
   0.0001722
   0.0001698
   0.0001609
   0.0001562
   0.0001515
   0.0001514
   0.0001369
   0.00013
   0.0001283
   0.0001279
   0.0001227
   0.0001182
   0.0001176
   0.0001117
   0.0001065
   0.0001071
   9.72e-05
   9.13e-05
   9.22e-05
   8.72e-05
   8.62e-05
   7.66e-05
   7.53e-05
   7.03e-05
   6.76e-05
   7.29e-05
   6.56e-05
   6.2e-05
   6.05e-05
   5.57e-05
   5.56e-05
   5.28e-05
   5.18e-05
   5.45e-05
   5.15e-05
   5.19e-05
   4.45e-05
   4.49e-05
   4.13e-05
   4.2e-05
   3.84e-05
   3.7e-05
   3.53e-05
   3.73e-05
   3.5e-05
   3.29e-05
   3.75e-05
   3.23e-05
   2.81e-05
   2.94e-05
   2.87e-05
   2.78e-05
   2.6e-05
   2.42e-05
   2.34e-05
   1.9e-05
   2.01e-05
   2.37e-05
   2.13e-05
   1.81e-05
   1.81e-05
   1.97e-05
   1.92e-05
   2e-05
   1.82e-05
   1.44e-05
   1.47e-05
   1.46e-05
   1.47e-05
   1.74e-05
   1.25e-05
   1.07e-05
   1.28e-05
   1.25e-05
   1.18e-05
   1.15e-05
   1.07e-05
   1.25e-05
   9.8e-06
   7.2e-06
   1.08e-05
   8.7e-06
   8.8e-06
   1.01e-05
   8.7e-06
   7.7e-06
   8.4e-06
   7.1e-06
   6.8e-06
   8.2e-06
   5.1e-06
   6.3e-06
   4.9e-06
   5.9e-06
   3.7e-06
   6.4e-06
   4.2e-06
   4e-06
   3.8e-06
   3.9e-06
   4.7e-06
   5.3e-06
   4.2e-06
   5.1e-06
   3.6e-06
   3.7e-06
   4.4e-06
   4.4e-06
   2.1e-06
   3.5e-06
   3.5e-06
   3.2e-06
   2.8e-06
   5e-06
   3e-06
   3.7e-06
   2.7e-06
   2e-06
   3.3e-06
   1.9e-06
   3.7e-06
   2e-06
   2.1e-06
   2.4e-06
   1.7e-06
   1.6e-06
   9e-07
   1e-06
   1e-06
   1e-06
   2.2e-06
   1.4e-06
   2e-06
   1.2e-06
   1.3e-06
   1.7e-06
   1.2e-06
   1.2e-06
   1.9e-06
   1.4e-06
   1.1e-06
   7e-07
   1.8e-06
   4e-07
   6e-07
   2e-07
   5e-07
   2.1e-06
   1e-06
   8e-07
   2e-07
   7e-07
   9e-07
   8e-07
   5e-07
   4e-07
   9e-07
   4e-07
   1.1e-06
   3e-07
   3e-07
   2e-07
   7e-07
   4e-07
   6e-07
   6e-07
   1e-07
   4e-07
   3e-07
   3e-07
   4e-07
   2e-07
   1e-07
   4e-07
   2e-07
   0.0
   3e-07
   8e-07
   1e-07
   4e-07
   3e-07
   2e-07
   1e-07
   1e-07
   1e-07
   2e-07
   1e-07
   2e-07
   1e-07
   5e-07
   6e-07
   7e-07
   0.0
   3e-07
   0.0
   2e-07
   1e-07
   1e-07
   1e-07
   1e-07
   0.0
   0.0
   0.0
   1e-07
   1e-07
   0.0
   0.0
   1e-07
   1e-07
   0.0
   2e-07
   0.0
   0.0
   0.0
   0.0
   0.0
   0.0
   0.0
   1e-07
   0.0
   0.0
   0.0
   1e-07
   0.0
   4e-07
   1e-07
   0.0
   1e-07
   0.0
   0.0
   0.0
   0.0
   0.0
   0.0
   0.0
   0.0
   1e-07
   0.0
   0.0
   0.0
   0.0
   0.0
   0.0
   0.0
   0.0
   0.0
   1e-07
   0.0
   0.0
   0.0
   0.0
   0.0
   0.0
   0.0
   0.0
   0.0
   0.0
   0.0
   0.0
   0.0
   0.0
   0.0
   0.0
   0.0
   0.0
   0.0
   0.0
   0.0
   0.0
   0.0
   0.0
   0.0
   0.0
   0.0
   0.0
   0.0
   0.0
   0.0
   0.0
   0.0
   0.0
   0.0
   0.0
   0.0
   0.0
   0.0
   0.0
   0.0
   0.0
   0.0
   0.0
   0.0
   0.0
   0.0
   0.0
   0.0
   0.0
   0.0
   0.0
   0.0
   0.0
   0.0
   0.0
   0.0
   0.0
   0.0
   0.0
   0.0
   0.0
   0.0
   0.0
   0.0
   0.0
   0.0
   0.0
   0.0
   0.0
   0.0
   0.0
   0.0
   0.0
   0.0
   0.0
   0.0
   0.0
   0.0
   0.0
