   0.0
   0.0
   0.0
   0.0
   0.0
   0.0
   0.0
   0.0
   0.0
   0.0
   0.0
   0.0
   0.0
   0.0
   0.0
   0.0
   0.0
   0.0
   0.0
   0.0
   0.0
   0.0
   0.0
   0.0
   0.0
   0.0
   0.0
   0.0
   0.0
   0.0
   0.0
   0.0
   0.0
   0.0
   0.0
   0.0
   0.0
   0.0
   0.0
   0.0
   0.0
   0.0
   0.0
   0.0
   0.0
   0.0
   0.0
   0.0
   0.0
   0.0
   0.0
   0.0
   0.0
   0.0
   0.0
   0.0
   0.0
   0.0
   0.0
   0.0
   0.0
   0.0
   0.0
   0.0
   0.0
   0.0
   0.0
   0.0
   0.0
   0.0
   0.0
   0.0
   0.0
   0.0
   0.0
   0.0
   0.0
   0.0
   0.0
   0.0
   0.0
   0.0
   0.0
   1e-07
   0.0
   0.0
   0.0
   0.0
   0.0
   0.0
   0.0
   0.0
   0.0
   0.0
   0.0
   1e-07
   1e-07
   0.0
   0.0
   0.0
   0.0
   0.0
   0.0
   0.0
   0.0
   0.0
   0.0
   1e-07
   0.0
   0.0
   1e-07
   1e-07
   1e-07
   0.0
   0.0
   0.0
   1e-07
   1e-07
   0.0
   1e-07
   0.0
   0.0
   1e-07
   0.0
   0.0
   0.0
   0.0
   1e-07
   0.0
   0.0
   0.0
   0.0
   1e-07
   0.0
   0.0
   1e-07
   0.0
   0.0
   2e-07
   1e-07
   0.0
   0.0
   0.0
   0.0
   2e-07
   3e-07
   0.0
   0.0
   4e-07
   2e-07
   1e-07
   0.0
   0.0
   0.0
   1e-07
   2e-07
   1e-07
   2e-07
   3e-07
   1e-07
   3e-07
   3e-07
   6e-07
   3e-07
   4e-07
   6e-07
   5e-07
   2e-07
   7e-07
   1.1e-06
   3e-07
   5e-07
   5e-07
   3e-07
   6e-07
   6e-07
   1e-06
   8e-07
   9e-07
   6e-07
   1.1e-06
   1e-06
   9e-07
   1.2e-06
   7e-07
   1.1e-06
   9e-07
   1.7e-06
   8e-07
   8e-07
   1.2e-06
   9e-07
   1.3e-06
   1.3e-06
   1.9e-06
   1.8e-06
   2.3e-06
   1.4e-06
   9e-07
   2e-06
   1.8e-06
   2.3e-06
   2.5e-06
   1.9e-06
   2.7e-06
   2.5e-06
   2.9e-06
   3.9e-06
   3.3e-06
   3.4e-06
   3.2e-06
   3.5e-06
   4.4e-06
   2.7e-06
   4.7e-06
   5.6e-06
   4.9e-06
   6.4e-06
   5.8e-06
   4.7e-06
   5.6e-06
   7.4e-06
   6.1e-06
   6.1e-06
   7.5e-06
   7.7e-06
   8e-06
   7.8e-06
   8.4e-06
   9.7e-06
   9.8e-06
   1.09e-05
   1.16e-05
   1.04e-05
   1.26e-05
   1.09e-05
   1.54e-05
   1.62e-05
   1.41e-05
   1.56e-05
   1.33e-05
   1.82e-05
   1.91e-05
   1.93e-05
   2.04e-05
   2.14e-05
   2.51e-05
   2.34e-05
   2.44e-05
   2.49e-05
   3.01e-05
   3e-05
   3.28e-05
   3.88e-05
   3.53e-05
   4.11e-05
   4.04e-05
   4.18e-05
   4.23e-05
   4.85e-05
   4.64e-05
   5.18e-05
   5.56e-05
   5.3e-05
   5.71e-05
   5.88e-05
   6.73e-05
   6.52e-05
   7.14e-05
   7.32e-05
   8.06e-05
   8.55e-05
   8.97e-05
   9.54e-05
   9.61e-05
   0.0001044
   0.0001067
   0.000117
   0.0001177
   0.0001269
   0.0001383
   0.0001457
   0.0001544
   0.0001559
   0.0001665
   0.0001738
   0.0001879
   0.0001922
   0.0002134
   0.0002239
   0.0002286
   0.0002405
   0.0002601
   0.0002629
   0.0002919
   0.0002957
   0.0003218
   0.000312
   0.0003542
   0.0003723
   0.0003885
   0.0004095
   0.0004329
   0.0004597
   0.0004822
   0.0005125
   0.0005372
   0.0005543
   0.0006078
   0.0006099
   0.0006662
   0.000679
   0.0007369
   0.0007631
   0.000796
   0.0008785
   0.0009035
   0.0009293
   0.0010054
   0.001058
   0.0011144
   0.0011614
   0.0012451
   0.0013008
   0.0014037
   0.0014513
   0.0015477
   0.0016068
   0.0016848
   0.0017664
   0.0018788
   0.0019765
   0.002089
   0.0021724
   0.0023375
   0.002438
   0.0025411
   0.0026937
   0.0028296
   0.0030114
   0.0031501
   0.0034104
   0.0034766
   0.0036914
   0.0039074
   0.0041354
   0.0043333
   0.0045937
   0.0047599
   0.0050294
   0.0053451
   0.0056668
   0.0058718
   0.0062871
   0.0066282
   0.0069646
   0.0073443
   0.0077754
   0.0080971
   0.0085252
   0.0089976
   0.009468
   0.0099779
   0.0105536
   0.0111101
   0.0116917
   0.0123087
   0.0130045
   0.0136846
   0.014496
   0.015221
   0.0160736
   0.0169067
   0.0178651
   0.0188234
   0.0196448
   0.0208002
   0.0218934
   0.0231557
   0.0243426
   0.0257511
   0.0270487
   0.0284878
   0.0300629
   0.0316182
   0.0334405
   0.0350268
   0.0369431
   0.0389672
   0.0409775
   0.0433076
   0.0455829
   0.0480506
   0.0505723
   0.0533707
   0.0561732
   0.0583643
   0.0600468
   0.0612396
   0.0618078
   0.0619226
   0.0613117
   0.0601519
   0.0583249
   0.0561182
   0.0532805
   0.0507212
   0.048157
   0.0456108
   0.0433102
   0.0410155
   0.039159
   0.0369505
   0.0351044
   0.0331951
   0.0316851
   0.0301021
   0.0285796
   0.0270628
   0.0256985
   0.024326
   0.0231852
   0.0220295
   0.0208069
   0.0197553
   0.0187673
   0.0178567
   0.0169265
   0.0160917
   0.0152641
   0.0144864
   0.0138921
   0.0130904
   0.0123822
   0.0116884
   0.0111647
   0.0105876
   0.0100748
   0.0095353
   0.0090127
   0.0085752
   0.0081183
   0.0077143
   0.0073595
   0.0069616
   0.0065812
   0.0062744
   0.0059505
   0.0056049
   0.0053542
   0.0050521
   0.0048256
   0.0045441
   0.0044295
   0.0041297
   0.003913
   0.0037712
   0.0035311
   0.0033545
   0.0031857
   0.0030516
   0.0028705
   0.0027123
   0.0025984
   0.0024391
   0.0023062
   0.0021899
   0.0020704
   0.0019715
   0.0018926
   0.0017835
   0.0016944
   0.0016408
   0.0015141
   0.0014432
   0.0013878
   0.001274
   0.0012431
   0.0011867
   0.0011137
   0.0010851
   0.0010062
   0.0009719
   0.000918
   0.0008739
   0.0008121
   0.0007791
   0.0007329
   0.0006856
   0.0006603
   0.0006276
   0.0005961
   0.00056
   0.00055
   0.0004956
   0.000476
   0.000454
   0.0004456
   0.0004125
   0.0003908
   0.0003694
   0.0003706
   0.0003318
   0.0003242
   0.000311
   0.0003043
   0.0002747
   0.0002523
   0.000247
   0.0002386
   0.0002191
   0.000209
   0.0002084
   0.0001881
   0.0001819
   0.0001686
   0.0001539
   0.0001548
   0.0001452
   0.00014
   0.0001355
   0.0001258
   0.0001236
   0.000119
   0.0001119
   0.0001016
   0.0001017
   8.79e-05
   9.53e-05
   8.01e-05
   7.64e-05
   6.97e-05
   6.78e-05
   6.92e-05
   6.18e-05
   5.82e-05
   5.29e-05
   5.28e-05
   5.28e-05
   4.99e-05
   4.43e-05
   4.21e-05
   4.02e-05
   4.04e-05
   3.59e-05
   3.4e-05
   3.13e-05
   3.05e-05
   3.11e-05
   2.88e-05
   2.68e-05
   2.8e-05
   2.6e-05
   2.61e-05
   2.4e-05
   1.98e-05
   2.1e-05
   1.92e-05
   1.89e-05
   1.67e-05
   1.4e-05
   1.21e-05
   1.32e-05
   1.12e-05
   1.34e-05
   1.24e-05
   1.21e-05
   1.01e-05
   1.02e-05
   7.3e-06
   9.2e-06
   1.17e-05
   7.8e-06
   8.1e-06
   6.8e-06
   6e-06
   8e-06
   6.8e-06
   7e-06
   5.3e-06
   6.1e-06
   5e-06
   4.4e-06
   5e-06
   4.6e-06
   4.5e-06
   3.4e-06
   3.6e-06
   4.8e-06
   3.6e-06
   4.1e-06
   3.4e-06
   2.5e-06
   3.2e-06
   2.9e-06
   2.1e-06
   2.1e-06
   3.2e-06
   2.3e-06
   2.1e-06
   2.1e-06
   2e-06
   2.3e-06
   1.4e-06
   1.5e-06
   1.2e-06
   8e-07
   1.3e-06
   2.1e-06
   6e-07
   1.2e-06
   7e-07
   6e-07
   1e-06
   9e-07
   1.4e-06
   9e-07
   7e-07
   3e-07
   1.1e-06
   1.1e-06
   5e-07
   7e-07
   4e-07
   7e-07
   8e-07
   1e-07
   1e-07
   2e-07
   7e-07
   2e-07
   5e-07
   5e-07
   1e-07
   1e-07
   3e-07
   2e-07
   3e-07
   4e-07
   3e-07
   2e-07
   2e-07
   2e-07
   3e-07
   2e-07
   2e-07
   1e-07
   4e-07
   3e-07
   2e-07
   1e-07
   0.0
   1e-07
   0.0
   1e-07
   1e-07
   0.0
   1e-07
   1e-07
   1e-07
   1e-07
   1e-07
   0.0
   1e-07
   0.0
   1e-07
   0.0
   0.0
   1e-07
   1e-07
   0.0
   3e-07
   1e-07
   0.0
   0.0
   0.0
   1e-07
   0.0
   0.0
   0.0
   0.0
   0.0
   0.0
   1e-07
   0.0
   0.0
   0.0
   0.0
   1e-07
   2e-07
   1e-07
   1e-07
   0.0
   0.0
   0.0
   0.0
   0.0
   0.0
   0.0
   0.0
   0.0
   0.0
   1e-07
   0.0
   0.0
   1e-07
   0.0
   0.0
   0.0
   0.0
   0.0
   0.0
   0.0
   0.0
   0.0
   0.0
   0.0
   0.0
   0.0
   0.0
   0.0
   0.0
   0.0
   0.0
   0.0
   0.0
   0.0
   0.0
   0.0
   0.0
   0.0
   0.0
   0.0
   0.0
   0.0
   0.0
   0.0
   0.0
   0.0
   0.0
   0.0
   0.0
   0.0
   0.0
   0.0
   0.0
   0.0
   0.0
   0.0
   0.0
   0.0
   0.0
   0.0
   0.0
   0.0
   0.0
   0.0
   0.0
   0.0
   0.0
   0.0
   0.0
   0.0
   0.0
   0.0
   0.0
   0.0
   0.0
   0.0
   0.0
   0.0
   0.0
   0.0
   0.0
   0.0
   0.0
   0.0
   0.0
   0.0
   0.0
   0.0
   0.0
   0.0
   0.0
   0.0
   0.0
   0.0
   0.0
   0.0
   0.0
   0.0
   0.0
   0.0
   0.0
   0.0
   0.0
   0.0
   0.0
   0.0
   0.0
