   0.0
   0.0
   0.0
   0.0
   0.0
   0.0
   0.0
   0.0
   0.0
   0.0
   0.0
   0.0
   0.0
   0.0
   0.0
   0.0
   0.0
   0.0
   0.0
   0.0
   0.0
   0.0
   0.0
   0.0
   0.0
   0.0
   0.0
   0.0
   0.0
   0.0
   0.0
   0.0
   0.0
   0.0
   0.0
   0.0
   0.0
   4e-07
   0.0
   4e-07
   1e-07
   1e-07
   0.0
   4e-07
   1e-07
   1e-07
   0.0
   0.0
   4e-07
   0.0
   1e-07
   0.0
   0.0
   1e-07
   0.0
   0.0
   0.0
   0.0
   1e-07
   1e-07
   0.0
   0.0
   0.0
   0.0
   0.0
   0.0
   0.0
   0.0
   0.0
   0.0
   1e-07
   1e-07
   0.0
   0.0
   0.0
   0.0
   0.0
   0.0
   0.0
   1e-07
   1e-07
   0.0
   0.0
   0.0
   0.0
   0.0
   0.0
   1e-07
   0.0
   0.0
   0.0
   0.0
   1e-07
   1e-07
   0.0
   1e-07
   6e-07
   0.0
   5e-07
   0.0
   2e-07
   2e-07
   0.0
   0.0
   2e-07
   1e-07
   5e-07
   1e-07
   1.7e-06
   1e-07
   1e-07
   3e-07
   2e-07
   1.4e-06
   2e-07
   5e-07
   7e-07
   1.4e-06
   3e-07
   2e-07
   1e-07
   7e-07
   7e-07
   3e-07
   7e-07
   9e-07
   1.4e-06
   3.1e-06
   8e-07
   6e-07
   1.2e-06
   1e-06
   6e-07
   2.3e-06
   1.3e-06
   9e-07
   1.9e-06
   1.1e-06
   1.7e-06
   3.3e-06
   1.9e-06
   3.2e-06
   2e-06
   2.3e-06
   1.9e-06
   3.1e-06
   4.4e-06
   3.4e-06
   3.4e-06
   4.4e-06
   5e-06
   3.3e-06
   5.9e-06
   6.6e-06
   9.8e-06
   1.08e-05
   7.2e-06
   8.5e-06
   8.2e-06
   8.3e-06
   1.19e-05
   1.08e-05
   1.25e-05
   1.22e-05
   1.6e-05
   1.22e-05
   1.45e-05
   1.65e-05
   1.93e-05
   1.83e-05
   1.73e-05
   1.98e-05
   2.4e-05
   2.64e-05
   3.16e-05
   3.59e-05
   4.36e-05
   3.68e-05
   4.08e-05
   3.81e-05
   4.52e-05
   4.65e-05
   5.31e-05
   5.19e-05
   5.59e-05
   6.84e-05
   6.57e-05
   6.66e-05
   7.74e-05
   7.5e-05
   9.93e-05
   9.44e-05
   0.0001036
   0.0001169
   0.0001107
   0.0001255
   0.0001456
   0.0001359
   0.0001524
   0.0001796
   0.0001788
   0.0001822
   0.0002037
   0.0002135
   0.0002238
   0.0002527
   0.000271
   0.0002955
   0.0003167
   0.000334
   0.0003521
   0.0004154
   0.0003989
   0.0004342
   0.0004632
   0.0005106
   0.0005471
   0.0005802
   0.0006129
   0.0006355
   0.0007318
   0.0007778
   0.0008199
   0.0008937
   0.0009565
   0.001056
   0.0011208
   0.0011807
   0.0012655
   0.0013504
   0.0014229
   0.0015875
   0.0016851
   0.0018072
   0.0019396
   0.0021359
   0.0022143
   0.0024243
   0.0026021
   0.0027729
   0.0029709
   0.003214
   0.0034183
   0.0036739
   0.0039226
   0.004276
   0.0045257
   0.004837
   0.0052052
   0.0056965
   0.0061094
   0.0065164
   0.0069892
   0.0075338
   0.0081082
   0.008618
   0.0093924
   0.0099801
   0.0107441
   0.0116113
   0.0125428
   0.0133976
   0.0143118
   0.0153325
   0.016545
   0.0177703
   0.0190311
   0.0203358
   0.0218978
   0.0234946
   0.0253673
   0.0271629
   0.0293843
   0.0314692
   0.0341285
   0.0367287
   0.0393586
   0.0425667
   0.0458998
   0.0497472
   0.0538048
   0.0579632
   0.0627547
   0.0679785
   0.0739468
   0.0803829
   0.0873784
   0.0948834
   0.1036157
   0.1137915
   0.1245157
   0.1370704
   0.1516502
   0.1670957
   0.1858786
   0.2062538
   0.2233728
   0.2356103
   0.2436061
   0.247376
   0.2470183
   0.2436564
   0.2353734
   0.2228326
   0.2067161
   0.1863018
   0.1675969
   0.1515188
   0.1369066
   0.124493
   0.1131402
   0.103659
   0.0949448
   0.087155
   0.0799214
   0.0735973
   0.0678599
   0.0627021
   0.0582018
   0.053671
   0.0497764
   0.0458754
   0.0426634
   0.0396236
   0.0366417
   0.0340532
   0.0316814
   0.02963
   0.0273332
   0.0255503
   0.0237396
   0.0218332
   0.020476
   0.0190605
   0.0176965
   0.0165596
   0.0155655
   0.0143187
   0.0133058
   0.0123759
   0.0114968
   0.0108466
   0.0099569
   0.009262
   0.008762
   0.0080327
   0.0076008
   0.0070098
   0.0065135
   0.0060821
   0.0056803
   0.0052832
   0.0049008
   0.004561
   0.0042162
   0.0039105
   0.0036648
   0.0034197
   0.0031623
   0.0030082
   0.0027882
   0.002584
   0.0024132
   0.002235
   0.0020936
   0.0020253
   0.0018238
   0.001711
   0.0015745
   0.0014568
   0.0013577
   0.0012923
   0.0012195
   0.0011336
   0.0010228
   0.00097
   0.0008693
   0.0008354
   0.0007617
   0.0007113
   0.0006492
   0.0006248
   0.0005659
   0.0005282
   0.0005277
   0.0004656
   0.0004282
   0.0004043
   0.00038
   0.0003805
   0.0003377
   0.0003004
   0.0002621
   0.0002433
   0.0002447
   0.0002013
   0.0002169
   0.000194
   0.0001817
   0.0001651
   0.0001743
   0.0001509
   0.0001288
   0.000123
   0.0001208
   0.0001039
   0.0001054
   9.45e-05
   8.73e-05
   9.1e-05
   7.69e-05
   7.33e-05
   6.62e-05
   5.94e-05
   6.38e-05
   4.79e-05
   4.72e-05
   4.38e-05
   4.06e-05
   3.95e-05
   3.57e-05
   3.69e-05
   2.88e-05
   2.52e-05
   2.65e-05
   2.46e-05
   2.39e-05
   1.91e-05
   2.13e-05
   2.23e-05
   1.84e-05
   1.76e-05
   1.16e-05
   1.52e-05
   9.9e-06
   1.13e-05
   1.04e-05
   6.6e-06
   1.01e-05
   8.5e-06
   7.8e-06
   5.9e-06
   6.1e-06
   5.5e-06
   5.1e-06
   8.1e-06
   6.4e-06
   6e-06
   6.7e-06
   5.6e-06
   4.8e-06
   3.3e-06
   4.4e-06
   2.7e-06
   2.6e-06
   1.9e-06
   1.9e-06
   1.9e-06
   1e-06
   1.1e-06
   2.1e-06
   2e-06
   2.1e-06
   1.9e-06
   7e-07
   1.7e-06
   2e-06
   6e-07
   1.5e-06
   1.7e-06
   1.2e-06
   8e-07
   1.2e-06
   1.1e-06
   2e-07
   6e-07
   1e-07
   1e-06
   3e-07
   3e-07
   4e-07
   1e-07
   1e-07
   1e-07
   3e-07
   5e-07
   3e-07
   5e-07
   5e-07
   0.0
   2e-07
   5e-07
   1e-07
   2e-07
   1e-07
   0.0
   2e-07
   2e-07
   1e-07
   4e-07
   1e-07
   4e-07
   2e-07
   0.0
   1e-07
   0.0
   0.0
   0.0
   0.0
   1e-07
   0.0
   1e-07
   0.0
   0.0
   0.0
   1e-07
   0.0
   0.0
   1e-07
   0.0
   0.0
   0.0
   0.0
   9e-07
   0.0
   0.0
   0.0
   1e-07
   1e-07
   0.0
   0.0
   0.0
   0.0
   0.0
   0.0
   0.0
   0.0
   0.0
   0.0
   0.0
   0.0
   0.0
   0.0
   0.0
   0.0
   0.0
   0.0
   0.0
   0.0
   0.0
   0.0
   0.0
   0.0
   0.0
   0.0
   0.0
   0.0
   0.0
   0.0
   0.0
   0.0
   0.0
   0.0
   0.0
   0.0
   0.0
   0.0
   0.0
   0.0
   0.0
   0.0
   0.0
   0.0
   0.0
   0.0
   0.0
   0.0
   0.0
   0.0
   0.0
   0.0
   0.0
   0.0
   0.0
   0.0
   0.0
   0.0
   0.0
   0.0
   0.0
   0.0
   0.0
   0.0
   0.0
   0.0
   0.0
   0.0
   0.0
   0.0
   0.0
