   0.0
   0.0
   0.0
   0.0
   0.0
   0.0
   0.0
   0.0
   0.0
   0.0
   0.0
   0.0
   0.0
   0.0
   0.0
   0.0
   0.0
   0.0
   0.0
   0.0
   0.0
   0.0
   0.0
   0.0
   0.0
   0.0
   0.0
   0.0
   0.0
   0.0
   0.0
   0.0
   0.0
   0.0
   1e-07
   0.0
   0.0
   0.0
   1e-07
   0.0
   0.0
   0.0
   0.0
   0.0
   0.0
   0.0
   0.0
   0.0
   0.0
   5e-07
   0.0
   0.0
   0.0
   2.5e-06
   0.0
   0.0
   0.0
   0.0
   0.0
   0.0
   1e-07
   2e-07
   0.0
   9e-07
   1e-07
   1e-07
   0.0
   1.7e-06
   6e-07
   0.0
   6e-07
   4e-07
   0.0
   0.0
   1e-07
   0.0
   1e-07
   0.0
   0.0
   0.0
   1e-07
   0.0
   0.0
   1e-07
   0.0
   5e-07
   0.0
   2e-07
   1e-07
   2e-07
   0.0
   4e-07
   0.0
   1e-07
   2e-07
   1e-07
   7e-07
   2e-07
   1.7e-06
   8e-07
   1.5e-06
   0.0
   1e-06
   1e-06
   1.6e-06
   6e-07
   2e-07
   1e-06
   1.7e-06
   2e-07
   1e-06
   3e-07
   1.3e-06
   0.0
   3e-07
   3.5e-06
   5e-07
   3e-07
   7e-07
   4e-07
   2.8e-06
   9e-07
   1.9e-06
   4e-07
   4e-07
   2.4e-06
   1.2e-06
   2.4e-06
   8e-07
   1e-06
   5e-07
   1.6e-06
   2.7e-06
   4.5e-06
   2.5e-06
   8e-07
   1.2e-06
   2.8e-06
   3.6e-06
   6.6e-06
   2.8e-06
   1e-06
   1.1e-06
   1.4e-06
   1.5e-06
   1.2e-06
   1.4e-06
   2.9e-06
   3.2e-06
   3e-06
   7.4e-06
   5.6e-06
   3.4e-06
   4.9e-06
   5.1e-06
   2.5e-06
   5.6e-06
   5e-06
   4e-06
   3.7e-06
   8.4e-06
   4.3e-06
   6.6e-06
   1.3e-05
   4.9e-06
   6.4e-06
   9.4e-06
   1.04e-05
   1.05e-05
   7.4e-06
   5.8e-06
   1.08e-05
   8.5e-06
   9.6e-06
   9.1e-06
   5.8e-06
   1.67e-05
   8.5e-06
   1.18e-05
   1.26e-05
   1.04e-05
   1.69e-05
   1.38e-05
   1.36e-05
   1.78e-05
   2.45e-05
   1.58e-05
   2e-05
   2.07e-05
   1.69e-05
   2.53e-05
   1.47e-05
   2.06e-05
   2.8e-05
   2.61e-05
   2.16e-05
   2.58e-05
   1.84e-05
   2.38e-05
   2.71e-05
   3.61e-05
   2.99e-05
   3.42e-05
   3.02e-05
   2.32e-05
   3.75e-05
   3.32e-05
   4.4e-05
   4.69e-05
   3.71e-05
   3.43e-05
   4.76e-05
   5.22e-05
   4.38e-05
   5.56e-05
   6.02e-05
   6.62e-05
   6.51e-05
   5.99e-05
   6.16e-05
   6.77e-05
   6.68e-05
   7.46e-05
   8.14e-05
   8.97e-05
   8.76e-05
   9.26e-05
   7.97e-05
   0.0001002
   0.0001221
   0.0001057
   0.000138
   0.0001171
   0.0001206
   0.0001341
   0.0001435
   0.0001506
   0.0001407
   0.000168
   0.0001766
   0.000152
   0.0001741
   0.000182
   0.0001883
   0.000184
   0.0002099
   0.00021
   0.0002202
   0.000216
   0.0002424
   0.0002267
   0.0002562
   0.0002503
   0.0002419
   0.0002783
   0.0003117
   0.0003159
   0.0003169
   0.000331
   0.0003702
   0.0003445
   0.00038
   0.000407
   0.0004201
   0.0004223
   0.0004836
   0.0004818
   0.0004776
   0.0004962
   0.0005418
   0.0005503
   0.0005679
   0.0005589
   0.0006161
   0.0006069
   0.0006444
   0.0007202
   0.0007049
   0.000747
   0.0007897
   0.000861
   0.0009148
   0.0009639
   0.0008966
   0.0011048
   0.0010207
   0.0010191
   0.0010613
   0.0011948
   0.0011876
   0.0012823
   0.0013495
   0.0013711
   0.0014181
   0.0014023
   0.0015217
   0.0016065
   0.0016669
   0.0016539
   0.0017884
   0.0018789
   0.0020166
   0.0020187
   0.0020937
   0.002212
   0.0022823
   0.0023925
   0.002366
   0.0026045
   0.002733
   0.0028479
   0.0029281
   0.0031022
   0.0032009
   0.0034209
   0.0034008
   0.0036895
   0.0038258
   0.0039056
   0.0040081
   0.0042039
   0.0044199
   0.0047024
   0.0047184
   0.0048703
   0.0050751
   0.0054819
   0.0055895
   0.0058428
   0.0060537
   0.00623
   0.0066104
   0.0068668
   0.0071822
   0.007403
   0.0078937
   0.0079717
   0.0083296
   0.0088438
   0.0094067
   0.0095483
   0.009929
   0.0101845
   0.0107372
   0.011048
   0.0114904
   0.0121534
   0.0126068
   0.0132958
   0.0136214
   0.0141981
   0.0148422
   0.0154759
   0.0161014
   0.0167877
   0.0176757
   0.0182419
   0.0189363
   0.0196813
   0.0205324
   0.0214972
   0.022405
   0.0230492
   0.0241824
   0.0252893
   0.0258564
   0.0274263
   0.0282474
   0.0299197
   0.0305852
   0.0320905
   0.0330957
   0.0351881
   0.0362367
   0.0377224
   0.0394153
   0.0410378
   0.0429074
   0.0443298
   0.0465373
   0.0483253
   0.0502108
   0.0523737
   0.0544141
   0.0570778
   0.0590795
   0.0617979
   0.0640129
   0.06689
   0.069723
   0.0727496
   0.0753858
   0.0785996
   0.0815425
   0.085585
   0.2002751
   0.2021834
   0.2045487
   0.2061082
   0.2079136
   0.2078424
   0.2067219
   0.2051043
   0.2033986
   0.1998057
   0.0853764
   0.0818209
   0.0784365
   0.0760298
   0.0720327
   0.0698112
   0.0668877
   0.0642167
   0.0617099
   0.0594472
   0.0568749
   0.0548674
   0.0520124
   0.0503378
   0.048481
   0.046088
   0.0447647
   0.0427258
   0.0411708
   0.0390036
   0.0377943
   0.0366022
   0.0349535
   0.033619
   0.0325087
   0.0308569
   0.0297348
   0.0286226
   0.0274074
   0.0261938
   0.0251311
   0.0242142
   0.0231894
   0.0222784
   0.021199
   0.0208035
   0.0200611
   0.0191355
   0.018212
   0.0175622
   0.016832
   0.015871
   0.0155768
   0.0148937
   0.0142595
   0.0137616
   0.0131086
   0.012699
   0.0121862
   0.0116127
   0.0112025
   0.0109849
   0.0101401
   0.0098066
   0.0093504
   0.009046
   0.0087021
   0.0084728
   0.0081087
   0.0076963
   0.0075618
   0.0071708
   0.0070081
   0.0066202
   0.0063379
   0.006131
   0.0059058
   0.0056605
   0.0053701
   0.005225
   0.0050165
   0.0047713
   0.0045351
   0.0045014
   0.0042775
   0.0040379
   0.0039302
   0.0036404
   0.0036571
   0.0034932
   0.0034107
   0.003205
   0.0030565
   0.0029231
   0.0027629
   0.0026394
   0.002598
   0.0025321
   0.0024442
   0.0022624
   0.0022203
   0.0021355
   0.0020931
   0.0019672
   0.0018522
   0.0018628
   0.0017707
   0.0016886
   0.0015856
   0.0015366
   0.0014715
   0.0014399
   0.001346
   0.0013511
   0.0012377
   0.0012407
   0.0011468
   0.0011195
   0.0010687
   0.0009854
   0.000923
   0.0009484
   0.0008856
   0.0008994
   0.0007925
   0.0007869
   0.0007548
   0.0007393
   0.000696
   0.0006834
   0.0006565
   0.0006332
   0.0006205
   0.0005797
   0.0005539
   0.0005185
   0.0004917
   0.000449
   0.0005071
   0.0004874
   0.000431
   0.0004055
   0.000392
   0.0003906
   0.0003916
   0.000354
   0.0003121
   0.0003122
   0.0003099
   0.0003297
   0.0002676
   0.0002599
   0.0002563
   0.0002555
   0.0002434
   0.0002463
   0.0002047
   0.0002143
   0.0001908
   0.0002157
   0.0001655
   0.0001729
   0.0001607
   0.0001757
   0.0001717
   0.0001581
   0.0001551
   0.0001389
   0.0001469
   0.0001285
   0.0001277
   0.0001192
   0.0001305
   0.0001091
   0.0001038
   9.47e-05
   0.0001067
   0.0001097
   9.06e-05
   9.11e-05
   8.15e-05
   8.56e-05
   9e-05
   7.07e-05
   6.31e-05
   6.92e-05
   7.15e-05
   7.79e-05
   6.63e-05
   5.91e-05
   5.82e-05
   4.94e-05
   4.49e-05
   5.57e-05
   3.78e-05
   3.49e-05
   3.52e-05
   5.63e-05
   3.7e-05
   3.72e-05
   3.77e-05
   4.11e-05
   3.53e-05
   3.19e-05
   3.52e-05
   3.42e-05
   2.96e-05
   3.25e-05
   2.74e-05
   2.3e-05
   1.86e-05
   2.42e-05
   2.16e-05
   2.67e-05
   2.32e-05
   3.11e-05
   1.62e-05
   2.22e-05
   1.81e-05
   2.2e-05
   1.57e-05
   2.48e-05
   1.77e-05
   1.03e-05
   1.44e-05
   8.9e-06
   9e-06
   1.73e-05
   8.2e-06
   1.2e-05
   1.41e-05
   8e-06
   1.18e-05
   9.7e-06
   1.15e-05
   5.7e-06
   1.37e-05
   1.01e-05
   9.5e-06
   1.08e-05
   9.7e-06
   5.3e-06
   7.1e-06
   6.8e-06
   8e-06
   4.1e-06
   5.1e-06
   1.49e-05
   1.03e-05
   6.7e-06
   4.5e-06
   7.3e-06
   5.3e-06
   2.4e-06
   6.6e-06
   5e-06
   1.6e-06
   8e-07
   1.4e-06
   3e-06
   1.2e-06
   4.4e-06
   2.2e-06
   5.6e-06
   5.5e-06
   4.1e-06
   7.5e-06
   4.5e-06
   2.6e-06
   1.8e-06
   3.3e-06
   2.9e-06
   3.4e-06
   3.4e-06
   2.8e-06
   1.3e-06
   1.1e-06
   2.3e-06
   6e-07
   1.3e-06
   5e-07
   2.9e-06
   1.4e-06
   1.5e-06
   7e-07
   1.5e-06
   2.9e-06
   2e-07
   5e-07
   1.4e-06
   2e-07
   1.2e-06
   1.1e-06
   1e-07
   6e-07
   3e-07
   1.4e-06
   2e-07
   3.1e-06
   6e-07
   3e-07
   1e-07
   5e-07
   2.2e-06
   1.3e-06
   5e-07
   1e-06
   0.0
   1e-06
   0.0
   1e-07
   9e-07
   1e-06
   9e-07
   5e-07
   4e-07
   3e-07
   2e-07
   0.0
   2e-07
   1e-07
   4e-07
   1e-07
   4e-07
   4e-07
   0.0
   5e-07
   0.0
   1e-07
   0.0
   5e-07
   0.0
   5e-07
   2e-07
   1e-07
   0.0
   5e-07
   0.0
   0.0
   1e-07
   0.0
   1e-07
   1e-06
   0.0
   0.0
   0.0
   0.0
   0.0
   1e-07
   1e-07
   0.0
   1e-07
   0.0
   0.0
   0.0
   0.0
   0.0
   0.0
   1e-06
   0.0
   0.0
   0.0
   0.0
   0.0
   0.0
   0.0
   0.0
   0.0
   1e-07
   0.0
   0.0
   0.0
   1e-07
   0.0
   0.0
   0.0
   0.0
   0.0
   0.0
   0.0
   0.0
   0.0
   0.0
   0.0
   0.0
   0.0
   0.0
   0.0
   0.0
   0.0
   0.0
   0.0
   0.0
   0.0
   0.0
   0.0
   0.0
   0.0
   0.0
   0.0
   0.0
   0.0
   0.0
   0.0
   1e-07
