   0.0
   0.0
   0.0
   0.0
   0.0
   0.0
   0.0
   0.0
   0.0
   0.0
   0.0
   0.0
   0.0
   0.0
   0.0
   0.0
   0.0
   0.0
   0.0
   0.0
   0.0
   0.0
   0.0
   0.0
   0.0
   0.0
   0.0
   0.0
   0.0
   0.0
   0.0
   0.0
   0.0
   0.0
   0.0
   0.0
   0.0
   0.0
   0.0
   0.0
   0.0
   0.0
   1e-07
   1e-07
   0.0
   0.0
   0.0
   0.0
   0.0
   0.0
   0.0
   0.0
   0.0
   1e-07
   0.0
   0.0
   0.0
   0.0
   0.0
   0.0
   0.0
   0.0
   0.0
   0.0
   1e-07
   0.0
   0.0
   0.0
   0.0
   1e-07
   1e-07
   0.0
   0.0
   0.0
   0.0
   4e-07
   2e-07
   0.0
   0.0
   1e-07
   4e-07
   4e-07
   4e-07
   4e-07
   2e-07
   6e-07
   3e-07
   2e-07
   9e-07
   4e-07
   9e-07
   1.5e-06
   9e-07
   1.3e-06
   1.4e-06
   1.3e-06
   1.4e-06
   8e-07
   1.1e-06
   1.5e-06
   1.6e-06
   3.1e-06
   2e-06
   2.2e-06
   3.6e-06
   3.3e-06
   2e-06
   3e-06
   3.2e-06
   4.8e-06
   5.4e-06
   5e-06
   6.5e-06
   7.3e-06
   7.2e-06
   9.3e-06
   9.2e-06
   1.04e-05
   1.18e-05
   1.12e-05
   1.28e-05
   1.53e-05
   1.72e-05
   1.65e-05
   1.72e-05
   2.05e-05
   2.67e-05
   3.05e-05
   2.85e-05
   3.4e-05
   4.04e-05
   4.43e-05
   5.05e-05
   5.47e-05
   5.68e-05
   6.56e-05
   7.63e-05
   7.99e-05
   8.92e-05
   0.0001026
   0.0001147
   0.0001251
   0.0001363
   0.0001397
   0.0001694
   0.0001786
   0.0001963
   0.000226
   0.000236
   0.0002743
   0.0002936
   0.0003328
   0.0003755
   0.0004153
   0.0004604
   0.0005079
   0.0005603
   0.0006322
   0.0007039
   0.0007555
   0.0008602
   0.0009593
   0.001078
   0.0011823
   0.0012748
   0.0014375
   0.0016398
   0.0018306
   0.0020352
   0.0022486
   0.002514
   0.0028185
   0.0031624
   0.0034971
   0.0038999
   0.0043778
   0.0049124
   0.0054771
   0.0062615
   0.006932
   0.0077975
   0.0089518
   0.0102503
   0.011659
   0.0131833
   0.0151876
   0.0176223
   0.0203683
   0.0236414
   0.0277603
   0.032466
   0.0384202
   0.0457632
   0.0544475
   0.065536
   0.0780859
   0.0883007
   0.0957983
   0.1002211
   0.1027441
   0.1027373
   0.1001906
   0.0956315
   0.0884818
   0.0782092
   0.0657051
   0.0545477
   0.0458364
   0.0382837
   0.0324627
   0.0276988
   0.0236047
   0.0202939
   0.0176327
   0.0152555
   0.0133452
   0.0115506
   0.0101898
   0.008957
   0.0079281
   0.0069713
   0.0061777
   0.0054745
   0.004894
   0.0044112
   0.0039584
   0.003567
   0.0031447
   0.0028207
   0.0025043
   0.0022901
   0.0020052
   0.0018095
   0.0016554
   0.0014937
   0.0013234
   0.0012262
   0.0010614
   0.0009954
   0.0008823
   0.0007918
   0.0007235
   0.0006301
   0.0005851
   0.0005099
   0.0004717
   0.0004315
   0.000379
   0.0003353
   0.0003094
   0.0002833
   0.000258
   0.0002274
   0.0001957
   0.0001785
   0.000163
   0.0001436
   0.0001355
   0.0001177
   0.0001051
   9.62e-05
   9.11e-05
   8.06e-05
   7.44e-05
   6.69e-05
   5.48e-05
   4.81e-05
   4.64e-05
   4.05e-05
   3.89e-05
   3.71e-05
   3.35e-05
   3.2e-05
   2.72e-05
   2.45e-05
   1.85e-05
   1.85e-05
   1.67e-05
   1.45e-05
   1.28e-05
   1.2e-05
   1.21e-05
   1.11e-05
   9.2e-06
   7.3e-06
   6.7e-06
   5.4e-06
   5.8e-06
   6.4e-06
   3.5e-06
   4.3e-06
   5.5e-06
   3.1e-06
   2.9e-06
   3.3e-06
   2.3e-06
   1.6e-06
   2e-06
   2.9e-06
   1.2e-06
   1.7e-06
   1.2e-06
   1.6e-06
   6e-07
   1.2e-06
   1.1e-06
   5e-07
   7e-07
   8e-07
   4e-07
   3e-07
   3e-07
   0.0
   1e-07
   6e-07
   3e-07
   5e-07
   1e-07
   0.0
   1e-07
   4e-07
   2e-07
   0.0
   0.0
   1e-07
   1e-07
   2e-07
   2e-07
   2e-07
   2e-07
   1e-07
   4e-07
   0.0
   0.0
   1e-07
   0.0
   0.0
   0.0
   0.0
   0.0
   0.0
   0.0
   0.0
   0.0
   0.0
   0.0
   1e-07
   0.0
   0.0
   0.0
   0.0
   0.0
   0.0
   0.0
   0.0
   0.0
   1e-07
   0.0
   0.0
   0.0
   0.0
   0.0
   0.0
   0.0
   0.0
   0.0
   0.0
   0.0
   0.0
   0.0
   0.0
   0.0
   0.0
   0.0
   0.0
   0.0
   0.0
   0.0
   0.0
   0.0
   0.0
   0.0
   0.0
   0.0
   0.0
   0.0
   0.0
   0.0
   0.0
   0.0
   0.0
   0.0
   0.0
   0.0
   0.0
   0.0
   0.0
   0.0
   0.0
   0.0
