   1e-07
   0.0
   1e-07
   0.0
   0.0
   1e-07
   3e-07
   2e-07
   1e-07
   4e-07
   3e-07
   7e-07
   4e-07
   8e-07
   3e-07
   1e-06
   1.2e-06
   1.3e-06
   9e-07
   1.1e-06
   1.2e-06
   2.3e-06
   1.5e-06
   2e-06
   2.4e-06
   1.9e-06
   2e-06
   3.3e-06
   4.6e-06
   4e-06
   6e-06
   5.7e-06
   7e-06
   8e-06
   9.4e-06
   1.02e-05
   1.09e-05
   1.44e-05
   1.27e-05
   1.44e-05
   1.69e-05
   1.99e-05
   2.36e-05
   2.68e-05
   2.63e-05
   3.34e-05
   4.25e-05
   4.75e-05
   5.05e-05
   5.97e-05
   6.95e-05
   7.14e-05
   8.7e-05
   9.42e-05
   0.0001128
   0.0001309
   0.0001409
   0.000159
   0.0001912
   0.000215
   0.0002364
   0.0002729
   0.0003144
   0.0003572
   0.0004191
   0.0004634
   0.0005146
   0.0006173
   0.0006723
   0.0007671
   0.0008785
   0.0009977
   0.0011525
   0.0013032
   0.0014482
   0.0016724
   0.0018915
   0.0021496
   0.0024768
   0.0028083
   0.0031955
   0.003619
   0.0041049
   0.0046944
   0.0053215
   0.0060241
   0.0069293
   0.0079018
   0.008902
   0.0101377
   0.0115922
   0.0131764
   0.0149348
   0.0169873
   0.0193054
   0.0667002
   0.0689668
   0.0705057
   0.0715903
   0.0721064
   0.0721589
   0.0715321
   0.0706032
   0.0689231
   0.066933
   0.0192892
   0.0169496
   0.0149515
   0.0131372
   0.0115145
   0.0101713
   0.008872
   0.0078317
   0.0068601
   0.0061001
   0.0053306
   0.0046775
   0.0041421
   0.0036027
   0.0031997
   0.0028067
   0.0024343
   0.0021658
   0.0019192
   0.0016702
   0.0014701
   0.0012845
   0.0011255
   0.0010042
   0.0008672
   0.0007802
   0.000688
   0.0005972
   0.0005251
   0.0004662
   0.000406
   0.0003564
   0.0003145
   0.0002788
   0.0002466
   0.0002126
   0.0001944
   0.0001761
   0.0001472
   0.000133
   0.000111
   9.92e-05
   8.63e-05
   7.98e-05
   6.81e-05
   6.11e-05
   4.8e-05
   4.55e-05
   4.07e-05
   3.09e-05
   3.28e-05
   2.69e-05
   2.38e-05
   2e-05
   1.69e-05
   1.58e-05
   1.39e-05
   1.24e-05
   1.07e-05
   8.3e-06
   8.2e-06
   7.8e-06
   5.7e-06
   6.6e-06
   4.3e-06
   4.3e-06
   3.4e-06
   3.6e-06
   2.3e-06
   3.4e-06
   1.6e-06
   1.7e-06
   1.8e-06
   1.9e-06
   1.7e-06
   1.5e-06
   1.6e-06
   1.5e-06
   5e-07
   7e-07
   5e-07
   1e-06
   8e-07
   4e-07
   0.0
   5e-07
   4e-07
   3e-07
   1e-07
   2e-07
   2e-07
   1e-07
   2e-07
   0.0
   0.0
