   0.0
   0.0
   0.0
   0.0
   0.0
   0.0
   0.0
   0.0
   0.0
   0.0
   0.0
   0.0
   0.0
   0.0
   0.0
   0.0
   0.0
   0.0
   0.0
   0.0
   0.0
   0.0
   0.0
   0.0
   0.0
   0.0
   0.0
   0.0
   0.0
   0.0
   0.0
   0.0
   0.0
   0.0
   0.0
   0.0
   0.0
   0.0
   0.0
   0.0
   0.0
   0.0
   0.0
   0.0
   0.0
   0.0
   0.0
   0.0
   0.0
   0.0
   0.0
   0.0
   0.0
   0.0
   0.0
   0.0
   0.0
   0.0
   0.0
   0.0
   0.0
   0.0
   0.0
   0.0
   0.0
   0.0
   0.0
   0.0
   0.0
   0.0
   0.0
   0.0
   0.0
   0.0
   0.0
   0.0
   0.0
   0.0
   0.0
   0.0
   0.0
   0.0
   0.0
   0.0
   0.0
   0.0
   0.0
   0.0
   0.0
   0.0
   0.0
   0.0
   0.0
   0.0
   0.0
   0.0
   0.0
   0.0
   0.0
   0.0
   0.0
   0.0
   0.0
   0.0
   1e-07
   0.0
   0.0
   0.0
   0.0
   0.0
   0.0
   0.0
   0.0
   0.0
   0.0
   0.0
   0.0
   0.0
   0.0
   0.0
   0.0
   0.0
   0.0
   0.0
   0.0
   0.0
   0.0
   0.0
   0.0
   3e-07
   4e-07
   0.0
   3e-07
   9e-07
   1e-07
   2e-07
   1e-07
   2e-07
   0.0
   1e-07
   2e-07
   1e-07
   3e-07
   2e-07
   0.0
   1e-07
   9e-07
   1.5e-06
   4e-07
   7e-07
   1e-07
   3e-07
   5e-07
   4e-07
   9e-07
   1.8e-06
   9e-07
   7e-07
   1.1e-06
   1.5e-06
   1e-06
   1.5e-06
   2.1e-06
   1.8e-06
   2.5e-06
   2.1e-06
   2.3e-06
   1.2e-06
   1.3e-06
   4e-06
   1.1e-06
   2.2e-06
   3.7e-06
   3.3e-06
   2.2e-06
   4.1e-06
   3.1e-06
   3.2e-06
   4e-06
   4.6e-06
   4.3e-06
   6.5e-06
   1e-05
   7e-06
   9.9e-06
   9.3e-06
   9.8e-06
   9.4e-06
   1.43e-05
   1.11e-05
   1.19e-05
   1.61e-05
   1.86e-05
   1.79e-05
   2.41e-05
   2.51e-05
   2.44e-05
   2.85e-05
   3e-05
   3.07e-05
   3.25e-05
   3.83e-05
   3.84e-05
   3.69e-05
   4.68e-05
   4.81e-05
   4.94e-05
   5.38e-05
   6.15e-05
   6.81e-05
   8.32e-05
   7.69e-05
   8.43e-05
   9.99e-05
   0.0001042
   0.000116
   0.000121
   0.0001345
   0.0001583
   0.0001657
   0.0001728
   0.0001949
   0.0002062
   0.0002299
   0.0002486
   0.0002553
   0.0002868
   0.0003167
   0.0003367
   0.0003706
   0.0004233
   0.000446
   0.000502
   0.0005501
   0.0005911
   0.0006057
   0.0006948
   0.00075
   0.000794
   0.0008546
   0.0009258
   0.0010238
   0.0010909
   0.0012216
   0.0013135
   0.0014277
   0.0015679
   0.001643
   0.0017681
   0.0019824
   0.0021702
   0.0023658
   0.0025314
   0.0027649
   0.0029487
   0.0032639
   0.0035489
   0.0038955
   0.004255
   0.0046063
   0.0050202
   0.0054397
   0.0059632
   0.0064107
   0.0070224
   0.0076557
   0.0081778
   0.0089746
   0.0099228
   0.010694
   0.0116223
   0.0127171
   0.0137905
   0.0151425
   0.0164416
   0.0179149
   0.019772
   0.0215694
   0.0235056
   0.0257238
   0.0282745
   0.0309988
   0.0342097
   0.0374455
   0.0414106
   0.04582
   0.0508285
   0.056551
   0.0629853
   0.0700882
   0.0786947
   0.0884393
   0.1001003
   0.1133262
   0.1293665
   0.1464292
   0.1605621
   0.1708303
   0.1772862
   0.1800878
   0.1806533
   0.1770141
   0.1705034
   0.1602257
   0.1463008
   0.1289934
   0.1131948
   0.1002837
   0.0887623
   0.078653
   0.0701326
   0.062794
   0.0564212
   0.0506678
   0.0458246
   0.0413144
   0.0376543
   0.0340294
   0.0309548
   0.0282313
   0.0260137
   0.023456
   0.0213913
   0.0196282
   0.0179794
   0.0165566
   0.0150138
   0.0137247
   0.0127415
   0.0116129
   0.01059
   0.0098575
   0.0089676
   0.0082458
   0.0075815
   0.0069475
   0.0063434
   0.0059013
   0.0054063
   0.0049557
   0.0045112
   0.004144
   0.0038331
   0.0035616
   0.0032382
   0.0030244
   0.002796
   0.0025587
   0.0022961
   0.0021358
   0.0019313
   0.0017795
   0.0016916
   0.0015385
   0.0013793
   0.0012857
   0.0012153
   0.0010965
   0.0010033
   0.0009131
   0.0008365
   0.0007887
   0.0007103
   0.0006579
   0.0006081
   0.0005786
   0.0005318
   0.0004807
   0.0004315
   0.0004218
   0.0003788
   0.0003348
   0.0003206
   0.0002861
   0.0002707
   0.0002444
   0.0002329
   0.0002139
   0.0001952
   0.000179
   0.0001558
   0.0001514
   0.0001359
   0.0001195
   0.0001168
   0.000104
   8.62e-05
   9.28e-05
   8.35e-05
   7.11e-05
   6.69e-05
   7.32e-05
   6.25e-05
   6.7e-05
   5.37e-05
   5.22e-05
   4.44e-05
   4e-05
   3.82e-05
   3.32e-05
   2.61e-05
   3.03e-05
   2.66e-05
   2.35e-05
   2.64e-05
   2.17e-05
   1.82e-05
   1.27e-05
   1.51e-05
   1.12e-05
   1.18e-05
   9.4e-06
   7.7e-06
   6.8e-06
   6.7e-06
   9.3e-06
   7.5e-06
   6.2e-06
   6.1e-06
   7.7e-06
   6.6e-06
   5.7e-06
   5.3e-06
   3.5e-06
   3.7e-06
   3.2e-06
   2.1e-06
   2.2e-06
   4.5e-06
   3.7e-06
   3.3e-06
   2.5e-06
   3.5e-06
   1.4e-06
   1.8e-06
   2.1e-06
   1.2e-06
   2.2e-06
   6e-07
   1.2e-06
   8e-07
   1.3e-06
   1.4e-06
   6e-07
   1e-06
   4e-07
   3e-07
   6e-07
   1e-07
   7e-07
   1e-07
   1e-07
   1e-07
   1e-07
   1e-07
   1e-07
   1e-07
   0.0
   1e-07
   0.0
   3e-07
   1e-07
   0.0
   0.0
   5e-07
   0.0
   0.0
   0.0
   1e-07
   1e-07
   1e-07
   0.0
   4e-07
   0.0
   0.0
   0.0
   0.0
   0.0
   0.0
   0.0
   0.0
   0.0
   0.0
   0.0
   0.0
   0.0
   0.0
   0.0
   0.0
   0.0
   0.0
   0.0
   0.0
   0.0
   0.0
   0.0
   0.0
   0.0
   0.0
   0.0
   0.0
   0.0
   0.0
   0.0
   0.0
   0.0
   0.0
   0.0
   0.0
   0.0
   0.0
   0.0
   0.0
   0.0
   0.0
   0.0
   0.0
   0.0
   0.0
   0.0
   0.0
   0.0
   0.0
   0.0
   0.0
   0.0
   0.0
   0.0
   0.0
   0.0
   0.0
   0.0
   0.0
   0.0
   0.0
   0.0
   0.0
   0.0
   0.0
   0.0
   0.0
   0.0
   0.0
   0.0
   0.0
   0.0
   0.0
   0.0
   0.0
   0.0
   0.0
   0.0
   0.0
   0.0
   0.0
   0.0
   0.0
   0.0
   0.0
   0.0
   0.0
   0.0
   0.0
   0.0
   0.0
   0.0
   0.0
   0.0
   0.0
   0.0
   0.0
   0.0
   0.0
   0.0
   0.0
   0.0
   0.0
   0.0
   0.0
   0.0
   0.0
   0.0
   0.0
   0.0
   0.0
   0.0
   0.0
   0.0
   0.0
   0.0
   0.0
   0.0
   0.0
   0.0
   0.0
   0.0
   0.0
   0.0
   0.0
   0.0
