   0.0
   0.0
   0.0
   0.0
   0.0
   0.0
   0.0
   0.0
   0.0
   0.0
   0.0
   0.0
   0.0
   0.0
   0.0
   0.0
   0.0
   0.0
   0.0
   0.0
   0.0
   0.0
   0.0
   0.0
   0.0
   0.0
   0.0
   0.0
   0.0
   0.0
   0.0
   0.0
   0.0
   0.0
   0.0
   0.0
   0.0
   0.0
   0.0
   0.0
   0.0
   0.0
   0.0
   0.0
   0.0
   0.0
   0.0
   0.0
   0.0
   0.0
   0.0
   0.0
   0.0
   0.0
   1e-07
   0.0
   0.0
   1e-07
   0.0
   0.0
   0.0
   0.0
   0.0
   0.0
   0.0
   0.0
   0.0
   0.0
   0.0
   0.0
   0.0
   0.0
   0.0
   0.0
   0.0
   0.0
   1e-07
   0.0
   0.0
   1e-07
   0.0
   0.0
   1e-07
   1e-07
   0.0
   1e-07
   0.0
   1e-07
   3e-07
   0.0
   1e-07
   0.0
   3e-07
   5e-07
   4e-07
   1e-07
   2e-07
   0.0
   5e-07
   8e-07
   3e-07
   3e-07
   5e-07
   7e-07
   5e-07
   1.8e-06
   1e-06
   1e-06
   1.2e-06
   1.4e-06
   1.2e-06
   2.1e-06
   2e-06
   3e-06
   1.7e-06
   2.6e-06
   3.4e-06
   2.3e-06
   4.3e-06
   4.4e-06
   3.8e-06
   6.2e-06
   5.1e-06
   7.2e-06
   7.7e-06
   7.4e-06
   9.8e-06
   1.11e-05
   1.08e-05
   1.2e-05
   1.4e-05
   1.46e-05
   1.68e-05
   2.18e-05
   2.09e-05
   2.79e-05
   2.84e-05
   3.03e-05
   3.74e-05
   3.77e-05
   3.91e-05
   4.74e-05
   5.35e-05
   6.16e-05
   6.87e-05
   7.17e-05
   7.96e-05
   9.68e-05
   0.0001055
   0.0001142
   0.000133
   0.0001473
   0.0001652
   0.0001863
   0.0002048
   0.0002361
   0.0002462
   0.0002822
   0.0003191
   0.0003546
   0.0004013
   0.0004397
   0.0005092
   0.0005661
   0.0006144
   0.0006971
   0.0007992
   0.0008885
   0.0010101
   0.0011234
   0.0012435
   0.0014051
   0.0015747
   0.0017857
   0.0020263
   0.0022755
   0.0025662
   0.0029379
   0.0033355
   0.0037918
   0.0043847
   0.0050248
   0.0057587
   0.0066408
   0.007735
   0.0090608
   0.0106501
   0.0126798
   0.0149924
   0.0178761
   0.0216109
   0.0260849
   0.0319416
   0.0391623
   0.0486191
   0.0593126
   0.0679807
   0.0741557
   0.0781536
   0.0798234
   0.0799668
   0.0779729
   0.0740602
   0.0680779
   0.0592992
   0.0484337
   0.0392792
   0.0319117
   0.0261183
   0.0215654
   0.0178843
   0.0149759
   0.0126126
   0.0105702
   0.0090706
   0.0077667
   0.0067351
   0.0058015
   0.0050065
   0.0043221
   0.0037747
   0.0033228
   0.0029373
   0.0025941
   0.0022913
   0.0020513
   0.001792
   0.0015767
   0.0014001
   0.0012508
   0.0011045
   0.0009912
   0.000883
   0.0007869
   0.0007139
   0.0006281
   0.0005639
   0.0005139
   0.0004517
   0.0004014
   0.000365
   0.0003267
   0.000289
   0.0002654
   0.0002203
   0.0001985
   0.0001832
   0.0001643
   0.0001416
   0.0001339
   0.0001195
   9.84e-05
   9.17e-05
   8.07e-05
   7.9e-05
   6.59e-05
   5.57e-05
   5.83e-05
   5.18e-05
   4.31e-05
   3.65e-05
   3.3e-05
   2.79e-05
   2.8e-05
   2.24e-05
   2.42e-05
   1.87e-05
   1.62e-05
   1.69e-05
   1.33e-05
   1.19e-05
   1.21e-05
   9.4e-06
   1.04e-05
   9.8e-06
   5.7e-06
   6.6e-06
   5.1e-06
   5.9e-06
   3.3e-06
   3.5e-06
   4e-06
   2.4e-06
   4.2e-06
   3e-06
   1.8e-06
   1.8e-06
   2e-06
   1.5e-06
   1.7e-06
   1.4e-06
   1.6e-06
   1.1e-06
   1e-06
   8e-07
   9e-07
   6e-07
   9e-07
   4e-07
   3e-07
   5e-07
   3e-07
   5e-07
   2e-07
   4e-07
   1e-07
   1e-07
   0.0
   3e-07
   5e-07
   1e-07
   1e-07
   1e-07
   1e-07
   0.0
   0.0
   1e-07
   0.0
   1e-07
   0.0
   4e-07
   0.0
   1e-07
   0.0
   0.0
   1e-07
   1e-07
   1e-07
   0.0
   0.0
   0.0
   0.0
   0.0
   0.0
   0.0
   0.0
   0.0
   0.0
   0.0
   0.0
   0.0
   0.0
   0.0
   0.0
   0.0
   0.0
   0.0
   0.0
   0.0
   0.0
   0.0
   0.0
   0.0
   0.0
   1e-07
   0.0
   0.0
   0.0
   0.0
   0.0
   0.0
   0.0
   0.0
   0.0
   0.0
   0.0
   0.0
   0.0
   0.0
   0.0
   0.0
   0.0
   0.0
   0.0
   0.0
   0.0
   0.0
   0.0
   0.0
   0.0
   0.0
   0.0
   0.0
   0.0
   0.0
   0.0
   0.0
   0.0
   0.0
   0.0
   0.0
   0.0
   0.0
   0.0
   0.0
   0.0
   0.0
   0.0
   0.0
   0.0
