   0.0
   0.0
   0.0
   0.0
   0.0
   0.0
   0.0
   0.0
   0.0
   0.0
   0.0
   0.0
   0.0
   0.0
   0.0
   0.0
   0.0
   0.0
   0.0
   0.0
   0.0
   0.0
   0.0
   0.0
   0.0
   0.0
   0.0
   0.0
   0.0
   0.0
   0.0
   0.0
   0.0
   0.0
   0.0
   0.0
   0.0
   0.0
   0.0
   0.0
   0.0
   0.0
   0.0
   0.0
   0.0
   0.0
   0.0
   0.0
   0.0
   0.0
   0.0
   0.0
   0.0
   0.0
   0.0
   0.0
   0.0
   0.0
   0.0
   0.0
   0.0
   0.0
   0.0
   0.0
   0.0
   0.0
   0.0
   0.0
   0.0
   0.0
   0.0
   0.0
   0.0
   0.0
   0.0
   0.0
   0.0
   0.0
   0.0
   0.0
   0.0
   0.0
   0.0
   0.0
   0.0
   0.0
   0.0
   0.0
   0.0
   0.0
   0.0
   0.0
   0.0
   0.0
   0.0
   0.0
   0.0
   0.0
   0.0
   0.0
   0.0
   0.0
   0.0
   0.0
   0.0
   0.0
   0.0
   0.0
   0.0
   0.0
   0.0
   0.0
   1e-07
   0.0
   0.0
   0.0
   4e-07
   0.0
   0.0
   0.0
   1e-07
   0.0
   0.0
   0.0
   0.0
   0.0
   0.0
   0.0
   0.0
   0.0
   1e-07
   0.0
   0.0
   0.0
   0.0
   0.0
   0.0
   1e-07
   1e-07
   0.0
   0.0
   1e-07
   0.0
   1e-07
   1e-07
   0.0
   0.0
   0.0
   0.0
   1e-07
   2e-07
   2e-07
   0.0
   0.0
   1e-07
   1e-07
   1e-07
   0.0
   0.0
   1e-07
   1e-07
   1e-07
   1e-07
   9e-07
   1e-07
   0.0
   3e-07
   0.0
   1e-07
   6e-07
   1e-07
   1e-07
   1e-07
   1e-07
   4e-07
   3e-07
   2.1e-06
   2e-07
   0.0
   2e-07
   2e-07
   1e-07
   6e-07
   7e-07
   2e-07
   1e-07
   1.2e-06
   1.3e-06
   3e-07
   5e-07
   8e-07
   3e-07
   1e-07
   1e-07
   1.7e-06
   1.2e-06
   2.3e-06
   5e-07
   3e-07
   7e-07
   4e-07
   2.7e-06
   1.3e-06
   3.9e-06
   9e-07
   1.2e-06
   2.1e-06
   1.1e-06
   1.5e-06
   3.4e-06
   4.2e-06
   3.7e-06
   1.7e-06
   1e-06
   3.5e-06
   2.2e-06
   4.7e-06
   4.8e-06
   1.2e-06
   3.4e-06
   9e-07
   4e-06
   4.9e-06
   3.6e-06
   3.8e-06
   4.1e-06
   5.7e-06
   7.4e-06
   5.1e-06
   6.6e-06
   7.7e-06
   6.4e-06
   7e-06
   5.8e-06
   9.7e-06
   1e-05
   7.8e-06
   8.6e-06
   9.4e-06
   1.53e-05
   1.47e-05
   1.02e-05
   1.4e-05
   1.37e-05
   1.39e-05
   1.05e-05
   1.47e-05
   1.76e-05
   2.04e-05
   1.83e-05
   1.28e-05
   1.71e-05
   2.05e-05
   1.97e-05
   2.2e-05
   2.47e-05
   2.55e-05
   2.24e-05
   2.39e-05
   2.6e-05
   3.13e-05
   2.79e-05
   4.09e-05
   3.95e-05
   2.98e-05
   4.41e-05
   4.72e-05
   4.34e-05
   4.56e-05
   4.9e-05
   5.09e-05
   5.38e-05
   5.45e-05
   5.56e-05
   6.65e-05
   6.25e-05
   6.29e-05
   7.41e-05
   7.01e-05
   8.45e-05
   7.45e-05
   9.21e-05
   9.5e-05
   9.56e-05
   9.84e-05
   0.0001251
   0.0001166
   0.0001143
   0.0001243
   0.0001456
   0.0001485
   0.0001567
   0.0001507
   0.0001606
   0.0001714
   0.0001855
   0.0001898
   0.0002167
   0.0002263
   0.0002281
   0.0002364
   0.0002638
   0.0002737
   0.0002651
   0.00031
   0.0003042
   0.0003097
   0.0003374
   0.0003661
   0.0003996
   0.0004225
   0.0004234
   0.0004458
   0.0004889
   0.000492
   0.0005174
   0.0005611
   0.0005937
   0.0006024
   0.0006454
   0.0006915
   0.00073
   0.000769
   0.0007976
   0.0008742
   0.0008982
   0.0009692
   0.0010029
   0.001044
   0.001053
   0.0011503
   0.001229
   0.0013039
   0.0013963
   0.0013851
   0.0014129
   0.0015045
   0.001645
   0.0017983
   0.001849
   0.0019487
   0.002018
   0.0020867
   0.002331
   0.00236
   0.0025161
   0.0026381
   0.0028055
   0.0029863
   0.0031205
   0.0032356
   0.0034289
   0.0036557
   0.0038515
   0.0040592
   0.0042411
   0.0045541
   0.0047533
   0.0050475
   0.0052266
   0.0055573
   0.0058661
   0.0061493
   0.0065684
   0.0069127
   0.0071919
   0.0075327
   0.0079341
   0.0084735
   0.0088295
   0.0093913
   0.0098249
   0.0104513
   0.0110026
   0.0116762
   0.0121341
   0.0128251
   0.0135948
   0.0143302
   0.01498
   0.0158457
   0.016504
   0.0177848
   0.0186581
   0.0193118
   0.0206968
   0.0218377
   0.0230333
   0.024211
   0.0254984
   0.0268376
   0.0282173
   0.0297406
   0.0313989
   0.0331135
   0.1058484
   0.1073402
   0.1079557
   0.1087337
   0.1092676
   0.1091523
   0.1091256
   0.1079687
   0.1071603
   0.1056399
   0.033171
   0.0313458
   0.0297299
   0.0283779
   0.0267401
   0.0251303
   0.0240047
   0.0230127
   0.0216194
   0.0206264
   0.0193919
   0.0185051
   0.0175839
   0.0165945
   0.0158373
   0.0150027
   0.0142905
   0.0135876
   0.0128973
   0.0121783
   0.0115535
   0.011074
   0.0102813
   0.0098002
   0.0093844
   0.0088357
   0.0084777
   0.0079814
   0.00755
   0.0071605
   0.0068616
   0.0064643
   0.0061702
   0.0058124
   0.0055521
   0.0052733
   0.0050024
   0.0047187
   0.0044958
   0.0042583
   0.0040097
   0.0038609
   0.0037217
   0.0033938
   0.0032145
   0.0031426
   0.0028962
   0.0027456
   0.0026379
   0.0024945
   0.0023924
   0.0022727
   0.0022182
   0.0020582
   0.0020003
   0.0019094
   0.0017525
   0.0016998
   0.0015528
   0.0014897
   0.0013918
   0.0013758
   0.0012745
   0.0012198
   0.0011008
   0.0011264
   0.0010548
   0.000966
   0.0009676
   0.0009009
   0.0008235
   0.0008097
   0.0007639
   0.0007143
   0.00068
   0.0006587
   0.0006478
   0.0005782
   0.000542
   0.0004964
   0.0004879
   0.0004671
   0.0004621
   0.0004413
   0.0004006
   0.0003792
   0.0003522
   0.0003548
   0.0003344
   0.0003048
   0.0003006
   0.0002861
   0.0002698
   0.0002398
   0.0002255
   0.0002192
   0.0002162
   0.0002036
   0.0001907
   0.0001777
   0.0001703
   0.0001538
   0.0001413
   0.0001382
   0.0001367
   0.0001312
   0.0001279
   0.0001162
   0.0001039
   0.0001094
   9e-05
   9.35e-05
   9.53e-05
   8.57e-05
   7.5e-05
   7.45e-05
   6.96e-05
   8.01e-05
   5.41e-05
   5.86e-05
   6.17e-05
   6.17e-05
   5e-05
   5.11e-05
   4.92e-05
   5.06e-05
   4.66e-05
   4.15e-05
   4.33e-05
   3.76e-05
   3.73e-05
   3.46e-05
   3.39e-05
   2.98e-05
   2.68e-05
   2.69e-05
   2.82e-05
   1.82e-05
   2.35e-05
   2.19e-05
   1.88e-05
   2.14e-05
   2.02e-05
   2.52e-05
   1.66e-05
   1.77e-05
   1.46e-05
   1.4e-05
   1.5e-05
   1.71e-05
   1.07e-05
   1.31e-05
   1.01e-05
   8.4e-06
   7.4e-06
   8.6e-06
   6.9e-06
   9e-06
   5.7e-06
   5e-06
   4.8e-06
   5e-06
   7.6e-06
   4.6e-06
   4.2e-06
   5.7e-06
   5.9e-06
   5.2e-06
   4e-06
   2.6e-06
   2.9e-06
   4.5e-06
   3.8e-06
   3.1e-06
   4.7e-06
   7e-06
   3e-06
   1.5e-06
   2.3e-06
   3e-06
   1.9e-06
   1.1e-06
   1.3e-06
   1.7e-06
   1.7e-06
   3e-06
   2.7e-06
   1.5e-06
   1.2e-06
   1.3e-06
   9e-07
   1.1e-06
   1.8e-06
   1.5e-06
   1.6e-06
   1e-06
   6e-07
   3e-07
   1.1e-06
   3.7e-06
   5e-07
   5e-07
   1.7e-06
   2e-07
   5e-07
   4e-07
   4e-07
   1e-06
   1e-07
   7e-07
   1e-07
   1e-07
   1.5e-06
   1e-07
   3e-07
   2.6e-06
   4e-07
   0.0
   1.1e-06
   5e-07
   5e-07
   0.0
   1e-07
   5e-07
   3e-07
   1e-07
   0.0
   3e-07
   1e-07
   1e-07
   0.0
   0.0
   9e-07
   5e-07
   0.0
   1e-07
   9e-07
   0.0
   0.0
   0.0
   0.0
   1e-07
   1.4e-06
   0.0
   0.0
   0.0
   0.0
   1e-07
   0.0
   0.0
   1e-07
   0.0
   0.0
   0.0
   0.0
   1e-07
   0.0
   0.0
   0.0
   0.0
   0.0
   1e-07
   0.0
   0.0
   0.0
   0.0
   0.0
   0.0
   0.0
   0.0
   0.0
   0.0
   0.0
   0.0
   0.0
   0.0
   0.0
   0.0
   0.0
   0.0
   0.0
   0.0
   0.0
   0.0
   0.0
   0.0
   0.0
   0.0
   0.0
   0.0
   0.0
   0.0
   0.0
   0.0
   0.0
   0.0
   0.0
   0.0
   0.0
   0.0
   0.0
   0.0
   0.0
   0.0
   0.0
   0.0
   0.0
   0.0
   0.0
   0.0
   0.0
   0.0
   0.0
   0.0
   0.0
   0.0
   0.0
   0.0
   0.0
   0.0
   0.0
   0.0
   0.0
   0.0
   0.0
   0.0
   0.0
   0.0
   0.0
   0.0
   0.0
   0.0
   0.0
   0.0
   0.0
   0.0
   0.0
   0.0
   0.0
   0.0
   0.0
   0.0
   0.0
   0.0
   0.0
   0.0
   0.0
   0.0
   0.0
   0.0
   0.0
   0.0
   0.0
   0.0
   0.0
   0.0
   0.0
   0.0
   0.0
   0.0
   0.0
   0.0
   0.0
   0.0
   0.0
   0.0
   0.0
   0.0
   0.0
   0.0
   0.0
   0.0
   0.0
   0.0
   0.0
   0.0
   0.0
   0.0
   0.0
   0.0
   0.0
   0.0
   0.0
   0.0
   0.0
   0.0
   0.0
   0.0
   0.0
   0.0
   0.0
   0.0
   0.0
   0.0
   0.0
