   0.0
   0.0
   0.0
   0.0
   0.0
   0.0
   0.0
   0.0
   0.0
   0.0
   0.0
   0.0
   0.0
   0.0
   0.0
   0.0
   0.0
   0.0
   0.0
   0.0
   0.0
   0.0
   0.0
   0.0
   0.0
   0.0
   0.0
   0.0
   0.0
   0.0
   0.0
   0.0
   0.0
   0.0
   0.0
   0.0
   0.0
   0.0
   0.0
   0.0
   0.0
   0.0
   0.0
   0.0
   0.0
   0.0
   0.0
   0.0
   0.0
   0.0
   0.0
   0.0
   0.0
   0.0
   0.0
   0.0
   0.0
   0.0
   0.0
   0.0
   0.0
   0.0
   0.0
   0.0
   0.0
   0.0
   0.0
   0.0
   0.0
   0.0
   0.0
   0.0
   0.0
   0.0
   0.0
   0.0
   0.0
   0.0
   0.0
   0.0
   1e-06
   1e-06
   0.0
   0.0
   0.0
   0.0
   0.0
   0.0
   0.0
   1e-06
   1e-06
   0.0
   0.0
   0.0
   0.0
   0.0
   1e-06
   0.0
   2e-06
   0.0
   0.0
   1e-06
   0.0
   0.0
   0.0
   0.0
   0.0
   1e-06
   0.0
   0.0
   0.0
   0.0
   1e-06
   1e-06
   1e-06
   2e-06
   1e-06
   0.0
   1e-06
   1e-06
   2e-06
   1e-06
   3e-06
   1e-06
   1e-06
   3e-06
   5e-06
   1e-06
   3e-06
   2e-06
   2e-06
   0.0
   0.0
   2e-06
   2e-06
   0.0
   2e-06
   2e-06
   0.0
   1e-06
   1e-06
   4e-06
   3e-06
   4e-06
   0.0
   1e-06
   2e-06
   4e-06
   4e-06
   3e-06
   0.0
   6e-06
   4e-06
   2e-06
   2e-06
   2e-06
   2e-06
   5e-06
   3e-06
   7e-06
   7e-06
   6e-06
   4e-06
   7e-06
   1.1e-05
   6e-06
   6e-06
   1.1e-05
   1.1e-05
   9e-06
   7e-06
   7e-06
   6e-06
   8e-06
   6e-06
   8e-06
   1.1e-05
   5e-06
   5e-06
   8e-06
   1.4e-05
   1.7e-05
   9e-06
   1e-05
   1.1e-05
   1.6e-05
   1e-05
   1.6e-05
   1.8e-05
   2.1e-05
   1.2e-05
   1.8e-05
   1.3e-05
   2.2e-05
   1.6e-05
   1.9e-05
   2.6e-05
   2.3e-05
   2.1e-05
   1.8e-05
   2.3e-05
   1.9e-05
   2.5e-05
   2.8e-05
   3.3e-05
   2.1e-05
   3.1e-05
   3.6e-05
   3.5e-05
   3.7e-05
   3.5e-05
   5.2e-05
   3.5e-05
   3.4e-05
   3.6e-05
   5.3e-05
   4.1e-05
   6e-05
   5.3e-05
   3.4e-05
   4.9e-05
   6.7e-05
   4.9e-05
   5e-05
   5.7e-05
   5.6e-05
   6.4e-05
   6.4e-05
   8.6e-05
   8.2e-05
   7.1e-05
   7.4e-05
   9.3e-05
   0.000107
   8e-05
   8.6e-05
   0.000117
   9.8e-05
   0.000104
   0.000116
   0.000137
   0.000119
   0.00012
   0.000117
   0.000132
   0.000148
   0.000136
   0.000123
   0.000145
   0.000181
   0.000179
   0.000171
   0.000198
   0.000165
   0.000209
   0.0002
   0.00021
   0.000247
   0.000233
   0.000208
   0.000221
   0.000233
   0.000243
   0.000299
   0.000281
   0.000328
   0.00032
   0.000322
   0.000352
   0.000351
   0.000387
   0.000411
   0.00041
   0.000434
   0.000433
   0.000484
   0.000433
   0.000531
   0.000573
   0.00054
   0.000497
   0.000506
   0.000628
   0.000638
   0.000722
   0.00065
   0.000687
   0.000714
   0.000725
   0.000793
   0.00082
   0.00083
   0.000828
   0.00091
   0.000943
   0.000994
   0.000984
   0.001037
   0.001087
   0.001069
   0.001162
   0.001295
   0.001309
   0.001362
   0.001381
   0.001457
   0.0015
   0.001597
   0.001609
   0.001746
   0.001746
   0.001852
   0.001904
   0.001961
   0.00202
   0.002102
   0.002271
   0.002368
   0.002415
   0.002568
   0.002742
   0.002804
   0.00281
   0.002847
   0.002948
   0.003219
   0.003341
   0.003432
   0.003553
   0.003758
   0.003836
   0.004128
   0.004105
   0.004299
   0.004594
   0.004636
   0.00496
   0.005209
   0.005348
   0.005526
   0.00589
   0.006015
   0.006299
   0.006505
   0.006616
   0.006876
   0.007486
   0.007506
   0.007939
   0.008047
   0.008445
   0.008834
   0.009165
   0.009866
   0.010098
   0.010477
   0.010969
   0.011427
   0.011779
   0.012133
   0.013014
   0.013533
   0.013866
   0.014489
   0.01532
   0.015866
   0.01654
   0.017187
   0.017952
   0.019063
   0.020066
   0.0208
   0.021769
   0.022531
   0.023865
   0.024573
   0.026247
   0.027281
   0.028111
   0.030693
   0.031587
   0.033833
   0.035096
   0.037362
   0.039318
   0.041644
   0.043964
   0.047352
   0.049574
   0.053565
   0.056447
   0.060051
   0.064702
   0.068903
   0.073897
   0.079087
   0.083745
   0.086336
   0.089202
   0.089807
   0.089773
   0.088753
   0.087031
   0.083466
   0.079409
   0.073609
   0.068866
   0.064058
   0.060084
   0.056448
   0.053223
   0.049513
   0.046265
   0.044267
   0.041646
   0.039281
   0.037338
   0.035267
   0.034006
   0.031918
   0.029824
   0.028316
   0.02714
   0.025699
   0.025016
   0.023644
   0.022656
   0.021077
   0.020678
   0.019796
   0.018894
   0.018147
   0.017298
   0.016827
   0.01593
   0.015202
   0.014574
   0.013999
   0.013471
   0.01299
   0.012234
   0.011965
   0.011123
   0.010934
   0.010318
   0.010027
   0.009609
   0.009149
   0.009041
   0.008597
   0.008128
   0.007929
   0.007674
   0.007164
   0.006803
   0.006618
   0.006314
   0.006151
   0.005867
   0.00585
   0.005641
   0.005088
   0.005099
   0.00471
   0.004478
   0.004636
   0.004386
   0.004182
   0.004158
   0.003996
   0.00385
   0.003585
   0.003472
   0.003384
   0.003131
   0.003155
   0.002857
   0.002984
   0.002869
   0.002674
   0.002574
   0.002411
   0.002369
   0.002235
   0.002146
   0.002087
   0.002017
   0.00181
   0.00185
   0.001801
   0.001712
   0.001604
   0.001514
   0.001456
   0.00142
   0.001364
   0.001302
   0.001367
   0.001222
   0.001222
   0.001138
   0.001129
   0.001085
   0.000886
   0.000933
   0.000993
   0.000911
   0.000907
   0.000879
   0.000776
   0.000778
   0.000747
   0.000727
   0.000668
   0.000659
   0.000657
   0.000615
   0.00062
   0.000582
   0.000554
   0.000557
   0.000493
   0.000524
   0.000522
   0.000465
   0.000439
   0.000379
   0.000429
   0.00042
   0.000345
   0.000332
   0.000351
   0.000324
   0.000288
   0.000301
   0.00028
   0.000272
   0.000243
   0.000277
   0.000246
   0.000211
   0.000194
   0.000223
   0.000216
   0.000196
   0.000197
   0.000167
   0.000152
   0.000164
   0.000198
   0.000172
   0.000199
   0.000127
   0.00015
   0.000131
   0.00015
   0.000132
   0.000107
   0.000126
   0.00012
   0.000115
   0.00012
   0.000114
   0.00011
   8.5e-05
   7.4e-05
   0.0001
   9.4e-05
   6.1e-05
   8.4e-05
   7.4e-05
   8.3e-05
   6.6e-05
   7.2e-05
   7e-05
   5.9e-05
   7e-05
   4.3e-05
   5.2e-05
   4.6e-05
   5.6e-05
   4.9e-05
   6.6e-05
   3.3e-05
   5.5e-05
   3.9e-05
   4.9e-05
   2.4e-05
   3.3e-05
   4.3e-05
   2.9e-05
   3.6e-05
   2.1e-05
   2.8e-05
   2.9e-05
   2.3e-05
   2.7e-05
   2.4e-05
   2.4e-05
   1.8e-05
   1.8e-05
   2.3e-05
   1.9e-05
   1.8e-05
   1.6e-05
   1.4e-05
   1.5e-05
   9e-06
   1.3e-05
   1.5e-05
   1.3e-05
   1.4e-05
   1.1e-05
   1.3e-05
   7e-06
   1.1e-05
   1.4e-05
   1.3e-05
   1.2e-05
   8e-06
   1.1e-05
   6e-06
   6e-06
   5e-06
   4e-06
   4e-06
   6e-06
   4e-06
   1.2e-05
   3e-06
   5e-06
   1e-05
   4e-06
   5e-06
   1e-06
   1.6e-05
   1e-06
   6e-06
   1e-06
   3e-06
   5e-06
   2e-06
   4e-06
   4e-06
   1e-06
   3e-06
   1e-06
   5e-06
   2e-06
   0.0
   0.0
   2e-06
   0.0
   4e-06
   1e-06
   0.0
   1e-06
   0.0
   2e-06
   1e-06
   1e-06
   0.0
   0.0
   2e-06
   1e-06
   1e-06
   2e-06
   0.0
   0.0
   0.0
   3e-06
   0.0
   1e-06
   1e-06
   1e-06
   0.0
   2e-06
   0.0
   1e-06
   2e-06
   1e-06
   3e-06
   0.0
   5e-06
   2e-06
   2e-06
   0.0
   0.0
   1e-06
   0.0
   2e-06
   0.0
   0.0
   0.0
   3e-06
   0.0
   0.0
   0.0
   1e-06
   0.0
   0.0
   2e-06
   1e-06
   0.0
   4e-06
   0.0
   0.0
   0.0
   0.0
   0.0
   0.0
   1e-06
   1e-06
   1e-06
   0.0
   0.0
   1e-06
   0.0
   1e-06
   0.0
   0.0
   0.0
   0.0
   0.0
   1e-06
   0.0
   0.0
   0.0
   0.0
   0.0
   1e-06
   0.0
   0.0
   0.0
   0.0
   0.0
   1e-06
   0.0
   0.0
   0.0
   0.0
   0.0
   0.0
   0.0
   0.0
   4e-06
   0.0
   0.0
   0.0
   0.0
   0.0
   0.0
   0.0
   0.0
   0.0
   0.0
   0.0
   0.0
   0.0
   0.0
   0.0
   0.0
   0.0
   0.0
   0.0
   0.0
   0.0
   0.0
   0.0
   0.0
   0.0
   0.0
   0.0
   0.0
   0.0
   0.0
   0.0
   0.0
   0.0
   0.0
   0.0
   0.0
   0.0
   0.0
   0.0
   0.0
   0.0
   0.0
   0.0
   0.0
   0.0
   0.0
   0.0
   0.0
   0.0
   0.0
   0.0
   0.0
   0.0
   0.0
