   0.0
   0.0
   0.0
   0.0
   0.0
   0.0
   0.0
   0.0
   0.0
   0.0
   0.0
   0.0
   0.0
   0.0
   0.0
   0.0
   0.0
   0.0
   0.0
   0.0
   0.0
   0.0
   0.0
   0.0
   0.0
   0.0
   0.0
   0.0
   0.0
   0.0
   0.0
   0.0
   0.0
   0.0
   0.0
   0.0
   0.0
   0.0
   0.0
   0.0
   0.0
   0.0
   0.0
   0.0
   0.0
   0.0
   0.0
   0.0
   0.0
   0.0
   0.0
   0.0
   0.0
   0.0
   0.0
   0.0
   0.0
   0.0
   0.0
   0.0
   0.0
   0.0
   0.0
   0.0
   0.0
   0.0
   0.0
   0.0
   0.0
   0.0
   0.0
   0.0
   0.0
   0.0
   0.0
   0.0
   0.0
   0.0
   0.0
   0.0
   0.0
   0.0
   0.0
   0.0
   0.0
   0.0
   0.0
   0.0
   0.0
   0.0
   0.0
   0.0
   0.0
   0.0
   0.0
   0.0
   0.0
   0.0
   0.0
   0.0
   0.0
   0.0
   0.0
   0.0
   0.0
   0.0
   0.0
   1e-07
   1e-07
   0.0
   1e-07
   4e-07
   0.0
   1e-07
   1e-07
   0.0
   4e-07
   0.0
   1e-07
   0.0
   1e-07
   0.0
   2e-07
   4e-07
   1e-07
   0.0
   1e-07
   1e-07
   1e-07
   2e-07
   0.0
   1e-07
   4e-07
   1e-07
   2e-07
   0.0
   1e-07
   2e-07
   3e-07
   3e-07
   1e-07
   6e-07
   2e-07
   1e-07
   4e-07
   2e-07
   2.1e-06
   3e-07
   2e-06
   6e-07
   5e-07
   7e-07
   2e-07
   1.6e-06
   5e-07
   2e-06
   8e-07
   4e-07
   4e-07
   4e-07
   3e-07
   1.7e-06
   9e-07
   2.3e-06
   1.5e-06
   1.1e-06
   1.9e-06
   7e-07
   2.3e-06
   2e-06
   2.7e-06
   3e-06
   1.2e-06
   5e-07
   2.4e-06
   4e-06
   7e-07
   2.8e-06
   1.7e-06
   1.4e-06
   2.4e-06
   3.7e-06
   4e-06
   2.4e-06
   3.3e-06
   5.2e-06
   2.9e-06
   4.6e-06
   6.1e-06
   7.7e-06
   5.5e-06
   5.3e-06
   5.2e-06
   7e-06
   4.5e-06
   9.1e-06
   8e-06
   8.6e-06
   1e-05
   9.8e-06
   1.14e-05
   1.17e-05
   1.12e-05
   1.12e-05
   1.4e-05
   1.52e-05
   1.56e-05
   1.13e-05
   1.21e-05
   1.06e-05
   2.03e-05
   2.05e-05
   1.95e-05
   1.75e-05
   2.23e-05
   2.01e-05
   2.55e-05
   2.49e-05
   2.63e-05
   3.2e-05
   3.44e-05
   3.28e-05
   4.19e-05
   3.78e-05
   3.61e-05
   4.32e-05
   4.27e-05
   3.96e-05
   4.15e-05
   4.99e-05
   4.81e-05
   4.67e-05
   5.61e-05
   6.26e-05
   6.64e-05
   7.84e-05
   7.59e-05
   7.91e-05
   8.82e-05
   9.56e-05
   9.24e-05
   9.26e-05
   0.0001005
   0.0001013
   0.0001098
   0.0001274
   0.0001237
   0.0001355
   0.0001407
   0.0001445
   0.0001431
   0.0001618
   0.0001709
   0.0001745
   0.0001801
   0.0001878
   0.0002067
   0.0002134
   0.0002525
   0.0002419
   0.0002601
   0.0002731
   0.0002976
   0.0002998
   0.0003251
   0.0003459
   0.0003502
   0.0003821
   0.0004204
   0.0004154
   0.0004542
   0.0004699
   0.0004808
   0.0005281
   0.0005438
   0.0005759
   0.0006117
   0.0006364
   0.0006566
   0.0006718
   0.0007338
   0.0007905
   0.0008043
   0.0008335
   0.0008868
   0.0009389
   0.0009706
   0.0010299
   0.0010993
   0.0011298
   0.0012043
   0.0012901
   0.0013079
   0.0014094
   0.0014768
   0.0015896
   0.0016399
   0.0017224
   0.0018348
   0.0019469
   0.0019973
   0.002148
   0.0022465
   0.0024333
   0.0026292
   0.0026197
   0.0027969
   0.0029375
   0.0031023
   0.0032319
   0.003445
   0.0036847
   0.0038484
   0.0041015
   0.0042879
   0.004493
   0.0047284
   0.0051015
   0.0053102
   0.0055604
   0.0059474
   0.0061671
   0.0065355
   0.0069002
   0.007344
   0.0076328
   0.0081799
   0.0085751
   0.0089794
   0.0093271
   0.0098673
   0.0105027
   0.0108913
   0.0115996
   0.0122497
   0.0130084
   0.0135247
   0.0144011
   0.0152321
   0.0160607
   0.0167809
   0.0178448
   0.0186272
   0.0198697
   0.0207788
   0.021868
   0.022973
   0.0243889
   0.0255103
   0.026962
   0.0284991
   0.0298529
   0.0314748
   0.0333332
   0.0352902
   0.0367936
   0.0390028
   0.0411975
   0.0432781
   0.0454462
   0.0480872
   0.0507247
   0.0532818
   0.0565679
   0.0592617
   0.0627128
   0.0660308
   0.0696167
   0.0733845
   0.0776283
   0.0815455
   0.0859506
   0.0904615
   0.0960281
   0.1004519
   0.1064774
   0.1123306
   0.1186175
   0.1248739
   0.1321267
   0.139725
   0.148099
   0.1566231
   0.1659056
   0.1758482
   0.1862846
   0.1985413
   0.2108769
   0.2235609
   0.2383133
   0.2548361
   0.2724487
   0.2923009
   0.3136171
   0.3389372
   0.3635868
   0.386328
   0.4017279
   0.4115912
   0.4167222
   0.4175718
   0.4121101
   0.4019679
   0.3854051
   0.3643045
   0.3392467
   0.3140637
   0.2923623
   0.2733624
   0.2550896
   0.2390707
   0.2234305
   0.2101738
   0.1978302
   0.1866809
   0.1756371
   0.1658754
   0.1564901
   0.1482797
   0.1400428
   0.1322701
   0.1256976
   0.118818
   0.112462
   0.1064167
   0.1008895
   0.0956637
   0.0906417
   0.0862119
   0.0814824
   0.0772618
   0.0733614
   0.0694791
   0.0659095
   0.0628448
   0.0594214
   0.0563297
   0.0534364
   0.0505315
   0.048139
   0.045427
   0.0430989
   0.0410078
   0.0387335
   0.0367315
   0.0351097
   0.0332426
   0.0313647
   0.0296182
   0.0284191
   0.0269912
   0.0255171
   0.0239981
   0.0230104
   0.0216754
   0.0208116
   0.019703
   0.0185418
   0.0175623
   0.0165797
   0.0159009
   0.0151753
   0.0142904
   0.0135974
   0.0128813
   0.0122332
   0.0116237
   0.0109287
   0.0103792
   0.0098287
   0.0095365
   0.0090057
   0.0085289
   0.0080784
   0.0076186
   0.0071158
   0.0068588
   0.0064275
   0.006083
   0.0059126
   0.0054725
   0.0053145
   0.0051014
   0.0047127
   0.004435
   0.0043849
   0.0040413
   0.0038392
   0.0037201
   0.0034949
   0.0033461
   0.0031508
   0.0030299
   0.002817
   0.0026737
   0.0025687
   0.0024193
   0.0022614
   0.002163
   0.0019813
   0.0018953
   0.001802
   0.001742
   0.0016629
   0.00159
   0.0014804
   0.0013961
   0.0013673
   0.0013
   0.0012209
   0.0011469
   0.0011227
   0.001034
   0.0009545
   0.0009138
   0.0008929
   0.0008063
   0.0007896
   0.0007516
   0.0006955
   0.0006564
   0.0006331
   0.0006047
   0.0005802
   0.0005411
   0.0004985
   0.0004615
   0.0004741
   0.0004417
   0.0004021
   0.0004039
   0.0003631
   0.0003546
   0.0003269
   0.0003099
   0.0003259
   0.0002846
   0.0002591
   0.0002584
   0.0002452
   0.0002382
   0.0002285
   0.0002141
   0.0002073
   0.0002007
   0.0001739
   0.000174
   0.0001787
   0.0001439
   0.0001496
   0.0001413
   0.0001333
   0.0001345
   0.000123
   0.000102
   0.0001107
   0.000106
   9.92e-05
   9.76e-05
   7.88e-05
   8.46e-05
   8.27e-05
   8.46e-05
   8.51e-05
   6.34e-05
   6.24e-05
   5.75e-05
   6.16e-05
   5.95e-05
   4.81e-05
   4.79e-05
   4.53e-05
   4.24e-05
   4.61e-05
   4.08e-05
   3.44e-05
   3.79e-05
   2.84e-05
   3.5e-05
   3.72e-05
   3.29e-05
   2.87e-05
   2.72e-05
   2.38e-05
   2.51e-05
   2.24e-05
   2.1e-05
   2.27e-05
   1.92e-05
   2.05e-05
   3e-05
   1.74e-05
   1.88e-05
   1.8e-05
   1.51e-05
   1.41e-05
   1.27e-05
   1.15e-05
   1.18e-05
   1.48e-05
   1.09e-05
   8.5e-06
   1.46e-05
   8.7e-06
   1.34e-05
   1.02e-05
   1.24e-05
   8.5e-06
   8.3e-06
   4.1e-06
   4.1e-06
   8.1e-06
   8.2e-06
   7.3e-06
   4.8e-06
   5.5e-06
   5.1e-06
   5.7e-06
   3.9e-06
   5.9e-06
   4.9e-06
   3.6e-06
   6.6e-06
   4.2e-06
   1.9e-06
   2e-06
   3.9e-06
   2.8e-06
   4.2e-06
   2.6e-06
   1.5e-06
   1.7e-06
   2e-06
   2.3e-06
   1.1e-06
   6e-07
   2.8e-06
   1.2e-06
   1.7e-06
   1.1e-06
   1.1e-06
   4e-07
   7e-07
   5e-07
   2e-07
   3e-07
   5e-07
   7e-07
   1e-07
   2e-07
   1.5e-06
   8e-07
   7e-07
   6e-07
   3e-07
   2e-07
   7e-07
   3e-07
   0.0
   5e-07
   1.6e-06
   3e-07
   4e-07
   1e-07
   4e-07
   1e-07
   1.3e-06
   5e-07
   3e-07
   2e-07
   0.0
   1e-07
   0.0
   1e-07
   0.0
   1e-06
   3e-07
   1e-07
   2e-07
   5e-07
   2e-07
   8e-07
   1e-07
   1e-07
   0.0
   5e-07
   5e-07
   1e-07
   1e-07
   5e-07
   1e-07
   1e-07
   5e-07
   1e-07
   9e-07
   0.0
   0.0
   0.0
   0.0
   0.0
   0.0
   0.0
   0.0
   0.0
   0.0
   0.0
   0.0
   0.0
   0.0
   0.0
   0.0
   0.0
   0.0
   0.0
   0.0
   0.0
   0.0
   0.0
   0.0
   0.0
   0.0
   0.0
   0.0
   0.0
   0.0
   0.0
   0.0
   0.0
   0.0
   0.0
   0.0
   0.0
   0.0
   0.0
   0.0
   0.0
   0.0
   0.0
   0.0
   0.0
   0.0
   0.0
   0.0
   0.0
   0.0
   0.0
   0.0
   0.0
   0.0
   0.0
   0.0
   0.0
   0.0
   0.0
   0.0
   0.0
   0.0
   0.0
   0.0
   0.0
   0.0
   0.0
   0.0
   0.0
   0.0
   0.0
   0.0
   0.0
   0.0
   0.0
   0.0
   0.0
   0.0
   0.0
   0.0
   0.0
   0.0
   0.0
   0.0
   0.0
   0.0
   0.0
   0.0
   0.0
   0.0
   0.0
   0.0
   0.0
   0.0
   0.0
   0.0
   0.0
   0.0
   0.0
   0.0
   0.0
   0.0
   0.0
   0.0
   0.0
