   1e-07
   0.0
   1e-07
   6e-07
   3e-07
   2e-07
   2e-07
   2e-07
   2e-07
   4e-07
   3e-07
   4e-07
   1.6e-06
   8e-07
   3e-07
   1.1e-06
   1.6e-06
   1.6e-06
   1.4e-06
   1.8e-06
   2.5e-06
   3.8e-06
   3.2e-06
   3.4e-06
   3.9e-06
   3.4e-06
   6.8e-06
   4e-06
   5.3e-06
   6.9e-06
   5.7e-06
   9.7e-06
   9.3e-06
   1.31e-05
   1.38e-05
   1.42e-05
   1.89e-05
   2.04e-05
   2.17e-05
   2.34e-05
   3.08e-05
   3.42e-05
   3.26e-05
   4.19e-05
   4.49e-05
   5.4e-05
   5.7e-05
   6.64e-05
   7.65e-05
   8.54e-05
   9.8e-05
   0.0001056
   0.0001221
   0.0001438
   0.0001639
   0.0001858
   0.0002039
   0.0002375
   0.0002571
   0.000301
   0.0003303
   0.0003825
   0.0004434
   0.0004802
   0.0005802
   0.0006182
   0.0007068
   0.0008007
   0.0009451
   0.0010307
   0.0011573
   0.0013341
   0.0014985
   0.0017321
   0.0019264
   0.0021934
   0.0025037
   0.002839
   0.0031805
   0.0036649
   0.00414
   0.0046306
   0.0053113
   0.0060154
   0.0067904
   0.0077599
   0.0087013
   0.0099268
   0.011282
   0.012787
   0.0144975
   0.0163854
   0.0185779
   0.0210468
   0.0237809
   0.0781938
   0.0803803
   0.0824728
   0.0835399
   0.0843855
   0.0842285
   0.0835519
   0.0823141
   0.0805435
   0.0781463
   0.023888
   0.0209738
   0.0186967
   0.0164182
   0.014358
   0.0127178
   0.0112569
   0.0099245
   0.0087592
   0.0076897
   0.0068968
   0.0059704
   0.0053136
   0.0046777
   0.0041389
   0.0036428
   0.0032392
   0.002849
   0.0024607
   0.0022073
   0.0019155
   0.0017425
   0.0015286
   0.001348
   0.0011759
   0.0010303
   0.0009336
   0.0008172
   0.0007003
   0.0006208
   0.000561
   0.0004858
   0.0004324
   0.0003862
   0.0003301
   0.0002956
   0.0002622
   0.0002277
   0.0002039
   0.0001792
   0.0001618
   0.0001326
   0.0001238
   0.0001108
   9.73e-05
   8.01e-05
   7.12e-05
   6.63e-05
   5.61e-05
   5.09e-05
   4.47e-05
   3.87e-05
   3.37e-05
   3.1e-05
   2.77e-05
   2.64e-05
   2.31e-05
   1.69e-05
   1.35e-05
   1.28e-05
   1.32e-05
   9.2e-06
   9.8e-06
   1.12e-05
   7.6e-06
   5.9e-06
   7.5e-06
   4.7e-06
   5.5e-06
   4.2e-06
   3.9e-06
   3e-06
   3.2e-06
   2.6e-06
   2.6e-06
   2.2e-06
   1.7e-06
   1.6e-06
   1.3e-06
   1.2e-06
   1e-06
   1.2e-06
   9e-07
   1.2e-06
   9e-07
   7e-07
   2e-07
   7e-07
   9e-07
   3e-07
   3e-07
   1e-07
   0.0
   4e-07
   2e-07
