   0.0
   0.0
   0.0
   0.0
   0.0
   0.0
   0.0
   0.0
   0.0
   0.0
   0.0
   0.0
   0.0
   0.0
   0.0
   0.0
   0.0
   0.0
   0.0
   0.0
   0.0
   0.0
   0.0
   0.0
   0.0
   0.0
   0.0
   0.0
   0.0
   0.0
   0.0
   0.0
   0.0
   0.0
   0.0
   0.0
   0.0
   0.0
   0.0
   0.0
   0.0
   0.0
   0.0
   0.0
   0.0
   0.0
   0.0
   0.0
   0.0
   0.0
   0.0
   0.0
   0.0
   0.0
   0.0
   0.0
   0.0
   0.0
   0.0
   0.0
   0.0
   0.0
   0.0
   0.0
   0.0
   0.0
   0.0
   0.0
   0.0
   0.0
   0.0
   0.0
   0.0
   0.0
   0.0
   0.0
   0.0
   0.0
   0.0
   0.0
   0.0
   0.0
   0.0
   0.0
   0.0
   0.0
   0.0
   0.0
   0.0
   0.0
   0.0
   0.0
   0.0
   0.0
   0.0
   0.0
   0.0
   0.0
   0.0
   0.0
   0.0
   0.0
   0.0
   0.0
   0.0
   0.0
   0.0
   0.0
   0.0
   1e-06
   1e-06
   0.0
   0.0
   0.0
   0.0
   1e-06
   0.0
   0.0
   0.0
   0.0
   0.0
   0.0
   0.0
   0.0
   0.0
   0.0
   0.0
   0.0
   0.0
   4e-06
   0.0
   1e-06
   0.0
   4e-06
   0.0
   0.0
   0.0
   1e-06
   1e-06
   0.0
   0.0
   0.0
   1e-06
   0.0
   0.0
   0.0
   4e-06
   1e-06
   1e-06
   0.0
   4e-06
   4e-06
   0.0
   0.0
   4e-06
   1e-06
   4e-06
   0.0
   1e-06
   0.0
   0.0
   0.0
   0.0
   0.0
   1e-06
   0.0
   0.0
   0.0
   0.0
   1e-06
   0.0
   0.0
   0.0
   1e-06
   0.0
   0.0
   0.0
   1e-06
   0.0
   0.0
   0.0
   1e-06
   4e-06
   2e-06
   5e-06
   4e-06
   1e-06
   1e-06
   2e-06
   1e-06
   0.0
   5e-06
   1e-06
   0.0
   4e-06
   1e-06
   0.0
   1e-06
   0.0
   1e-06
   1e-06
   1e-06
   0.0
   4e-06
   0.0
   1e-06
   0.0
   5e-06
   1e-06
   0.0
   0.0
   0.0
   0.0
   1e-06
   0.0
   1e-06
   0.0
   4e-06
   0.0
   0.0
   9e-06
   1e-06
   0.0
   1e-06
   1e-06
   4e-06
   0.0
   1e-06
   1e-06
   1.6e-05
   0.0
   0.0
   2e-06
   1e-06
   0.0
   0.0
   0.0
   1e-06
   0.0
   0.0
   0.0
   1e-06
   0.0
   1e-06
   0.0
   2e-06
   1e-06
   1e-06
   0.0
   0.0
   4e-06
   0.0
   1e-06
   1e-06
   1e-05
   9e-06
   4e-06
   9e-06
   1.6e-05
   1e-06
   2.5e-05
   4e-06
   5e-06
   1e-06
   2.6e-05
   2.5e-05
   1e-06
   5e-06
   0.0
   0.0
   1e-06
   0.0
   4e-06
   1e-06
   9e-06
   9e-06
   1e-06
   4e-06
   1e-05
   2e-06
   9e-06
   0.0
   2e-06
   4e-06
   1.6e-05
   1.6e-05
   0.0
   1e-06
   1e-06
   9e-06
   0.0
   4e-06
   2.9e-05
   2.5e-05
   9e-06
   1.8e-05
   1.8e-05
   5e-06
   1.5e-05
   5e-06
   1.8e-05
   5e-06
   1.3e-05
   2e-06
   1.6e-05
   1e-06
   0.0
   9e-06
   1.3e-05
   2e-06
   2e-06
   1e-06
   1.6e-05
   1e-06
   5e-06
   1.3e-05
   2e-06
   1e-06
   2e-06
   4e-06
   4e-06
   4e-06
   7e-06
   1.6e-05
   9e-06
   3e-06
   0.0
   1.7e-05
   2e-06
   1e-05
   3e-06
   1e-06
   8e-06
   1e-06
   1.2e-05
   1.4e-05
   0.000115
   2.7e-05
   2.6e-05
   1.5e-05
   1.8e-05
   1.4e-05
   1.1e-05
   6e-06
   1.5e-05
   4e-06
   2e-05
   2.5e-05
   5e-06
   9e-06
   3e-06
   6e-06
   1.9e-05
   1e-05
   8e-06
   2e-05
   3.1e-05
   1.9e-05
   4.1e-05
   6.8e-05
   1.6e-05
   2.6e-05
   0.000121
   1.4e-05
   2.4e-05
   2.6e-05
   2.4e-05
   4.7e-05
   3e-05
   1.9e-05
   3e-05
   2e-05
   2.4e-05
   9e-06
   2e-05
   8e-06
   1.7e-05
   1.1e-05
   3.8e-05
   2e-05
   1.5e-05
   3.8e-05
   7.4e-05
   3.8e-05
   5.9e-05
   1.7e-05
   3.4e-05
   6.3e-05
   5.5e-05
   6.5e-05
   4.1e-05
   2.8e-05
   6.5e-05
   3.7e-05
   6.1e-05
   7.2e-05
   4.2e-05
   5.6e-05
   4.8e-05
   8.5e-05
   9.3e-05
   8.6e-05
   0.000135
   7.6e-05
   5.2e-05
   8.3e-05
   9.8e-05
   0.00015
   5.6e-05
   9.3e-05
   0.000117
   0.000208
   0.000104
   0.00014
   0.000129
   9.4e-05
   8e-05
   0.000118
   0.000164
   0.000102
   0.000127
   0.000173
   9e-05
   0.000133
   5.4e-05
   9.2e-05
   6.3e-05
   7.1e-05
   5.7e-05
   7.1e-05
   7.8e-05
   9.5e-05
   0.000143
   0.000116
   9.8e-05
   7.6e-05
   5.8e-05
   0.000139
   0.000107
   0.000127
   0.000174
   0.000128
   8.5e-05
   7.7e-05
   9.5e-05
   9.7e-05
   0.000139
   0.000127
   0.000113
   0.00022
   0.00012
   0.00013
   0.000112
   0.000173
   0.000197
   0.000124
   0.000134
   0.000125
   9.1e-05
   0.000194
   0.000127
   0.000131
   0.000148
   0.00014
   0.000132
   0.000168
   0.000193
   0.000151
   0.000194
   0.000257
   0.000213
   0.000262
   0.000253
   0.000289
   0.000328
   0.000216
   0.000401
   0.000459
   0.000387
   0.000296
   0.000539
   0.00043
   0.000362
   0.000467
   0.0003
   0.000342
   0.000428
   0.000254
   0.000342
   0.000559
   0.000523
   0.000342
   0.000388
   0.000398
   0.000303
   0.000434
   0.000298
   0.000361
   0.000342
   0.000349
   0.000401
   0.000326
   0.000373
   0.000407
   0.000426
   0.000387
   0.000437
   0.000532
   0.000462
   0.000551
   0.000363
   0.000463
   0.000412
   0.000573
   0.000675
   0.000516
   0.000452
   0.000463
   0.000494
   0.00057
   0.000508
   0.00054
   0.000537
   0.000582
   0.00059
   0.000585
   0.000486
   0.000601
   0.000621
   0.000855
   0.000639
   0.000722
   0.000975
   0.000741
   0.000726
   0.000641
   0.000731
   0.000941
   0.000909
   0.00091
   0.000871
   0.000907
   0.00091
   0.000917
   0.000979
   0.000771
   0.000959
   0.00106
   0.001082
   0.001013
   0.001015
   0.00136
   0.001038
   0.001104
   0.001269
   0.001145
   0.001283
   0.001058
   0.001386
   0.001057
   0.000998
   0.001334
   0.000937
   0.001283
   0.00118
   0.001332
   0.001456
   0.001354
   0.001347
   0.001457
   0.001436
   0.001595
   0.001628
   0.001552
   0.00126
   0.001735
   0.00161
   0.001758
   0.001426
   0.001885
   0.001824
   0.001863
   0.002069
   0.001816
   0.00186
   0.002127
   0.002168
   0.002087
   0.002062
   0.002087
   0.002349
   0.00226
   0.002209
   0.00242
   0.002328
   0.002454
   0.002302
   0.002382
   0.002418
   0.00252
   0.002424
   0.002529
   0.002278
   0.002538
   0.002925
   0.002715
   0.002949
   0.003051
   0.002782
   0.002902
   0.002944
   0.003244
   0.002852
   0.002895
   0.003213
   0.00325
   0.003172
   0.003282
   0.00351
   0.003614
   0.003383
   0.003538
   0.003589
   0.003415
   0.003876
   0.003737
   0.004203
   0.003973
   0.004423
   0.003765
   0.004219
   0.004485
   0.004161
   0.004264
   0.005118
   0.005011
   0.004589
   0.004705
   0.005367
   0.004842
   0.005185
   0.005059
   0.0053
   0.00525
   0.005097
   0.005359
   0.005644
   0.005607
   0.006067
   0.006216
   0.006038
   0.006238
   0.006
   0.006148
   0.006411
   0.006209
   0.00637
   0.006061
   0.006627
   0.006977
   0.00717
   0.00687
   0.007493
   0.007742
   0.007907
   0.007345
   0.007591
   0.008404
   0.00775
   0.007844
   0.007972
   0.008296
   0.008366
   0.009026
   0.008704
   0.009099
   0.009002
   0.009239
   0.009743
   0.009605
   0.009556
   0.009678
   0.009979
   0.009837
   0.010396
   0.010001
   0.011006
   0.011098
   0.010976
   0.011344
   0.010814
   0.011423
   0.012066
   0.012141
   0.012744
   0.012247
   0.012732
   0.012742
   0.012706
   0.013382
   0.01339
   0.013965
   0.013908
   0.013577
   0.014216
   0.014415
   0.015521
   0.015974
   0.015931
   0.016142
   0.016677
   0.017145
   0.016946
   0.017436
   0.017488
   0.017569
   0.019069
   0.018737
   0.018259
   0.019799
   0.018874
   0.019158
   0.021049
   0.020684
   0.020559
   0.020702
   0.021049
   0.022294
   0.022275
   0.022532
   0.023193
   0.024871
   0.024415
   0.025357
   0.024507
   0.025225
   0.026947
   0.026883
   0.026055
   0.025727
   0.027125
   0.02716
   0.028329
   0.028098
   0.029262
   0.029324
   0.031619
   0.030986
   0.03172
   0.031557
   0.032611
   0.032512
   0.034196
   0.034182
   0.035302
   0.034762
   0.036788
   0.036151
   0.036119
   0.038068
   0.03887
   0.038931
   0.038925
   0.039843
   0.040745
   0.043466
   0.043217
   0.04466
   0.04505
   0.045484
   0.048132
   0.047767
   0.048473
   0.048218
   0.050274
   0.049921
   0.051427
   0.051976
   0.054357
   0.056001
   0.056728
   0.056823
   0.057232
   0.058973
   0.0594
   0.059762
   0.061309
   0.063476
   0.062841
   0.064886
   0.068371
   0.068745
   0.067961
   0.07085
   0.072204
   0.072817
   0.074096
   0.076389
   0.07749
   0.077109
   0.080085
   0.079538
   0.081429
   0.082546
   0.085512
   0.085826
   0.084777
   0.089362
   0.09034
   0.090859
   0.092115
   0.094345
   0.095387
   0.09439
   0.097572
   0.098749
   0.102967
   0.105955
   0.1082
   0.108734
   0.109942
   0.110818
   0.113277
   0.115906
   0.118074
   0.119623
   0.120492
   0.124344
   0.129561
   0.129273
   0.13058
   0.132891
   0.132108
   0.137281
   0.14229
   0.141077
   0.144807
   0.148902
   0.151791
   0.152438
   0.159936
   0.157794
   0.162415
   0.164239
   0.165189
   0.170701
   0.171494
   0.17573
   0.17434
   0.180203
   0.181995
   0.186147
   0.190088
   0.196647
   0.201957
   0.200168
   0.206458
   0.208144
   0.213119
   0.217929
   0.216754
   0.221347
   0.227009
   0.231747
   0.234059
   0.238092
   0.242622
   0.244064
   0.251327
   0.253594
   0.256721
   0.262648
   0.270213
   0.271486
   0.276731
   0.282425
   0.287034
   0.295774
   0.300541
   0.303416
   0.308953
   0.313835
   0.320737
   0.325175
   0.330581
   0.340078
   0.341525
   0.344817
   0.355705
   0.359374
   0.368526
   0.37736
   0.380222
   0.385904
   0.387995
   0.398451
   0.402466
   0.409822
   0.417127
   0.429113
   0.435862
   0.438335
   0.452679
   0.455222
   0.464034
   0.471574
   0.479677
   0.494542
   0.496554
   0.508108
   0.517828
   0.527226
   0.534968
   0.5422
   0.55243
   0.563608
   0.574015
   0.581272
   0.593878
   0.604217
   0.619647
   0.62015
   0.634358
   0.6412
   0.653211
   0.667309
   0.679842
   0.689723
   0.69933
   0.716115
   0.730863
   0.738546
   0.751625
   0.769471
   0.781558
   0.794465
   0.811036
   0.826507
   0.837997
   0.850954
   0.860696
   0.884724
   0.89746
   0.918121
   0.926719
   0.947818
   0.961309
   0.980959
   1.005737
   1.0187
   1.031898
   1.056392
   1.063966
   1.094097
   1.108285
   1.125369
   1.154498
   1.15974
   1.183616
   1.205171
   1.230919
   1.251319
   1.269774
   1.290079
   1.31821
   1.335464
   1.359745
   1.3923
   1.415921
   1.436915
   1.461323
   1.479839
   1.510719
   1.538103
   1.566492
   1.59535
   1.626899
   1.658945
   1.680845
   1.70513
   1.723111
   1.770053
   1.807809
   1.83182
   1.872579
   1.897515
   1.937459
   1.982222
   2.026634
   2.059283
   2.101736
   2.144342
   2.198862
   2.241762
   2.299174
   2.351737
   2.407581
   2.426332
   2.455576
   2.465254
   2.469409
   2.454757
   2.440443
   2.40423
   2.354108
   2.302446
   2.244524
   2.20635
   2.158616
   2.107535
   2.066789
   2.016109
   1.978412
   1.936411
   1.902966
   1.865629
   1.832089
   1.809008
   1.777287
   1.739791
   1.714646
   1.68257
   1.649421
   1.608941
   1.588293
   1.560555
   1.53586
   1.509264
   1.484931
   1.462102
   1.432507
   1.409373
   1.380666
   1.354941
   1.333309
   1.30733
   1.291601
   1.276045
   1.246292
   1.227207
   1.216478
   1.184732
   1.168042
   1.14418
   1.124202
   1.107747
   1.088589
   1.071214
   1.067012
   1.042548
   1.01538
   1.005782
   0.984436
   0.96697
   0.951536
   0.932663
   0.921102
   0.90127
   0.888029
   0.862853
   0.857746
   0.847016
   0.828567
   0.807023
   0.7976
   0.784234
   0.771305
   0.758009
   0.74579
   0.731207
   0.720734
   0.710391
   0.696854
   0.684038
   0.674741
   0.665569
   0.656314
   0.643108
   0.638489
   0.619602
   0.613324
   0.604572
   0.584282
   0.577241
   0.561015
   0.553533
   0.549392
   0.540622
   0.527047
   0.51811
   0.51053
   0.500132
   0.491408
   0.4876
   0.47628
   0.466113
   0.458607
   0.456402
   0.442067
   0.439516
   0.433312
   0.42043
   0.41753
   0.403932
   0.396966
   0.390184
   0.385973
   0.378238
   0.369985
   0.366522
   0.357449
   0.354227
   0.344074
   0.34036
   0.334432
   0.331464
   0.326856
   0.3123
   0.309505
   0.310017
   0.301432
   0.298281
   0.296358
   0.290976
   0.281377
   0.275872
   0.269775
   0.269653
   0.262377
   0.260889
   0.256087
   0.247935
   0.245033
   0.238801
   0.238741
   0.231836
   0.230992
   0.224902
   0.222846
   0.217304
   0.212676
   0.210802
   0.205714
   0.203825
   0.199512
   0.195471
   0.19459
   0.189031
   0.185607
   0.183431
   0.179038
   0.175103
   0.173869
   0.172128
   0.166052
   0.166188
   0.16405
   0.161114
   0.155298
   0.152938
   0.149706
   0.149018
   0.146513
   0.142988
   0.137325
   0.14153
   0.134892
   0.13458
   0.133219
   0.128478
   0.128208
   0.123129
   0.12121
   0.121372
   0.118944
   0.115101
   0.11655
   0.114538
   0.110673
   0.109763
   0.108985
   0.105807
   0.10298
   0.10204
   0.098949
   0.09868
   0.09738
   0.096716
   0.094652
   0.091825
   0.090852
   0.087452
   0.088587
   0.08566
   0.082149
   0.082498
   0.07935
   0.080481
   0.075502
   0.077681
   0.073726
   0.074868
   0.072673
   0.071887
   0.07203
   0.070341
   0.068944
   0.067993
   0.065369
   0.064404
   0.064459
   0.062236
   0.060579
   0.061373
   0.058537
   0.056768
   0.056317
   0.055104
   0.054202
   0.054703
   0.054263
   0.051711
   0.052511
   0.05017
   0.050032
   0.048453
   0.048554
   0.047545
   0.045412
   0.045605
   0.045335
   0.044063
   0.042847
   0.043493
   0.04245
   0.041724
   0.040682
   0.039518
   0.03946
   0.039431
   0.037841
   0.036988
   0.035899
   0.034717
   0.035118
   0.034984
   0.034923
   0.033361
   0.032945
   0.032619
   0.031244
   0.030588
   0.030746
   0.030044
   0.029704
   0.030054
   0.028213
   0.02792
   0.027767
   0.027616
   0.027188
   0.027156
   0.026416
   0.025739
   0.026141
   0.025644
   0.024596
   0.02482
   0.023469
   0.02328
   0.023093
   0.023471
   0.022246
   0.022549
   0.021136
   0.021781
   0.021009
   0.020255
   0.021043
   0.02008
   0.019782
   0.018988
   0.020003
   0.018037
   0.018749
   0.018394
   0.017802
   0.01732
   0.017219
   0.016735
   0.0165
   0.016469
   0.01608
   0.015747
   0.015239
   0.015376
   0.014888
   0.014307
   0.013663
   0.014033
   0.013374
   0.013427
   0.013377
   0.013007
   0.012935
   0.013132
   0.012437
   0.011934
   0.011229
   0.011581
   0.011162
   0.011287
   0.010871
   0.010264
   0.010311
   0.010169
   0.00957
   0.009815
   0.009952
   0.00927
   0.009241
   0.009137
   0.008919
   0.009275
   0.009247
   0.009198
   0.008446
   0.008436
   0.007709
   0.007634
   0.007987
   0.008023
   0.006915
   0.007565
   0.007183
   0.007004
   0.006405
   0.006613
   0.006773
   0.006958
   0.006989
   0.006549
   0.006135
   0.007065
   0.006619
   0.006038
   0.005981
   0.006584
   0.0061
   0.005965
   0.005778
   0.005513
   0.005601
   0.005837
   0.004859
   0.005432
   0.005492
   0.004681
   0.005114
   0.004444
   0.004878
   0.004745
   0.004839
   0.004884
   0.004358
   0.004451
   0.004043
   0.004182
   0.003877
   0.003886
   0.003882
   0.004074
   0.003569
   0.00371
   0.003642
   0.003582
   0.003533
   0.003534
   0.003678
   0.003217
   0.003313
   0.003501
   0.003565
   0.003501
   0.003245
   0.00315
   0.003124
   0.00287
   0.003141
   0.002916
   0.002666
   0.003016
   0.002914
   0.002732
   0.002598
   0.002236
   0.002644
   0.002432
   0.002488
   0.00233
   0.002402
   0.001935
   0.002315
   0.001971
   0.002076
   0.002047
   0.001744
   0.001759
   0.00181
   0.001878
   0.001697
   0.001731
   0.002007
   0.001858
   0.00179
   0.001921
   0.001941
   0.001744
   0.001672
   0.001922
   0.001458
   0.001501
   0.001509
   0.001508
   0.001498
   0.001353
   0.001352
   0.001337
   0.001276
   0.001379
   0.00154
   0.00149
   0.001287
   0.001228
   0.001061
   0.001238
   0.001178
   0.001167
   0.001219
   0.001296
   0.001126
   0.001024
   0.001079
   0.001049
   0.001173
   0.001134
   0.001193
   0.000976
   0.001088
   0.000974
   0.001007
   0.000989
   0.000948
   0.00078
   0.000773
   0.000987
   0.000859
   0.000851
   0.000757
   0.00071
   0.00079
   0.00088
   0.000723
   0.000678
   0.000655
   0.000795
   0.000775
   0.000734
   0.00069
   0.000697
   0.000773
   0.000632
   0.000799
   0.000608
   0.000622
   0.000585
   0.000811
   0.000584
   0.00069
   0.000558
   0.000719
   0.000508
   0.000562
   0.000551
   0.000457
   0.000541
   0.000472
   0.000501
   0.000396
   0.000424
   0.000408
   0.000452
   0.000383
   0.000411
   0.000355
   0.000565
   0.000491
   0.000477
   0.000497
   0.000388
   0.000421
   0.00047
   0.000435
   0.000395
   0.000389
   0.000394
   0.000353
   0.000397
   0.000218
   0.000349
   0.000303
   0.000332
   0.00026
   0.000279
   0.000291
   0.000213
   0.000373
   0.000328
   0.000249
   0.000352
   0.000397
   0.000192
   0.000226
   0.000192
   0.000217
   0.000216
   0.000177
   0.000255
   0.000211
   0.000187
   0.000252
   0.00017
   0.000346
   0.000341
   0.000171
   0.000186
   0.000135
   0.000195
   0.000196
   0.000164
   0.000188
   0.000125
   0.000147
   9.6e-05
   0.000111
   0.000144
   0.00012
   0.000258
   0.000143
   0.000111
   0.000177
   0.000168
   0.00017
   0.000194
   0.000127
   0.00019
   0.000111
   0.000118
   0.000151
   0.000156
   0.000105
   0.000127
   0.000231
   0.000164
   0.000133
   0.000123
   0.000215
   0.000142
   0.000157
   0.000226
   0.000162
   0.000125
   0.000148
   0.00016
   0.00017
   0.000157
   0.000177
   0.000232
   0.000129
   0.000119
   0.000156
   9e-05
   0.000102
   0.000116
   0.000139
   9.8e-05
   0.000108
   3.9e-05
   5.2e-05
   8e-05
   4.9e-05
   0.000128
   6e-05
   8.6e-05
   7.2e-05
   9e-05
   0.000108
   8.1e-05
   6.3e-05
   4.3e-05
   8e-05
   7.6e-05
   7.3e-05
   4e-05
   4.8e-05
   9.7e-05
   2.9e-05
   5.6e-05
   5.8e-05
   4.2e-05
   2.6e-05
   2.9e-05
   4.5e-05
   3.5e-05
   1.6e-05
   7.6e-05
   4.4e-05
   5.1e-05
   4.9e-05
   4e-05
   0.000119
   0.000111
   7e-05
   3.5e-05
   3.1e-05
   2.4e-05
   2.2e-05
   5.6e-05
   4.5e-05
   4.7e-05
   4.7e-05
   5.6e-05
   0.000109
   8e-05
   5.7e-05
   5.3e-05
   1.9e-05
   4.9e-05
   6.8e-05
   6.2e-05
   8.6e-05
   2.8e-05
   3.6e-05
   3.2e-05
   7.6e-05
   1.5e-05
   2.7e-05
   3.5e-05
   1.9e-05
   4.4e-05
   1.4e-05
   2.9e-05
   1.9e-05
   5.7e-05
   1.4e-05
   3.5e-05
   2e-05
   6.4e-05
   4.6e-05
   8e-06
   6.2e-05
   3.9e-05
   2.4e-05
   2.1e-05
   5e-06
   4.7e-05
   2.4e-05
   3.3e-05
   1.7e-05
   9e-06
   6e-06
   1.1e-05
   2.4e-05
   2.8e-05
   2.5e-05
   1.5e-05
   1.3e-05
   1e-05
   8e-06
   2.2e-05
   1.2e-05
   6e-06
   1.1e-05
   1.1e-05
   1e-06
   7e-06
   6e-06
   7e-06
   1.6e-05
   1.4e-05
   1.1e-05
   1.1e-05
   2e-06
   1.2e-05
   3e-06
   4.1e-05
   2e-06
   2e-06
   1e-06
   2e-06
   6e-06
   7e-06
   1e-05
   4.4e-05
   3e-06
   1e-06
   3e-06
   5e-06
   1.5e-05
   4e-06
   1e-06
   4e-06
   2e-06
   2e-06
   2.1e-05
   1.1e-05
   9e-06
   1e-05
   2e-06
   0.0
   2e-06
   3.7e-05
   5.2e-05
   7e-06
   3e-05
   7e-06
   1.7e-05
   2.1e-05
   1.2e-05
   1.9e-05
   2.1e-05
   1e-05
   2e-06
   2.6e-05
   1.8e-05
   4e-06
   6e-06
   1e-05
   1.8e-05
   1e-06
   9e-06
   2e-05
   2e-06
   2e-06
   5e-06
   6e-06
   2e-06
   1.8e-05
   2e-06
   5e-06
   1.4e-05
   5e-06
   1e-06
   2.6e-05
   4e-06
   1e-05
   1.9e-05
   4e-06
   9e-06
   2e-06
   5e-06
   4e-06
   1e-06
   1.7e-05
   9e-06
   1e-06
   2e-06
   4e-06
   4e-06
   2e-06
   1e-06
   1.1e-05
   4e-06
   5e-06
   9e-06
   1e-06
   4e-06
   1e-05
   1.4e-05
   5e-06
   5e-06
   1.7e-05
   1.6e-05
   0.0
   1.7e-05
   4e-06
   5e-06
   1e-05
   5e-06
   9e-06
   1.1e-05
   5e-06
   2e-06
   1e-06
   1e-06
   0.0
   1e-06
   0.0
   0.0
   4e-06
   1e-06
   0.0
   1e-06
   4e-06
   4e-06
   9e-06
   1e-06
   2.9e-05
   2.6e-05
   4e-06
   1.6e-05
   1e-06
   4e-06
   4e-06
   9e-06
   1e-06
   1.6e-05
   2e-06
   1.7e-05
   2e-06
   1e-06
   9e-06
   0.0
   1.7e-05
   4e-06
   2.5e-05
   4e-06
   4e-06
   1.3e-05
   2.6e-05
   1e-05
   1e-05
   4e-06
   1.6e-05
   4e-06
   0.0
   1.6e-05
   0.0
   0.0
   4e-06
   0.0
   2e-06
   4e-06
   1e-05
   1e-06
   1e-06
   2e-05
   8e-06
   4e-06
   0.0
   4e-06
   4e-06
   0.0
   0.0
   1e-06
   1e-06
   1e-06
   1e-06
   1e-06
   1e-06
   4e-06
   2e-06
   1e-06
   4e-06
   0.0
   1e-06
   4e-06
   0.0
   0.0
   2e-06
   2.6e-05
   0.0
   1e-06
   0.0
   4e-06
   9e-06
   0.0
   0.0
   0.0
   1e-06
   0.0
   1e-06
   0.0
   9e-06
   0.0
   0.0
   0.0
   0.0
   0.0
   0.0
   0.0
   0.0
   4e-06
   0.0
   0.0
   0.0
   0.0
   4e-06
   0.0
   0.0
   0.0
   0.0
   0.0
   0.0
   0.0
   0.0
   0.0
   0.0
   0.0
   0.0
   0.0
   0.0
   0.0
   0.0
   0.0
   0.0
   0.0
   0.0
   0.0
   0.0
   0.0
   0.0
   0.0
   0.0
   0.0
   0.0
   0.0
   0.0
   0.0
   0.0
   0.0
   0.0
   0.0
   0.0
   0.0
   0.0
   0.0
   0.0
   0.0
   0.0
   0.0
   0.0
   0.0
   0.0
   0.0
   0.0
   0.0
   0.0
   0.0
   0.0
   0.0
   0.0
   0.0
   0.0
   0.0
   0.0
   0.0
   0.0
   0.0
   0.0
   0.0
   0.0
   0.0
   0.0
   0.0
   0.0
   0.0
   0.0
   0.0
   0.0
   0.0
   0.0
   0.0
   0.0
   0.0
   0.0
   0.0
   0.0
   0.0
   0.0
   0.0
   0.0
   0.0
   0.0
   0.0
   0.0
   0.0
   0.0
   0.0
   0.0
   0.0
   0.0
   0.0
   0.0
   0.0
   0.0
   0.0
   0.0
   0.0
   0.0
