   0.0
   0.0
   0.0
   0.0
   0.0
   0.0
   0.0
   0.0
   0.0
   0.0
   0.0
   0.0
   0.0
   0.0
   0.0
   0.0
   0.0
   0.0
   0.0
   0.0
   0.0
   0.0
   0.0
   0.0
   0.0
   0.0
   0.0
   0.0
   0.0
   0.0
   0.0
   0.0
   0.0
   0.0
   0.0
   0.0
   0.0
   0.0
   0.0
   0.0
   0.0
   0.0
   0.0
   0.0
   0.0
   0.0
   0.0
   0.0
   0.0
   0.0
   0.0
   0.0
   0.0
   0.0
   0.0
   0.0
   0.0
   0.0
   0.0
   0.0
   0.0
   0.0
   0.0
   0.0
   0.0
   0.0
   0.0
   0.0
   0.0
   0.0
   0.0
   0.0
   0.0
   0.0
   0.0
   0.0
   0.0
   0.0
   0.0
   0.0
   0.0
   0.0
   0.0
   0.0
   0.0
   0.0
   0.0
   0.0
   0.0
   0.0
   0.0
   0.0
   0.0
   0.0
   0.0
   0.0
   0.0
   0.0
   0.0
   0.0
   0.0
   0.0
   0.0
   0.0
   1e-06
   0.0
   0.0
   0.0
   0.0
   0.0
   0.0
   0.0
   0.0
   0.0
   0.0
   1e-06
   0.0
   0.0
   0.0
   0.0
   0.0
   0.0
   0.0
   0.0
   0.0
   0.0
   0.0
   0.0
   0.0
   0.0
   0.0
   0.0
   0.0
   0.0
   1e-06
   0.0
   0.0
   0.0
   0.0
   0.0
   0.0
   0.0
   0.0
   0.0
   0.0
   0.0
   0.0
   0.0
   0.0
   0.0
   0.0
   0.0
   0.0
   0.0
   0.0
   0.0
   0.0
   0.0
   0.0
   0.0
   0.0
   0.0
   0.0
   0.0
   0.0
   0.0
   0.0
   0.0
   1e-06
   0.0
   0.0
   0.0
   0.0
   0.0
   0.0
   0.0
   0.0
   0.0
   1e-06
   0.0
   0.0
   0.0
   0.0
   0.0
   1e-06
   0.0
   0.0
   1e-06
   0.0
   1e-06
   0.0
   1e-06
   0.0
   0.0
   0.0
   0.0
   0.0
   1e-06
   1e-06
   1e-06
   0.0
   0.0
   1e-06
   1e-06
   0.0
   1e-06
   2e-06
   0.0
   1e-06
   0.0
   1e-06
   1e-06
   2e-06
   0.0
   0.0
   1e-06
   1e-06
   3e-06
   1e-06
   1e-06
   5e-06
   4e-06
   1e-06
   1e-06
   2e-06
   4e-06
   4e-06
   1e-05
   2e-06
   0.0
   4e-06
   4e-06
   3e-06
   3e-06
   3e-06
   0.0
   3e-06
   8e-06
   3e-06
   1.2e-05
   9e-06
   5e-06
   8e-06
   6e-06
   7e-06
   1.1e-05
   1.5e-05
   1e-05
   5e-06
   1e-05
   8e-06
   1.6e-05
   1.5e-05
   1.1e-05
   1e-05
   1.8e-05
   1.5e-05
   1.4e-05
   2.1e-05
   1.8e-05
   2.3e-05
   1.9e-05
   2e-05
   1.9e-05
   2.5e-05
   1.9e-05
   2.3e-05
   2.5e-05
   2.9e-05
   2.7e-05
   2.5e-05
   3.3e-05
   3.9e-05
   3.1e-05
   3.7e-05
   3e-05
   3.8e-05
   3.3e-05
   4.8e-05
   5e-05
   5e-05
   6.4e-05
   6.3e-05
   6.6e-05
   6.4e-05
   7.3e-05
   8.2e-05
   6.4e-05
   9.6e-05
   8.9e-05
   7.7e-05
   7.8e-05
   8.7e-05
   7.9e-05
   9.4e-05
   0.000115
   0.000112
   0.000129
   0.000103
   0.000135
   0.000126
   0.000162
   0.000165
   0.000133
   0.000165
   0.000195
   0.000206
   0.000184
   0.000212
   0.000211
   0.000234
   0.000229
   0.000286
   0.000294
   0.000254
   0.000332
   0.00037
   0.000341
   0.000352
   0.000332
   0.000403
   0.00042
   0.000419
   0.000442
   0.000506
   0.000537
   0.000514
   0.000525
   0.000573
   0.000621
   0.000626
   0.000664
   0.000702
   0.000772
   0.000784
   0.000898
   0.000882
   0.001017
   0.001026
   0.001068
   0.001131
   0.001147
   0.00122
   0.001312
   0.001359
   0.001405
   0.00157
   0.001632
   0.001749
   0.00176
   0.001885
   0.002004
   0.002097
   0.002198
   0.002217
   0.002428
   0.002582
   0.00278
   0.002935
   0.003161
   0.003227
   0.003407
   0.00363
   0.003944
   0.004083
   0.00426
   0.004506
   0.00473
   0.005022
   0.005535
   0.005744
   0.006152
   0.006466
   0.007127
   0.007498
   0.008097
   0.008463
   0.009043
   0.009785
   0.010667
   0.011292
   0.011952
   0.013086
   0.014168
   0.015259
   0.016531
   0.018172
   0.019731
   0.021704
   0.023371
   0.025804
   0.028463
   0.031341
   0.034771
   0.038419
   0.042202
   0.045413
   0.047744
   0.049339
   0.049698
   0.050034
   0.049756
   0.047247
   0.045022
   0.042209
   0.03832
   0.034574
   0.03145
   0.028857
   0.026234
   0.023576
   0.021856
   0.019796
   0.018192
   0.01665
   0.015488
   0.014201
   0.013217
   0.012122
   0.01132
   0.010697
   0.00969
   0.009162
   0.008471
   0.007942
   0.007394
   0.007066
   0.00656
   0.006237
   0.005836
   0.005446
   0.005159
   0.004971
   0.004645
   0.004353
   0.004027
   0.003828
   0.003664
   0.003392
   0.003169
   0.00295
   0.002916
   0.00262
   0.002642
   0.002486
   0.002259
   0.002219
   0.002083
   0.001922
   0.001868
   0.001765
   0.001667
   0.001629
   0.001516
   0.001437
   0.001337
   0.001244
   0.001176
   0.001176
   0.00107
   0.000986
   0.000975
   0.000901
   0.000869
   0.000849
   0.000795
   0.000789
   0.000732
   0.000725
   0.000695
   0.000634
   0.000567
   0.000527
   0.000581
   0.000516
   0.000485
   0.000422
   0.00045
   0.00042
   0.000431
   0.000336
   0.000351
   0.000351
   0.000312
   0.000341
   0.000299
   0.000269
   0.000283
   0.000257
   0.000216
   0.000223
   0.000205
   0.0002
   0.000196
   0.000181
   0.000171
   0.000142
   0.000143
   0.00016
   0.000135
   0.000113
   0.000127
   0.00013
   0.000104
   9.1e-05
   0.000112
   0.000104
   7.2e-05
   8.1e-05
   0.000102
   7.8e-05
   8e-05
   7.2e-05
   6.8e-05
   7.6e-05
   5.6e-05
   6.2e-05
   5.1e-05
   5.2e-05
   5e-05
   4.2e-05
   4.5e-05
   4.4e-05
   3.4e-05
   3.8e-05
   3.3e-05
   3.5e-05
   3.3e-05
   3.4e-05
   2.7e-05
   2.6e-05
   3e-05
   3e-05
   2.1e-05
   1.9e-05
   1.4e-05
   1.9e-05
   2.3e-05
   1.8e-05
   1.4e-05
   2.1e-05
   1.7e-05
   1e-05
   1.4e-05
   1.4e-05
   1e-05
   1.2e-05
   1.5e-05
   1.1e-05
   1.4e-05
   1.3e-05
   9e-06
   7e-06
   1e-05
   1.1e-05
   5e-06
   8e-06
   5e-06
   5e-06
   4e-06
   3e-06
   5e-06
   8e-06
   7e-06
   4e-06
   3e-06
   2e-06
   2e-06
   3e-06
   2e-06
   2e-06
   7e-06
   1e-06
   4e-06
   2e-06
   1e-06
   2e-06
   3e-06
   2e-06
   0.0
   1e-06
   2e-06
   0.0
   1e-06
   0.0
   2e-06
   1e-06
   1e-06
   2e-06
   1e-06
   4e-06
   0.0
   0.0
   1e-06
   0.0
   2e-06
   0.0
   1e-06
   1e-06
   1e-06
   1e-06
   1e-06
   0.0
   0.0
   2e-06
   1e-06
   0.0
   0.0
   0.0
   1e-06
   1e-06
   0.0
   1e-06
   0.0
   0.0
   0.0
   0.0
   1e-06
   0.0
   0.0
   0.0
   0.0
   1e-06
   1e-06
   0.0
   0.0
   1e-06
   0.0
   0.0
   1e-06
   0.0
   0.0
   0.0
   0.0
   0.0
   0.0
   0.0
   0.0
   0.0
   0.0
   0.0
   0.0
   0.0
   0.0
   0.0
   0.0
   0.0
   0.0
   0.0
   0.0
   0.0
   0.0
   0.0
   0.0
   0.0
   0.0
   0.0
   0.0
   1e-06
   0.0
   0.0
   0.0
   0.0
   0.0
   0.0
   0.0
   0.0
   0.0
   0.0
   0.0
   0.0
   0.0
   0.0
   0.0
   0.0
   0.0
   0.0
   0.0
   0.0
   0.0
   0.0
   0.0
   0.0
   0.0
   0.0
   0.0
   0.0
   0.0
   0.0
   0.0
   0.0
   0.0
   0.0
   0.0
   0.0
   0.0
   0.0
   0.0
   0.0
   0.0
   0.0
   0.0
   0.0
   0.0
   0.0
   0.0
   0.0
   0.0
   0.0
   0.0
   0.0
   0.0
   0.0
   0.0
   0.0
   0.0
   0.0
   0.0
   0.0
   0.0
   0.0
   0.0
   0.0
   0.0
   0.0
   0.0
   0.0
   0.0
   0.0
   0.0
   0.0
   0.0
   0.0
   0.0
   0.0
   0.0
   0.0
   0.0
   0.0
   0.0
   0.0
   0.0
   0.0
   0.0
   0.0
   0.0
   0.0
   0.0
   0.0
   0.0
   0.0
   0.0
   0.0
   0.0
   0.0
   0.0
   0.0
   0.0
   0.0
   0.0
   0.0
   0.0
   0.0
   0.0
   0.0
   0.0
   0.0
   0.0
   0.0
   0.0
   0.0
   0.0
   0.0
   0.0
   0.0
   0.0
   0.0
   0.0
   0.0
   0.0
   0.0
   0.0
   0.0
   0.0
   0.0
   0.0
   0.0
   0.0
   0.0
   0.0
   0.0
   0.0
   0.0
   0.0
   0.0
   0.0
   0.0
   0.0
   0.0
   0.0
