   0.0
   0.0
   0.0
   0.0
   0.0
   0.0
   0.0
   0.0
   0.0
   0.0
   0.0
   0.0
   0.0
   0.0
   0.0
   0.0
   0.0
   0.0
   0.0
   0.0
   0.0
   0.0
   0.0
   0.0
   0.0
   0.0
   0.0
   0.0
   0.0
   0.0
   0.0
   0.0
   0.0
   0.0
   0.0
   0.0
   0.0
   0.0
   0.0
   0.0
   0.0
   0.0
   0.0
   0.0
   0.0
   0.0
   0.0
   0.0
   0.0
   0.0
   0.0
   0.0
   0.0
   0.0
   0.0
   0.0
   0.0
   0.0
   0.0
   0.0
   0.0
   0.0
   0.0
   0.0
   0.0
   0.0
   0.0
   0.0
   0.0
   0.0
   0.0
   0.0
   0.0
   0.0
   0.0
   0.0
   0.0
   0.0
   0.0
   0.0
   0.0
   0.0
   0.0
   0.0
   0.0
   0.0
   0.0
   0.0
   0.0
   0.0
   0.0
   0.0
   0.0
   0.0
   0.0
   0.0
   0.0
   0.0
   0.0
   0.0
   0.0
   0.0
   0.0
   0.0
   0.0
   0.0
   0.0
   0.0
   0.0
   0.0
   0.0
   0.0
   0.0
   0.0
   0.0
   0.0
   0.0
   0.0
   0.0
   0.0
   0.0
   0.0
   0.0
   0.0
   0.0
   0.0
   0.0
   0.0
   0.0
   0.0
   0.0
   0.0
   0.0
   0.0
   0.0
   0.0
   0.0
   0.0
   0.0
   0.0
   0.0
   0.0
   0.0
   0.0
   0.0
   1e-07
   0.0
   0.0
   0.0
   1e-07
   0.0
   1e-07
   1e-07
   0.0
   0.0
   5e-07
   5e-07
   0.0
   0.0
   9e-07
   1e-07
   0.0
   0.0
   4e-07
   5e-07
   1e-07
   3e-07
   4e-06
   1e-07
   1.5e-06
   2e-07
   8e-07
   6e-07
   9e-07
   6e-07
   3e-07
   2.4e-06
   2e-06
   2e-06
   1.9e-06
   1.2e-06
   5e-07
   3.8e-06
   5.3e-06
   2.5e-06
   2.4e-06
   1.3e-06
   3.5e-06
   6.5e-06
   5.4e-06
   2.9e-06
   8.4e-06
   5.5e-06
   5.4e-06
   1.09e-05
   8.4e-06
   1.09e-05
   8.8e-06
   1.56e-05
   1.04e-05
   7.9e-06
   1.17e-05
   1.28e-05
   1.25e-05
   1.87e-05
   1.81e-05
   1.9e-05
   2.59e-05
   3.25e-05
   3.11e-05
   3.07e-05
   3.25e-05
   4.5e-05
   4.31e-05
   4.98e-05
   5.86e-05
   6.29e-05
   6.28e-05
   6.06e-05
   8.27e-05
   9.38e-05
   9.66e-05
   0.0001115
   0.0001109
   0.0001318
   0.000134
   0.0001513
   0.0001465
   0.000174
   0.000204
   0.0002064
   0.0002548
   0.0002845
   0.0002979
   0.0003203
   0.0003933
   0.0004005
   0.0004253
   0.0005216
   0.000545
   0.0006081
   0.0006498
   0.0006943
   0.0008278
   0.0008568
   0.0009951
   0.0010297
   0.00109
   0.0012876
   0.0013952
   0.0015496
   0.0017226
   0.0018105
   0.0020689
   0.0021806
   0.0023929
   0.002785
   0.0029865
   0.0032249
   0.00357
   0.0039098
   0.0045005
   0.0049296
   0.0052676
   0.0058496
   0.0064343
   0.0069675
   0.0077333
   0.0085337
   0.0094097
   0.0101866
   0.0112844
   0.0124905
   0.0138849
   0.0152581
   0.0164752
   0.0182031
   0.0200675
   0.0220932
   0.0242552
   0.0270384
   0.0294551
   0.0323867
   0.0356843
   0.0391962
   0.0432732
   0.0474286
   0.052428
   0.0579727
   0.0632335
   0.0690532
   0.0766542
   0.0843031
   0.092571
   0.1015207
   0.2223494
   0.2304156
   0.2365065
   0.2395822
   0.2408416
   0.2419799
   0.2404921
   0.2363931
   0.2305154
   0.2220047
   0.101755
   0.0925866
   0.0836226
   0.0760937
   0.0691499
   0.0631382
   0.0575213
   0.0520844
   0.0473361
   0.0433541
   0.0395419
   0.0354865
   0.0323466
   0.0295635
   0.0267327
   0.0243456
   0.0221454
   0.0199963
   0.0182584
   0.0167757
   0.0151278
   0.0137087
   0.0125183
   0.011415
   0.0102381
   0.0092646
   0.0084806
   0.0076491
   0.0070858
   0.0064271
   0.0059109
   0.0052434
   0.0047277
   0.0044072
   0.0040269
   0.0036181
   0.0031806
   0.0030714
   0.0027431
   0.0024961
   0.0023001
   0.0020844
   0.0018309
   0.0016546
   0.0014493
   0.0013047
   0.0012673
   0.0011205
   0.0009947
   0.0009241
   0.0008333
   0.0007761
   0.0007126
   0.0006341
   0.000554
   0.0005195
   0.0005013
   0.0004586
   0.0004075
   0.0003542
   0.0003307
   0.000313
   0.0002703
   0.0002587
   0.0002425
   0.0002018
   0.0001881
   0.0001556
   0.0001579
   0.0001357
   0.0001267
   0.0001377
   0.0001047
   8.94e-05
   9.38e-05
   7.23e-05
   6.71e-05
   6.61e-05
   5.52e-05
   3.86e-05
   4.8e-05
   4.71e-05
   2.89e-05
   3.87e-05
   3.79e-05
   2.23e-05
   2.53e-05
   2.52e-05
   1.45e-05
   2.04e-05
   9.8e-06
   1.72e-05
   1.34e-05
   8e-06
   1.36e-05
   1.37e-05
   1.45e-05
   7.2e-06
   1.71e-05
   6.8e-06
   1.14e-05
   4.2e-06
   4.9e-06
   6e-06
   3.8e-06
   4.1e-06
   1.8e-06
   4.1e-06
   3.7e-06
   3.8e-06
   1.5e-06
   3.1e-06
   1.4e-06
   2.5e-06
   9e-07
   6e-07
   7e-07
   7e-07
   3e-06
   7e-07
   7e-07
   2.6e-06
   2e-07
   1e-07
   6e-07
   1e-06
   1.6e-06
   5e-07
   0.0
   1e-07
   1e-07
   0.0
   4.9e-06
   1e-07
   1e-07
   2e-07
   1e-07
   5e-07
   0.0
   4e-07
   0.0
   1e-06
   0.0
   0.0
   1e-07
   1e-07
   1e-07
   0.0
   1e-07
   0.0
   1e-07
   0.0
   0.0
   0.0
   0.0
   4e-07
   0.0
   0.0
   0.0
   0.0
   0.0
   0.0
   1e-07
   0.0
   0.0
   0.0
   0.0
   0.0
   0.0
   0.0
   0.0
   0.0
   0.0
   0.0
   0.0
   0.0
   0.0
   0.0
   0.0
   0.0
   0.0
   0.0
   0.0
   0.0
   0.0
   0.0
   0.0
   0.0
   0.0
   0.0
   0.0
   0.0
   0.0
   0.0
   0.0
   0.0
   0.0
   0.0
   0.0
   0.0
   0.0
   0.0
   0.0
   0.0
   0.0
   0.0
   0.0
   0.0
   0.0
   0.0
   0.0
   0.0
   0.0
   0.0
   0.0
   0.0
   0.0
   0.0
   0.0
   0.0
   0.0
   0.0
   0.0
   0.0
   0.0
   0.0
   0.0
   0.0
   0.0
   0.0
   0.0
   0.0
   0.0
   0.0
   0.0
   0.0
   0.0
   0.0
   0.0
   0.0
   0.0
   0.0
   0.0
   0.0
   0.0
   0.0
   0.0
   0.0
   0.0
   0.0
   0.0
   0.0
   0.0
   0.0
   0.0
   0.0
   0.0
   0.0
   0.0
   0.0
   0.0
   0.0
   0.0
   0.0
   0.0
   0.0
   0.0
   0.0
   0.0
   0.0
   0.0
   0.0
   0.0
   0.0
   0.0
   0.0
   0.0
   0.0
   0.0
   0.0
   0.0
   0.0
   0.0
   0.0
   0.0
   0.0
   0.0
   0.0
   0.0
   0.0
   0.0
   0.0
   0.0
   0.0
   0.0
