   1e-07
   2e-07
   7e-07
   8e-07
   5e-07
   3e-07
   1.1e-06
   1.1e-06
   1e-06
   1e-06
   8e-07
   1.2e-06
   1.2e-06
   1.6e-06
   2.3e-06
   1.8e-06
   3.2e-06
   2.8e-06
   3.1e-06
   2.3e-06
   3.3e-06
   3.7e-06
   4.6e-06
   5.1e-06
   3.8e-06
   6.6e-06
   6e-06
   7.6e-06
   8.3e-06
   8.3e-06
   1.11e-05
   9.8e-06
   1.07e-05
   1.38e-05
   1.31e-05
   1.72e-05
   1.77e-05
   2.03e-05
   2.47e-05
   2.61e-05
   2.79e-05
   3.58e-05
   3.82e-05
   4.2e-05
   4.45e-05
   5.19e-05
   6.23e-05
   6.58e-05
   7.59e-05
   7.97e-05
   9.39e-05
   0.0001018
   0.0001158
   0.0001326
   0.0001499
   0.0001658
   0.0001836
   0.0002076
   0.0002348
   0.000261
   0.0002905
   0.0003238
   0.0003679
   0.0004079
   0.0004454
   0.0005179
   0.0005843
   0.0006463
   0.0007323
   0.000826
   0.0009347
   0.0010537
   0.0011901
   0.0013564
   0.0015501
   0.0017141
   0.0019737
   0.0022456
   0.0025323
   0.0029237
   0.0033535
   0.0038672
   0.0045059
   0.0052489
   0.006092
   0.0072827
   0.0085157
   0.0102221
   0.012258
   0.0148847
   0.0180503
   0.0222523
   0.027401
   0.0341021
   0.0426125
   0.0528321
   0.0609146
   0.066572
   0.0701531
   0.0718632
   0.0718342
   0.0701045
   0.0664873
   0.0609287
   0.0529284
   0.0427064
   0.0341104
   0.0274007
   0.0221135
   0.0180267
   0.014903
   0.0122544
   0.0101118
   0.0085468
   0.0072538
   0.0061159
   0.0052275
   0.0045269
   0.0038568
   0.003396
   0.0029159
   0.0025569
   0.0022469
   0.0019785
   0.0017199
   0.0015238
   0.0013539
   0.0011948
   0.001075
   0.0009335
   0.0008312
   0.0007389
   0.0006485
   0.0005965
   0.0005238
   0.0004698
   0.0004073
   0.0003599
   0.000324
   0.0002869
   0.0002581
   0.0002391
   0.0002068
   0.0001845
   0.000165
   0.0001495
   0.0001234
   0.0001161
   0.0001091
   8.73e-05
   8.64e-05
   7.56e-05
   6.74e-05
   5.75e-05
   5.63e-05
   4.22e-05
   4.21e-05
   3.59e-05
   3.29e-05
   2.99e-05
   2.54e-05
   2.57e-05
   1.96e-05
   1.91e-05
   1.87e-05
   1.56e-05
   1.29e-05
   1.19e-05
   8.4e-06
   8.9e-06
   9.2e-06
   1.01e-05
   5.8e-06
   6.4e-06
   6e-06
   5.2e-06
   3.6e-06
   3.6e-06
   3e-06
   2.5e-06
   3.2e-06
   1.6e-06
   2.3e-06
   1.3e-06
   2.1e-06
   1.6e-06
   1.9e-06
   1.6e-06
   1.1e-06
   1.2e-06
   9e-07
   6e-07
   4e-07
   2e-07
   6e-07
   4e-07
   4e-07
   3e-07
   2e-07
   4e-07
