   0.0
   0.0
   0.0
   0.0
   0.0
   0.0
   0.0
   0.0
   0.0
   0.0
   0.0
   0.0
   0.0
   0.0
   0.0
   0.0
   0.0
   0.0
   0.0
   0.0
   0.0
   0.0
   0.0
   0.0
   0.0
   0.0
   0.0
   0.0
   0.0
   0.0
   0.0
   0.0
   0.0
   0.0
   0.0
   0.0
   0.0
   0.0
   0.0
   0.0
   0.0
   0.0
   0.0
   0.0
   0.0
   0.0
   0.0
   0.0
   0.0
   0.0
   0.0
   0.0
   0.0
   0.0
   0.0
   0.0
   0.0
   0.0
   0.0
   0.0
   0.0
   0.0
   0.0
   0.0
   0.0
   0.0
   0.0
   0.0
   0.0
   0.0
   0.0
   0.0
   0.0
   0.0
   0.0
   0.0
   0.0
   0.0
   0.0
   0.0
   0.0
   0.0
   0.0
   0.0
   0.0
   0.0
   0.0
   0.0
   0.0
   0.0
   0.0
   0.0
   0.0
   0.0
   0.0
   0.0
   0.0
   0.0
   0.0
   0.0
   0.0
   0.0
   0.0
   0.0
   0.0
   0.0
   0.0
   0.0
   0.0
   0.0
   0.0
   0.0
   0.0
   0.0
   0.0
   0.0
   0.0
   0.0
   0.0
   0.0
   0.0
   0.0
   0.0
   0.0
   0.0
   0.0
   0.0
   0.0
   0.0
   0.0
   0.0
   0.0
   0.0
   0.0
   0.0
   0.0
   0.0
   0.0
   0.0
   0.0
   0.0
   0.0
   0.0
   0.0
   0.0
   0.0
   0.0
   0.0
   0.0
   0.0
   0.0
   0.0
   0.0
   0.0
   0.0
   0.0
   0.0
   0.0
   0.0
   0.0
   0.0
   0.0
   0.0
   0.0
   0.0
   0.0
   0.0
   0.0
   0.0
   0.0
   0.0
   0.0
   0.0
   0.0
   0.0
   0.0
   0.0
   0.0
   0.0
   0.0
   0.0
   0.0
   0.0
   0.0
   0.0
   0.0
   0.0
   0.0
   0.0
   0.0
   0.0
   0.0
   0.0
   0.0
   0.0
   0.0
   0.0
   0.0
   0.0
   0.0
   0.0
   0.0
   0.0
   0.0
   0.0
   0.0
   0.0
   0.0
   0.0
   0.0
   0.0
   0.0
   0.0
   0.0
   0.0
   0.0
   0.0
   0.0
   0.0
   0.0
   0.0
   0.0
   0.0
   0.0
   0.0
   0.0
   0.0
   0.0
   0.0
   0.0
   0.0
   0.0
   0.0
   0.0
   0.0
   0.0
   0.0
   0.0
   0.0
   0.0
   0.0
   0.0
   0.0
   0.0
   0.0
   0.0
   0.0
   0.0
   0.0
   0.0
   0.0
   0.0
   0.0
   0.0
   0.0
   0.0
   0.0
   0.0
   0.0
   0.0
   0.0
   0.0
   0.0
   0.0
   0.0
   0.0
   0.0
   0.0
   0.0
   0.0
   0.0
   0.0
   0.0
   0.0
   0.0
   0.0
   0.0
   0.0
   0.0
   0.0
   0.0
   0.0
   0.0
   0.0
   0.0
   0.0
   0.0
   0.0
   0.0
   0.0
   0.0
   0.0
   0.0
   0.0
   0.0
   0.0
   0.0
   0.0
   0.0
   0.0
   0.0
   0.0
   0.0
   0.0
   0.0
   0.0
   0.0
   0.0
   0.0
   0.0
   0.0
   0.0
   0.0
   0.0
   0.0
   0.0
   0.0
   0.0
   0.0
   0.0
   0.0
   0.0
   0.0
   0.0
   0.0
   0.0
   0.0
   0.0
   0.0
   0.0
   0.0
   0.0
   0.0
   0.0
   0.0
   0.0
   0.0
   0.0
   0.0
   0.0
   0.0
   0.0
   0.0
   0.0
   0.0
   0.0
   0.0
   0.0
   0.0
   0.0
   0.0
   0.0
   0.0
   0.0
   0.0
   0.0
   0.0
   0.0
   0.0
   0.0
   0.0
   0.0
   0.0
   0.0
   0.0
   0.0
   0.0
   0.0
   0.0
   0.0
   0.0
   0.0
   0.0
   0.0
   0.0
   0.0
   0.0
   0.0
   0.0
   0.0
   0.0
   0.0
   0.0
   0.0
   0.0
   0.0
   0.0
   0.0
   0.0
   0.0
   0.0
   0.0
   0.0
   0.0
   0.0
   0.0
   0.0
   0.0
   0.0
   0.0
   0.0
   0.0
   0.0
   0.0
   0.0
   0.0
   0.0
   0.0
   0.0
   0.0
   0.0
   0.0
   0.0
   0.0
   0.0
   0.0
   0.0
   0.0
   0.0
   0.0
   0.0
   0.0
   0.0
   0.0
   0.0
   0.0
   0.0
   0.0
   0.0
   0.0
   0.0
   0.0
   0.0
   0.0
   0.0
   0.0
   0.0
   0.0
   0.0
   0.0
   0.0
   0.0
   0.0
   0.0
   0.0
   0.0
   0.0
   0.0
   0.0
   0.0
   0.0
   0.0
   0.0
   0.0
   0.0
   0.0
   0.0
   0.0
   0.0
   0.0
   0.0
   0.0
   0.0
   0.0
   0.0
   0.0
   0.0
   0.0
   0.0
   0.0
   0.0
   0.0
   0.0
   0.0
   0.0
   0.0
   0.0
   0.0
   0.0
   0.0
   0.0
   0.0
   0.0
   0.0
   0.0
   0.0
   0.0
   0.0
   0.0
   0.0
   0.0
   0.0
   0.0
   0.0
   0.0
   0.0
   0.0
   0.0
   0.0
   0.0
   0.0
   0.0
   0.0
   0.0
   0.0
   0.0
   0.0
   0.0
   0.0
   0.0
   0.0
   0.0
   0.0
   0.0
   0.0
   0.0
   0.0
   0.0
   0.0
   0.0
   0.0
   0.0
   0.0
   0.0
   0.0
   0.0
   0.0
   0.0
   0.00049
   0.0
   0.0
   0.0
   0.0
   9e-05
   9e-05
   1e-05
   0.00016
   0.0
   0.0
   0.00025
   0.00036
   0.0
   1e-05
   4e-05
   0.0
   0.0
   0.0
   0.00025
   0.0
   0.0
   0.00064
   0.0
   0.00016
   0.0
   0.0
   0.0
   0.0
   0.0
   0.0
   0.0
   0.0
   0.0
   0.0
   0.0
   1e-05
   0.0
   9e-05
   0.0
   0.00025
   0.00016
   4e-05
   1e-05
   0.0
   1e-05
   9e-05
   1e-05
   0.00049
   0.0
   4e-05
   0.0
   4e-05
   1e-05
   0.00025
   0.0
   0.00064
   4e-05
   0.00025
   0.00081
   0.00049
   0.0
   0.00025
   0.00025
   0.00025
   9e-05
   4e-05
   1e-05
   0.00025
   0.00169
   0.00036
   4e-05
   0.00025
   0.00016
   0.00036
   4e-05
   9e-05
   1e-05
   9e-05
   0.00036
   0.00036
   0.00225
   4e-05
   0.00025
   0.00036
   0.0
   9e-05
   9e-05
   0.0
   0.0
   4e-05
   4e-05
   4e-05
   1e-05
   0.0
   1e-05
   0.00025
   0.0
   0.00049
   0.00016
   1e-05
   0.00049
   4e-05
   0.00064
   0.00049
   0.00016
   4e-05
   4e-05
   9e-05
   0.00064
   0.00025
   0.00064
   0.00064
   0.00049
   0.00256
   1e-05
   9e-05
   4e-05
   0.00025
   4e-05
   0.0
   0.00289
   0.00025
   0.0
   0.00049
   0.001
   4e-05
   0.00025
   9e-05
   0.0
   0.00025
   0.00064
   1e-05
   9e-05
   0.0
   4e-05
   0.00025
   0.00036
   0.00025
   9e-05
   0.00121
   0.00196
   0.0
   0.00036
   9e-05
   0.00121
   4e-05
   0.00025
   0.00036
   4e-05
   4e-05
   0.00016
   9e-05
   1e-05
   4e-05
   4e-05
   0.001
   0.00064
   1e-05
   4e-05
   0.00049
   0.00289
   1e-05
   4e-05
   0.00016
   9e-05
   0.00016
   0.001
   0.00081
   0.00081
   0.00016
   0.00016
   1e-05
   1e-05
   0.00144
   0.00081
   0.00036
   0.00064
   9e-05
   0.00081
   0.00036
   0.00049
   9e-05
   0.00169
   1e-05
   0.00196
   0.001
   0.00121
   0.00064
   0.00441
   0.00049
   0.00484
   0.00064
   9e-05
   0.00016
   0.00016
   0.00016
   0.00036
   0.00049
   9e-05
   1e-05
   0.00025
   1e-05
   0.00081
   1e-05
   0.00049
   4e-05
   0.00016
   0.00036
   0.00016
   0.00049
   1e-05
   0.00064
   0.00036
   0.00196
   0.00081
   4e-05
   0.00049
   0.00676
   0.00016
   0.00025
   0.0
   0.00016
   0.00016
   4e-05
   0.00025
   0.00049
   4e-05
   0.00064
   1e-05
   0.0
   0.0
   0.00049
   0.00064
   9e-05
   0.0
   0.00225
   0.00025
   0.00049
   4e-05
   4e-05
   0.0
   4e-05
   0.0
   1e-05
   0.0
   0.00016
   9e-05
   0.00016
   1e-05
   4e-05
   0.0
   1e-05
   4e-05
   4e-05
   9e-05
   9e-05
   1e-05
   0.0
   0.00049
   0.00016
   0.0
   1e-05
   0.00016
   0.0
   9e-05
   0.00016
   1e-05
   0.0
   0.0
   1e-05
   1e-05
   0.00016
   0.00025
   0.00016
   0.0
   9e-05
   1e-05
   1e-05
   0.0
   0.00025
   1e-05
   0.00025
   9e-05
   9e-05
   9e-05
   0.0
   0.00049
   4e-05
   0.00016
   0.00121
   0.0
   0.00036
   4e-05
   0.00036
   0.00025
   0.001
   0.00121
   0.00025
   0.00016
   0.001
   9e-05
   0.0
   0.00064
   0.00036
   0.00049
   1e-05
   4e-05
   0.0
   0.0
   0.00049
   0.00064
   1e-05
   1e-05
   9e-05
   1e-05
   0.0
   0.00036
   0.0
   0.00025
   0.00036
   0.0
   0.0
   0.00025
   1e-05
   1e-05
   0.0
   0.0
   1e-05
   1e-05
   0.0
   0.00016
   0.00036
   0.0
   0.00049
   9e-05
   0.00025
   0.0
   0.00025
   0.00016
   1e-05
   0.0
   4e-05
   0.0
   0.00016
   9e-05
   9e-05
   1e-05
   0.00049
   9e-05
   4e-05
   0.0
   9e-05
   0.0
   1e-05
   1e-05
   9e-05
   9e-05
   0.0
   1e-05
   9e-05
   0.00121
   1e-05
   0.0
   0.00025
   0.00016
   1e-05
   1e-05
   9e-05
   0.00016
   0.00025
   9e-05
   0.00016
   0.00016
   0.00025
   4e-05
   0.00016
   0.00025
   0.00036
   0.00016
   0.00036
   0.00025
   0.00016
   1e-05
   0.0
   9e-05
   1e-05
   4e-05
   9e-05
   1e-05
   0.001
   0.00049
   0.00025
   0.0
   0.0
   1e-05
   1e-05
   9e-05
   0.00025
   0.0
   0.0
   4e-05
   0.00016
   9e-05
   0.0
   9e-05
   1e-05
   4e-05
   9e-05
   4e-05
   0.0
   4e-05
   1e-05
   0.0
   0.0
   0.001
   1e-05
   0.0
   0.0
   1e-05
   9e-05
   0.0
   0.0
   0.00049
   9e-05
   1e-05
   0.0
   0.0
   1e-05
   1e-05
   1e-05
   0.0
   4e-05
   4e-05
   0.0
   0.0
   0.00121
   0.0
   0.0
   1e-05
   1e-05
   0.0
   0.0
   0.0
   9e-05
   1e-05
   9e-05
   0.0
   4e-05
   0.0
   0.00036
   0.00016
   9e-05
   1e-05
   0.0
   0.0
   4e-05
   0.0
   0.0
   0.0
   0.00016
   1e-05
   0.0
   1e-05
   1e-05
   1e-05
   9e-05
   9e-05
   0.00029
   1e-05
   0.00013
   0.00026
   4e-05
   0.0002
   0.0017
   0.00013
   0.00065
   0.0001
   0.00128
   0.00034
   0.00085
   0.00045
   0.00016
   0.00061
   0.00029
   0.00029
   1e-05
   1e-05
   0.00036
   0.00025
   0.0002
   0.0
   0.00068
   0.0003
   0.0
   5e-05
   1e-05
   0.00052
   0.0
   0.00013
   0.0001
   0.00049
   5e-05
   0.00018
   0.00065
   0.0002
   0.00062
   0.0001
   0.00053
   0.00034
   9e-05
   0.00014
   0.00062
   0.00013
   4e-05
   0.00025
   0.00018
   0.0002
   0.0
   4e-05
   1e-05
   0.00041
   0.0
   1e-05
   0.0001
   0.00024
   2e-05
   6e-05
   0.00026
   0.00121
   0.00045
   0.00032
   0.00025
   0.00013
   0.00029
   5e-05
   0.00014
   0.0007
   0.00032
   0.00288
   0.00117
   0.00049
   0.00125
   0.00081
   0.00025
   0.00169
   0.00049
   0.00101
   0.0005
   0.00056
   0.00104
   0.00082
   0.00307
   0.00059
   0.00076
   0.00129
   0.00088
   0.00203
   9e-05
   0.00082
   0.00238
   0.0009
   0.00274
   0.00125
   0.00299
   0.00018
   0.0002
   0.00088
   0.00089
   0.00245
   0.00262
   0.00025
   0.00145
   0.00086
   0.00017
   0.00081
   0.00133
   0.00257
   0.0002
   0.00059
   0.00062
   0.00308
   0.00051
   0.00168
   0.00194
   0.00107
   0.00206
   0.00293
   0.00419
   0.0057
   0.00306
   0.0007
   0.00105
   0.00242
   0.00041
   0.00266
   0.00068
   0.00086
   0.00114
   0.00086
   0.00443
   0.00134
   0.00101
   0.00269
   0.00161
   0.00299
   0.0013
   0.00173
   0.00035
   0.00485
   0.00065
   0.00286
   0.00286
   0.0023
   0.0025
   0.00321
   0.00163
   0.0014
   0.00174
   0.00649
   0.00305
   0.00278
   0.00264
   0.00072
   0.00529
   0.0033
   0.00219
   0.0033
   0.00261
   0.00409
   0.00029
   0.00138
   0.00621
   0.00166
   0.00518
   0.00164
   0.00142
   0.00106
   0.00134
   0.00394
   0.00661
   0.0018
   0.00286
   0.00138
   0.00245
   0.0021
   0.00069
   0.00074
   0.00059
   0.00587
   0.00177
   0.00156
   0.00102
   0.00021
   0.00086
   0.00115
   0.00478
   0.00254
   0.00339
   0.0069
   0.00124
   0.00181
   0.00253
   0.00103
   0.00146
   0.00092
   0.00062
   0.0026
   0.00116
   0.00245
   0.00142
   0.00198
   0.0005
   0.00067
   9e-05
   0.00234
   0.00641
   0.00065
   0.0007
   0.00164
   0.0006
   0.00072
   0.00114
   0.00062
   0.00078
   0.00279
   0.00056
   0.0009
   0.00134
   0.00254
   0.00206
   0.00081
   0.00129
   9e-05
   0.00038
   0.00125
   0.00073
   0.00101
   0.00064
   0.00045
   0.00146
   0.0001
   0.00234
   0.00354
   0.00013
   0.00105
   0.00041
   0.0008
   0.00043
   0.00145
   0.00026
   0.0004
   0.00018
   4e-05
   0.00194
   5e-05
   0.00073
   0.00229
   0.00036
   9e-05
   0.00077
   0.00065
   0.00017
   0.00053
   0.00017
   4e-05
   9e-05
   0.0009
   0.00041
   0.00062
   0.00073
   9e-05
   8e-05
   4e-05
   5e-05
   1e-05
   0.00035
   0.00041
   0.0001
   5e-05
   0.0001
   0.00016
   8e-05
   0.00021
   0.0003
   0.00034
   0.00013
   0.00013
   9e-05
   0.0001
   0.00017
   0.00024
   0.0007
   0.00067
   0.00034
   9e-05
   0.00027
   5e-05
   0.00018
   0.00036
   8e-05
   0.00013
   0.00144
   5e-05
   4e-05
   0.00021
   5e-05
   3e-05
   0.00027
   1e-05
   9e-05
   1e-05
   0.00065
   0.00017
   0.00073
   0.00024
   0.00037
   9e-05
   0.0004
   0.0003
   0.0001
   1e-05
   3e-05
   0.0002
   0.00139
   0.00014
   0.00054
   0.00062
   0.00054
   0.0002
   0.00017
   0.00102
   0.0006
   0.00012
   0.00031
   0.00016
   0.00194
   0.00062
   0.0006
   0.00016
   0.00067
   5e-05
   0.00056
   0.00139
   0.00106
   0.00066
   0.00107
   0.00063
   0.0006
   0.00233
   0.00045
   0.00319
   0.00031
   0.00167
   0.00154
   0.00045
   0.0003
   0.00124
   0.00069
   0.00289
   0.00075
   0.00331
   0.00141
   0.00111
   0.00196
   0.00174
   0.00128
   0.00145
   0.00201
   0.00071
   0.00162
   0.00308
   0.00135
   0.00174
   0.00291
   0.00416
   0.00347
   0.0033
   0.00096
   0.00586
   0.00374
   0.00192
   0.0022
   0.00223
   0.00349
   0.00489
   0.00268
   0.00112
   0.00346
   0.00204
   0.00204
   0.00221
   0.00742
   0.00277
   0.00425
   0.00389
   0.00492
   0.00711
   0.00528
   0.00225
   0.00229
   0.00645
   0.00199
   0.00897
   0.00489
   0.00174
   0.0065
   0.00187
   0.00223
   0.00621
   0.00238
   0.01328
   0.00302
   0.00471
   0.00588
   0.0053
   0.00694
   0.00701
   0.00645
   0.00809
   0.00579
   0.00433
   0.00298
   0.0073
   0.0025
   0.01051
   0.00502
   0.00982
   0.00646
   0.00679
   0.00556
   0.00452
   0.00629
   0.00828
   0.00807
   0.01022
   0.00796
   0.01023
   0.00461
   0.00576
   0.00362
   0.00991
   0.00331
   0.01172
   0.01239
   0.00989
   0.01402
   0.0049
   0.00728
   0.00781
   0.00748
   0.00629
   0.01111
   0.0148
   0.00491
   0.01004
   0.01472
   0.00881
   0.01225
   0.00877
   0.00904
   0.00562
   0.01286
   0.00525
   0.01037
   0.01061
   0.01558
   0.00895
   0.0105
   0.01002
   0.01942
   0.00585
   0.01107
   0.00462
   0.00466
   0.02012
   0.00809
   0.00451
   0.01158
   0.0172
   0.0154
   0.01255
   0.00721
   0.00767
   0.0184
   0.01067
   0.0076
   0.01176
   0.0223
   0.00937
   0.00567
   0.01298
   0.00734
   0.02167
   0.00999
   0.01118
   0.01446
   0.00716
   0.01396
   0.00868
   0.0053
   0.00736
   0.00597
   0.0075
   0.01089
   0.0093
   0.01507
   0.00461
   0.01204
   0.00985
   0.01257
   0.00662
   0.00731
   0.01122
   0.01515
   0.01692
   0.01172
   0.00804
   0.01308
   0.00884
   0.01055
   0.00581
   0.01363
   0.01278
   0.0127
   0.00812
   0.01373
   0.01353
   0.01049
   0.01312
   0.01228
   0.01379
   0.01715
   0.01376
   0.00974
   0.01236
   0.01385
   0.01166
   0.01219
   0.00941
   0.00651
   0.00838
   0.01415
   0.01972
   0.00978
   0.01465
   0.01538
   0.00645
   0.00656
   0.01263
   0.01437
   0.01259
   0.00936
   0.01263
   0.00715
   0.01277
   0.00682
   0.01883
   0.02225
   0.01749
   0.0147
   0.01967
   0.00974
   0.01385
   0.0062
   0.00538
   0.01069
   0.01491
   0.0124
   0.0072
   0.01434
   0.01341
   0.0116
   0.00697
   0.00827
   0.00964
   0.00931
   0.01171
   0.00991
   0.00694
   0.00939
   0.00726
   0.0081
   0.00812
   0.01051
   0.01474
   0.00655
   0.01266
   0.00904
   0.00942
   0.00466
   0.01187
   0.00699
   0.00771
   0.01195
   0.01068
   0.01397
   0.01563
   0.01174
   0.01266
   0.01286
   0.01219
   0.01809
   0.01222
   0.01277
   0.01368
   0.01206
   0.01189
   0.0143
   0.01745
   0.01312
   0.01331
   0.01475
   0.01299
   0.01695
   0.01611
   0.01684
   0.00922
   0.00961
   0.02118
   0.01568
   0.01691
   0.0169
   0.00793
   0.01007
   0.00984
   0.01344
   0.01011
   0.01114
   0.00806
   0.01151
   0.0164
   0.00652
   0.01632
   0.0098
   0.011
   0.01116
   0.01763
   0.01402
   0.01598
   0.01461
   0.00871
   0.00805
   0.0107
   0.0065
   0.01368
   0.01516
   0.0109
   0.01274
   0.01151
   0.00944
   0.01311
   0.01802
   0.01378
   0.00642
   0.01779
   0.00804
   0.01069
   0.01564
   0.00902
   0.0121
   0.013
   0.01883
   0.00932
   0.00972
   0.00971
   0.0122
   0.0127
   0.00947
   0.00933
   0.01273
   0.01799
   0.01227
   0.01285
   0.00914
   0.00959
   0.01747
   0.01974
   0.01122
   0.01386
   0.01518
   0.01024
   0.01968
   0.01165
   0.01585
   0.01696
   0.01467
   0.01238
   0.01947
   0.01102
   0.01954
   0.0141
   0.02161
   0.01651
   0.00878
   0.0093
   0.01263
   0.01436
   0.00978
   0.01213
   0.00941
   0.0209
   0.01771
   0.01787
   0.01161
   0.013
   0.01968
   0.03158
   0.01418
   0.01639
   0.01314
   0.01663
   0.01958
   0.01145
   0.02294
   0.01242
   0.01348
   0.0121
   0.01855
   0.00938
   0.01144
   0.01834
   0.01621
   0.01357
   0.01592
   0.01145
   0.01491
   0.00724
   0.01257
   0.00977
   0.01555
   0.02242
   0.01571
   0.01126
   0.0177
   0.01045
   0.00717
   0.01028
   0.02079
   0.01291
   0.00954
   0.01209
   0.01333
   0.0087
   0.00973
   0.00669
   0.00807
   0.01513
   0.01079
   0.0102
   0.00744
   0.0082
   0.01163
   0.01199
   0.00961
   0.01063
   0.01161
   0.01674
   0.01594
   0.01441
   0.015
   0.01425
   0.00937
   0.01239
   0.01784
   0.0125
   0.0139
   0.01946
   0.01047
   0.01032
   0.01594
   0.00977
   0.01971
   0.01136
   0.01343
   0.02001
   0.02186
   0.01799
   0.02285
   0.01665
   0.01236
   0.01533
   0.01528
   0.01336
   0.01622
   0.0146
   0.01273
   0.019
   0.00988
   0.02444
   0.01574
   0.02951
   0.02419
   0.01725
   0.02019
   0.01916
   0.01825
   0.0174
   0.02484
   0.02692
   0.02039
   0.02784
   0.01787
   0.02188
   0.02254
   0.02522
   0.0229
   0.03138
   0.02436
   0.01683
   0.01979
   0.02896
   0.02669
   0.01938
   0.02448
   0.02786
   0.03218
   0.02011
   0.02948
   0.01697
   0.02293
   0.02952
   0.03663
   0.02505
   0.02988
   0.02066
   0.02374
   0.03673
   0.04253
   0.02977
   0.0332
   0.03317
   0.02781
   0.01866
   0.0207
   0.03333
   0.03269
   0.0341
   0.0234
   0.02086
   0.0231
   0.02018
   0.03159
   0.03327
   0.03159
   0.03993
   0.03434
   0.0368
   0.02498
   0.02191
   0.03255
   0.04071
   0.03141
   0.03558
   0.03
   0.03632
   0.03113
   0.03428
   0.0452
   0.03128
   0.02862
   0.03828
   0.03919
   0.03505
   0.03425
   0.03608
   0.02532
   0.03536
   0.04033
   0.02821
   0.0353
   0.03911
   0.03235
   0.03798
   0.03269
   0.04134
   0.03837
   0.03777
   0.03136
   0.04218
   0.04141
   0.03031
   0.04071
   0.05231
   0.03729
   0.04301
   0.03645
   0.04171
   0.04406
   0.03715
   0.04033
   0.02922
   0.03436
   0.0313
   0.03222
   0.0395
   0.04046
   0.03665
   0.03673
   0.04332
   0.03031
   0.04205
   0.04567
   0.0496
   0.04431
   0.04481
   0.03983
   0.05403
   0.04707
   0.03682
   0.05019
   0.04736
   0.04656
   0.04713
   0.04316
   0.04171
   0.04507
   0.05001
   0.0598
   0.06042
   0.06248
   0.0466
   0.05455
   0.03892
   0.04831
   0.03973
   0.05928
   0.05791
   0.05206
   0.05473
   0.04913
   0.05615
   0.05849
   0.04732
   0.05514
   0.04942
   0.04992
   0.05754
   0.05686
   0.05433
   0.05003
   0.05519
   0.04853
   0.06973
   0.05516
   0.06173
   0.05331
   0.05778
   0.06815
   0.07465
   0.05638
   0.05426
   0.05556
   0.06501
   0.06019
   0.06478
   0.05921
   0.05924
   0.0625
   0.08835
   0.07595
   0.0754
   0.07817
   0.06826
   0.08096
   0.07017
   0.07946
   0.08891
   0.06624
   0.07451
   0.06429
   0.06695
   0.06636
   0.05854
   0.07529
   0.06514
   0.07129
   0.06407
   0.07634
   0.06567
   0.07611
   0.08379
   0.06101
   0.07697
   0.08106
   0.08262
   0.07191
   0.0794
   0.07683
   0.09161
   0.07409
   0.06885
   0.07556
   0.08096
   0.07487
   0.08867
   0.07788
   0.09153
   0.07882
   0.11531
   0.08966
   0.07011
   0.07835
   0.08081
   0.08116
   0.07804
   0.09957
   0.08259
   0.09106
   0.08464
   0.1021
   0.09664
   0.10288
   0.08771
   0.085
   0.08721
   0.08894
   0.09298
   0.09999
   0.10413
   0.0982
   0.0968
   0.09387
   0.07779
   0.10865
   0.096
   0.10003
   0.10584
   0.1045
   0.08157
   0.10587
   0.11389
   0.083
   0.10267
   0.11325
   0.10689
   0.09482
   0.107
   0.09349
   0.10245
   0.10236
   0.10003
   0.10707
   0.10507
   0.10532
   0.09732
   0.10597
   0.1053
   0.10266
   0.10416
   0.11099
   0.11666
   0.10213
   0.10192
   0.1154
   0.12502
   0.12123
   0.10766
   0.11498
   0.10711
   0.1275
   0.11092
   0.13057
   0.12013
   0.1367
   0.13782
   0.13268
   0.12023
   0.1221
   0.13501
   0.12314
   0.12563
   0.12403
   0.11455
   0.12512
   0.1499
   0.1476
   0.13506
   0.16167
   0.11892
   0.1255
   0.13044
   0.14472
   0.12652
   0.13936
   0.10478
   0.1101
   0.13636
   0.11815
   0.1629
   0.11616
   0.1338
   0.13812
   0.14071
   0.14091
   0.16106
   0.12834
   0.14715
   0.1475
   0.15237
   0.15023
   0.16067
   0.14647
   0.13084
   0.14329
   0.1548
   0.1371
   0.12865
   0.167
   0.14591
   0.1806
   0.15806
   0.14165
   0.15859
   0.12872
   0.13538
   0.127
   0.14274
   0.13813
   0.15371
   0.13456
   0.12838
   0.14456
   0.1373
   0.13574
   0.14563
   0.179
   0.1827
   0.15469
   0.1568
   0.14476
   0.13894
   0.16088
   0.15028
   0.16027
   0.14585
   0.16308
   0.16338
   0.17089
   0.18277
   0.18312
   0.15927
   0.14768
   0.17759
   0.16124
   0.15633
   0.17825
   0.15283
   0.20438
   0.20025
   0.1764
   0.17784
   0.16178
   0.15151
   0.19463
   0.19333
   0.18585
   0.19114
   0.22355
   0.18851
   0.20019
   0.2025
   0.21681
   0.18193
   0.21607
   0.18073
   0.20169
   0.20887
   0.17502
   0.19498
   0.22058
   0.20161
   0.21019
   0.20325
   0.21008
   0.20158
   0.19708
   0.19012
   0.23136
   0.19521
   0.20627
   0.22419
   0.20117
   0.24782
   0.23778
   0.2201
   0.22164
   0.19636
   0.20802
   0.23647
   0.25278
   0.21667
   0.24388
   0.2225
   0.23435
   0.24985
   0.23691
   0.2466
   0.23069
   0.23282
   0.22362
   0.23176
   0.27183
   0.22782
   0.26229
   0.25253
   0.26774
   0.26345
   0.26215
   0.25859
   0.29091
   0.24706
   0.24128
   0.27943
   0.24367
   0.24765
   0.27017
   0.26882
   0.27441
   0.28594
   0.2605
   0.27093
   0.29001
   0.26662
   0.28017
   0.2773
   0.26791
   0.30156
   0.29146
   0.27599
   0.32167
   0.28653
   0.30265
   0.27639
   0.29415
   0.28187
   0.315
   0.28878
   0.29744
   0.32456
   0.29225
   0.25668
   0.26947
   0.30156
   0.31853
   0.29933
   0.31496
   0.31017
   0.33356
   0.3055
   0.32788
   0.3016
   0.31711
   0.3374
   0.32042
   0.30915
   0.31528
   0.33063
   0.33474
   0.30828
   0.32167
   0.29977
   0.30501
   0.3175
   0.36031
   0.35433
   0.33964
   0.38535
   0.34631
   0.32842
   0.34482
   0.3258
   0.36199
   0.36722
   0.365
   0.3402
   0.34555
   0.37158
   0.39421
   0.35893
   0.37261
   0.3353
   0.37741
   0.39781
   0.38104
   0.4052
   0.37956
   0.40214
   0.39168
   0.41071
   0.36969
   0.38744
   0.3899
   0.42276
   0.39675
   0.41573
   0.40531
   0.39008
   0.45183
   0.45122
   0.4616
   0.43314
   0.43058
   0.41277
   0.40143
   0.4414
   0.44807
   0.44279
   0.48226
   0.46407
   0.42806
   0.46149
   0.46403
   0.45436
   0.46105
   0.47396
   0.50075
   0.47058
   0.44277
   0.47629
   0.4449
   0.47759
   0.48409
   0.49683
   0.52962
   0.5217
   0.51998
   0.56337
   0.51627
   0.50155
   0.52373
   0.51626
   0.49259
   0.5029
   0.5276
   0.4912
   0.52168
   0.57903
   0.48496
   0.57254
   0.56767
   0.5304
   0.53624
   0.50345
   0.53465
   0.58611
   0.54882
   0.53837
   0.53263
   0.59451
   0.60424
   0.60009
   0.59712
   0.58829
   0.57932
   0.59811
   0.60744
   0.59173
   0.60781
   0.61883
   0.60578
   0.57248
   0.58902
   0.64546
   0.62497
   0.66975
   0.64086
   0.61534
   0.63585
   0.60611
   0.61867
   0.67613
   0.61229
   0.65265
   0.61551
   0.66106
   0.69109
   0.63672
   0.67652
   0.71847
   0.61149
   0.72548
   0.66238
   0.71329
   0.72385
   0.67957
   0.75058
   0.6822
   0.67059
   0.70432
   0.72357
   0.72085
   0.71974
   0.70533
   0.75148
   0.76894
   0.75566
   0.80237
   0.75037
   0.76169
   0.73478
   0.79578
   0.74617
   0.78107
   0.83358
   0.80307
   0.71759
   0.85679
   0.79964
   0.77357
   0.78519
   0.82033
   0.80402
   0.78632
   0.80966
   0.87855
   0.80722
   0.87264
   0.86141
   0.85822
   0.92921
   0.91515
   0.92564
   0.87247
   0.84588
   0.8699
   0.96572
   0.89595
   0.93372
   0.95468
   0.90518
   0.97871
   0.95058
   0.94938
   0.92682
   0.96252
   0.97937
   0.97132
   0.94699
   0.96109
   1.01338
   0.9701
   1.05261
   0.98815
   1.00723
   1.02474
   0.99807
   1.08412
   0.95696
   1.00477
   1.07291
   1.0438
   1.07709
   1.04706
   1.0063
   0.99211
   1.04011
   1.0747
   1.01936
   1.03294
   1.0467
   1.04188
   1.08196
   1.05475
   1.05184
   1.14574
   1.08537
   1.04911
   1.0334
   1.07569
   1.10742
   1.10269
   1.06159
   1.07214
   1.12676
   1.13394
   1.1144
   1.10226
   1.22003
   1.15298
   1.145
   1.14991
   1.20362
   1.13434
   1.13404
   1.22074
   1.19191
   1.25202
   1.2222
   1.26451
   1.26609
   1.22622
   1.29405
   1.27711
   1.31898
   1.26253
   1.35154
   1.34633
   1.33486
   1.31928
   1.31477
   1.34555
   1.29803
   1.338
   1.31151
   1.32034
   1.3816
   1.35343
   1.31795
   1.32055
   1.35658
   1.37932
   1.40652
   1.36553
   1.38749
   1.36747
   1.40007
   1.43761
   1.47138
   1.41449
   1.42079
   1.5019
   1.42047
   1.5318
   1.42719
   1.51535
   1.48685
   1.48888
   1.53242
   1.48157
   1.55946
   1.57501
   1.56274
   1.55198
   1.58264
   1.58189
   1.5917
   1.55136
   1.57289
   1.6163
   1.61809
   1.59017
   1.62357
   1.65429
   1.68807
   1.63175
   1.74148
   1.67863
   1.68673
   1.72665
   1.74244
   1.6831
   1.75608
   1.8387
   1.79485
   1.81398
   1.83723
   1.79989
   1.73092
   1.82192
   1.72668
   1.86752
   1.82841
   1.85595
   1.9054
   1.84997
   1.83065
   1.83942
   1.9096
   1.88918
   1.95351
   1.92857
   1.99981
   1.97878
   2.06024
   1.99161
   2.08639
   2.08107
   2.02354
   2.0167
   2.07994
   2.15238
   1.97294
   2.10202
   2.09606
   2.1156
   2.10896
   2.08203
   2.18496
   2.13018
   2.04722
   2.1259
   2.20236
   2.21546
   2.09865
   2.17254
   2.21898
   2.28607
   2.2888
   2.22195
   2.25842
   2.30128
   2.2813
   2.24266
   2.26415
   2.28792
   2.32851
   2.31732
   2.23764
   2.32984
   2.31073
   2.32892
   2.30235
   2.41679
   2.498
   2.35026
   2.5081
   2.49379
   2.44983
   2.50109
   2.50802
   2.40004
   2.5385
   2.46252
   2.58067
   2.67422
   2.6315
   2.56595
   2.59791
   2.65177
   2.59358
   2.62509
   2.66479
   2.73355
   2.66277
   2.72343
   2.68824
   2.72479
   2.75105
   2.73799
   2.76608
   2.80216
   2.76144
   2.84181
   2.92575
   2.93122
   2.95804
   2.8892
   2.88116
   2.96491
   2.92935
   2.98033
   2.94405
   2.9676
   3.08248
   3.08503
   3.05057
   3.15746
   3.08908
   3.09207
   3.15597
   3.12507
   3.28217
   3.06034
   3.26687
   3.27901
   3.26884
   3.23563
   3.20133
   3.2274
   3.30191
   3.25735
   3.41208
   3.3515
   3.30511
   3.3987
   3.30334
   3.36415
   3.50236
   3.58722
   3.4745
   3.48365
   3.55262
   3.50648
   3.58639
   3.53693
   3.61341
   3.65988
   3.65879
   3.71532
   3.77379
   3.74272
   3.72066
   3.70461
   3.84956
   3.80815
   3.79002
   3.86457
   3.80583
   3.95202
   3.8321
   3.75805
   3.86039
   3.97206
   4.01339
   4.02075
   4.08381
   3.99872
   4.16211
   4.23712
   4.03981
   4.19098
   4.16651
   4.30033
   4.19955
   4.19647
   4.21907
   4.43928
   4.39182
   4.38049
   4.32349
   4.33369
   4.44963
   4.5785
   4.41707
   4.56029
   4.59097
   4.55985
   4.61616
   4.54906
   4.6492
   4.60063
   4.82321
   4.652
   4.73169
   4.75586
   4.77444
   4.72138
   4.75382
   4.8798
   4.90908
   4.90457
   4.96466
   4.94945
   5.03549
   5.15721
   5.02035
   5.04843
   5.10561
   5.12291
   5.2182
   5.29399
   5.2058
   5.31081
   5.37817
   5.48303
   5.2545
   5.45033
   5.48015
   5.45525
   5.49575
   5.52093
   5.63672
   5.57505
   5.67905
   5.59678
   5.71399
   5.66405
   5.75796
   5.95288
   5.80891
   5.9174
   5.94222
   5.83691
   5.86864
   5.86426
   5.84123
   6.01878
   5.95549
   6.07588
   6.13661
   6.2996
   6.15971
   6.41696
   6.28095
   6.38307
   6.41867
   6.40117
   6.38023
   6.47618
   6.33027
   6.35079
   6.44685
   6.33067
   6.50588
   6.78658
   6.62987
   6.77638
   6.68536
   6.68071
   6.9599
   6.85622
   7.01817
   6.94361
   6.90964
   7.07535
   7.12613
   7.2087
   7.15036
   7.21723
   7.30457
   7.3879
   7.37165
   7.45519
   7.42569
   7.42937
   7.57922
   7.55416
   7.4987
   7.57019
   7.47872
   7.72425
   7.74685
   7.68425
   7.5429
   7.77243
   7.81978
   7.87874
   7.99073
   8.13052
   7.96249
   8.09286
   8.25717
   8.26452
   8.39027
   8.35014
   8.35411
   8.41423
   8.37275
   8.59133
   8.38753
   8.50834
   8.81036
   8.76332
   8.70442
   8.78004
   8.75267
   8.77091
   9.2082
   8.76463
   8.80367
   9.11188
   8.91646
   9.22963
   9.11797
   9.15739
   9.31965
   9.30113
   9.26226
   9.52869
   9.52128
   9.66935
   9.61181
   9.73367
   9.69675
   9.73979
   9.74226
   9.82844
   9.80899
   10.01286
   10.14681
   10.32032
   10.31155
   10.11806
   10.41649
   10.27747
   10.32308
   10.67751
   10.64981
   10.6715
   10.73827
   10.6156
   10.69369
   10.98331
   10.98379
   10.92028
   11.22779
   11.36712
   11.10378
   11.16309
   11.27421
   11.55712
   11.47585
   11.46711
   11.40314
   11.50004
   11.80858
   11.75995
   11.77918
   11.81206
   12.03768
   11.94851
   12.04252
   12.16779
   12.06305
   12.23638
   12.39559
   12.44215
   12.51724
   12.47586
   12.59206
   12.70613
   12.6573
   12.96542
   13.03467
   12.73046
   12.84837
   12.96805
   13.20064
   13.47163
   13.32891
   13.45953
   13.54408
   13.7782
   13.48611
   13.6645
   13.88131
   13.97297
   13.74127
   14.17495
   14.14566
   14.18529
   14.5434
   14.21191
   14.60355
   14.72161
   14.49523
   14.85616
   14.75012
   14.98643
   14.82197
   15.12705
   15.08387
   15.00684
   15.11683
   15.27614
   15.3691
   15.51563
   15.69436
   15.55946
   15.66788
   15.46839
   15.91238
   16.0764
   16.10677
   15.88111
   15.93097
   16.09895
   16.49767
   16.6035
   16.57242
   16.70409
   16.62034
   16.94745
   16.95902
   16.94815
   17.07164
   17.19311
   17.27569
   17.51394
   17.16976
   17.51832
   17.76405
   17.92536
   17.83471
   17.99875
   17.86462
   18.19854
   18.19344
   18.27673
   18.24322
   18.36368
   18.57437
   18.61076
   18.86279
   18.96896
   18.88562
   19.16456
   19.18394
   19.2046
   19.32035
   19.60498
   19.69286
   19.99726
   19.90964
   19.92375
   20.02339
   20.4406
   20.41789
   20.53268
   20.81397
   20.7824
   20.76886
   20.6752
   21.23534
   21.3329
   21.52021
   22.09655
   22.35925
   22.33544
   22.24719
   22.21943
   22.41836
   22.27381
   22.31002
   22.0829
   22.15415
   21.47826
   21.20553
   21.30931
   20.96077
   21.25691
   20.96146
   20.57763
   20.44758
   20.32446
   20.12781
   20.21075
   19.83252
   20.02272
   20.0679
   19.71546
   19.66667
   19.57504
   19.32359
   19.34567
   19.38744
   19.26852
   18.82756
   18.76887
   18.78276
   18.63511
   18.67165
   18.57357
   18.42908
   18.56072
   18.19122
   17.93746
   18.22488
   17.93096
   17.92124
   17.52385
   17.73523
   17.42553
   17.52481
   17.23405
   17.18715
   17.10093
   17.14273
   16.66657
   16.70658
   16.71859
   16.73803
   16.5985
   16.34041
   16.24836
   16.32258
   15.97167
   16.12707
   16.05956
   15.87582
   15.99857
   15.73135
   15.57429
   15.48049
   15.40265
   15.30857
   15.48836
   15.23789
   15.28632
   15.18652
   14.75911
   14.95918
   14.92497
   14.94293
   15.10559
   14.70759
   14.53503
   14.44714
   14.4611
   14.50667
   14.07741
   14.0718
   14.09053
   13.98015
   13.89437
   13.60892
   13.72224
   13.90306
   13.58637
   13.26344
   13.32003
   13.22525
   13.26978
   13.04705
   13.08631
   13.19084
   12.86654
   12.88881
   12.82261
   12.70351
   12.51849
   12.48978
   12.74441
   12.46019
   12.37142
   12.51569
   12.32341
   12.33839
   12.06847
   12.14228
   11.95485
   11.96714
   12.1282
   11.91013
   11.75069
   11.7478
   11.42899
   11.66804
   11.59355
   11.63851
   11.54752
   11.33728
   11.51123
   11.38162
   10.95086
   11.07313
   11.00036
   10.73188
   10.79298
   10.76992
   10.80284
   10.64129
   10.57021
   10.60683
   10.56078
   10.38031
   10.50906
   10.49673
   10.33309
   10.17095
   10.36314
   10.14327
   10.00276
   10.12163
   9.89978
   9.80254
   9.70243
   9.73033
   9.67073
   9.78791
   9.54445
   9.49307
   9.51072
   9.40849
   9.43358
   9.5737
   9.34628
   9.10054
   9.31942
   9.00547
   8.96478
   8.79553
   9.07502
   8.87344
   8.86709
   8.87949
   8.83341
   8.76196
   8.77695
   8.77933
   8.61098
   8.49731
   8.43177
   8.54726
   8.48554
   8.30263
   8.31452
   8.0472
   8.18692
   8.04187
   8.12972
   7.94555
   7.97554
   8.01222
   7.96352
   7.80164
   7.89087
   7.76411
   7.72872
   7.71984
   7.72566
   7.65323
   7.78393
   7.49248
   7.50243
   7.24658
   7.47554
   7.53395
   7.36782
   7.13988
   7.23049
   7.32281
   7.11145
   6.97958
   7.00329
   6.90502
   7.00867
   6.9653
   6.99362
   6.85846
   6.8815
   6.85556
   6.74033
   6.76267
   6.75664
   6.60907
   6.78197
   6.54237
   6.55187
   6.44628
   6.53717
   6.32184
   6.42037
   6.42193
   6.32274
   6.18746
   6.32938
   6.12859
   6.24805
   6.21033
   6.02543
   6.1521
   6.03613
   6.00157
   5.975
   5.97418
   6.12349
   5.9812
   5.89384
   5.90147
   5.92518
   5.71313
   5.77758
   5.64085
   5.70058
   5.70082
   5.59549
   5.68356
   5.5977
   5.54945
   5.57431
   5.50663
   5.37591
   5.51256
   5.62989
   5.39157
   5.42859
   5.45922
   5.30001
   5.13171
   5.29767
   5.16126
   5.17897
   5.24271
   5.11581
   4.97122
   5.08098
   5.07981
   5.10663
   4.99485
   4.95065
   4.91306
   4.92809
   4.97612
   4.99521
   4.83364
   4.77971
   4.72966
   4.86104
   4.65144
   4.57819
   4.6837
   4.50953
   4.6569
   4.5342
   4.46474
   4.49761
   4.4742
   4.41607
   4.42815
   4.44543
   4.37627
   4.32521
   4.37848
   4.28709
   4.43672
   4.26208
   4.22998
   4.22249
   4.20205
   4.09761
   4.17583
   4.11922
   4.11845
   4.07076
   4.15807
   3.9487
   3.95842
   3.96751
   3.9744
   3.90439
   3.76111
   3.89729
   3.80419
   3.76583
   3.76552
   3.93697
   3.80028
   3.74456
   3.75475
   3.70979
   3.77105
   3.74169
   3.69635
   3.79875
   3.60098
   3.64294
   3.64666
   3.54098
   3.56757
   3.5604
   3.64985
   3.72267
   3.43788
   3.52203
   3.34929
   3.65287
   3.34736
   3.43032
   3.36714
   3.49325
   3.46659
   3.37633
   3.3137
   3.22557
   3.31413
   3.24283
   3.34525
   3.24323
   3.26737
   3.13614
   3.27569
   3.18807
   3.18077
   3.17583
   3.20665
   3.16016
   3.09193
   3.12868
   3.14336
   2.96949
   3.0178
   3.07195
   3.08628
   3.03971
   3.09264
   2.9348
   2.897
   2.86034
   2.92179
   2.87345
   2.8339
   2.83463
   2.73506
   2.76275
   2.81919
   2.7508
   2.82701
   2.76804
   2.5955
   2.76487
   2.61137
   2.77635
   2.70193
   2.68728
   2.71271
   2.58354
   2.71244
   2.64727
   2.44284
   2.55444
   2.50618
   2.55062
   2.44578
   2.48026
   2.50517
   2.45473
   2.42954
   2.47106
   2.4327
   2.34234
   2.50456
   2.44576
   2.42064
   2.37378
   2.34049
   2.26844
   2.34264
   2.26726
   2.2447
   2.31399
   2.2974
   2.32618
   2.35309
   2.19148
   2.15428
   2.243
   2.1702
   2.14542
   2.1701
   2.11934
   2.14376
   2.179
   2.12947
   2.14642
   2.11338
   2.13389
   2.011
   2.06573
   2.08951
   1.96064
   1.97874
   2.03658
   2.03222
   2.04142
   2.02705
   1.95899
   1.95065
   2.01589
   2.00288
   1.87849
   1.93012
   1.83204
   1.93894
   1.95455
   1.89628
   1.85759
   1.92421
   1.84838
   1.82428
   1.89222
   1.76926
   1.83745
   1.77239
   1.78307
   1.79373
   1.76502
   1.81511
   1.76274
   1.70553
   1.74151
   1.71883
   1.70092
   1.70461
   1.71479
   1.73586
   1.68085
   1.66779
   1.63306
   1.6872
   1.6169
   1.5798
   1.59807
   1.5972
   1.61263
   1.5584
   1.60073
   1.57973
   1.52988
   1.59892
   1.54912
   1.5742
   1.4856
   1.5411
   1.56141
   1.5289
   1.51726
   1.47743
   1.53537
   1.51883
   1.41367
   1.43898
   1.41615
   1.48403
   1.38447
   1.45288
   1.35151
   1.43964
   1.40958
   1.36683
   1.37704
   1.3791
   1.29809
   1.34595
   1.34823
   1.34456
   1.38622
   1.33095
   1.37072
   1.33306
   1.28046
   1.34377
   1.33264
   1.26625
   1.23092
   1.30209
   1.27193
   1.26839
   1.24825
   1.24649
   1.21013
   1.22781
   1.2174
   1.25573
   1.24682
   1.17404
   1.26818
   1.16285
   1.19905
   1.22862
   1.17996
   1.17992
   1.12241
   1.14103
   1.1139
   1.14914
   1.06291
   1.10947
   1.05307
   1.13593
   1.04585
   1.08479
   1.07128
   1.09403
   1.10877
   1.05613
   1.06003
   1.10796
   1.04647
   0.99366
   0.99399
   1.03267
   1.03365
   1.0618
   1.06835
   1.03036
   0.98189
   0.98879
   0.97236
   0.99347
   0.97074
   0.94989
   0.99951
   1.00094
   0.97221
   0.98615
   0.97085
   0.98942
   0.96462
   0.97124
   0.97959
   0.93168
   0.99336
   0.95086
   0.93439
   0.92412
   0.94783
   0.99269
   0.91087
   0.89238
   0.91741
   0.89712
   0.87573
   0.8527
   0.92776
   0.87405
   0.85755
   0.85382
   0.9121
   0.85234
   0.84875
   0.87862
   0.82324
   0.84627
   0.83648
   0.84331
   0.78108
   0.8111
   0.8534
   0.79883
   0.8844
   0.796
   0.80218
   0.77879
   0.73869
   0.7838
   0.7108
   0.77049
   0.76673
   0.74035
   0.69688
   0.73172
   0.72254
   0.78595
   0.77324
   0.6907
   0.7019
   0.72741
   0.71906
   0.71164
   0.72967
   0.68143
   0.7116
   0.69585
   0.72873
   0.71186
   0.70665
   0.69782
   0.687
   0.67033
   0.66296
   0.64964
   0.67663
   0.68266
   0.70384
   0.71704
   0.67374
   0.65715
   0.63262
   0.67664
   0.61896
   0.67019
   0.64677
   0.67153
   0.6488
   0.66448
   0.6114
   0.65613
   0.62608
   0.62709
   0.59902
   0.63931
   0.61998
   0.63591
   0.62782
   0.60085
   0.59766
   0.66204
   0.60483
   0.60129
   0.60224
   0.62966
   0.60382
   0.59878
   0.58915
   0.61691
   0.60398
   0.55492
   0.56374
   0.56969
   0.58973
   0.62727
   0.5819
   0.56829
   0.54428
   0.5365
   0.52716
   0.52361
   0.57065
   0.56645
   0.52636
   0.49656
   0.514
   0.55125
   0.51851
   0.51693
   0.50136
   0.5068
   0.53685
   0.54068
   0.53775
   0.50761
   0.49556
   0.50696
   0.4872
   0.48407
   0.51737
   0.48602
   0.48981
   0.46101
   0.50576
   0.49796
   0.46791
   0.48689
   0.52095
   0.4554
   0.47659
   0.46797
   0.42493
   0.43347
   0.44314
   0.4618
   0.46246
   0.47287
   0.4479
   0.46808
   0.39702
   0.4074
   0.42739
   0.44255
   0.40526
   0.41453
   0.41841
   0.41927
   0.38318
   0.39437
   0.37991
   0.42348
   0.40751
   0.37882
   0.39649
   0.39244
   0.36803
   0.3755
   0.38487
   0.3684
   0.34765
   0.38788
   0.40793
   0.35667
   0.38459
   0.37879
   0.35564
   0.37425
   0.37518
   0.40319
   0.38653
   0.37688
   0.36499
   0.37218
   0.37368
   0.34524
   0.38427
   0.40566
   0.35662
   0.33248
   0.35505
   0.33482
   0.38215
   0.33869
   0.38001
   0.31695
   0.36413
   0.32358
   0.31746
   0.34113
   0.32725
   0.33895
   0.30904
   0.30855
   0.34325
   0.3329
   0.32242
   0.29543
   0.31267
   0.32744
   0.34999
   0.30522
   0.31458
   0.32975
   0.32151
   0.3008
   0.30893
   0.29692
   0.29078
   0.27533
   0.29443
   0.31544
   0.29581
   0.30334
   0.29752
   0.27726
   0.29632
   0.26831
   0.28477
   0.26593
   0.27861
   0.27306
   0.28007
   0.24008
   0.29999
   0.31306
   0.28269
   0.27172
   0.25573
   0.28663
   0.25605
   0.25638
   0.25875
   0.27901
   0.22997
   0.25412
   0.26347
   0.26095
   0.25586
   0.2764
   0.24713
   0.25359
   0.26236
   0.24968
   0.25331
   0.2549
   0.20927
   0.24264
   0.25292
   0.24585
   0.25995
   0.28251
   0.2278
   0.23634
   0.2309
   0.22933
   0.20733
   0.25715
   0.20941
   0.22357
   0.24868
   0.22055
   0.22054
   0.20326
   0.202
   0.22169
   0.20411
   0.22246
   0.19813
   0.21346
   0.2216
   0.19274
   0.19188
   0.19354
   0.20121
   0.21635
   0.19417
   0.21203
   0.20372
   0.2016
   0.21141
   0.19934
   0.20472
   0.1877
   0.21247
   0.19582
   0.19139
   0.20505
   0.20892
   0.19181
   0.20102
   0.1735
   0.19914
   0.17783
   0.22119
   0.22749
   0.18718
   0.20346
   0.18411
   0.19219
   0.20557
   0.18067
   0.17419
   0.16609
   0.18005
   0.19022
   0.18333
   0.15661
   0.15693
   0.18371
   0.14993
   0.14277
   0.15636
   0.17304
   0.16397
   0.16406
   0.18046
   0.15966
   0.16771
   0.17621
   0.16024
   0.16155
   0.1697
   0.19453
   0.15651
   0.13929
   0.16301
   0.16397
   0.13693
   0.15799
   0.17307
   0.14937
   0.1419
   0.15077
   0.15144
   0.16301
   0.16774
   0.15434
   0.13763
   0.17207
   0.16564
   0.15559
   0.15821
   0.13304
   0.14833
   0.1672
   0.14451
   0.14915
   0.14995
   0.16406
   0.14247
   0.15074
   0.13938
   0.14154
   0.12712
   0.13801
   0.14478
   0.1292
   0.14325
   0.16012
   0.13062
   0.13522
   0.13147
   0.13844
   0.15158
   0.14673
   0.11626
   0.14657
   0.12087
   0.12338
   0.12215
   0.13693
   0.13158
   0.12927
   0.13393
   0.11348
   0.12392
   0.10393
   0.11333
   0.12459
   0.10685
   0.12871
   0.09921
   0.10543
   0.11649
   0.11077
   0.09681
   0.11965
   0.13156
   0.11036
   0.10573
   0.10934
   0.12051
   0.10239
   0.12832
   0.11175
   0.10533
   0.11258
   0.10368
   0.10531
   0.1141
   0.10377
   0.0983
   0.0938
   0.08428
   0.09651
   0.09256
   0.09327
   0.10566
   0.08221
   0.09515
   0.10078
   0.08419
   0.09543
   0.09807
   0.11286
   0.10305
   0.10638
   0.10905
   0.08978
   0.09596
   0.09169
   0.08871
   0.0984
   0.09145
   0.1145
   0.0901
   0.10393
   0.09594
   0.08643
   0.08605
   0.09355
   0.09243
   0.09337
   0.0931
   0.09527
   0.09776
   0.09023
   0.09085
   0.10783
   0.08014
   0.09716
   0.07743
   0.08653
   0.08209
   0.09938
   0.07724
   0.08438
   0.07709
   0.10296
   0.08343
   0.0956
   0.07487
   0.07868
   0.09645
   0.07994
   0.08025
   0.07172
   0.0843
   0.09499
   0.07446
   0.08035
   0.08535
   0.08762
   0.0707
   0.06193
   0.08365
   0.07374
   0.05718
   0.06979
   0.08268
   0.07407
   0.08909
   0.07693
   0.08281
   0.07208
   0.08556
   0.0662
   0.08923
   0.07781
   0.06754
   0.06171
   0.07552
   0.09027
   0.07204
   0.06616
   0.08207
   0.0675
   0.07656
   0.0771
   0.07666
   0.07274
   0.06202
   0.05966
   0.07038
   0.07943
   0.0693
   0.05738
   0.05781
   0.06859
   0.06784
   0.0697
   0.06761
   0.06833
   0.05961
   0.05718
   0.06394
   0.06521
   0.06409
   0.07321
   0.06267
   0.06897
   0.07071
   0.05934
   0.0849
   0.06845
   0.06082
   0.05647
   0.06107
   0.06524
   0.05985
   0.04631
   0.06136
   0.06653
   0.05337
   0.06186
   0.07178
   0.04656
   0.05015
   0.05487
   0.06694
   0.07032
   0.04799
   0.04838
   0.0555
   0.04112
   0.05029
   0.04623
   0.04813
   0.04266
   0.04563
   0.04722
   0.04205
   0.04672
   0.04584
   0.04837
   0.04424
   0.05191
   0.05256
   0.05187
   0.05111
   0.04515
   0.04204
   0.03802
   0.03698
   0.04636
   0.05038
   0.03822
   0.05062
   0.05367
   0.0471
   0.05407
   0.05442
   0.04111
   0.05065
   0.04768
   0.05825
   0.03991
   0.04721
   0.04703
   0.04037
   0.05689
   0.03467
   0.03666
   0.0396
   0.04102
   0.03581
   0.04596
   0.04007
   0.03761
   0.03815
   0.0295
   0.04211
   0.03734
   0.03437
   0.03528
   0.03335
   0.04397
   0.04584
   0.04211
   0.03607
   0.03561
   0.03457
   0.04178
   0.04776
   0.04776
   0.0478
   0.03988
   0.03829
   0.04708
   0.04057
   0.03192
   0.0362
   0.03904
   0.04779
   0.0394
   0.04558
   0.04854
   0.04448
   0.04772
   0.04067
   0.0413
   0.04832
   0.04028
   0.03996
   0.03789
   0.04072
   0.03447
   0.04601
   0.03336
   0.03698
   0.04661
   0.04031
   0.041
   0.03258
   0.05076
   0.06065
   0.03285
   0.04256
   0.04293
   0.03932
   0.04069
   0.05045
   0.03714
   0.03964
   0.03953
   0.03275
   0.03928
   0.04858
   0.04173
   0.03867
   0.04171
   0.03191
   0.03687
   0.04084
   0.03031
   0.0322
   0.03685
   0.05726
   0.03931
   0.03429
   0.02534
   0.03463
   0.02673
   0.03554
   0.03606
   0.02998
   0.02816
   0.0333
   0.03489
   0.02986
   0.03919
   0.02752
   0.04576
   0.03228
   0.03868
   0.03004
   0.03403
   0.02632
   0.03938
   0.02983
   0.02825
   0.03242
   0.0247
   0.03438
   0.03169
   0.02401
   0.02714
   0.02453
   0.02379
   0.0316
   0.03192
   0.03226
   0.03063
   0.01998
   0.03659
   0.02528
   0.0245
   0.0309
   0.03528
   0.03323
   0.02793
   0.02563
   0.02349
   0.02593
   0.02451
   0.02558
   0.03747
   0.02192
   0.02524
   0.02641
   0.03932
   0.02809
   0.0372
   0.0238
   0.02466
   0.03357
   0.02121
   0.03059
   0.02295
   0.03233
   0.02859
   0.01644
   0.02175
   0.02215
   0.02808
   0.02663
   0.02167
   0.02623
   0.03111
   0.02743
   0.03045
   0.02165
   0.02341
   0.02948
   0.02252
   0.02272
   0.02008
   0.02143
   0.02171
   0.02603
   0.01675
   0.02487
   0.02195
   0.02743
   0.02055
   0.02122
   0.02565
   0.02384
   0.02576
   0.01732
   0.03282
   0.03158
   0.01692
   0.02448
   0.02027
   0.02585
   0.0164
   0.02153
   0.01399
   0.02825
   0.02204
   0.01709
   0.02265
   0.02589
   0.02386
   0.02682
   0.01671
   0.02045
   0.02339
   0.0263
   0.01529
   0.02323
   0.02053
   0.01809
   0.02143
   0.01867
   0.02217
   0.02056
   0.01675
   0.01771
   0.01425
   0.01341
   0.01545
   0.01503
   0.01169
   0.01802
   0.01891
   0.01732
   0.01966
   0.01374
   0.01422
   0.01571
   0.01761
   0.02199
   0.02183
   0.02467
   0.01204
   0.00715
   0.01581
   0.01252
   0.01595
   0.01686
   0.01236
   0.01649
   0.01253
   0.0176
   0.01337
   0.01156
   0.0227
   0.01289
   0.01849
   0.01783
   0.01514
   0.01116
   0.01595
   0.01292
   0.02426
   0.01373
   0.01446
   0.01144
   0.01427
   0.00823
   0.0151
   0.01115
   0.00724
   0.01353
   0.01337
   0.01334
   0.00992
   0.01388
   0.00849
   0.0126
   0.01018
   0.01099
   0.01025
   0.00888
   0.00817
   0.01014
   0.00499
   0.00801
   0.00959
   0.00783
   0.00853
   0.00787
   0.0089
   0.01017
   0.01034
   0.00576
   0.01065
   0.0101
   0.0082
   0.00797
   0.01205
   0.00999
   0.01087
   0.00614
   0.00583
   0.00589
   0.00995
   0.01132
   0.00499
   0.0191
   0.00799
   0.00417
   0.00699
   0.00996
   0.01174
   0.00771
   0.01982
   0.01253
   0.00818
   0.00925
   0.0133
   0.01225
   0.01319
   0.0045
   0.01088
   0.01333
   0.01117
   0.0158
   0.01391
   0.01447
   0.00581
   0.01458
   0.01285
   0.01107
   0.01114
   0.00677
   0.01381
   0.01391
   0.01248
   0.00994
   0.00554
   0.01392
   0.02875
   0.01377
   0.01425
   0.01968
   0.01142
   0.02698
   0.01505
   0.02093
   0.0096
   0.01001
   0.01863
   0.00591
   0.01291
   0.02019
   0.01035
   0.01218
   0.01211
   0.01162
   0.01604
   0.00957
   0.00881
   0.01233
   0.01911
   0.00581
   0.0061
   0.00915
   0.00624
   0.00852
   0.0127
   0.01127
   0.00501
   0.0113
   0.01204
   0.00769
   0.00689
   0.00773
   0.00931
   0.00972
   0.00593
   0.00633
   0.00776
   0.00653
   0.00967
   0.00424
   0.00593
   0.0056
   0.00485
   0.0131
   0.00594
   0.0087
   0.00675
   0.00739
   0.0044
   0.00456
   0.00347
   0.0066
   0.00358
   0.00655
   0.00342
   0.00401
   0.00277
   0.00239
   0.00549
   0.00573
   0.00479
   0.00982
   0.00465
   0.00648
   0.003
   0.0034
   0.00192
   0.00398
   0.00619
   0.00535
   0.00344
   0.00571
   0.00624
   0.00335
   0.00264
   0.00136
   0.00906
   0.00388
   0.00305
   0.00513
   0.00591
   0.0037
   0.00836
   0.00375
   0.00372
   0.00447
   0.00422
   0.00441
   0.00665
   0.00571
   0.00359
   0.00434
   0.00467
   0.00443
   0.00401
   0.00403
   0.00336
   0.0034
   0.00104
   0.00602
   0.00159
   0.00751
   0.00668
   0.00229
   0.00418
   0.00399
   0.0024
   0.00234
   0.00435
   0.00203
   0.00302
   0.00227
   0.00285
   0.00639
   0.00394
   0.00214
   0.00442
   0.00198
   0.00469
   0.00444
   0.00453
   0.00525
   0.00414
   0.00358
   0.00435
   0.00836
   0.00666
   0.00542
   0.00387
   0.00192
   0.00486
   0.00278
   0.00216
   0.00386
   0.00361
   0.00188
   0.00317
   0.00564
   0.00102
   0.00367
   0.00228
   0.00378
   0.00233
   0.00614
   0.00144
   0.00366
   0.00282
   0.0021
   0.003
   0.00341
   0.00141
   0.00161
   0.00094
   0.00107
   0.00179
   0.0031
   0.00503
   0.00311
   0.00375
   0.00553
   0.00201
   0.00679
   0.00312
   0.00157
   0.00079
   0.00225
   0.00118
   0.00202
   0.00131
   0.00358
   0.00068
   0.00246
   0.00144
   0.00323
   0.00276
   0.00386
   0.00159
   0.00079
   0.00447
   0.00106
   0.00197
   0.00043
   0.00073
   0.00093
   0.00049
   0.00261
   0.00276
   0.00423
   0.00102
   0.00035
   0.00131
   0.00132
   0.00045
   0.00096
   0.00228
   0.00232
   0.00116
   0.00026
   0.001
   0.00124
   0.00079
   0.00086
   0.00071
   0.00027
   0.00098
   0.00236
   0.00088
   0.00038
   0.001
   0.00133
   0.00084
   0.00227
   0.00156
   0.00049
   0.00208
   0.00138
   0.00054
   0.00148
   0.00087
   0.00036
   0.00167
   0.00045
   0.00113
   0.0012
   0.00015
   0.00254
   0.0001
   0.00045
   0.0007
   0.00066
   0.00155
   0.00106
   0.00117
   0.0001
   0.00171
   0.00138
   0.00047
   0.00069
   0.00035
   0.00052
   0.00111
   0.00029
   0.00076
   0.00098
   0.00138
   0.00103
   0.00358
   0.00123
   0.00126
   0.0032
   0.00112
   0.00181
   0.00026
   0.00131
   0.00162
   0.00417
   0.00396
   0.00125
   0.00291
   0.00206
   0.00172
   0.0037
   0.004
   0.0036
   0.00105
   0.00072
   0.00106
   0.00353
   0.00155
   0.0011
   0.00313
   0.00171
   0.00227
   0.0079
   0.00111
   0.00403
   0.00643
   0.0007
   0.003
   0.00025
   0.00264
   0.00058
   0.00315
   0.00451
   0.00312
   0.00079
   0.00366
   0.00284
   0.00244
   0.0014
   0.00142
   0.00202
   0.00578
   9e-05
   0.00174
   0.00086
   0.00133
   0.00026
   0.00186
   6e-05
   0.00161
   0.00021
   0.0007
   0.00092
   0.00056
   0.00108
   0.00281
   0.00012
   0.0005
   0.00104
   0.00207
   0.00043
   0.00198
   0.00086
   0.0001
   6e-05
   0.00063
   0.00129
   0.00011
   0.00054
   0.00025
   0.00035
   0.00018
   0.00049
   0.00197
   0.00044
   0.00018
   0.00045
   0.00049
   0.00088
   0.00053
   0.00018
   0.00101
   0.0009
   0.0001
   0.00154
   0.00038
   0.00089
   0.00194
   0.00057
   0.00065
   0.00053
   0.00117
   0.00025
   0.00037
   0.0009
   0.00076
   0.00134
   0.00067
   0.00033
   0.00035
   0.00162
   5e-05
   0.00146
   0.00045
   0.00043
   0.00061
   0.00034
   0.00021
   0.00033
   0.0002
   0.00067
   0.00024
   0.00062
   0.00026
   9e-05
   0.00019
   0.00026
   0.00011
   0.00074
   0.00026
   0.00018
   0.00017
   0.00046
   0.00072
   0.0005
   0.00029
   1e-05
   8e-05
   2e-05
   0.00018
   0.0001
   5e-05
   0.00029
   0.001
   0.0005
   0.00169
   0.0002
   5e-05
   0.00032
   0.00029
   0.00045
   0.0005
   2e-05
   9e-05
   2e-05
   0.00017
   0.0
   4e-05
   0.00036
   0.00052
   1e-05
   0.00017
   0.00025
   1e-05
   0.00037
   1e-05
   4e-05
   0.0
   4e-05
   9e-05
   0.00053
   0.00017
   5e-05
   0.00029
   0.00016
   0.00025
   0.00036
   1e-05
   0.00025
   0.00074
   0.0
   8e-05
   2e-05
   5e-05
   0.00016
   0.0
   5e-05
   8e-05
   0.00029
   0.0
   0.00017
   0.00037
   4e-05
   0.00016
   0.00029
   0.00016
   0.0001
   0.00016
   0.00036
   0.00137
   0.00085
   5e-05
   0.00097
   1e-05
   0.00065
   1e-05
   0.00016
   0.00029
   0.00026
   0.001
   0.00026
   9e-05
   0.0001
   0.00036
   0.0001
   0.00026
   0.0
   0.00026
   9e-05
   5e-05
   0.0004
   0.00041
   1e-05
   0.00016
   0.00025
   0.00045
   0.00026
   0.001
   0.00018
   0.00018
   1e-05
   9e-05
   0.00122
   0.00232
   0.00109
   0.00081
   0.0002
   0.00017
   0.0002
   0.00074
   0.00136
   0.0013
   0.0
   0.0005
   0.0005
   0.0002
   0.00029
   0.00037
   0.00045
   0.00036
   0.0001
   4e-05
   0.00085
   0.00025
   0.00041
   0.00049
   0.00036
   0.00052
   0.00041
   0.00061
   0.00065
   0.00058
   0.00178
   0.00016
   0.0002
   0.00178
   0.00068
   9e-05
   0.00045
   0.00121
   0.00025
   0.0017
   0.00229
   0.0016
   0.00205
   0.00058
   0.00082
   0.00245
   0.00026
   0.00073
   0.00292
   0.00074
   0.00676
   0.0013
   0.00612
   0.0032
   0.00045
   0.00234
   0.00016
   0.00049
   0.00073
   0.00025
   0.0002
   0.00085
   5e-05
   8e-05
   0.0001
   0.00017
   0.00013
   1e-05
   0.00052
   0.00089
   0.00034
   0.0001
   0.00049
   0.00041
   5e-05
   1e-05
   0.00018
   0.00036
   0.00013
   2e-05
   0.00146
   0.00017
   0.00034
   0.00185
   9e-05
   0.0002
   0.00049
   0.00072
   0.00041
   0.0
   0.00025
   0.00097
   5e-05
   0.0001
   0.00148
   0.0005
   0.00061
   0.00025
   0.00122
   0.00122
   0.00117
   0.0029
   0.00052
   0.00137
   0.00041
   0.00293
   0.0005
   0.0009
   0.00085
   0.00104
   0.00612
   0.00337
   0.00085
   0.00065
   0.00049
   0.00032
   0.00052
   0.001
   9e-05
   9e-05
   0.00052
   0.00029
   0.0017
   0.00109
   0.0005
   0.00289
   0.00089
   0.0002
   0.00113
   2e-05
   0.00065
   0.00017
   0.0009
   0.00045
   0.0013
   0.00074
   0.00085
   0.00053
   0.00109
   2e-05
   0.00053
   0.00072
   0.00037
   0.00065
   9e-05
   0.00036
   0.00026
   0.00034
   9e-05
   1e-05
   0.00185
   0.00097
   0.00081
   4e-05
   0.00061
   0.00013
   4e-05
   0.00025
   0.00037
   0.00036
   0.001
   8e-05
   0.0
   0.00036
   1e-05
   0.0001
   5e-05
   0.0
   0.0001
   0.0001
   0.00025
   8e-05
   4e-05
   0.0
   1e-05
   5e-05
   0.0
   9e-05
   0.00026
   1e-05
   2e-05
   4e-05
   0.00013
   0.00016
   0.00045
   9e-05
   5e-05
   1e-05
   1e-05
   0.00064
   0.00082
   4e-05
   0.00026
   0.00016
   1e-05
   0.00065
   0.0
   0.00017
   5e-05
   0.00036
   0.001
   0.00036
   1e-05
   4e-05
   0.00017
   0.00025
   0.0
   0.0
   1e-05
   0.00018
   0.00058
   2e-05
   4e-05
   9e-05
   0.0
   1e-05
   4e-05
   2e-05
   0.0001
   0.00016
   0.00061
   0.00037
   0.00017
   2e-05
   0.00013
   0.0001
   0.00013
   0.0001
   0.00016
   8e-05
   4e-05
   4e-05
   0.0001
   0.0
   1e-05
   4e-05
   0.0
   0.0
   0.00016
   9e-05
   0.00013
   0.0
   0.0
   0.0
   1e-05
   1e-05
   1e-05
   0.0
   0.00016
   9e-05
   4e-05
   0.0
   0.0
   0.0
   4e-05
   0.00016
   0.0
   0.0
   0.0
   0.0
   0.0
   0.0
   0.0
   0.0
   0.0
   4e-05
   0.00016
   0.0
   0.0
   1e-05
   0.0
   4e-05
   0.0
   0.0
   0.0
   0.0
   0.0
   0.0
   0.0
   0.0
   0.0
   0.0
   0.0
   0.0
   0.0
   0.0
   0.0
   0.0
   0.0
   0.0
   0.0
   0.0
   0.0
   0.0
   0.0
   0.0
   0.0
   0.0
   0.0
   0.0
   0.0
   0.0
   0.0
   0.0
   0.0
   0.0
   0.0
   0.0
   0.0
   0.0
   0.0
   0.0
   0.0
   0.0
   0.0
   0.0
   0.0
   0.0
   0.0
   0.0
   0.0
   0.0
   0.0
   0.0
   0.0
   0.0
   0.0
   0.0
   0.0
   0.0
   0.0
   0.0
   0.0
   0.0
   0.0
   0.0
   0.0
   0.0
   0.0
   0.0
   0.0
   0.0
   0.0
   0.0
   0.0
   0.0
   0.0
   0.0
   0.0
   0.0
   0.0
   0.0
   0.0
   0.0
   0.0
   0.0
   0.0
   0.0
   0.0
   0.0
   0.0
   0.0
   0.0
   0.0
   0.0
   0.0
   0.0
   0.0
   0.0
   0.0
   0.0
   0.0
   0.0
   0.0
   0.0
   0.0
   0.0
   0.0
   0.0
   0.0
   0.0
   0.0
   0.0
   0.0
   0.0
   0.0
   0.0
   0.0
   0.0
   0.0
   0.0
   0.0
   0.0
   0.0
   0.0
   0.0
   0.0
   0.0
   0.0
   0.0
   0.0
   0.0
   0.0
   0.0
   0.0
   0.0
   0.0
   0.0
   0.0
   0.0
   0.0
   0.0
   0.0
   0.0
   0.0
   0.0
   0.0
   0.0
   0.0
   0.0
   0.0
   0.0
   0.0
   0.0
   0.0
   0.0
   0.0
   0.0
   0.0
   0.0
   0.0
   0.0
   0.0
   0.0
   0.0
   0.0
   0.0
   0.0
   0.0
   0.0
   0.0
   0.0
   0.0
   0.0
   0.0
   0.0
   0.0
   0.0
   0.0
   0.0
   0.0
   0.0
   0.0
   0.0
   0.0
   0.0
   0.0
   0.0
   0.0
   0.0
   0.0
   0.0
   0.0
   0.0
   0.0
   0.0
   0.0
   0.0
   0.0
   0.0
   0.0
   0.0
   0.0
   0.0
   0.0
   0.0
   0.0
   0.0
   0.0
   0.0
   0.0
   0.0
   0.0
   0.0
   0.0
   0.0
   0.0
   0.0
   0.0
   0.0
   0.0
   0.0
   0.0
   0.0
   0.0
   0.0
   0.0
   0.0
   0.0
   0.0
   0.0
   0.0
   0.0
   0.0
   0.0
   0.0
   0.0
   0.0
   0.0
   0.0
   0.0
   0.0
   0.0
   0.0
   0.0
   0.0
   0.0
   0.0
   0.0
   0.0
   0.0
   0.0
   0.0
   0.0
   0.0
   0.0
   0.0
   0.0
   0.0
   0.0
   0.0
   0.0
   0.0
   0.0
   0.0
   0.0
   0.0
   0.0
   0.0
   0.0
   0.0
   0.0
   0.0
   0.0
   0.0
   0.0
   0.0
   0.0
   0.0
   0.0
   0.0
   0.0
   0.0
   0.0
   0.0
   0.0
   0.0
   0.0
   0.0
   0.0
   0.0
   0.0
   0.0
   0.0
   0.0
   0.0
   0.0
   0.0
   0.0
   0.0
   0.0
   0.0
   0.0
   0.0
   0.0
   0.0
   0.0
   0.0
   0.0
   0.0
   0.0
   0.0
   0.0
   0.0
   0.0
   0.0
   0.0
   0.0
   0.0
   0.0
   0.0
   0.0
   0.0
   0.0
   0.0
   0.0
   0.0
   0.0
   0.0
   0.0
   0.0
   0.0
   0.0
   0.0
   0.0
   0.0
   0.0
   0.0
   0.0
   0.0
   0.0
   0.0
   0.0
   0.0
   0.0
   0.0
   0.0
   0.0
   0.0
   0.0
   0.0
   0.0
   0.0
   0.0
   0.0
   0.0
   0.0
   0.0
   0.0
   0.0
   0.0
   0.0
   0.0
   0.0
   0.0
   0.0
   0.0
   0.0
   0.0
   0.0
   0.0
   0.0
   0.0
   0.0
   0.0
   0.0
   0.0
   0.0
   0.0
   0.0
   0.0
   0.0
   0.0
   0.0
   0.0
   0.0
   0.0
   0.0
   0.0
   0.0
   0.0
   0.0
   0.0
   0.0
   0.0
   0.0
   0.0
   0.0
   0.0
   0.0
   0.0
   0.0
   0.0
   0.0
   0.0
   0.0
   0.0
   0.0
   0.0
   0.0
   0.0
   0.0
   0.0
   0.0
   0.0
   0.0
   0.0
   0.0
   0.0
   0.0
   0.0
   0.0
   0.0
   0.0
   0.0
   0.0
   0.0
   0.0
   0.0
   0.0
   0.0
   0.0
   0.0
   0.0
   0.0
   0.0
   0.0
   0.0
   0.0
   0.0
   0.0
   0.0
   0.0
   0.0
   0.0
   0.0
   0.0
   0.0
   0.0
   0.0
   0.0
   0.0
   0.0
   0.0
   0.0
   0.0
   0.0
   0.0
   0.0
   0.0
   0.0
   0.0
   0.0
   0.0
   0.0
   0.0
   0.0
   0.0
   0.0
   0.0
   0.0
   0.0
   0.0
   0.0
   0.0
   0.0
   0.0
   0.0
   0.0
   0.0
   0.0
   0.0
   0.0
   0.0
   0.0
   0.0
   0.0
   0.0
   0.0
   0.0
   0.0
   0.0
   0.0
   0.0
   0.0
   0.0
   0.0
   0.0
   0.0
   0.0
   0.0
   0.0
   0.0
   0.0
   0.0
   0.0
   0.0
   0.0
   0.0
   0.0
   0.0
   0.0
   0.0
   0.0
   0.0
   0.0
   0.0
   0.0
   0.0
   0.0
   0.0
   0.0
   0.0
   0.0
   0.0
   0.0
   0.0
   0.0
   0.0
   0.0
   0.0
   0.0
   0.0
   0.0
   0.0
   0.0
   0.0
   0.0
   0.0
   0.0
   0.0
   0.0
   0.0
   0.0
   0.0
   0.0
   0.0
   0.0
   0.0
   0.0
   0.0
   0.0
   0.0
   0.0
   0.0
   0.0
   0.0
   0.0
   0.0
   0.0
   0.0
   0.0
   0.0
   0.0
   0.0
   0.0
   0.0
   0.0
   0.0
   0.0
   0.0
   0.0
   0.0
   0.0
   0.0
   0.0
   0.0
   0.0
   0.0
   0.0
   0.0
   0.0
   0.0
   0.0
   0.0
   0.0
   0.0
   0.0
   0.0
   0.0
   0.0
   0.0
   0.0
   0.0
   0.0
   0.0
   0.0
   0.0
   0.0
   0.0
   0.0
   0.0
   0.0
   0.0
   0.0
   0.0
   0.0
   0.0
   0.0
   0.0
   0.0
   0.0
   0.0
   0.0
   0.0
   0.0
   0.0
   0.0
   0.0
   0.0
   0.0
   0.0
   0.0
   0.0
   0.0
   0.0
   0.0
   0.0
   0.0
   0.0
   0.0
   0.0
   0.0
   0.0
   0.0
   0.0
   0.0
   0.0
   0.0
   0.0
   0.0
   0.0
   0.0
   0.0
   0.0
   0.0
   0.0
   0.0
   0.0
   0.0
   0.0
   0.0
   0.0
   0.0
   0.0
   0.0
   0.0
   0.0
   0.0
   0.0
   0.0
   0.0
   0.0
   0.0
   0.0
   0.0
   0.0
   0.0
   0.0
   0.0
   0.0
   0.0
   0.0
   0.0
   0.0
   0.0
   0.0
   0.0
   0.0
   0.0
   0.0
   0.0
   0.0
   0.0
   0.0
   0.0
   0.0
   0.0
   0.0
   0.0
   0.0
   0.0
   0.0
   0.0
   0.0
   0.0
   0.0
   0.0
   0.0
   0.0
   0.0
   0.0
   0.0
   0.0
   0.0
   0.0
   0.0
   0.0
   0.0
   0.0
   0.0
   0.0
   0.0
   0.0
   0.0
   0.0
   0.0
   0.0
   0.0
   0.0
   0.0
   0.0
   0.0
   0.0
   0.0
   0.0
   0.0
   0.0
   0.0
   0.0
   0.0
   0.0
   0.0
   0.0
   0.0
   0.0
   0.0
   0.0
   0.0
   0.0
   0.0
   0.0
   0.0
   0.0
   0.0
   0.0
   0.0
   0.0
   0.0
   0.0
   0.0
   0.0
   0.0
   0.0
   0.0
   0.0
   0.0
   0.0
   0.0
   0.0
   0.0
   0.0
   0.0
   0.0
   0.0
   0.0
   0.0
   0.0
   0.0
   0.0
   0.0
   0.0
   0.0
   0.0
   0.0
   0.0
   0.0
   0.0
   0.0
   0.0
   0.0
   0.0
   0.0
   0.0
   0.0
   0.0
   0.0
   0.0
   0.0
   0.0
   0.0
   0.0
   0.0
