   0.0
   0.0
   0.0
   0.0
   0.0
   0.0
   0.0
   0.0
   0.0
   0.0
   0.0
   0.0
   0.0
   0.0
   0.0
   0.0
   0.0
   0.0
   0.0
   0.0
   0.0
   0.0
   0.0
   0.0
   0.0
   0.0
   0.0
   0.0
   0.0
   0.0
   0.0
   0.0
   0.0
   0.0
   0.0
   0.0
   0.0
   0.0
   0.0
   0.0
   0.0
   0.0
   0.0
   0.0
   0.0
   0.0
   0.0
   0.0
   0.0
   0.0
   0.0
   0.0
   0.0
   0.0
   0.0
   0.0
   0.0
   0.0
   0.0
   0.0
   0.0
   0.0
   0.0
   0.0
   0.0
   0.0
   0.0
   0.0
   0.0
   0.0
   0.0
   0.0
   0.0
   0.0
   0.0
   0.0
   0.0
   0.0
   0.0
   0.0
   0.0
   1e-07
   0.0
   0.0
   0.0
   0.0
   0.0
   0.0
   0.0
   0.0
   0.0
   0.0
   0.0
   0.0
   0.0
   0.0
   1e-07
   0.0
   0.0
   3.6e-06
   0.0
   0.0
   0.0
   1e-07
   0.0
   1e-07
   1e-07
   0.0
   0.0
   9e-07
   0.0
   0.0
   1e-07
   4e-07
   1e-07
   0.0
   9e-07
   0.0
   0.0
   1e-07
   0.0
   1e-07
   0.0
   1.7e-06
   9e-07
   1.6e-06
   1e-07
   1e-07
   5e-07
   0.0
   0.0
   0.0
   4e-07
   1e-07
   0.0
   1e-07
   8e-07
   2e-07
   1.4e-06
   8e-07
   1.4e-06
   0.0
   0.0
   2e-07
   3e-07
   5e-07
   5e-07
   1.2e-06
   7e-07
   1.6e-06
   2e-07
   2.7e-06
   2.1e-06
   3.6e-06
   4.7e-06
   2.5e-06
   3.2e-06
   2e-06
   3e-06
   4e-07
   1.9e-06
   4.5e-06
   1.7e-06
   5e-07
   2.3e-06
   9.8e-06
   1.8e-06
   2.4e-06
   1.6e-06
   1.4e-06
   1.3e-06
   9e-07
   2.3e-06
   1.02e-05
   3.2e-06
   2.7e-06
   5.3e-06
   9.1e-06
   8.1e-06
   2.16e-05
   8.2e-06
   6.2e-06
   4.8e-06
   3.9e-06
   4.4e-06
   7.9e-06
   1.83e-05
   7.1e-06
   1.03e-05
   1.02e-05
   2.53e-05
   1e-05
   1.19e-05
   1.49e-05
   1.51e-05
   9.4e-06
   1.19e-05
   6.6e-06
   1.77e-05
   2.5e-05
   2.49e-05
   1.6e-05
   2.12e-05
   2.08e-05
   2.1e-05
   2.68e-05
   2.15e-05
   2.13e-05
   2.37e-05
   2.73e-05
   3.04e-05
   3.64e-05
   3.27e-05
   2.9e-05
   4.61e-05
   3.42e-05
   6.68e-05
   4.42e-05
   4.64e-05
   6.64e-05
   4.65e-05
   5e-05
   5.36e-05
   5.86e-05
   7.12e-05
   7.33e-05
   6.18e-05
   6.63e-05
   8.04e-05
   7.25e-05
   9.53e-05
   0.0001114
   0.0001013
   0.0001143
   0.0001014
   0.0001201
   0.0001248
   0.0001265
   0.0001497
   0.0001593
   0.0001719
   0.0001873
   0.0002077
   0.0002054
   0.0001805
   0.0001959
   0.0002521
   0.0002127
   0.0002765
   0.0002444
   0.0002603
   0.0002651
   0.0002864
   0.0003327
   0.0003328
   0.0003371
   0.0003899
   0.0003282
   0.0004175
   0.0003669
   0.0004718
   0.0004598
   0.0004847
   0.0004945
   0.0004858
   0.0005654
   0.0005925
   0.0006934
   0.0006548
   0.000689
   0.0007221
   0.0007821
   0.0008439
   0.0008575
   0.0009052
   0.0008859
   0.0010205
   0.0011091
   0.0010959
   0.0012265
   0.0012829
   0.0014047
   0.0014056
   0.00147
   0.0016693
   0.0016111
   0.0016864
   0.0017693
   0.0018513
   0.0019546
   0.0021547
   0.0022096
   0.0023732
   0.0024954
   0.0026268
   0.0027722
   0.002896
   0.0031584
   0.003179
   0.003403
   0.0036072
   0.0038779
   0.0040766
   0.0042526
   0.0045014
   0.0046342
   0.0049716
   0.0052841
   0.0054817
   0.0059283
   0.0061471
   0.0064011
   0.0068031
   0.0070825
   0.0076051
   0.0079519
   0.0081001
   0.0090151
   0.0092329
   0.0097455
   0.0104176
   0.0107485
   0.0116797
   0.012127
   0.0128381
   0.0133041
   0.0144164
   0.0150542
   0.015967
   0.0162894
   0.0176909
   0.0180531
   0.0194148
   0.0204117
   0.0218449
   0.0227982
   0.023699
   0.0251309
   0.0268713
   0.0283016
   0.0301199
   0.0309673
   0.0332644
   0.0340788
   0.0365531
   0.0385191
   0.0407373
   0.0432913
   0.0453253
   0.0473173
   0.0502057
   0.0525841
   0.0561413
   0.0590835
   0.061494
   0.0656033
   0.068557
   0.0724749
   0.076686
   0.0807206
   0.084986
   0.0897757
   0.0948868
   0.1001853
   0.1052426
   0.1105242
   0.1160798
   0.1232426
   0.129432
   0.1373295
   0.1444652
   0.1523696
   0.1602198
   0.1685608
   0.1779144
   0.1880161
   0.1985126
   0.2101858
   0.2207895
   0.2315534
   0.2448378
   0.2574081
   0.2722401
   0.2866568
   0.3018112
   0.3182131
   0.3364746
   0.3537973
   0.3712252
   0.3910952
   0.4134915
   0.4364202
   0.4597352
   0.4842631
   0.5101646
   0.7417815
   0.7642336
   0.7791232
   0.7947944
   0.7987738
   0.7980178
   0.7913092
   0.7800883
   0.7633785
   0.7425605
   0.5114321
   0.4842032
   0.4605226
   0.43528
   0.4120512
   0.393795
   0.3729769
   0.3527914
   0.335077
   0.3160942
   0.3014055
   0.2850146
   0.2716556
   0.2581288
   0.2440524
   0.2325026
   0.2206531
   0.207753
   0.1987662
   0.1879619
   0.1779179
   0.1687082
   0.1607876
   0.1515466
   0.1453599
   0.1366061
   0.1302029
   0.1224451
   0.1169983
   0.1112407
   0.1047472
   0.100831
   0.0949224
   0.0899487
   0.0857001
   0.0805855
   0.0768492
   0.0735854
   0.0683642
   0.0645306
   0.0618095
   0.0585455
   0.0556445
   0.0525896
   0.0505616
   0.0474253
   0.0453765
   0.0428903
   0.0409969
   0.038231
   0.0371168
   0.0347702
   0.032535
   0.0309231
   0.0296772
   0.0280779
   0.0267722
   0.0251322
   0.0242107
   0.0227898
   0.0215685
   0.0201645
   0.0193764
   0.0186934
   0.0175212
   0.0171622
   0.0159411
   0.0149076
   0.0146293
   0.0136457
   0.0127697
   0.0120968
   0.0114266
   0.0108712
   0.0105917
   0.0098392
   0.0092106
   0.0088458
   0.0085501
   0.007865
   0.0074248
   0.0073798
   0.0068132
   0.0064792
   0.0062425
   0.0058601
   0.0056209
   0.0053544
   0.0051123
   0.0046576
   0.0043648
   0.0043669
   0.0039451
   0.0037985
   0.0035359
   0.0033978
   0.003251
   0.0030745
   0.0029352
   0.002862
   0.0026266
   0.0024953
   0.0023566
   0.0022715
   0.0021934
   0.002008
   0.0018215
   0.0018434
   0.0016336
   0.0016514
   0.0016477
   0.0015669
   0.0014777
   0.0013462
   0.0011941
   0.0011717
   0.0011207
   0.0010812
   0.0010367
   0.0010093
   0.0009086
   0.000898
   0.000875
   0.0008275
   0.0007582
   0.0006525
   0.0006815
   0.0006698
   0.0006302
   0.0005739
   0.0005027
   0.0004867
   0.0004561
   0.0004883
   0.0004032
   0.0003978
   0.0003816
   0.0003321
   0.0003711
   0.0003434
   0.0003277
   0.0003076
   0.0002941
   0.0002489
   0.0003028
   0.0002364
   0.0002494
   0.0002284
   0.0002389
   0.0001821
   0.0001888
   0.0001797
   0.0001693
   0.0001616
   0.0001333
   0.0001718
   0.0001426
   0.0001286
   0.0001364
   0.000127
   9.54e-05
   0.0001542
   9.68e-05
   7.46e-05
   0.0001038
   8.21e-05
   0.0001269
   7.59e-05
   6.57e-05
   6.32e-05
   6.61e-05
   5.05e-05
   5.18e-05
   5.54e-05
   4.26e-05
   4.82e-05
   4.96e-05
   4.56e-05
   4.42e-05
   3.43e-05
   3.84e-05
   4.45e-05
   3.88e-05
   3.69e-05
   2.05e-05
   3.75e-05
   3.14e-05
   3.74e-05
   3.19e-05
   2.73e-05
   2.11e-05
   2.18e-05
   1.52e-05
   1.38e-05
   1.76e-05
   1.87e-05
   1.17e-05
   9.4e-06
   1.3e-05
   1.87e-05
   1.08e-05
   5.9e-06
   1.14e-05
   1.03e-05
   9.8e-06
   9e-06
   4.5e-06
   5.2e-06
   1.06e-05
   4.6e-06
   9.5e-06
   9.6e-06
   8.5e-06
   8.6e-06
   7.1e-06
   8.1e-06
   2.8e-06
   7e-06
   4.5e-06
   2.4e-06
   6.4e-06
   1.9e-06
   3.5e-06
   5.7e-06
   5.6e-06
   3.9e-06
   2.3e-06
   5e-06
   2.6e-06
   6.1e-06
   5e-06
   3e-06
   4e-07
   3.4e-06
   1e-06
   2.1e-06
   1.2e-06
   3.2e-06
   2e-07
   5e-07
   2.2e-06
   0.0
   1.4e-06
   7e-07
   9e-07
   2.7e-06
   5e-07
   5e-07
   9e-07
   1e-06
   3e-07
   1e-07
   2e-07
   9e-07
   0.0
   5e-07
   1e-07
   4.2e-06
   4e-07
   0.0
   0.0
   1e-07
   5e-07
   5e-07
   9e-07
   4e-07
   2e-07
   2.6e-06
   3.6e-06
   0.0
   4e-07
   0.0
   0.0
   0.0
   0.0
   0.0
   0.0
   0.0
   0.0
   0.0
   0.0
   0.0
   0.0
   4e-07
   0.0
   0.0
   1e-07
   1e-07
   0.0
   0.0
   0.0
   9e-07
   0.0
   0.0
   0.0
   9e-07
   0.0
   0.0
   0.0
   0.0
   0.0
   0.0
   0.0
   0.0
   0.0
   0.0
   0.0
   0.0
   0.0
   0.0
   0.0
   0.0
   0.0
   0.0
   0.0
   0.0
   0.0
   0.0
   0.0
   0.0
   0.0
   0.0
   0.0
   0.0
   0.0
   0.0
   0.0
   0.0
   0.0
   0.0
   0.0
   0.0
   0.0
   0.0
   0.0
   0.0
   0.0
   0.0
   0.0
   0.0
   0.0
   0.0
   0.0
   0.0
   0.0
   0.0
   0.0
   0.0
   0.0
   0.0
   0.0
   0.0
   0.0
   0.0
   0.0
   0.0
   0.0
   0.0
   0.0
   0.0
   0.0
   0.0
   0.0
   0.0
   0.0
   0.0
   0.0
   0.0
   0.0
   0.0
   0.0
   0.0
   0.0
   0.0
   0.0
   0.0
   0.0
   0.0
   0.0
   0.0
   0.0
   0.0
   0.0
   0.0
   0.0
   0.0
   0.0
   0.0
   0.0
   0.0
   0.0
   0.0
   0.0
   0.0
   0.0
