   0.0
   0.0
   0.0
   0.0
   0.0
   0.0
   0.0
   0.0
   0.0
   0.0
   0.0
   0.0
   0.0
   0.0
   0.0
   0.0
   0.0
   0.0
   0.0
   0.0
   0.0
   0.0
   0.0
   0.0
   0.0
   0.0
   0.0
   0.0
   0.0
   0.0
   0.0
   0.0
   0.0
   0.0
   0.0
   0.0
   0.0
   0.0
   0.0
   0.0
   0.0
   0.0
   0.0
   0.0
   0.0
   0.0
   0.0
   0.0
   0.0
   0.0
   0.0
   0.0
   0.0
   0.0
   0.0
   0.0
   0.0
   0.0
   0.0
   0.0
   0.0
   0.0
   0.0
   0.0
   0.0
   0.0
   0.0
   0.0
   0.0
   0.0
   0.0
   0.0
   0.0
   0.0
   0.0
   0.0
   0.0
   0.0
   0.0
   0.0
   0.0
   0.0
   0.0
   0.0
   0.0
   0.0
   0.0
   0.0
   0.0
   0.0
   0.0
   0.0
   0.0
   0.0
   0.0
   0.0
   0.0
   0.0
   0.0
   0.0
   0.0
   0.0
   0.0
   0.0
   0.0
   0.0
   0.0
   0.0
   0.0
   0.0
   0.0
   0.0
   0.0
   0.0
   0.0
   0.0
   0.0
   0.0
   0.0
   0.0
   0.0
   0.0
   0.0
   0.0
   0.0
   0.0
   0.0
   0.0
   0.0
   0.0
   0.0
   0.0
   0.0
   0.0
   0.0
   4e-07
   0.0
   0.0
   1e-07
   0.0
   0.0
   0.0
   1e-07
   0.0
   0.0
   0.0
   9e-07
   0.0
   0.0
   2e-07
   1e-07
   3e-07
   2e-07
   1e-07
   1.3e-06
   5e-07
   7e-07
   2e-07
   1e-07
   3e-07
   1e-06
   2e-07
   1e-07
   3e-07
   3e-07
   6e-07
   4e-07
   9e-07
   3e-07
   5e-07
   5e-07
   2e-07
   8e-07
   9e-07
   1e-06
   9e-07
   1.5e-06
   9e-07
   3.1e-06
   2e-06
   1.5e-06
   2e-06
   1.4e-06
   3.2e-06
   1.7e-06
   1.3e-06
   1.9e-06
   2.5e-06
   2.4e-06
   3.3e-06
   4e-06
   4.3e-06
   4.7e-06
   3.7e-06
   6.7e-06
   6.2e-06
   5.5e-06
   6.3e-06
   9e-06
   9.1e-06
   8.8e-06
   7.8e-06
   9.5e-06
   1.32e-05
   1.26e-05
   1.33e-05
   1.53e-05
   1.9e-05
   1.75e-05
   2.03e-05
   2.51e-05
   2.9e-05
   3.04e-05
   3.59e-05
   3.57e-05
   3.82e-05
   3.96e-05
   4.27e-05
   5.46e-05
   5.48e-05
   6.01e-05
   6.87e-05
   7.75e-05
   9.05e-05
   9.11e-05
   0.0001003
   0.0001114
   0.0001187
   0.0001331
   0.0001446
   0.0001457
   0.0001695
   0.0001884
   0.0002
   0.0002151
   0.0002366
   0.0002647
   0.0002919
   0.0003121
   0.000344
   0.000374
   0.0004408
   0.0004757
   0.0005038
   0.0005777
   0.0006077
   0.0006864
   0.0007253
   0.0008285
   0.0008815
   0.0009716
   0.0010713
   0.001185
   0.0012828
   0.0013963
   0.001562
   0.0017049
   0.0018749
   0.0020204
   0.0022675
   0.0024616
   0.0027015
   0.0029789
   0.0032772
   0.003602
   0.0039192
   0.0042805
   0.004777
   0.0052267
   0.0057509
   0.0063251
   0.0070076
   0.0076775
   0.0083898
   0.0093225
   0.0102296
   0.0113251
   0.0125487
   0.0139263
   0.0154922
   0.0170928
   0.0190106
   0.0211811
   0.0235718
   0.0265416
   0.0297591
   0.0334655
   0.0379953
   0.0426142
   0.0486319
   0.0553472
   0.0637124
   0.0732933
   0.0844161
   0.0982176
   0.1135662
   0.1259288
   0.1348312
   0.1407647
   0.1434006
   0.1432752
   0.1408191
   0.1348166
   0.1257585
   0.1135563
   0.0984139
   0.0845909
   0.0731723
   0.0634133
   0.0555185
   0.0484843
   0.0428013
   0.037617
   0.0335754
   0.0297907
   0.0267317
   0.0236848
   0.0212616
   0.0190841
   0.0171478
   0.0155261
   0.0139905
   0.0125949
   0.0113714
   0.0102766
   0.0093761
   0.0085532
   0.0076108
   0.0069964
   0.0062954
   0.0057945
   0.0052151
   0.0047932
   0.0042865
   0.0039226
   0.0036069
   0.0032504
   0.0029294
   0.0027137
   0.0024917
   0.0022161
   0.0020135
   0.0018745
   0.0017178
   0.0015309
   0.0014163
   0.0012963
   0.001166
   0.0010722
   0.0009833
   0.0008918
   0.0008289
   0.0007599
   0.0006459
   0.0006045
   0.0005667
   0.0005185
   0.000466
   0.0004346
   0.0003803
   0.0003538
   0.0003197
   0.0002972
   0.0002658
   0.0002358
   0.000232
   0.0001962
   0.0001928
   0.0001676
   0.0001558
   0.0001452
   0.0001299
   0.0001159
   0.0001054
   0.0001025
   8.91e-05
   8.45e-05
   7.44e-05
   6.68e-05
   5.9e-05
   4.71e-05
   4.7e-05
   4.53e-05
   4.18e-05
   3.31e-05
   3.17e-05
   3.3e-05
   2.98e-05
   2.63e-05
   2.89e-05
   2.17e-05
   2.26e-05
   2.46e-05
   1.81e-05
   1.46e-05
   1.42e-05
   1.16e-05
   1.15e-05
   1.37e-05
   9.9e-06
   7.8e-06
   7.1e-06
   8.2e-06
   5.8e-06
   5e-06
   5.7e-06
   4.6e-06
   4.5e-06
   5.4e-06
   3.8e-06
   4.3e-06
   2.2e-06
   2e-06
   2.7e-06
   2.3e-06
   2.9e-06
   1.4e-06
   3.1e-06
   1.9e-06
   1.9e-06
   2.2e-06
   9e-07
   1.2e-06
   1.5e-06
   1e-06
   1.2e-06
   6e-07
   1e-07
   5e-07
   9e-07
   3e-07
   5e-07
   2e-07
   7e-07
   4e-07
   5e-07
   4e-07
   5e-07
   0.0
   1e-07
   3e-07
   0.0
   1e-07
   0.0
   0.0
   9e-07
   1e-07
   0.0
   0.0
   1e-07
   1e-07
   0.0
   0.0
   0.0
   1e-07
   0.0
   0.0
   0.0
   0.0
   0.0
   0.0
   0.0
   0.0
   0.0
   0.0
   0.0
   0.0
   0.0
   0.0
   0.0
   0.0
   0.0
   0.0
   0.0
   0.0
   0.0
   0.0
   0.0
   0.0
   0.0
   0.0
   0.0
   0.0
   0.0
   0.0
   0.0
   0.0
   0.0
   0.0
   0.0
   0.0
   0.0
   0.0
   0.0
   0.0
   0.0
   0.0
   0.0
   0.0
   0.0
   0.0
   0.0
   0.0
   0.0
   0.0
   0.0
   0.0
   0.0
   0.0
   0.0
   0.0
   0.0
   0.0
   0.0
   0.0
   0.0
   0.0
   0.0
   0.0
   0.0
   0.0
   0.0
   0.0
   0.0
   0.0
   0.0
   0.0
   0.0
   0.0
   0.0
   0.0
   0.0
   0.0
   0.0
   0.0
   0.0
   0.0
   0.0
   0.0
   0.0
   0.0
   0.0
   0.0
   0.0
   0.0
   0.0
   0.0
   0.0
   0.0
   0.0
   0.0
   0.0
   0.0
   0.0
   0.0
   0.0
   0.0
   0.0
   0.0
   0.0
   0.0
   0.0
   0.0
   0.0
   0.0
   0.0
   0.0
   0.0
   0.0
   0.0
   0.0
   0.0
   0.0
   0.0
   0.0
   0.0
   0.0
   0.0
   0.0
   0.0
   0.0
   0.0
   0.0
   0.0
   0.0
   0.0
   0.0
   0.0
   0.0
   0.0
   0.0
   0.0
   0.0
   0.0
   0.0
   0.0
   0.0
   0.0
   0.0
   0.0
