   0.1529401
   0.3075803
   0.4008358
   0.4490884
   0.480071
   0.4962399
   0.5006244
   0.5090837
   0.5106233
   0.51261
   0.5124213
   0.5109785
   0.5104824
   0.5115212
   0.5114914
   0.5138967
   0.5134066
   0.5113366
   0.5147927
   0.517053
   0.5133041
   0.5155739
   0.5148658
   0.5123306
   0.5153705
   0.5149404
   0.5154569
   0.5163221
   0.5157629
   0.5142431
   0.5139491
   0.5136573
   0.5130958
   0.511342
   0.5144286
   0.5129676
   0.5154795
   0.5154461
   0.5158352
   0.5161869
   0.5135789
   0.5157036
   0.5196611
   0.5165072
   0.5165794
   0.5166816
   0.5158656
   0.5163731
   0.5158902
   0.5147188
   0.5147798
   0.5156172
   0.5126291
   0.5123149
   0.512182
   0.5147337
   0.5131452
   0.5132615
   0.5114085
   0.5161309
   0.5137345
   0.5170899
   0.5155317
   0.5154525
   0.5160142
   0.5181535
   0.5163469
   0.5117587
   0.5138571
   0.5128738
   0.511415
   0.5122629
   0.5139155
   0.5132441
   0.5129501
   0.5143971
   0.5172004
   0.5138101
   0.5138971
   0.5138915
   0.5144219
   0.5166655
   0.5163344
   0.518805
   0.5120421
   0.5127727
   0.5132048
   0.5155096
   0.5130479
   0.5127828
   0.5147309
   0.5073413
   0.5062902
   0.5004914
   0.4914975
   0.476644
   0.450495
   0.3995163
   0.306578
   0.151835
