   0.0
   0.0
   0.0
   0.0
   0.0
   0.0
   0.0
   0.0
   0.0
   0.0
   0.0
   0.0
   0.0
   0.0
   0.0
   0.0
   0.0
   0.0
   0.0
   0.0
   0.0
   0.0
   0.0
   0.0
   0.0
   0.0
   0.0
   0.0
   0.0
   0.0
   0.0
   0.0
   0.0
   1e-06
   1e-06
   0.0
   0.0
   0.0
   0.0
   0.0
   0.0
   1e-06
   1e-06
   0.0
   0.0
   0.0
   0.0
   0.0
   1e-06
   1e-06
   0.0
   0.0
   1e-06
   1e-06
   0.0
   1e-06
   3e-06
   2e-06
   0.0
   0.0
   1e-06
   1e-06
   0.0
   1e-06
   1e-06
   2e-06
   1e-06
   0.0
   1e-06
   2e-06
   2e-06
   1e-06
   6e-06
   1e-06
   0.0
   5e-06
   2e-06
   3e-06
   2e-06
   2e-06
   6e-06
   2e-06
   1e-06
   2e-06
   5e-06
   7e-06
   1e-06
   6e-06
   1e-06
   5e-06
   5e-06
   2e-06
   2e-06
   1e-06
   4e-06
   7e-06
   5e-06
   7e-06
   6e-06
   5e-06
   4e-06
   6e-06
   5e-06
   1.1e-05
   4e-06
   6e-06
   1.4e-05
   1.2e-05
   8e-06
   1.5e-05
   8e-06
   1e-05
   1.3e-05
   9e-06
   2.4e-05
   1.7e-05
   2.1e-05
   1.8e-05
   2.1e-05
   2.5e-05
   2.4e-05
   1.9e-05
   2.2e-05
   1.9e-05
   2.3e-05
   2.5e-05
   2.5e-05
   2.5e-05
   2.9e-05
   3.2e-05
   2.8e-05
   3.5e-05
   5e-05
   3.6e-05
   4.3e-05
   4.4e-05
   4.6e-05
   5.2e-05
   4.7e-05
   6.4e-05
   6e-05
   7.3e-05
   7.4e-05
   7.8e-05
   6.7e-05
   5.6e-05
   9e-05
   7.4e-05
   8.7e-05
   9.4e-05
   0.00011
   8.7e-05
   0.000104
   9.9e-05
   0.00013
   0.000125
   0.000151
   0.000165
   0.000159
   0.000165
   0.00016
   0.000167
   0.000185
   0.000202
   0.000217
   0.000239
   0.000224
   0.000242
   0.000233
   0.000303
   0.000295
   0.000289
   0.000316
   0.000305
   0.000357
   0.000374
   0.000391
   0.000408
   0.000435
   0.000458
   0.00046
   0.000457
   0.000538
   0.000553
   0.000607
   0.000654
   0.000687
   0.000704
   0.000755
   0.000829
   0.000799
   0.000907
   0.000904
   0.000944
   0.00101
   0.001156
   0.001126
   0.001178
   0.001291
   0.001354
   0.001467
   0.001571
   0.001628
   0.001688
   0.00176
   0.001859
   0.002116
   0.002164
   0.002142
   0.002417
   0.00257
   0.002755
   0.002898
   0.003016
   0.003185
   0.003493
   0.003658
   0.003947
   0.004149
   0.004325
   0.004776
   0.004911
   0.005417
   0.005672
   0.006112
   0.006637
   0.007019
   0.007451
   0.008071
   0.008934
   0.009374
   0.010275
   0.010997
   0.012143
   0.013253
   0.014208
   0.015656
   0.017142
   0.018737
   0.020856
   0.023048
   0.025246
   0.027602
   0.030447
   0.034618
   0.037782
   0.041335
   0.043205
   0.044981
   0.045167
   0.045232
   0.044601
   0.042846
   0.040651
   0.037643
   0.03401
   0.030793
   0.027546
   0.025393
   0.022497
   0.020628
   0.018614
   0.017159
   0.015309
   0.014463
   0.013222
   0.012104
   0.011374
   0.010329
   0.009575
   0.008893
   0.008118
   0.007601
   0.007028
   0.006604
   0.006089
   0.005617
   0.005368
   0.005011
   0.004871
   0.004237
   0.004096
   0.003796
   0.00351
   0.003428
   0.003261
   0.003066
   0.002998
   0.002681
   0.002563
   0.002344
   0.002245
   0.002111
   0.002034
   0.001927
   0.001784
   0.001687
   0.001636
   0.00147
   0.001438
   0.001399
   0.001304
   0.001165
   0.001133
   0.001099
   0.001053
   0.000966
   0.000911
   0.000831
   0.000884
   0.000767
   0.000748
   0.000665
   0.000648
   0.000636
   0.00063
   0.000565
   0.000557
   0.000521
   0.000445
   0.00047
   0.000439
   0.000406
   0.000386
   0.000379
   0.000353
   0.000358
   0.000321
   0.000297
   0.000271
   0.000269
   0.000265
   0.000246
   0.000239
   0.00022
   0.000226
   0.00019
   0.000203
   0.000179
   0.000172
   0.000171
   0.000157
   0.000147
   0.000125
   0.000122
   0.000109
   0.000102
   0.000114
   0.000113
   8.2e-05
   0.000114
   0.000108
   7.7e-05
   8.4e-05
   8.4e-05
   6.3e-05
   6.8e-05
   5.3e-05
   6.6e-05
   7.4e-05
   7.3e-05
   5.8e-05
   5.7e-05
   5.8e-05
   4.9e-05
   4.5e-05
   3.2e-05
   3.9e-05
   4.1e-05
   3.3e-05
   4e-05
   2.9e-05
   2.7e-05
   2.6e-05
   2.7e-05
   2.7e-05
   1.9e-05
   1.8e-05
   2.4e-05
   2.6e-05
   2.3e-05
   1.5e-05
   1.2e-05
   1.8e-05
   2.6e-05
   2e-05
   2.6e-05
   1.8e-05
   1.3e-05
   1.2e-05
   1e-05
   1e-05
   9e-06
   1.1e-05
   7e-06
   1.4e-05
   1.1e-05
   1.1e-05
   5e-06
   1.2e-05
   7e-06
   5e-06
   9e-06
   3e-06
   6e-06
   4e-06
   7e-06
   6e-06
   6e-06
   5e-06
   1e-06
   3e-06
   4e-06
   2e-06
   3e-06
   5e-06
   5e-06
   4e-06
   6e-06
   4e-06
   2e-06
   5e-06
   1e-06
   4e-06
   2e-06
   5e-06
   1e-06
   1e-06
   2e-06
   2e-06
   1e-06
   1e-06
   0.0
   1e-06
   0.0
   1e-06
   0.0
   0.0
   2e-06
   1e-06
   0.0
   1e-06
   0.0
   0.0
   0.0
   0.0
   2e-06
   0.0
   0.0
   1e-06
   1e-06
   0.0
   0.0
   0.0
   0.0
   1e-06
   1e-06
   0.0
   1e-06
   0.0
   0.0
   0.0
   0.0
   0.0
   0.0
   0.0
   0.0
   0.0
   0.0
   0.0
   0.0
   0.0
   0.0
   0.0
   0.0
   0.0
   0.0
   0.0
   0.0
   0.0
   0.0
   0.0
   0.0
   0.0
   0.0
   0.0
   0.0
   0.0
   1e-06
   0.0
   0.0
   0.0
   0.0
   0.0
   0.0
   0.0
   0.0
   0.0
   0.0
   0.0
