   0.0
   0.0
   0.0
   0.0
   0.0
   0.0
   0.0
   0.0
   0.0
   0.0
   0.0
   0.0
   0.0
   0.0
   0.0
   0.0
   0.0
   0.0
   0.0
   0.0
   0.0
   0.0
   0.0
   0.0
   0.0
   0.0
   0.0
   0.0
   0.0
   0.0
   0.0
   0.0
   0.0
   0.0
   0.0
   0.0
   0.0
   0.0
   0.0
   0.0
   0.0
   0.0
   0.0
   0.0
   0.0
   4e-07
   0.0
   0.0
   0.0
   0.0
   0.0
   0.0
   0.0
   0.0
   0.0
   0.0
   0.0
   0.0
   0.0
   0.0
   0.0
   0.0
   0.0
   0.0
   0.0
   0.0
   0.0
   1e-07
   0.0
   0.0
   0.0
   0.0
   0.0
   0.0
   0.0
   0.0
   0.0
   0.0
   1e-07
   1e-07
   0.0
   0.0
   0.0
   0.0
   0.0
   0.0
   0.0
   0.0
   0.0
   0.0
   0.0
   1e-07
   0.0
   0.0
   4e-07
   0.0
   1e-07
   1e-07
   1e-07
   0.0
   2e-07
   0.0
   0.0
   1.3e-06
   1e-07
   1e-07
   4e-07
   2e-07
   1e-06
   0.0
   0.0
   0.0
   0.0
   6e-07
   2e-06
   0.0
   1e-07
   1.2e-06
   1e-07
   1e-07
   0.0
   9e-07
   1e-07
   6e-07
   9e-07
   1.1e-06
   3e-07
   2e-07
   4e-07
   4e-07
   6e-07
   4e-07
   0.0
   6e-07
   0.0
   4e-07
   1e-07
   2e-07
   4e-07
   7e-07
   6e-07
   7e-07
   9e-07
   4e-07
   1.4e-06
   6e-07
   1.1e-06
   1.5e-06
   7e-07
   1e-07
   2.1e-06
   6e-07
   1.1e-06
   2.1e-06
   7e-07
   8e-07
   1.6e-06
   1.5e-06
   2.6e-06
   1.1e-06
   2.5e-06
   2.1e-06
   2.2e-06
   3.4e-06
   4e-07
   3.4e-06
   2.3e-06
   2.8e-06
   1.9e-06
   1.6e-06
   1.2e-06
   1.9e-06
   1e-06
   2.1e-06
   6.1e-06
   3.8e-06
   1.8e-06
   2.5e-06
   1.7e-06
   3.7e-06
   1.2e-06
   4.7e-06
   2.6e-06
   7e-06
   4.8e-06
   6.1e-06
   4e-06
   4.6e-06
   4.2e-06
   7e-06
   6e-06
   4.3e-06
   6.5e-06
   8.9e-06
   3.7e-06
   6.8e-06
   5.2e-06
   6.1e-06
   7.5e-06
   7.1e-06
   8.9e-06
   1.37e-05
   1.13e-05
   1.27e-05
   1.07e-05
   1.38e-05
   8.9e-06
   1.67e-05
   1.54e-05
   1.08e-05
   1.38e-05
   1.87e-05
   1.19e-05
   1.26e-05
   1.51e-05
   1.96e-05
   2.48e-05
   2.09e-05
   2.09e-05
   1.71e-05
   3.42e-05
   2.56e-05
   2.39e-05
   2.52e-05
   2.48e-05
   4.34e-05
   2.24e-05
   2.79e-05
   3.32e-05
   3.77e-05
   3.58e-05
   2.99e-05
   4.32e-05
   4.24e-05
   4.2e-05
   4.89e-05
   4e-05
   4.93e-05
   4.03e-05
   3.74e-05
   4.66e-05
   4.83e-05
   7.03e-05
   5.97e-05
   5.76e-05
   7.02e-05
   6.58e-05
   6.47e-05
   8.11e-05
   9.29e-05
   7.97e-05
   8.13e-05
   9.63e-05
   0.0001
   0.000108
   0.0001001
   0.000111
   0.0001214
   0.0001047
   0.0001245
   0.0001305
   0.0001164
   0.0001364
   0.0001707
   0.000178
   0.0001586
   0.0001562
   0.0001813
   0.0002018
   0.0002167
   0.0002071
   0.0002127
   0.0002395
   0.0002468
   0.0002437
   0.0002962
   0.0002876
   0.0002839
   0.0002949
   0.0003427
   0.0003393
   0.0003814
   0.0003612
   0.0003771
   0.0004096
   0.0004376
   0.0004504
   0.0004415
   0.0004992
   0.0004904
   0.0005219
   0.0005497
   0.0005725
   0.0005981
   0.0006206
   0.0006417
   0.0006706
   0.0007027
   0.0007566
   0.0008302
   0.0008747
   0.0008579
   0.0009005
   0.0009587
   0.0009602
   0.0010206
   0.0011175
   0.0011914
   0.0011677
   0.0012437
   0.0012777
   0.0013521
   0.0014211
   0.0014823
   0.0015386
   0.0016331
   0.0017419
   0.001783
   0.0018834
   0.0019993
   0.0020487
   0.0021954
   0.0022567
   0.0023791
   0.002456
   0.0025967
   0.0027144
   0.0028763
   0.0029063
   0.003158
   0.0032638
   0.0034257
   0.0035067
   0.0037011
   0.0038603
   0.0041647
   0.0042762
   0.0044915
   0.004665
   0.0049354
   0.0049941
   0.005355
   0.0056015
   0.0057853
   0.0062022
   0.0064095
   0.00669
   0.0069157
   0.0073673
   0.0077006
   0.0079864
   0.0084939
   0.0088413
   0.0093326
   0.0095934
   0.0101788
   0.0106639
   0.011095
   0.0116389
   0.0121284
   0.0127977
   0.0133607
   0.0140542
   0.0145559
   0.0151976
   0.016078
   0.0167078
   0.0176686
   0.0185325
   0.0191707
   0.0202073
   0.0209586
   0.0219284
   0.0228819
   0.0239949
   0.0252709
   0.0264396
   0.0277301
   0.0288613
   0.0301221
   0.0317695
   0.0329156
   0.0342644
   0.0361055
   0.0379844
   0.039667
   0.0413739
   0.043407
   0.045738
   0.0475865
   0.0497715
   0.0522157
   0.0545709
   0.0571301
   0.0594841
   0.1570624
   0.1605371
   0.1607215
   0.1628767
   0.163673
   0.1630837
   0.1627167
   0.161423
   0.1602966
   0.1578685
   0.0600843
   0.056775
   0.0543999
   0.052135
   0.0500857
   0.0473676
   0.045068
   0.0433342
   0.0413617
   0.0398164
   0.0375651
   0.0362394
   0.0345492
   0.0331023
   0.0315784
   0.0303964
   0.0286629
   0.0275926
   0.0262798
   0.0250377
   0.024247
   0.0230024
   0.0219307
   0.0210592
   0.0201691
   0.0192938
   0.0181969
   0.017499
   0.0167156
   0.0159065
   0.0153336
   0.0146313
   0.0139095
   0.013298
   0.0129108
   0.0120826
   0.0117339
   0.0111731
   0.010559
   0.0099913
   0.0097043
   0.0092888
   0.0089287
   0.0084973
   0.0081255
   0.0076955
   0.0073196
   0.0070467
   0.0067338
   0.0064157
   0.0062004
   0.0058953
   0.0056023
   0.0054776
   0.0050961
   0.0049514
   0.0047473
   0.0044601
   0.0042483
   0.0040757
   0.003863
   0.0036909
   0.0035319
   0.0034595
   0.0032427
   0.0031005
   0.0029655
   0.0027814
   0.0027505
   0.0026471
   0.0024751
   0.0022929
   0.0022258
   0.0022043
   0.002075
   0.0020193
   0.0018341
   0.0018095
   0.0017224
   0.0016478
   0.0015214
   0.0014947
   0.0014659
   0.0013856
   0.0013178
   0.0012624
   0.0011674
   0.0011052
   0.0010763
   0.0010662
   0.001023
   0.0009696
   0.0008929
   0.0008561
   0.0007959
   0.0008146
   0.000772
   0.0007228
   0.0006731
   0.000662
   0.0006129
   0.0006246
   0.0005657
   0.000557
   0.0005077
   0.0004977
   0.0004781
   0.0004323
   0.0004353
   0.0003862
   0.0004162
   0.0003927
   0.0003396
   0.0003449
   0.0003471
   0.0003055
   0.0003096
   0.0002869
   0.00026
   0.0002677
   0.0002489
   0.0002704
   0.0002365
   0.0002225
   0.0002204
   0.0002156
   0.0002132
   0.0001878
   0.0001696
   0.0001661
   0.0001687
   0.0001648
   0.0001436
   0.000148
   0.000159
   0.0001302
   0.0001144
   0.00011
   0.0001121
   9.97e-05
   0.0001136
   8.53e-05
   8e-05
   8.98e-05
   8.66e-05
   7.37e-05
   6.88e-05
   9e-05
   7.35e-05
   6.05e-05
   5.86e-05
   7.27e-05
   5.96e-05
   6.11e-05
   4.91e-05
   5.5e-05
   4.9e-05
   4.07e-05
   4.99e-05
   4.38e-05
   4.68e-05
   4.43e-05
   3.94e-05
   2.34e-05
   3.18e-05
   3.59e-05
   4.17e-05
   2.25e-05
   2.53e-05
   3.21e-05
   2.68e-05
   2.06e-05
   2.46e-05
   1.99e-05
   2.12e-05
   2.22e-05
   1.51e-05
   1.65e-05
   1.33e-05
   1.69e-05
   1.91e-05
   1.65e-05
   1.79e-05
   1.08e-05
   1.5e-05
   1.02e-05
   1.41e-05
   1.12e-05
   1.37e-05
   1.79e-05
   6.2e-06
   1.13e-05
   7.7e-06
   6.5e-06
   4.1e-06
   4.2e-06
   8.1e-06
   1.05e-05
   8.9e-06
   6.2e-06
   4.7e-06
   1.19e-05
   4.7e-06
   3.9e-06
   6.9e-06
   3.8e-06
   7.5e-06
   3.8e-06
   4.6e-06
   2.6e-06
   4.6e-06
   3.1e-06
   4.9e-06
   7.2e-06
   2.8e-06
   3.1e-06
   3e-06
   4.9e-06
   2.5e-06
   2.4e-06
   1.3e-06
   8.3e-06
   1.5e-06
   2.3e-06
   5e-07
   1.3e-06
   2.6e-06
   5.4e-06
   1.5e-06
   9e-07
   2.1e-06
   1.4e-06
   4e-07
   5e-07
   7e-07
   1e-06
   1.1e-06
   1.5e-06
   4e-07
   2.9e-06
   7e-07
   1e-07
   1.2e-06
   2.3e-06
   1.6e-06
   1.8e-06
   7e-07
   1.9e-06
   4e-07
   1.4e-06
   2.1e-06
   2e-07
   1.3e-06
   2e-07
   1e-07
   4e-07
   0.0
   2e-07
   1.5e-06
   6e-07
   2e-07
   3.7e-06
   1.4e-06
   2e-07
   2e-07
   5e-07
   0.0
   3e-07
   1e-07
   5e-07
   0.0
   0.0
   1e-07
   0.0
   1e-07
   0.0
   0.0
   4e-07
   1e-07
   2e-07
   0.0
   0.0
   0.0
   0.0
   0.0
   0.0
   0.0
   0.0
   0.0
   0.0
   1e-07
   9e-07
   0.0
   0.0
   9e-07
   1e-07
   0.0
   0.0
   0.0
   0.0
   1e-07
   0.0
   0.0
   0.0
   0.0
   0.0
   0.0
   0.0
   0.0
   0.0
   0.0
   1e-07
   0.0
   0.0
   0.0
   0.0
   0.0
   0.0
   0.0
   0.0
   0.0
   0.0
   0.0
   0.0
   0.0
   0.0
   0.0
   0.0
   0.0
   1e-07
   0.0
   0.0
   0.0
   0.0
   0.0
   0.0
   0.0
   0.0
   0.0
   0.0
   0.0
   0.0
   0.0
   0.0
   0.0
   0.0
   0.0
   0.0
   0.0
   0.0
   0.0
   0.0
   0.0
   0.0
   0.0
   0.0
   0.0
   0.0
   0.0
   0.0
   0.0
   0.0
   0.0
   0.0
   0.0
   0.0
   0.0
   0.0
   0.0
   0.0
   0.0
   0.0
   0.0
   0.0
   0.0
   0.0
   0.0
   0.0
   0.0
   0.0
   0.0
   0.0
   0.0
   0.0
   0.0
   0.0
   0.0
   0.0
   0.0
   0.0
   0.0
   0.0
   0.0
   0.0
   0.0
