   0.0
   0.0
   0.0
   0.0
   0.0
   0.0
   0.0
   0.0
   0.0
   0.0
   0.0
   0.0
   0.0
   0.0
   0.0
   0.0
   0.0
   0.0
   0.0
   0.0
   0.0
   0.0
   0.0
   0.0
   0.0
   0.0
   0.0
   0.0
   0.0
   0.0
   0.0
   0.0
   0.0
   0.0
   0.0
   0.0
   0.0
   0.0
   0.0
   0.0
   0.0
   0.0
   0.0
   0.0
   0.0
   0.0
   0.0
   0.0
   0.0
   0.0
   0.0
   0.0
   0.0
   0.0
   0.0
   0.0
   0.0
   0.0
   0.0
   0.0
   0.0
   0.0
   0.0
   0.0
   0.0
   0.0
   0.0
   0.0
   0.0
   0.0
   0.0
   0.0
   0.0
   0.0
   0.0
   0.0
   0.0
   1e-06
   0.0
   0.0
   0.0
   0.0
   0.0
   0.0
   0.0
   0.0
   0.0
   0.0
   0.0
   0.0
   0.0
   0.0
   0.0
   0.0
   0.0
   0.0
   0.0
   0.0
   0.0
   0.0
   0.0
   0.0
   0.0
   0.0
   0.0
   0.0
   0.0
   0.0
   0.0
   0.0
   0.0
   0.0
   0.0
   0.0
   0.0
   0.0
   0.0
   1e-06
   0.0
   0.0
   0.0
   1e-06
   0.0
   0.0
   0.0
   0.0
   0.0
   0.0
   1e-06
   0.0
   1e-06
   0.0
   0.0
   1e-06
   0.0
   0.0
   0.0
   1e-06
   0.0
   0.0
   0.0
   0.0
   0.0
   0.0
   1e-06
   0.0
   0.0
   0.0
   0.0
   0.0
   0.0
   1e-06
   0.0
   0.0
   0.0
   0.0
   2e-06
   0.0
   0.0
   0.0
   1e-06
   1e-06
   0.0
   1e-06
   0.0
   0.0
   0.0
   0.0
   0.0
   1e-06
   1e-06
   0.0
   0.0
   0.0
   2e-06
   4e-06
   1e-06
   0.0
   2e-06
   3e-06
   1e-06
   1e-06
   2e-06
   1e-06
   0.0
   2e-06
   2e-06
   1.2e-05
   4e-06
   1e-06
   2e-06
   2e-06
   7e-06
   2e-06
   4e-06
   3e-06
   3e-06
   4e-06
   0.0
   1e-06
   3e-06
   2e-06
   2e-06
   4e-06
   3e-06
   3e-06
   6e-06
   2e-06
   7e-06
   8e-06
   6e-06
   6e-06
   2e-06
   1e-05
   7e-06
   9e-06
   3e-06
   1.6e-05
   6e-06
   7e-06
   1.2e-05
   5e-06
   1.8e-05
   1e-05
   9e-06
   9e-06
   1e-05
   2e-05
   1.2e-05
   1.3e-05
   1.4e-05
   1.3e-05
   2.3e-05
   1.9e-05
   6e-06
   1.7e-05
   1.4e-05
   1.7e-05
   2.8e-05
   2.6e-05
   2.1e-05
   1.6e-05
   2e-05
   2.1e-05
   2.3e-05
   2.5e-05
   2.8e-05
   4.4e-05
   2.8e-05
   2.4e-05
   3.6e-05
   3.8e-05
   4.4e-05
   3.2e-05
   4.5e-05
   4.3e-05
   3.5e-05
   5e-05
   4.3e-05
   4.8e-05
   6.9e-05
   4.1e-05
   6.5e-05
   5.1e-05
   7e-05
   6e-05
   7.2e-05
   8.2e-05
   7.1e-05
   6.7e-05
   8.1e-05
   8.6e-05
   0.000103
   8.7e-05
   0.000119
   8.6e-05
   0.000122
   0.000112
   0.00012
   0.000128
   0.000127
   0.000145
   0.000164
   0.000136
   0.000147
   0.000169
   0.000183
   0.000179
   0.000197
   0.000218
   0.000205
   0.000217
   0.000234
   0.000241
   0.000252
   0.000254
   0.000271
   0.000297
   0.000311
   0.000331
   0.000342
   0.000334
   0.000355
   0.000361
   0.000414
   0.000372
   0.000433
   0.00047
   0.000547
   0.000538
   0.000544
   0.000567
   0.000618
   0.000665
   0.000648
   0.00074
   0.000794
   0.000753
   0.000774
   0.000882
   0.000814
   0.00092
   0.000959
   0.000969
   0.000994
   0.001039
   0.001151
   0.001238
   0.001234
   0.001319
   0.001449
   0.001372
   0.001556
   0.001556
   0.001703
   0.00174
   0.001825
   0.001886
   0.001918
   0.002027
   0.002196
   0.002284
   0.002337
   0.002529
   0.002603
   0.002748
   0.002911
   0.003033
   0.003258
   0.003421
   0.003469
   0.003748
   0.003899
   0.004239
   0.004274
   0.00449
   0.00463
   0.004889
   0.005218
   0.005615
   0.005754
   0.006019
   0.006276
   0.00688
   0.006925
   0.007509
   0.007838
   0.008246
   0.008789
   0.009064
   0.009527
   0.010304
   0.010828
   0.011352
   0.012087
   0.012622
   0.013545
   0.014494
   0.015474
   0.016381
   0.017429
   0.018455
   0.019628
   0.021323
   0.022806
   0.024208
   0.0262
   0.028272
   0.030742
   0.032844
   0.035838
   0.038708
   0.042274
   0.046103
   0.050266
   0.054511
   0.058384
   0.061517
   0.062673
   0.063663
   0.064401
   0.062976
   0.060564
   0.058304
   0.054499
   0.049865
   0.046018
   0.042017
   0.039031
   0.035954
   0.032654
   0.030286
   0.028049
   0.026238
   0.024451
   0.022869
   0.021433
   0.019957
   0.018654
   0.017597
   0.016142
   0.015413
   0.014539
   0.013622
   0.012874
   0.01196
   0.011562
   0.010751
   0.0101
   0.009635
   0.009231
   0.008572
   0.008266
   0.007829
   0.007361
   0.006941
   0.006715
   0.006294
   0.005961
   0.0058
   0.005432
   0.005282
   0.005007
   0.004654
   0.004569
   0.004296
   0.003986
   0.003903
   0.003685
   0.003508
   0.003378
   0.00316
   0.003035
   0.002996
   0.002828
   0.002611
   0.002376
   0.0024
   0.002252
   0.002252
   0.00212
   0.001974
   0.001883
   0.001678
   0.001655
   0.001751
   0.001597
   0.001526
   0.001462
   0.001446
   0.001245
   0.001315
   0.001189
   0.001174
   0.001125
   0.00104
   0.000981
   0.000922
   0.000938
   0.000817
   0.000871
   0.000769
   0.000753
   0.000729
   0.000675
   0.000657
   0.000613
   0.000625
   0.000577
   0.000536
   0.000506
   0.000493
   0.000449
   0.000446
   0.000433
   0.000426
   0.000394
   0.000341
   0.000352
   0.000338
   0.000347
   0.000294
   0.00031
   0.000268
   0.000266
   0.000252
   0.000251
   0.000238
   0.000234
   0.000236
   0.000212
   0.00021
   0.000194
   0.00017
   0.000152
   0.000144
   0.000136
   0.000139
   0.000133
   0.000137
   0.000123
   0.000119
   0.000107
   0.000104
   9.5e-05
   0.000108
   0.000101
   9.1e-05
   9.7e-05
   7.8e-05
   9e-05
   7.3e-05
   9.9e-05
   6.2e-05
   6e-05
   5.5e-05
   6.5e-05
   7.6e-05
   4.9e-05
   5.4e-05
   3.9e-05
   4.5e-05
   3.2e-05
   4.2e-05
   2.6e-05
   2.8e-05
   3.4e-05
   3.5e-05
   3.3e-05
   2.8e-05
   3.2e-05
   2.5e-05
   2.8e-05
   2.7e-05
   3.2e-05
   2.5e-05
   2e-05
   2.5e-05
   2.3e-05
   1e-05
   2.7e-05
   1.6e-05
   1.9e-05
   1.8e-05
   1e-05
   1.3e-05
   1.9e-05
   1.5e-05
   1e-05
   1.2e-05
   8e-06
   1e-05
   1e-05
   1.1e-05
   8e-06
   8e-06
   8e-06
   7e-06
   6e-06
   7e-06
   4e-06
   1e-05
   3e-06
   2e-06
   3e-06
   4e-06
   3e-06
   1.1e-05
   4e-06
   4e-06
   4e-06
   5e-06
   5e-06
   3e-06
   2e-06
   3e-06
   3e-06
   2e-06
   5e-06
   5e-06
   3e-06
   5e-06
   2e-06
   3e-06
   1e-06
   1e-06
   2e-06
   3e-06
   0.0
   1e-06
   1e-06
   0.0
   2e-06
   1e-06
   0.0
   0.0
   2e-06
   3e-06
   0.0
   0.0
   1e-06
   1e-06
   4e-06
   0.0
   1e-06
   0.0
   1e-06
   1e-06
   0.0
   1e-06
   0.0
   1e-06
   0.0
   0.0
   0.0
   7e-06
   1e-06
   1e-06
   1e-06
   1e-06
   0.0
   1e-06
   0.0
   0.0
   0.0
   0.0
   1e-06
   0.0
   0.0
   0.0
   1e-06
   0.0
   0.0
   0.0
   0.0
   0.0
   0.0
   0.0
   0.0
   0.0
   1e-06
   0.0
   0.0
   0.0
   0.0
   1e-06
   0.0
   0.0
   0.0
   0.0
   0.0
   0.0
   0.0
   0.0
   0.0
   0.0
   0.0
   0.0
   0.0
   0.0
   0.0
   0.0
   0.0
   0.0
   0.0
   0.0
   0.0
   0.0
   0.0
   0.0
   0.0
   0.0
   0.0
   0.0
   0.0
   0.0
   0.0
   0.0
   0.0
   0.0
   0.0
   0.0
   0.0
   0.0
   0.0
   0.0
   0.0
   0.0
   0.0
   0.0
   0.0
   0.0
   0.0
   0.0
   0.0
   0.0
   0.0
   0.0
   0.0
   0.0
   0.0
   0.0
   0.0
   0.0
   0.0
   0.0
   0.0
   0.0
   0.0
   0.0
   1e-06
   0.0
   0.0
   0.0
   0.0
   0.0
   0.0
   0.0
   0.0
   0.0
   0.0
   0.0
   0.0
   0.0
   0.0
   0.0
   0.0
   0.0
   0.0
   0.0
   0.0
   0.0
   0.0
   0.0
   0.0
   0.0
   0.0
   0.0
   0.0
   0.0
   0.0
   0.0
   0.0
   0.0
   0.0
   0.0
   0.0
   0.0
   0.0
   0.0
   0.0
   0.0
   0.0
   0.0
   0.0
   0.0
   0.0
   0.0
   0.0
   0.0
   0.0
   0.0
   0.0
   0.0
   0.0
   0.0
   0.0
   0.0
   0.0
   0.0
   0.0
   0.0
   0.0
   0.0
   0.0
   0.0
   0.0
   0.0
   0.0
   0.0
