   0.0
   0.0
   0.0
   0.0
   0.0
   0.0
   0.0
   0.0
   0.0
   0.0
   0.0
   0.0
   0.0
   0.0
   0.0
   0.0
   0.0
   0.0
   0.0
   1e-06
   0.0
   0.0
   0.0
   0.0
   0.0
   0.0
   0.0
   0.0
   0.0
   0.0
   2e-06
   0.0
   0.0
   0.0
   0.0
   0.0
   0.0
   0.0
   0.0
   0.0
   0.0
   0.0
   0.0
   1e-06
   1e-06
   0.0
   0.0
   0.0
   2e-06
   0.0
   0.0
   1e-06
   0.0
   0.0
   0.0
   1e-06
   2e-06
   0.0
   0.0
   1e-06
   0.0
   1e-06
   0.0
   0.0
   1e-06
   1e-06
   0.0
   0.0
   1e-06
   0.0
   0.0
   3e-06
   0.0
   0.0
   2e-06
   3e-06
   1e-06
   0.0
   4e-06
   0.0
   2e-06
   3e-06
   3e-06
   2e-06
   0.0
   2e-06
   0.0
   1e-06
   4e-06
   0.0
   0.0
   3e-06
   2e-06
   1e-06
   4e-06
   3e-06
   1e-06
   3e-06
   7e-06
   2e-06
   4e-06
   6e-06
   2e-06
   3e-06
   8e-06
   9e-06
   6e-06
   8e-06
   5e-06
   4e-06
   5e-06
   3e-06
   3e-06
   9e-06
   6e-06
   7e-06
   8e-06
   6e-06
   1.9e-05
   1.7e-05
   9e-06
   1.3e-05
   9e-06
   9e-06
   1e-05
   1.2e-05
   1.3e-05
   1.4e-05
   2.3e-05
   1.8e-05
   2.8e-05
   2.1e-05
   2.7e-05
   2.6e-05
   2e-05
   3.2e-05
   2.3e-05
   2.4e-05
   2.7e-05
   2.9e-05
   4.1e-05
   2.7e-05
   2.8e-05
   3.4e-05
   5.8e-05
   4.8e-05
   5.2e-05
   4.2e-05
   5.2e-05
   5.9e-05
   6.7e-05
   5.2e-05
   6.5e-05
   7.2e-05
   6.1e-05
   7.4e-05
   7.2e-05
   9.4e-05
   9.5e-05
   9.2e-05
   9.1e-05
   0.000119
   0.00011
   0.000136
   0.000103
   0.000139
   0.00014
   0.000138
   0.000169
   0.000173
   0.000199
   0.000187
   0.000199
   0.000199
   0.000216
   0.000223
   0.000241
   0.00024
   0.000296
   0.000304
   0.000323
   0.00033
   0.000349
   0.000351
   0.0004
   0.000436
   0.000436
   0.000497
   0.000525
   0.000527
   0.000536
   0.000588
   0.00062
   0.000665
   0.000677
   0.000705
   0.000775
   0.000846
   0.000839
   0.000913
   0.000967
   0.001047
   0.001078
   0.001111
   0.001205
   0.001278
   0.001461
   0.001498
   0.001583
   0.001601
   0.00177
   0.001807
   0.00195
   0.002148
   0.002288
   0.002386
   0.00244
   0.002661
   0.003031
   0.003142
   0.00335
   0.00351
   0.003824
   0.004277
   0.004419
   0.004683
   0.005111
   0.005503
   0.006193
   0.006639
   0.006973
   0.007686
   0.008533
   0.009304
   0.009918
   0.011151
   0.0122
   0.013476
   0.014861
   0.016706
   0.018206
   0.020611
   0.022738
   0.025479
   0.028366
   0.032105
   0.034756
   0.036505
   0.037859
   0.038247
   0.038345
   0.037553
   0.036458
   0.034232
   0.031531
   0.028669
   0.025462
   0.022938
   0.02037
   0.018361
   0.016439
   0.014879
   0.013325
   0.012266
   0.01112
   0.010267
   0.009434
   0.008309
   0.00769
   0.007034
   0.006362
   0.006214
   0.005643
   0.005152
   0.004758
   0.004497
   0.004101
   0.003902
   0.003524
   0.003258
   0.002988
   0.002969
   0.002699
   0.0026
   0.002444
   0.002277
   0.002042
   0.001966
   0.001774
   0.001747
   0.001653
   0.001562
   0.001423
   0.00143
   0.001265
   0.001211
   0.001214
   0.00112
   0.001028
   0.000945
   0.000867
   0.000861
   0.000811
   0.000731
   0.000736
   0.00067
   0.000612
   0.000562
   0.000558
   0.000546
   0.00053
   0.000467
   0.000415
   0.000385
   0.00042
   0.000403
   0.000353
   0.000366
   0.000325
   0.000299
   0.000291
   0.000271
   0.000237
   0.00025
   0.000227
   0.000226
   0.000204
   0.000182
   0.000193
   0.000165
   0.000179
   0.000131
   0.000155
   0.000145
   0.000132
   0.000108
   0.000113
   0.000123
   0.000101
   0.000108
   0.000117
   9.5e-05
   9.1e-05
   7.4e-05
   8.7e-05
   7.1e-05
   6.7e-05
   6.3e-05
   5e-05
   6.2e-05
   4.8e-05
   5.6e-05
   4.4e-05
   5.1e-05
   4.4e-05
   3.7e-05
   3.9e-05
   4.5e-05
   3.8e-05
   4.6e-05
   2.8e-05
   2.8e-05
   2.7e-05
   2.7e-05
   2.3e-05
   2.1e-05
   2.4e-05
   1.7e-05
   2.3e-05
   1.6e-05
   1.8e-05
   2.1e-05
   1.9e-05
   2e-05
   1.2e-05
   1.7e-05
   1.3e-05
   7e-06
   2e-05
   1.7e-05
   9e-06
   1e-05
   1.1e-05
   9e-06
   7e-06
   1.2e-05
   1.4e-05
   6e-06
   7e-06
   6e-06
   8e-06
   8e-06
   7e-06
   5e-06
   8e-06
   5e-06
   2e-06
   0.0
   2e-06
   2e-06
   4e-06
   1e-06
   1e-06
   0.0
   3e-06
   4e-06
   3e-06
   2e-06
   1e-06
   2e-06
   3e-06
   2e-06
   1e-06
   3e-06
   0.0
   0.0
   1e-06
   2e-06
   2e-06
   1e-06
   0.0
   2e-06
   1e-06
   0.0
   1e-06
   2e-06
   0.0
   0.0
   1e-06
   1e-06
   3e-06
   0.0
   0.0
   2e-06
   1e-06
   0.0
   0.0
   1e-06
   0.0
   0.0
   1e-06
   0.0
   1e-06
   1e-06
   0.0
   1e-06
   0.0
   0.0
   0.0
   2e-06
   1e-06
   1e-06
   0.0
   1e-06
   1e-06
   0.0
   0.0
   0.0
   0.0
   0.0
   0.0
   1e-06
   0.0
   0.0
   0.0
   0.0
   0.0
   1e-06
   0.0
   0.0
   0.0
   0.0
   0.0
   0.0
   0.0
   2e-06
   0.0
   0.0
   0.0
   1e-06
   0.0
   0.0
   0.0
   0.0
   0.0
   0.0
   0.0
   0.0
   0.0
   1e-06
   0.0
   0.0
   0.0
   0.0
   0.0
   0.0
   0.0
   0.0
   0.0
   0.0
