   0.0077776
   0.0097694
   0.0101433
   0.0101791
   0.010191
   0.0102231
   0.0101366
   0.0101855
   0.0102758
   0.0102277
   0.0102621
   0.0102538
   0.0102174
   0.0102997
   0.0101558
   0.0101984
   0.0102124
   0.0101668
   0.010177
   0.010198
   0.0102375
   0.0102061
   0.0102013
   0.0101787
   0.0102261
   0.0102486
   0.0101864
   0.0102061
   0.010196
   0.0102388
   0.0102414
   0.0102446
   0.0102012
   0.0102082
   0.0101901
   0.0101758
   0.0102418
   0.0102152
   0.0101648
   0.0102095
   0.0101977
   0.0101767
   0.0102217
   0.0102078
   0.010243
   0.0101812
   0.010237
   0.0102023
   0.0101829
   0.0101544
   0.0102413
   0.0102078
   0.0101956
   0.0101715
   0.0102346
   0.0101771
   0.0101596
   0.0102296
   0.0102308
   0.0102531
   0.0102077
   0.0101926
   0.0101845
   0.0102688
   0.0102426
   0.0102372
   0.0101816
   0.0102535
   0.0101835
   0.0102478
   0.0102258
   0.0101687
   0.0102272
   0.0102049
   0.010237
   0.0101684
   0.0102136
   0.0101843
   0.0101618
   0.0101747
   0.0102382
   0.0101828
   0.0101893
   0.0102455
   0.0102047
   0.0102371
   0.010191
   0.0101788
   0.0102055
   0.0102654
   0.0101725
   0.0102223
   0.0102336
   0.0101483
   0.0102353
   0.0102393
   0.0101926
   0.0101225
   0.0097833
   0.0077405
