   0.0
   0.0
   0.0
   0.0
   0.0
   0.0
   0.0
   0.0
   0.0
   0.0
   0.0
   0.0
   0.0
   0.0
   0.0
   0.0
   0.0
   0.0
   0.0
   0.0
   0.0
   0.0
   0.0
   0.0
   0.0
   0.0
   0.0
   0.0
   0.0
   0.0
   0.0
   0.0
   0.0
   0.0
   0.0
   0.0
   0.0
   0.0
   0.0
   0.0
   0.0
   0.0
   0.0
   0.0
   0.0
   0.0
   0.0
   0.0
   0.0
   0.0
   0.0
   0.0
   0.0
   0.0
   0.0
   0.0
   0.0
   0.0
   0.0
   0.0
   0.0
   0.0
   0.0
   0.0
   0.0
   0.0
   0.0
   0.0
   0.0
   0.0
   0.0
   0.0
   0.0
   0.0
   0.0
   0.0
   0.0
   0.0
   0.0
   0.0
   0.0
   0.0
   0.0
   0.0
   0.0
   0.0
   0.0
   0.0
   0.0
   0.0
   0.0
   1e-07
   0.0
   0.0
   0.0
   0.0
   0.0
   0.0
   0.0
   1e-07
   0.0
   0.0
   0.0
   0.0
   0.0
   0.0
   0.0
   0.0
   0.0
   0.0
   0.0
   0.0
   0.0
   0.0
   0.0
   0.0
   0.0
   0.0
   0.0
   0.0
   1e-07
   0.0
   0.0
   1e-07
   0.0
   0.0
   0.0
   0.0
   0.0
   1e-07
   0.0
   1e-07
   0.0
   1e-07
   0.0
   0.0
   0.0
   1e-07
   0.0
   1e-07
   1e-07
   0.0
   1e-07
   1e-07
   1e-07
   2e-07
   0.0
   2e-07
   0.0
   1e-07
   4e-07
   1e-07
   2e-07
   1e-07
   0.0
   0.0
   1e-07
   0.0
   2e-07
   2e-07
   1e-07
   1e-07
   0.0
   4e-07
   1e-07
   8e-07
   5e-07
   1e-07
   2.2e-06
   1.7e-06
   1.3e-06
   1e-06
   1.1e-06
   7e-07
   7e-07
   5e-07
   6e-07
   5e-07
   2.1e-06
   1.4e-06
   5e-07
   1.3e-06
   2.3e-06
   9e-07
   5e-07
   1.1e-06
   1.2e-06
   1.9e-06
   3.2e-06
   9e-07
   8e-07
   4.5e-06
   1e-06
   1.8e-06
   1.1e-06
   2.3e-06
   2.6e-06
   9e-07
   3.2e-06
   3.5e-06
   3.1e-06
   3.3e-06
   3.2e-06
   4.1e-06
   6e-06
   1.9e-06
   3.5e-06
   4.5e-06
   3.4e-06
   4.5e-06
   6.5e-06
   6.4e-06
   5.6e-06
   4e-06
   6.3e-06
   3.6e-06
   4.1e-06
   5.2e-06
   6.1e-06
   7.8e-06
   5.9e-06
   1.02e-05
   9.2e-06
   8.7e-06
   8e-06
   8.1e-06
   1.16e-05
   1.46e-05
   1.13e-05
   1.38e-05
   9.8e-06
   1.1e-05
   1.42e-05
   1.85e-05
   1.44e-05
   1.72e-05
   1.94e-05
   1.97e-05
   1.99e-05
   2.22e-05
   2.18e-05
   1.98e-05
   2.66e-05
   2.29e-05
   2.64e-05
   2.56e-05
   2.84e-05
   2.71e-05
   2.33e-05
   3.08e-05
   3.89e-05
   4.02e-05
   3.75e-05
   4.17e-05
   4.55e-05
   4.64e-05
   3.88e-05
   5.52e-05
   4.97e-05
   5.35e-05
   5.82e-05
   6.41e-05
   6.34e-05
   7.45e-05
   8.09e-05
   7.85e-05
   8.96e-05
   8.56e-05
   8.44e-05
   8.08e-05
   9.27e-05
   9.4e-05
   0.0001012
   0.0001131
   0.000109
   0.0001162
   0.0001258
   0.0001341
   0.0001441
   0.0001454
   0.0001625
   0.0001595
   0.00017
   0.0001631
   0.0001898
   0.0001975
   0.000186
   0.0002239
   0.0002452
   0.0002634
   0.0002606
   0.0002896
   0.0002911
   0.0003011
   0.0003146
   0.0003374
   0.0003442
   0.0003764
   0.0003881
   0.0003888
   0.0004245
   0.0004324
   0.0004673
   0.0005457
   0.0005509
   0.0005648
   0.0005585
   0.0005985
   0.0006149
   0.0006614
   0.0006873
   0.0007426
   0.0007789
   0.0008252
   0.0008319
   0.0008495
   0.0009604
   0.0010084
   0.0010525
   0.0010915
   0.0011447
   0.0011512
   0.0012604
   0.0013069
   0.001422
   0.0014373
   0.001552
   0.0016163
   0.0017237
   0.0017662
   0.0018801
   0.0019643
   0.0020398
   0.0021331
   0.0022979
   0.0023912
   0.0025231
   0.0026473
   0.0027248
   0.002908
   0.0030953
   0.0031409
   0.0033737
   0.003487
   0.0036644
   0.0039264
   0.0041536
   0.0042474
   0.0045203
   0.0046819
   0.00494
   0.0051127
   0.0055246
   0.0057675
   0.0060906
   0.0062422
   0.0065678
   0.0071138
   0.0075124
   0.0076498
   0.008169
   0.0085391
   0.0089525
   0.0093702
   0.0099245
   0.0104045
   0.0109579
   0.0114543
   0.0121615
   0.0127175
   0.013413
   0.0141128
   0.0147867
   0.0155318
   0.0164107
   0.0172618
   0.0180492
   0.0190105
   0.0198595
   0.0209109
   0.0218517
   0.0229336
   0.0241548
   0.0256314
   0.0267684
   0.0281842
   0.0296201
   0.0306134
   0.0323661
   0.0341457
   0.0359332
   0.0375399
   0.0394978
   0.0417341
   0.0439074
   0.1276505
   0.1294687
   0.1310487
   0.1320612
   0.1323257
   0.1321889
   0.1316078
   0.1310961
   0.1299298
   0.1275704
   0.0437049
   0.0415112
   0.0396936
   0.0376536
   0.0357102
   0.0343498
   0.0325737
   0.0307976
   0.0293415
   0.0282469
   0.0269121
   0.0255126
   0.0242995
   0.023167
   0.0219777
   0.020931
   0.0199853
   0.0189105
   0.0181655
   0.0169856
   0.0161909
   0.0154435
   0.0149344
   0.0139891
   0.0133342
   0.012729
   0.0120971
   0.0113994
   0.0111245
   0.0103906
   0.0100315
   0.0094237
   0.0090807
   0.0086069
   0.0081265
   0.0077657
   0.0074701
   0.0069655
   0.0067058
   0.0064358
   0.0060431
   0.0057175
   0.0055861
   0.0052895
   0.0049783
   0.0047597
   0.0045368
   0.0043614
   0.0041469
   0.0039232
   0.0036695
   0.0035405
   0.0033533
   0.0031719
   0.0030954
   0.0028779
   0.0027254
   0.0026585
   0.0025457
   0.0023636
   0.0022732
   0.002118
   0.002103
   0.0019386
   0.0018915
   0.0017957
   0.001645
   0.0015642
   0.0015541
   0.0014767
   0.0013636
   0.0013152
   0.0012325
   0.001212
   0.001181
   0.0010777
   0.0010412
   0.0009831
   0.0009547
   0.0009011
   0.0008572
   0.000813
   0.0007669
   0.0007261
   0.000685
   0.00064
   0.0006485
   0.0005998
   0.0005895
   0.0005629
   0.0005054
   0.0004803
   0.0004715
   0.0004443
   0.0004212
   0.0003761
   0.0003968
   0.0003473
   0.0003634
   0.000326
   0.0003247
   0.0002751
   0.0003076
   0.0002731
   0.0002569
   0.0002535
   0.0002503
   0.0002102
   0.0002062
   0.0002151
   0.0002052
   0.0001863
   0.0001818
   0.0001574
   0.0001818
   0.0001566
   0.0001403
   0.0001315
   0.0001259
   0.000135
   0.0001166
   0.0001187
   9.53e-05
   0.0001087
   0.0001081
   0.0001011
   9.77e-05
   7.77e-05
   7.79e-05
   7.85e-05
   7.25e-05
   7.66e-05
   6.08e-05
   6.13e-05
   6.45e-05
   5.68e-05
   5.05e-05
   4.21e-05
   5.06e-05
   3.98e-05
   5.31e-05
   4.27e-05
   4.03e-05
   2.79e-05
   3.8e-05
   3.31e-05
   3.02e-05
   2.71e-05
   3.18e-05
   2.72e-05
   3.26e-05
   2.17e-05
   2.75e-05
   2.99e-05
   2.17e-05
   1.97e-05
   1.65e-05
   2.05e-05
   1.77e-05
   1.98e-05
   1.5e-05
   1.6e-05
   1.54e-05
   1.52e-05
   1.15e-05
   1.37e-05
   8.6e-06
   1.13e-05
   8.2e-06
   9.6e-06
   7.8e-06
   7.3e-06
   7.9e-06
   6.1e-06
   6.6e-06
   6.7e-06
   8.5e-06
   8.2e-06
   5.8e-06
   5.7e-06
   5.6e-06
   7.4e-06
   6.9e-06
   2.6e-06
   3.8e-06
   7.1e-06
   6e-06
   4.6e-06
   4.9e-06
   2.9e-06
   3.7e-06
   2.6e-06
   2.1e-06
   3.1e-06
   4.5e-06
   5.1e-06
   4.3e-06
   1.7e-06
   1e-06
   2.3e-06
   2e-06
   2e-06
   3.2e-06
   2e-06
   1.2e-06
   8e-07
   1.5e-06
   2.9e-06
   1.3e-06
   5.5e-06
   8e-07
   1.4e-06
   1.3e-06
   1.4e-06
   1.7e-06
   2e-07
   1.1e-06
   1.7e-06
   3e-07
   9e-07
   1e-06
   8e-07
   1.3e-06
   5e-07
   3e-07
   7e-07
   2e-06
   1.5e-06
   6e-07
   0.0
   2e-07
   3.6e-06
   3e-07
   2e-07
   5e-07
   0.0
   7e-07
   2e-07
   1e-07
   7e-07
   4e-07
   6e-07
   1e-07
   1e-07
   0.0
   0.0
   1e-07
   0.0
   0.0
   0.0
   3e-07
   1e-07
   1e-07
   2e-07
   1e-07
   1e-07
   0.0
   2e-07
   0.0
   5e-07
   2e-07
   2e-07
   0.0
   1e-07
   0.0
   0.0
   0.0
   1e-07
   0.0
   0.0
   0.0
   0.0
   0.0
   0.0
   0.0
   0.0
   0.0
   1e-07
   1e-07
   0.0
   0.0
   2e-07
   0.0
   0.0
   1e-07
   0.0
   0.0
   0.0
   0.0
   0.0
   4e-07
   0.0
   0.0
   0.0
   0.0
   0.0
   0.0
   1e-07
   0.0
   0.0
   0.0
   0.0
   0.0
   0.0
   0.0
   0.0
   0.0
   0.0
   0.0
   0.0
   0.0
   0.0
   0.0
   0.0
   0.0
   1e-07
   0.0
   0.0
   0.0
   0.0
   0.0
   0.0
   0.0
   0.0
   0.0
   0.0
   0.0
   0.0
   0.0
   0.0
   0.0
   0.0
   0.0
   0.0
   0.0
   0.0
   0.0
   0.0
   1e-07
   0.0
   0.0
   0.0
   0.0
   0.0
   0.0
   0.0
   0.0
   0.0
   0.0
   0.0
   0.0
   0.0
   0.0
   0.0
   0.0
   0.0
   0.0
   0.0
   0.0
   0.0
   0.0
   0.0
   0.0
   0.0
   0.0
   0.0
   0.0
   0.0
   0.0
   0.0
   0.0
   0.0
   0.0
   0.0
   0.0
   0.0
   0.0
   0.0
   0.0
   0.0
   0.0
   0.0
   0.0
   0.0
   0.0
   0.0
   0.0
   0.0
   0.0
   0.0
   0.0
   0.0
   0.0
   0.0
   0.0
