   0.0
   0.0
   0.0
   0.0
   0.0
   2e-07
   0.0
   0.0
   0.0
   0.0
   0.0
   0.0
   0.0
   0.0
   0.0
   0.0
   1e-07
   0.0
   0.0
   0.0
   0.0
   0.0
   2e-07
   1e-07
   0.0
   0.0
   0.0
   0.0
   1e-07
   0.0
   0.0
   0.0
   0.0
   5e-07
   1e-07
   2e-07
   0.0
   4e-07
   0.0
   1e-07
   0.0
   1e-07
   0.0
   0.0
   3e-07
   0.0
   1e-07
   3e-07
   4e-07
   1e-07
   2e-07
   1e-07
   1e-07
   1e-07
   2e-07
   3e-07
   2e-07
   2e-07
   2e-07
   5e-07
   6e-07
   1e-07
   2e-07
   7e-07
   2e-07
   6e-07
   4e-07
   8e-07
   3e-07
   3e-07
   9e-07
   5e-07
   7e-07
   1.1e-06
   4e-07
   7e-07
   6e-07
   8e-07
   1.4e-06
   8e-07
   7e-07
   1.6e-06
   1.1e-06
   8e-07
   1.1e-06
   1.2e-06
   1.5e-06
   2e-06
   2.9e-06
   1.9e-06
   1.3e-06
   1e-06
   2.3e-06
   1.5e-06
   2.2e-06
   3.1e-06
   2.2e-06
   2.2e-06
   1.6e-06
   2.4e-06
   2.7e-06
   2.9e-06
   3.5e-06
   4.4e-06
   4.2e-06
   3e-06
   4.5e-06
   4.5e-06
   5.7e-06
   5.5e-06
   6.3e-06
   4.4e-06
   8.1e-06
   7e-06
   8.3e-06
   9.9e-06
   9.9e-06
   8e-06
   9.3e-06
   8.4e-06
   1.12e-05
   9.9e-06
   1.03e-05
   1.29e-05
   1.08e-05
   1.37e-05
   1.56e-05
   1.54e-05
   1.48e-05
   1.61e-05
   2.1e-05
   2.05e-05
   2.24e-05
   2.12e-05
   2.35e-05
   2.24e-05
   2.35e-05
   2.97e-05
   3e-05
   3.38e-05
   3.35e-05
   3.4e-05
   3.61e-05
   4.1e-05
   4.15e-05
   4.59e-05
   4.92e-05
   5.37e-05
   5.61e-05
   5.59e-05
   5.73e-05
   5.83e-05
   7.15e-05
   7.16e-05
   7.98e-05
   8.24e-05
   8.77e-05
   9.09e-05
   9.56e-05
   9.91e-05
   0.00011
   0.0001123
   0.0001196
   0.000131
   0.0001434
   0.0001451
   0.0001481
   0.0001657
   0.0001775
   0.0001944
   0.000202
   0.0001999
   0.0002299
   0.0002326
   0.0002511
   0.0002618
   0.0002907
   0.0002923
   0.0003271
   0.0003463
   0.0003583
   0.0003725
   0.0004096
   0.0004334
   0.0004598
   0.0004819
   0.0005133
   0.0005279
   0.0005601
   0.0006156
   0.0006629
   0.0007117
   0.0007018
   0.0007811
   0.0008133
   0.0008775
   0.0009598
   0.0010068
   0.0010551
   0.001107
   0.0011559
   0.0012572
   0.0013188
   0.0013896
   0.0014966
   0.0015723
   0.0016934
   0.0018141
   0.0018774
   0.0019814
   0.0021434
   0.0022398
   0.0024275
   0.0025479
   0.0026611
   0.0028733
   0.0030448
   0.00322
   0.0033793
   0.0036382
   0.0038365
   0.0040756
   0.0043792
   0.0046182
   0.0048899
   0.0052582
   0.0055103
   0.0058361
   0.0062024
   0.0066325
   0.0070617
   0.0074322
   0.0079248
   0.0083135
   0.008826
   0.0093671
   0.009977
   0.0106043
   0.0112179
   0.0118694
   0.012655
   0.0133596
   0.0142654
   0.0150977
   0.0160104
   0.0643009
   0.0649471
   0.0655699
   0.0660536
   0.0662496
   0.0664185
   0.0660283
   0.0657996
   0.0651303
   0.0645357
   0.0160706
   0.0152059
   0.0143661
   0.013443
   0.0126933
   0.0118258
   0.0112784
   0.0106092
   0.0099935
   0.0094388
   0.0088211
   0.0083882
   0.0078881
   0.007398
   0.0069723
   0.0065906
   0.0061896
   0.0058594
   0.0055253
   0.0051726
   0.0049012
   0.0046047
   0.0043484
   0.0041213
   0.0038621
   0.003598
   0.0034401
   0.0032701
   0.0030307
   0.0028713
   0.0026765
   0.0025641
   0.0023825
   0.0022993
   0.0020742
   0.0020034
   0.0018823
   0.0017624
   0.0016582
   0.00156
   0.0015149
   0.001412
   0.001334
   0.0012445
   0.0011749
   0.0010976
   0.0010586
   0.000997
   0.0009384
   0.0008619
   0.0008258
   0.0007797
   0.0007457
   0.000692
   0.0006662
   0.0006201
   0.000588
   0.0005355
   0.0005171
   0.0004823
   0.0004369
   0.0004488
   0.0004114
   0.0003749
   0.0003509
   0.0003347
   0.0003055
   0.0003104
   0.0002837
   0.0002771
   0.000257
   0.0002377
   0.0002182
   0.0002123
   0.0002099
   0.0001835
   0.0001775
   0.0001667
   0.0001587
   0.0001536
   0.0001461
   0.0001358
   0.0001241
   0.0001102
   0.0001114
   9.6e-05
   9.99e-05
   8.59e-05
   9.03e-05
   8.06e-05
   7.4e-05
   6.84e-05
   6.53e-05
   6.45e-05
   6.36e-05
   5.49e-05
   5.36e-05
   4.85e-05
   4.73e-05
   4.18e-05
   4.41e-05
   3.74e-05
   3.89e-05
   3.86e-05
   3.37e-05
   3.41e-05
   3.05e-05
   2.86e-05
   3.01e-05
   2.55e-05
   2.34e-05
   2.11e-05
   1.98e-05
   1.9e-05
   1.89e-05
   1.75e-05
   1.97e-05
   1.62e-05
   1.39e-05
   1.24e-05
   1.45e-05
   1.24e-05
   1.16e-05
   9.1e-06
   1.02e-05
   1.11e-05
   7e-06
   8.4e-06
   6.6e-06
   6.2e-06
   7.1e-06
   5.5e-06
   6.2e-06
   5.8e-06
   5.3e-06
   4.8e-06
   6.1e-06
   5.4e-06
   4.2e-06
   4e-06
   3.8e-06
   3.5e-06
   2.9e-06
   4e-06
   2.9e-06
   3.1e-06
   2.6e-06
   2.1e-06
   2.3e-06
   1.2e-06
   1.6e-06
   1.4e-06
   1.2e-06
   2e-06
   2e-06
   2.2e-06
   1.2e-06
   1.2e-06
   1e-06
   1.9e-06
   1.2e-06
   1.6e-06
   7e-07
   8e-07
   1.4e-06
   1.1e-06
   4e-07
   6e-07
   4e-07
   8e-07
   6e-07
   2e-07
   5e-07
   5e-07
   5e-07
   1.4e-06
   4e-07
   1e-07
   3e-07
   6e-07
   1e-07
   2e-07
   3e-07
   0.0
   2e-07
   2e-07
   8e-07
   2e-07
   6e-07
   2e-07
   0.0
   1e-07
   4e-07
   1e-07
   1e-07
   1e-07
   0.0
   1e-07
   0.0
   0.0
   0.0
   0.0
   1e-07
   2e-07
   0.0
   0.0
   0.0
   0.0
   0.0
   0.0
   0.0
   0.0
   0.0
   0.0
   1e-07
   0.0
   1e-07
   0.0
   1e-07
   0.0
   1e-07
   1e-07
   1e-07
   0.0
   0.0
   1e-07
   0.0
   0.0
   0.0
   0.0
   0.0
   0.0
   0.0
   0.0
   1e-07
   0.0
   0.0
   1e-07
   5e-07
   0.0
   0.0
   1e-07
   0.0
   0.0
   0.0
