   0.0
   0.0
   0.0
   0.0
   0.0
   0.0
   0.0
   0.0
   0.0
   0.0
   0.0
   0.0
   0.0
   0.0
   0.0
   0.0
   0.0
   0.0
   0.0
   0.0
   0.0
   0.0
   0.0
   0.0
   0.0
   0.0
   0.0
   0.0
   0.0
   0.0
   0.0
   0.0
   0.0
   0.0
   0.0
   0.0
   0.0
   0.0
   0.0
   0.0
   0.0
   0.0
   0.0
   0.0
   0.0
   0.0
   0.0
   0.0
   0.0
   0.0
   0.0
   0.0
   0.0
   0.0
   0.0
   0.0
   0.0
   0.0
   0.0
   0.0
   0.0
   0.0
   0.0
   0.0
   0.0
   0.0
   0.0
   0.0
   0.0
   0.0
   0.0
   0.0
   0.0
   0.0
   0.0
   0.0
   0.0
   0.0
   0.0
   0.0
   0.0
   0.0
   0.0
   0.0
   0.0
   0.0
   0.0
   0.0
   0.0
   0.0
   1e-07
   0.0
   0.0
   0.0
   0.0
   0.0
   0.0
   0.0
   0.0
   4e-07
   2e-07
   0.0
   1e-07
   0.0
   0.0
   1e-07
   5e-07
   5e-07
   2e-06
   1e-07
   2e-07
   2e-07
   2e-07
   1.8e-06
   6e-07
   2e-07
   1e-07
   1.5e-06
   5.2e-06
   2.7e-06
   2e-07
   3.7e-06
   5e-07
   4e-07
   4e-07
   6e-07
   7e-07
   2e-07
   1.5e-06
   7e-07
   9e-07
   1.4e-06
   2.7e-06
   7.1e-06
   4.3e-06
   3.6e-06
   1.3e-06
   5.7e-06
   1.1e-06
   4.9e-06
   2.7e-06
   6.5e-06
   2.2e-06
   3.6e-06
   5.4e-06
   5.7e-06
   6.6e-06
   3.4e-06
   3.2e-06
   3.4e-06
   8.8e-06
   7.5e-06
   1.37e-05
   4.7e-06
   9e-06
   1.12e-05
   6.4e-06
   1.16e-05
   1.64e-05
   6e-06
   2.47e-05
   1.35e-05
   9.9e-06
   1.77e-05
   2.86e-05
   1.7e-05
   2.08e-05
   3e-05
   3.3e-05
   3.63e-05
   3.76e-05
   4.33e-05
   2.97e-05
   3.04e-05
   4.92e-05
   3.75e-05
   5.41e-05
   4.5e-05
   6.04e-05
   4.37e-05
   7.48e-05
   5.76e-05
   8.43e-05
   8.4e-05
   0.000112
   0.0001022
   0.0001034
   0.000108
   0.0001248
   0.0001213
   0.0001095
   0.000125
   0.0001318
   0.0001653
   0.0001851
   0.0001792
   0.0001775
   0.0002365
   0.0002438
   0.0002768
   0.0002734
   0.0003089
   0.0003499
   0.000348
   0.000391
   0.0004137
   0.000374
   0.000488
   0.0005695
   0.0005459
   0.0005762
   0.0005841
   0.000701
   0.000676
   0.0007908
   0.0008089
   0.0009194
   0.0010395
   0.0010851
   0.0011894
   0.0012519
   0.0013497
   0.0014599
   0.0014887
   0.0015962
   0.0017634
   0.0019056
   0.0020929
   0.0022182
   0.0023335
   0.0024493
   0.0026593
   0.0029115
   0.0030908
   0.0033909
   0.0036308
   0.0039391
   0.0042776
   0.0045066
   0.0047815
   0.005177
   0.0054654
   0.0059065
   0.0063866
   0.006984
   0.0074857
   0.0079604
   0.008383
   0.0090425
   0.0098173
   0.0106038
   0.0112202
   0.0119329
   0.0130562
   0.0140744
   0.0148011
   0.0162946
   0.017232
   0.0189853
   0.0204907
   0.0217293
   0.0230071
   0.0249156
   0.0268038
   0.0289232
   0.0310547
   0.0333651
   0.0355595
   0.0388822
   0.0417864
   0.044448
   0.0478035
   0.0514252
   0.0553918
   0.0592271
   0.0632618
   0.0685587
   0.0738811
   0.0798689
   0.0843664
   0.0910794
   0.0981792
   0.1056158
   0.1133044
   0.1217855
   0.1309468
   0.140898
   0.1517004
   0.161994
   0.175058
   0.1879532
   0.2009855
   0.2172618
   0.2326974
   0.2506965
   0.4297883
   0.4445207
   0.4555017
   0.46278
   0.4673768
   0.4671425
   0.4640756
   0.4557077
   0.4457755
   0.4300541
   0.250358
   0.2325284
   0.2166737
   0.2017777
   0.187613
   0.1742057
   0.1623088
   0.150599
   0.1406442
   0.1310604
   0.1225121
   0.1130199
   0.1064698
   0.0980073
   0.0911602
   0.0848494
   0.0793029
   0.073797
   0.0681975
   0.063965
   0.059526
   0.0553445
   0.0514007
   0.0476098
   0.0447156
   0.0412756
   0.0388185
   0.0357316
   0.0334923
   0.0309917
   0.0287149
   0.0265968
   0.0249214
   0.0228432
   0.0215772
   0.020243
   0.0186552
   0.0172181
   0.0161357
   0.0149461
   0.0143065
   0.0130618
   0.0119796
   0.0112654
   0.0103862
   0.0098121
   0.0090646
   0.0085187
   0.0077925
   0.0076492
   0.0068929
   0.0065775
   0.0057662
   0.0056969
   0.0051587
   0.004756
   0.0044481
   0.0040368
   0.0037875
   0.0035442
   0.0033509
   0.0031599
   0.003078
   0.002706
   0.0025676
   0.0022986
   0.0021724
   0.0021332
   0.0019653
   0.0018105
   0.0016328
   0.0015666
   0.0014328
   0.0012974
   0.0012062
   0.0010868
   0.0010841
   0.0010174
   0.0009151
   0.0008908
   0.0007787
   0.0007076
   0.0006601
   0.0006793
   0.000603
   0.0005026
   0.0004691
   0.0004983
   0.00041
   0.0003997
   0.000372
   0.0003415
   0.0003266
   0.0002516
   0.0003077
   0.0002681
   0.0002494
   0.0002432
   0.0002
   0.0001894
   0.0002133
   0.000161
   0.0001492
   0.0001681
   0.0001576
   0.0001292
   0.0001284
   9.17e-05
   9.86e-05
   7.93e-05
   8.69e-05
   7.24e-05
   8.13e-05
   6.36e-05
   7.4e-05
   5.31e-05
   5.95e-05
   5.48e-05
   7.67e-05
   3.61e-05
   3.37e-05
   5.69e-05
   3.67e-05
   3.74e-05
   3.03e-05
   2.14e-05
   2.64e-05
   2.39e-05
   2.24e-05
   1.8e-05
   2.02e-05
   1.72e-05
   1.26e-05
   1.43e-05
   1.63e-05
   1e-05
   8e-06
   1.04e-05
   1.14e-05
   1.16e-05
   1.18e-05
   9.6e-06
   4.7e-06
   4.3e-06
   4.2e-06
   7.7e-06
   1.1e-05
   2.2e-06
   1.9e-06
   4.2e-06
   6.1e-06
   3.4e-06
   1.2e-06
   1.8e-06
   3.5e-06
   2.2e-06
   3.3e-06
   3.3e-06
   1.4e-06
   1.2e-06
   1e-06
   9e-07
   6e-07
   3e-07
   1.2e-06
   9e-07
   2e-07
   1e-07
   9e-07
   0.0
   5e-07
   3e-07
   1.7e-06
   4e-07
   0.0
   0.0
   5e-07
   2e-07
   9e-07
   4e-07
   4e-07
   0.0
   0.0
   0.0
   0.0
   4e-07
   0.0
   0.0
   0.0
   0.0
   0.0
   0.0
   1e-07
   0.0
   0.0
   0.0
   0.0
   0.0
   0.0
   0.0
   0.0
   0.0
   1e-07
   0.0
   0.0
   0.0
   0.0
   0.0
   0.0
   0.0
   0.0
   0.0
   0.0
   0.0
   0.0
   0.0
   0.0
   1e-07
   0.0
   0.0
   0.0
   0.0
   0.0
   0.0
   0.0
   0.0
   0.0
   0.0
   0.0
   0.0
   0.0
   0.0
   0.0
   0.0
   0.0
   0.0
   0.0
   0.0
   0.0
   0.0
   0.0
   0.0
   0.0
   0.0
   0.0
   0.0
   0.0
   0.0
   0.0
   0.0
   0.0
   0.0
   0.0
   0.0
   0.0
   0.0
   0.0
   0.0
   0.0
   0.0
   0.0
   0.0
   0.0
   0.0
   0.0
   0.0
   0.0
   0.0
   0.0
   0.0
   0.0
   0.0
   0.0
   0.0
   0.0
   0.0
   0.0
   0.0
   0.0
   0.0
   0.0
   0.0
   0.0
   0.0
   0.0
   0.0
   0.0
   0.0
   0.0
   0.0
   0.0
   0.0
   0.0
   0.0
   0.0
