   0.0
   0.0
   0.0
   0.0
   0.0
   0.0
   0.0
   0.0
   0.0
   0.0
   0.0
   0.0
   0.0
   0.0
   0.0
   0.0
   0.0
   0.0
   0.0
   0.0
   0.0
   0.0
   0.0
   0.0
   0.0
   0.0
   0.0
   0.0
   0.0
   0.0
   0.0
   0.0
   0.0
   0.0
   0.0
   0.0
   0.0
   0.0
   0.0
   0.0
   0.0
   0.0
   0.0
   0.0
   0.0
   0.0
   0.0
   0.0
   0.0
   0.0
   0.0
   0.0
   0.0
   0.0
   0.0
   0.0
   0.0
   0.0
   0.0
   0.0
   0.0
   0.0
   0.0
   0.0
   0.0
   0.0
   0.0
   0.0
   0.0
   0.0
   0.0
   0.0
   0.0
   0.0
   0.0
   0.0
   0.0
   0.0
   0.0
   0.0
   0.0
   0.0
   0.0
   0.0
   0.0
   0.0
   0.0
   0.0
   0.0
   0.0
   0.0
   0.0
   0.0
   0.0
   0.0
   0.0
   0.0
   0.0
   0.0
   0.0
   0.0
   0.0
   0.0
   0.0
   0.0
   0.0
   0.0
   0.0
   0.0
   0.0
   0.0
   0.0
   0.0
   0.0
   0.0
   0.0
   0.0
   0.0
   0.0
   0.0
   0.0
   0.0
   0.0
   0.0
   0.0
   0.0
   0.0
   0.0
   0.0
   0.0
   0.0
   0.0
   0.0
   0.0
   0.0
   0.0
   0.0
   0.0
   0.0
   0.0
   0.0
   0.0
   0.0
   0.0
   0.0
   0.0
   0.0
   0.0
   0.0
   0.0
   0.0
   0.0
   0.0
   0.0
   0.0
   0.0
   0.0
   0.0
   0.0
   0.0
   0.0
   0.0
   0.0
   0.0
   0.0
   0.0
   0.0
   0.0
   0.0
   0.0
   0.0
   0.0
   0.0
   0.0
   0.0
   0.0
   0.0
   0.0
   0.0
   0.0
   0.0
   0.0
   0.0
   0.0
   0.0
   0.0
   0.0
   0.0
   0.0
   0.0
   0.0
   0.0
   0.0
   0.0
   0.0
   0.0
   0.0
   0.0
   0.0
   0.0
   0.0
   0.0
   0.0
   0.0
   0.0
   0.0
   0.0
   0.0
   0.0
   0.0
   0.0
   0.0
   0.0
   0.0
   0.0
   0.0
   0.0
   0.0
   0.0
   0.0
   0.0
   0.0
   0.0
   0.0
   0.0
   0.0
   0.0
   0.0
   0.0
   0.0
   0.0
   0.0
   0.0
   0.0
   0.0
   0.0
   0.0
   0.0
   0.0
   0.0
   0.0
   0.0
   0.0
   0.0
   0.0
   0.0
   0.0
   0.0
   0.0
   0.0
   0.0
   0.0
   0.0
   0.0
   0.0
   0.0
   0.0
   0.0
   0.0
   0.0
   0.0
   0.0
   0.0
   0.0
   0.0
   0.0
   0.0
   0.0
   0.0
   0.0
   0.0
   0.0
   0.0
   0.0
   0.0
   0.0
   0.0
   0.0
   0.0
   0.0
   0.0
   0.0
   0.0
   0.0
   0.0
   0.0
   0.0
   0.0
   0.0
   0.0
   0.0
   0.0
   0.0
   0.0
   0.0
   0.0
   0.0
   0.0
   0.0
   0.0
   0.0
   0.0
   0.0
   0.0
   0.0
   0.0
   0.0
   0.0
   0.0
   0.0
   0.0
   0.0
   0.0
   0.0
   0.0
   0.0
   0.0
   0.0
   0.0
   0.0
   0.0
   0.0
   0.0
   0.0
   0.0
   1e-05
   1e-05
   0.0
   0.0
   0.0
   1e-05
   0.0
   0.0
   0.0
   0.0
   0.0
   0.0
   0.0
   0.0
   4e-05
   0.0
   1e-05
   1e-05
   5e-05
   1e-05
   1e-05
   0.00013
   9e-05
   5e-05
   1e-05
   0.0
   9e-05
   0.0
   1e-05
   1e-05
   1e-05
   9e-05
   4e-05
   2e-05
   2e-05
   1e-05
   1e-05
   4e-05
   4e-05
   4e-05
   0.0
   0.0
   1e-05
   0.0
   0.0
   0.0
   0.0
   0.0
   0.0
   1e-05
   1e-05
   0.0
   0.0
   1e-05
   0.0
   5e-05
   0.0
   0.0
   0.00016
   4e-05
   0.0
   9e-05
   1e-05
   4e-05
   1e-05
   1e-05
   0.0
   1e-05
   4e-05
   0.0
   4e-05
   1e-05
   0.00016
   4e-05
   1e-05
   0.0
   0.0
   1e-05
   1e-05
   0.0
   1e-05
   1e-05
   0.0
   0.0
   0.0
   2e-05
   0.0
   0.0
   0.0
   0.0
   1e-05
   0.0
   4e-05
   1e-05
   1e-05
   1e-05
   0.0
   4e-05
   1e-05
   4e-05
   0.0
   1e-05
   1e-05
   1e-05
   1e-05
   0.0
   0.0
   0.0
   0.0
   0.0
   1e-05
   5e-05
   0.0
   1e-05
   0.0
   1e-05
   0.0
   0.0
   0.0
   1e-05
   5e-05
   0.0
   1e-05
   5e-05
   6e-05
   0.0
   1e-05
   2e-05
   1e-05
   2e-05
   1e-05
   0.0
   1e-05
   0.0
   3e-05
   0.0
   1e-05
   0.0
   1e-05
   2e-05
   4e-05
   5e-05
   2e-05
   1e-05
   0.0
   1e-05
   1e-05
   3e-05
   0.0
   1e-05
   2e-05
   2e-05
   2e-05
   1e-05
   3e-05
   9e-05
   0.0
   2e-05
   1e-05
   2e-05
   2e-05
   2e-05
   2e-05
   0.0
   1e-05
   1e-05
   4e-05
   1e-05
   2e-05
   0.0
   2e-05
   3e-05
   3e-05
   1e-05
   2e-05
   0.0001
   1e-05
   4e-05
   1e-05
   1e-05
   1e-05
   2e-05
   0.0
   4e-05
   5e-05
   3e-05
   0.00012
   2e-05
   1e-05
   0.00016
   3e-05
   2e-05
   1e-05
   7e-05
   4e-05
   4e-05
   4e-05
   0.0
   3e-05
   3e-05
   7e-05
   1e-05
   5e-05
   7e-05
   0.00011
   2e-05
   2e-05
   5e-05
   3e-05
   0.0
   5e-05
   5e-05
   1e-05
   0.0
   7e-05
   3e-05
   3e-05
   1e-05
   5e-05
   6e-05
   4e-05
   7e-05
   4e-05
   4e-05
   6e-05
   7e-05
   4e-05
   9e-05
   0.0
   0.0
   3e-05
   0.0
   5e-05
   5e-05
   4e-05
   3e-05
   3e-05
   2e-05
   8e-05
   0.00014
   0.00021
   5e-05
   5e-05
   5e-05
   3e-05
   5e-05
   0.0001
   6e-05
   4e-05
   0.00013
   5e-05
   0.0001
   0.00011
   6e-05
   1e-05
   1e-05
   5e-05
   4e-05
   4e-05
   7e-05
   7e-05
   3e-05
   8e-05
   9e-05
   0.00011
   9e-05
   8e-05
   8e-05
   0.00017
   9e-05
   0.00014
   6e-05
   0.0001
   0.00012
   0.00021
   6e-05
   6e-05
   0.0002
   9e-05
   0.00011
   0.00014
   0.00015
   0.00011
   0.00012
   0.00014
   6e-05
   0.00011
   0.00012
   7e-05
   0.00017
   0.00011
   0.0001
   0.00016
   0.00012
   0.0001
   0.00021
   0.00012
   0.0001
   0.00015
   7e-05
   0.00026
   0.00012
   0.00027
   0.00031
   0.00017
   0.00026
   0.00013
   0.00021
   0.00019
   0.0003
   0.00034
   0.00016
   0.00025
   0.0001
   0.00021
   0.00036
   0.0004
   0.00035
   0.00024
   0.00022
   0.00033
   0.00026
   0.00058
   0.00043
   0.00036
   0.00024
   0.00023
   0.00018
   0.00045
   0.00031
   0.00059
   0.00043
   0.00048
   0.00038
   0.00052
   0.00032
   0.00065
   0.00037
   0.00045
   0.00052
   0.00047
   0.0005
   0.00042
   0.00047
   0.00069
   0.00045
   0.0008
   0.00046
   0.0005
   0.00052
   0.00071
   0.00062
   0.00056
   0.00091
   0.00074
   0.00073
   0.00097
   0.00075
   0.00061
   0.00081
   0.00082
   0.00083
   0.00105
   0.00106
   0.00049
   0.00063
   0.00113
   0.00105
   0.00096
   0.00098
   0.00089
   0.00094
   0.00075
   0.001
   0.00079
   0.00119
   0.00094
   0.00099
   0.00109
   0.00125
   0.00102
   0.00129
   0.00142
   0.00112
   0.00114
   0.0012
   0.00106
   0.00104
   0.00147
   0.00134
   0.00118
   0.00151
   0.00166
   0.00132
   0.00162
   0.00197
   0.00226
   0.00183
   0.00182
   0.0013
   0.00202
   0.00145
   0.00191
   0.00207
   0.00189
   0.0021
   0.00207
   0.00201
   0.00182
   0.00249
   0.00197
   0.00227
   0.00233
   0.00239
   0.00216
   0.0025
   0.00203
   0.00235
   0.00276
   0.00311
   0.0028
   0.00224
   0.00302
   0.00285
   0.00263
   0.0026
   0.00221
   0.00361
   0.00305
   0.00321
   0.00243
   0.00326
   0.00368
   0.00282
   0.00309
   0.0032
   0.00295
   0.00397
   0.00389
   0.0038
   0.00321
   0.0044
   0.00422
   0.00464
   0.00437
   0.00518
   0.00423
   0.00506
   0.00405
   0.00475
   0.00433
   0.0045
   0.00444
   0.00503
   0.0043
   0.00398
   0.00451
   0.00431
   0.00499
   0.00631
   0.00477
   0.00492
   0.00614
   0.00555
   0.00551
   0.00573
   0.00548
   0.00572
   0.00638
   0.00622
   0.00538
   0.00575
   0.00693
   0.00519
   0.00576
   0.00665
   0.0074
   0.00717
   0.00761
   0.0071
   0.00745
   0.00853
   0.00778
   0.00804
   0.00755
   0.008
   0.00784
   0.00757
   0.00864
   0.00865
   0.0093
   0.0082
   0.0095
   0.00911
   0.00948
   0.00996
   0.00838
   0.0087
   0.00971
   0.00934
   0.0107
   0.01084
   0.01158
   0.01087
   0.01195
   0.01273
   0.01257
   0.01116
   0.01336
   0.01276
   0.01278
   0.01374
   0.01435
   0.01385
   0.01429
   0.01423
   0.01535
   0.01377
   0.0145
   0.0156
   0.01522
   0.01597
   0.01753
   0.0167
   0.0176
   0.01599
   0.017
   0.01922
   0.01722
   0.01907
   0.01817
   0.01803
   0.01936
   0.02042
   0.01998
   0.01956
   0.0216
   0.02213
   0.02082
   0.0208
   0.02374
   0.02402
   0.02256
   0.0226
   0.02269
   0.02292
   0.02336
   0.02468
   0.02546
   0.02616
   0.0266
   0.02619
   0.028
   0.02828
   0.02843
   0.03024
   0.0295
   0.03172
   0.02928
   0.03011
   0.03166
   0.03179
   0.03231
   0.03348
   0.03201
   0.03371
   0.03364
   0.0378
   0.03582
   0.0378
   0.03854
   0.03789
   0.03926
   0.03945
   0.04005
   0.0398
   0.04326
   0.0429
   0.04291
   0.04275
   0.04673
   0.04739
   0.04727
   0.04755
   0.04819
   0.04905
   0.04823
   0.05183
   0.04983
   0.05331
   0.05198
   0.0538
   0.05515
   0.05565
   0.05846
   0.05854
   0.05982
   0.05881
   0.06186
   0.06304
   0.06357
   0.06268
   0.06391
   0.06816
   0.07178
   0.07093
   0.07648
   0.07313
   0.07696
   0.07739
   0.0777
   0.07897
   0.08124
   0.08224
   0.08714
   0.08255
   0.08663
   0.0895
   0.08739
   0.09137
   0.09403
   0.09093
   0.09567
   0.09755
   0.09625
   0.10002
   0.10147
   0.10454
   0.10733
   0.11019
   0.112
   0.11035
   0.10893
   0.1137
   0.11903
   0.12024
   0.1217
   0.12825
   0.12814
   0.1285
   0.13379
   0.13432
   0.13725
   0.14261
   0.14238
   0.14781
   0.15141
   0.15066
   0.15844
   0.16284
   0.16189
   0.1645
   0.17542
   0.16977
   0.17846
   0.17724
   0.1818
   0.18992
   0.19271
   0.19567
   0.19286
   0.20026
   0.2081
   0.21323
   0.21913
   0.22234
   0.23449
   0.23598
   0.23849
   0.25441
   0.26581
   0.2681
   0.27668
   0.28218
   0.2827
   0.27696
   0.27708
   0.2786
   0.27277
   0.26355
   0.25258
   0.24533
   0.23832
   0.2337
   0.22285
   0.21858
   0.21197
   0.20948
   0.20465
   0.19159
   0.1904
   0.19226
   0.19034
   0.17922
   0.17518
   0.17489
   0.16617
   0.1633
   0.16261
   0.16067
   0.15822
   0.15132
   0.14904
   0.15018
   0.14174
   0.14448
   0.14263
   0.13752
   0.133
   0.13188
   0.12576
   0.12608
   0.12297
   0.12159
   0.1165
   0.11332
   0.11325
   0.11538
   0.11356
   0.11197
   0.10715
   0.10593
   0.10276
   0.10448
   0.10183
   0.09812
   0.1001
   0.09854
   0.09524
   0.09295
   0.08869
   0.08508
   0.08787
   0.08639
   0.08362
   0.08162
   0.08017
   0.07692
   0.07903
   0.07592
   0.07618
   0.07654
   0.0722
   0.06846
   0.06845
   0.06871
   0.0651
   0.0647
   0.06351
   0.06277
   0.06471
   0.06066
   0.05945
   0.05687
   0.05877
   0.05869
   0.05673
   0.05546
   0.05485
   0.05262
   0.05401
   0.05129
   0.05428
   0.05255
   0.04973
   0.04916
   0.04797
   0.04476
   0.04777
   0.04369
   0.04382
   0.04354
   0.04064
   0.04192
   0.04
   0.03991
   0.04026
   0.03879
   0.03629
   0.03754
   0.0369
   0.03623
   0.03527
   0.0361
   0.03304
   0.03443
   0.03356
   0.03226
   0.03178
   0.02939
   0.03184
   0.03019
   0.0298
   0.02859
   0.02885
   0.02765
   0.02638
   0.02602
   0.02716
   0.02525
   0.02472
   0.02476
   0.02557
   0.02485
   0.02488
   0.02403
   0.02322
   0.02412
   0.0224
   0.0214
   0.02032
   0.02251
   0.01984
   0.0202
   0.02055
   0.01947
   0.01841
   0.01802
   0.01839
   0.01732
   0.01758
   0.01836
   0.01843
   0.01718
   0.01731
   0.01613
   0.01715
   0.01488
   0.01629
   0.01513
   0.01452
   0.01335
   0.01405
   0.0154
   0.01322
   0.01352
   0.01219
   0.01271
   0.01234
   0.01294
   0.01291
   0.01258
   0.0118
   0.01123
   0.0115
   0.01137
   0.01054
   0.01185
   0.00967
   0.01002
   0.01028
   0.00967
   0.01084
   0.01009
   0.0095
   0.00984
   0.0096
   0.00956
   0.00861
   0.00858
   0.00869
   0.00974
   0.00891
   0.00749
   0.00802
   0.00731
   0.00876
   0.00787
   0.00815
   0.00885
   0.00645
   0.00727
   0.00729
   0.00666
   0.00671
   0.00645
   0.00661
   0.00595
   0.00622
   0.00648
   0.00649
   0.0063
   0.00556
   0.00661
   0.00625
   0.00559
   0.00585
   0.00525
   0.00484
   0.00549
   0.00511
   0.0052
   0.00556
   0.00425
   0.0052
   0.00516
   0.00492
   0.00519
   0.00446
   0.00401
   0.00423
   0.00464
   0.00419
   0.00429
   0.00397
   0.00399
   0.00363
   0.00466
   0.00437
   0.00333
   0.00334
   0.00318
   0.00266
   0.00337
   0.00351
   0.00299
   0.00275
   0.00361
   0.00355
   0.00354
   0.0028
   0.00353
   0.00282
   0.00237
   0.00324
   0.00227
   0.00304
   0.00265
   0.00197
   0.00207
   0.00261
   0.00203
   0.00217
   0.00205
   0.00197
   0.00229
   0.00172
   0.0016
   0.00168
   0.0026
   0.00177
   0.00206
   0.00241
   0.00191
   0.00145
   0.00185
   0.00145
   0.00173
   0.00154
   0.00149
   0.00126
   0.00166
   0.0014
   0.00124
   0.00108
   0.00136
   0.0014
   0.00148
   0.00145
   0.00128
   0.00118
   0.00125
   0.00114
   0.00119
   0.00161
   0.0012
   0.0012
   0.00111
   0.00152
   0.00092
   0.00106
   0.00092
   0.00103
   0.00098
   0.00113
   0.00112
   0.00083
   0.0009
   0.0009
   0.0012
   0.00118
   0.00092
   0.00086
   0.00066
   0.00101
   0.00074
   0.00118
   0.00085
   0.0007
   0.00089
   0.00088
   0.001
   0.00074
   0.00072
   0.00091
   0.00091
   0.00088
   0.00088
   0.00052
   0.00072
   0.00085
   0.00079
   0.00073
   0.00051
   0.0006
   0.00064
   0.00078
   0.00062
   0.00047
   0.00042
   0.0007
   0.00046
   0.00062
   0.00081
   0.00065
   0.00048
   0.00056
   0.00037
   0.00067
   0.0004
   0.00047
   0.00032
   0.00029
   0.00039
   0.00031
   0.00028
   0.00041
   0.00034
   0.00033
   0.00023
   0.00029
   0.00024
   0.00023
   0.00037
   0.00037
   0.00038
   0.00025
   0.00027
   0.0003
   0.00027
   0.00033
   0.00024
   0.00025
   0.00022
   0.00036
   0.0003
   0.00033
   0.00018
   0.00018
   0.00028
   0.00014
   0.00023
   0.00038
   0.00023
   0.0003
   0.00031
   0.00015
   0.00021
   0.0003
   0.00013
   0.00011
   0.0002
   0.00012
   0.00031
   0.00018
   0.00015
   8e-05
   0.00019
   0.00021
   7e-05
   0.00016
   0.0002
   9e-05
   0.00011
   0.0002
   0.00013
   0.00016
   0.00012
   0.00028
   0.00012
   0.00018
   0.00011
   7e-05
   0.00014
   8e-05
   0.00017
   0.00017
   0.0001
   0.00011
   0.00017
   5e-05
   0.0001
   0.00016
   0.00011
   3e-05
   7e-05
   7e-05
   0.00015
   7e-05
   6e-05
   0.0001
   0.00016
   0.00013
   0.00018
   0.00022
   8e-05
   0.00014
   0.00027
   0.00014
   0.00025
   9e-05
   9e-05
   0.00015
   0.00012
   0.00028
   0.00015
   7e-05
   0.0001
   0.00012
   5e-05
   0.00011
   0.0001
   4e-05
   6e-05
   4e-05
   0.0002
   8e-05
   9e-05
   0.0001
   7e-05
   6e-05
   4e-05
   8e-05
   3e-05
   6e-05
   0.00012
   4e-05
   3e-05
   5e-05
   0.00018
   0.0001
   6e-05
   3e-05
   2e-05
   4e-05
   0.00011
   8e-05
   8e-05
   0.00013
   0.00011
   0.00017
   0.00018
   3e-05
   4e-05
   2e-05
   2e-05
   2e-05
   0.0
   0.00018
   6e-05
   3e-05
   7e-05
   2e-05
   4e-05
   0.0001
   2e-05
   0.0
   1e-05
   1e-05
   0.0
   1e-05
   3e-05
   0.0
   0.0
   0.0
   1e-05
   2e-05
   1e-05
   6e-05
   4e-05
   0.0
   1e-05
   0.0
   1e-05
   5e-05
   0.0
   9e-05
   4e-05
   1e-05
   4e-05
   0.0
   2e-05
   0.0
   1e-05
   1e-05
   1e-05
   0.0
   0.0
   0.0
   0.0
   0.0
   1e-05
   0.0
   0.0
   0.0
   0.0
   0.0
   0.0
   0.0
   0.0
   0.0
   0.0
   0.0
   0.0
   0.0
   0.0
   0.0
   0.0
   0.0
   1e-05
   1e-05
   1e-05
   0.0
   0.0
   0.0
   4e-05
   0.0
   1e-05
   0.0
   0.0
   0.0
   1e-05
   0.0
   0.0
   1e-05
   0.0
   0.0
   0.0
   0.0
   0.0
   0.0
   0.0
   1e-05
   0.0
   0.0
   1e-05
   0.0
   0.0
   1e-05
   1e-05
   0.0
   0.0
   0.0
   0.0
   0.0
   0.0
   0.0
   1e-05
   1e-05
   1e-05
   0.0
   0.0
   1e-05
   1e-05
   1e-05
   4e-05
   1e-05
   0.0
   1e-05
   0.0
   0.0
   1e-05
   1e-05
   0.0
   1e-05
   0.0
   0.0
   0.0
   1e-05
   0.0
   0.0
   0.0
   2e-05
   0.0
   0.0
   1e-05
   0.0
   0.0
   0.0
   0.0
   0.0
   4e-05
   0.0
   1e-05
   0.0
   0.0
   0.0
   0.0
   0.0
   1e-05
   0.0
   0.0
   1e-05
   0.0
   0.0
   0.0
   1e-05
   0.0
   0.0
   0.0
   0.0
   1e-05
   0.0
   0.0
   1e-05
   0.0
   0.0
   0.0
   1e-05
   0.0
   0.0
   0.0
   0.0
   0.0
   0.0
   0.0
   0.0
   0.0
   0.0
   0.0
   0.0
   0.0
   0.0
   0.0
   0.0
   0.0
   0.0
   0.0
   0.0
   0.0
   0.0
   0.0
   0.0
   0.0
   0.0
   0.0
   0.0
   0.0
   0.0
   0.0
   0.0
   0.0
   0.0
   0.0
   0.0
   0.0
   0.0
   0.0
   0.0
   0.0
   0.0
   0.0
   0.0
   0.0
   0.0
   0.0
   0.0
   0.0
   0.0
   0.0
   0.0
   0.0
   0.0
   0.0
   0.0
   0.0
   0.0
   0.0
   0.0
   0.0
   0.0
   0.0
   0.0
   0.0
   0.0
   0.0
   0.0
   0.0
   0.0
   0.0
   0.0
   0.0
   0.0
   0.0
   0.0
   0.0
   0.0
   0.0
   0.0
   0.0
   0.0
   0.0
   0.0
   0.0
   0.0
   0.0
   0.0
   0.0
   0.0
   0.0
   0.0
   0.0
   0.0
   0.0
   0.0
   0.0
   0.0
   0.0
   0.0
   0.0
   0.0
   0.0
   0.0
   0.0
   0.0
   0.0
   0.0
   0.0
   0.0
   0.0
   0.0
   0.0
   0.0
   0.0
   0.0
   0.0
   0.0
   0.0
   0.0
   0.0
   0.0
   0.0
   0.0
   0.0
   0.0
   0.0
   0.0
   0.0
   0.0
   0.0
   0.0
   0.0
   0.0
   0.0
   0.0
   0.0
   0.0
   0.0
   0.0
   0.0
   0.0
   0.0
   0.0
   0.0
   0.0
   0.0
   0.0
   0.0
   0.0
   0.0
   0.0
   0.0
   0.0
   0.0
   0.0
   0.0
   0.0
   0.0
   0.0
   0.0
   0.0
   0.0
   0.0
   0.0
   0.0
   0.0
   0.0
   0.0
   0.0
   0.0
   0.0
   0.0
   0.0
   0.0
   0.0
   0.0
   0.0
   0.0
   0.0
   0.0
   0.0
   0.0
   0.0
   0.0
   0.0
   0.0
   0.0
   0.0
   0.0
   0.0
   0.0
   0.0
   0.0
   0.0
   0.0
   0.0
   0.0
   0.0
   0.0
   0.0
   0.0
   0.0
   0.0
   0.0
   0.0
   0.0
   0.0
   0.0
   0.0
   0.0
   0.0
   0.0
   0.0
   0.0
   0.0
   0.0
   0.0
   0.0
   0.0
   0.0
   0.0
   0.0
   0.0
   0.0
   0.0
   0.0
   0.0
   0.0
   0.0
   0.0
   0.0
   0.0
   0.0
   0.0
   0.0
   0.0
   0.0
   0.0
   0.0
   0.0
   0.0
   0.0
   0.0
   0.0
   0.0
   0.0
   0.0
   0.0
   0.0
   0.0
   0.0
   0.0
   0.0
   0.0
   0.0
   0.0
   0.0
   0.0
   0.0
   0.0
   0.0
   0.0
   0.0
   0.0
   0.0
   0.0
   0.0
   0.0
   0.0
   0.0
   0.0
   0.0
   0.0
   0.0
   0.0
   0.0
   0.0
   0.0
   0.0
   0.0
   0.0
   0.0
   0.0
   0.0
   0.0
   0.0
   0.0
   0.0
   0.0
   0.0
   0.0
   0.0
   0.0
   0.0
   0.0
   0.0
   0.0
   0.0
   0.0
   0.0
   0.0
   0.0
   0.0
   0.0
   0.0
   0.0
   0.0
   0.0
   0.0
   0.0
   0.0
   0.0
   0.0
   0.0
   0.0
   0.0
   0.0
   0.0
   0.0
   0.0
   0.0
   0.0
   0.0
   0.0
   0.0
   0.0
   0.0
   0.0
   0.0
   0.0
   0.0
   0.0
   0.0
   0.0
   0.0
   0.0
   0.0
   0.0
   0.0
   0.0
   0.0
   0.0
   0.0
   0.0
   0.0
   0.0
   0.0
   0.0
   0.0
   0.0
   0.0
   0.0
   0.0
   0.0
   0.0
