   0.0
   4e-07
   1e-07
   1e-07
   2e-07
   6e-07
   5e-07
   7e-07
   2e-07
   4e-07
   5e-07
   8e-07
   7e-07
   1e-06
   1.2e-06
   1.5e-06
   2.7e-06
   1.2e-06
   2e-06
   1.8e-06
   1.8e-06
   1.6e-06
   2.1e-06
   2.7e-06
   2.8e-06
   3.3e-06
   4.9e-06
   4.9e-06
   5.5e-06
   6e-06
   6.7e-06
   8.2e-06
   7.9e-06
   9.4e-06
   1.06e-05
   1.01e-05
   1.43e-05
   1.67e-05
   1.66e-05
   1.86e-05
   2.19e-05
   2.27e-05
   2.8e-05
   3.32e-05
   3.53e-05
   3.97e-05
   4.42e-05
   5.11e-05
   5.3e-05
   6.31e-05
   6.59e-05
   8.3e-05
   8.74e-05
   9.99e-05
   0.000107
   0.000117
   0.0001362
   0.000155
   0.0001687
   0.0002054
   0.0002161
   0.000249
   0.0002816
   0.0003277
   0.0003553
   0.0003982
   0.0004584
   0.0005191
   0.0005755
   0.0006479
   0.0007504
   0.0008234
   0.0009566
   0.0010788
   0.0012043
   0.0013667
   0.0015748
   0.0017957
   0.0020338
   0.0023575
   0.0027236
   0.0031626
   0.0036598
   0.0042927
   0.0050734
   0.0059846
   0.0071467
   0.0085704
   0.0103463
   0.0126945
   0.0155867
   0.0193334
   0.0240738
   0.0303588
   0.0384392
   0.0480904
   0.0556539
   0.0610399
   0.0642482
   0.0659112
   0.0658694
   0.0643894
   0.0609702
   0.0556572
   0.0479534
   0.0384595
   0.0303523
   0.0241038
   0.0193452
   0.015604
   0.0126433
   0.0103349
   0.0086197
   0.0071191
   0.0059955
   0.0050455
   0.0043056
   0.0036672
   0.0031429
   0.0026856
   0.0023662
   0.0020575
   0.0018056
   0.0015741
   0.0013736
   0.001202
   0.0010711
   0.0009316
   0.0008414
   0.0007419
   0.0006459
   0.0005844
   0.0005178
   0.0004447
   0.0004049
   0.0003575
   0.0003153
   0.0002862
   0.0002505
   0.000233
   0.0001965
   0.0001736
   0.0001544
   0.0001378
   0.0001315
   0.0001168
   0.0001025
   8.91e-05
   7.54e-05
   6.99e-05
   6.19e-05
   5.31e-05
   4.72e-05
   4.69e-05
   4.12e-05
   3.38e-05
   3.35e-05
   2.99e-05
   2.49e-05
   2.32e-05
   1.72e-05
   1.61e-05
   1.26e-05
   1.44e-05
   1.15e-05
   1.07e-05
   1.05e-05
   8.9e-06
   8.3e-06
   6.5e-06
   5.3e-06
   6.2e-06
   5.2e-06
   3.1e-06
   3.5e-06
   2.9e-06
   2.3e-06
   3.2e-06
   2.1e-06
   1.4e-06
   1.5e-06
   1.2e-06
   1.5e-06
   2.1e-06
   1.4e-06
   1.4e-06
   7e-07
   9e-07
   4e-07
   9e-07
   4e-07
   7e-07
   3e-07
   4e-07
   2e-07
   3e-07
   4e-07
   5e-07
   1e-07
   4e-07
