   0.011314
   0.0148237
   0.0154237
   0.0155791
   0.0155279
   0.0155964
   0.0155103
   0.0157721
   0.0155026
   0.0156027
   0.0156471
   0.0155853
   0.0154825
   0.0154965
   0.0154418
   0.0155796
   0.0155449
   0.0155408
   0.0155635
   0.0156887
   0.0155594
   0.0156762
   0.0156462
   0.0155237
   0.0155259
   0.0156116
   0.0155749
   0.0155583
   0.0155262
   0.0154729
   0.015475
   0.015554
   0.0155987
   0.0155285
   0.0155252
   0.0155124
   0.0154852
   0.0155733
   0.0155536
   0.0155593
   0.0155831
   0.0156588
   0.0156388
   0.015543
   0.0154859
   0.0156766
   0.0155518
   0.0155348
   0.0153356
   0.0154549
   0.0156322
   0.0156109
   0.0156359
   0.0155889
   0.0156977
   0.0154818
   0.0156374
   0.0155612
   0.0156208
   0.0156375
   0.0155358
   0.0155311
   0.0155359
   0.0156969
   0.0156023
   0.0154596
   0.0156047
   0.0156748
   0.01564
   0.0154425
   0.0156479
   0.0155441
   0.0156118
   0.0155982
   0.0154752
   0.0154658
   0.0156543
   0.0155906
   0.0156484
   0.015572
   0.0155779
   0.0155785
   0.0156823
   0.0156084
   0.0155511
   0.0157186
   0.0156732
   0.0155561
   0.0155257
   0.0156488
   0.0155434
   0.0155294
   0.0155792
   0.0154646
   0.0155132
   0.015424
   0.0154586
   0.015333
   0.0147146
   0.0113398
