   0.0
   0.0
   0.0
   2e-07
   0.0
   1e-07
   0.0
   0.0
   1e-07
   0.0
   1e-07
   0.0
   0.0
   0.0
   0.0
   2e-07
   1e-07
   1e-07
   0.0
   2e-07
   1e-07
   1e-07
   0.0
   0.0
   4e-07
   0.0
   0.0
   0.0
   0.0
   0.0
   5e-07
   3e-07
   0.0
   0.0
   0.0
   5e-07
   0.0
   1e-07
   0.0
   2e-07
   1e-07
   2e-07
   0.0
   2e-07
   2e-07
   1e-07
   1e-07
   1e-07
   0.0
   3e-07
   2e-07
   1e-07
   1e-07
   2e-07
   2e-07
   2e-07
   3e-07
   2e-07
   9e-07
   0.0
   4e-07
   7e-07
   7e-07
   2e-07
   6e-07
   1e-06
   4e-07
   3e-07
   4e-07
   1e-06
   4e-07
   1.1e-06
   8e-07
   2.5e-06
   2.6e-06
   1e-06
   7e-07
   1.7e-06
   1.9e-06
   2.7e-06
   1e-06
   1.5e-06
   1.9e-06
   2.1e-06
   1.7e-06
   2.2e-06
   2.7e-06
   2e-06
   2.1e-06
   2.2e-06
   2.4e-06
   3.3e-06
   2.5e-06
   4.7e-06
   4.2e-06
   3.8e-06
   5.5e-06
   3e-06
   4.4e-06
   5.9e-06
   4.7e-06
   5.5e-06
   6.1e-06
   4.6e-06
   3.5e-06
   7.2e-06
   6.1e-06
   9.4e-06
   6.1e-06
   5.3e-06
   8.6e-06
   1.21e-05
   7.7e-06
   1.09e-05
   1.04e-05
   1.44e-05
   1.31e-05
   1.22e-05
   1.15e-05
   1.43e-05
   1.7e-05
   1.64e-05
   1.93e-05
   2.13e-05
   1.99e-05
   1.67e-05
   2.27e-05
   2.55e-05
   2.7e-05
   2.69e-05
   2.49e-05
   3.11e-05
   3.19e-05
   3.5e-05
   3.71e-05
   3.79e-05
   3.85e-05
   4.55e-05
   4.27e-05
   4.68e-05
   5.32e-05
   5.32e-05
   6.46e-05
   6.51e-05
   6.65e-05
   7.04e-05
   7.05e-05
   7.22e-05
   8.09e-05
   8.49e-05
   8.54e-05
   0.0001001
   9.66e-05
   0.0001109
   0.0001016
   0.0001188
   0.0001238
   0.0001389
   0.0001393
   0.000148
   0.0001664
   0.000174
   0.0001821
   0.0001971
   0.0002036
   0.0002145
   0.0002231
   0.0002366
   0.0002513
   0.0002833
   0.0003025
   0.0003112
   0.0003172
   0.0003317
   0.0003724
   0.0003592
   0.0004013
   0.0004336
   0.0004544
   0.0004782
   0.0005218
   0.0005505
   0.000562
   0.0006097
   0.0006325
   0.0006861
   0.0007187
   0.0007682
   0.0007951
   0.0008431
   0.0008856
   0.0009382
   0.0010063
   0.0010777
   0.0011516
   0.0012075
   0.0012872
   0.0013716
   0.0014329
   0.0015284
   0.0016145
   0.0017082
   0.0018235
   0.0018866
   0.0020325
   0.0021117
   0.0022776
   0.0024334
   0.0025514
   0.0027018
   0.0028316
   0.0029918
   0.0032395
   0.0033615
   0.0035746
   0.0037444
   0.0039943
   0.004257
   0.0045639
   0.0048143
   0.0050697
   0.0053576
   0.005646
   0.0059585
   0.0063644
   0.0067186
   0.0071775
   0.0075872
   0.0080475
   0.0085174
   0.0089819
   0.0095476
   0.010075
   0.0106743
   0.0113506
   0.0120691
   0.0127552
   0.0134599
   0.0141823
   0.0150397
   0.0160354
   0.0169276
   0.0179506
   0.0189585
   0.0202183
   0.0753206
   0.0762635
   0.0770308
   0.0774578
   0.0774235
   0.0776477
   0.0773793
   0.0768182
   0.0760906
   0.0753263
   0.0201353
   0.0190576
   0.0180082
   0.0169941
   0.0159789
   0.0151595
   0.0142532
   0.0134814
   0.0127505
   0.011912
   0.0113782
   0.0106686
   0.010095
   0.0095138
   0.0089957
   0.0084687
   0.0080687
   0.0075657
   0.0072003
   0.0067336
   0.0063602
   0.0059946
   0.00568
   0.0053524
   0.0050717
   0.0047674
   0.0045212
   0.0042434
   0.0040049
   0.0038198
   0.0035622
   0.0034474
   0.0031869
   0.0030321
   0.0028675
   0.0026923
   0.0025389
   0.0024009
   0.0023008
   0.0021776
   0.0020342
   0.0019287
   0.0018056
   0.0016939
   0.0016105
   0.0015445
   0.00145
   0.0013759
   0.0012836
   0.0011796
   0.0011475
   0.0010833
   0.001016
   0.0009582
   0.0008829
   0.0008754
   0.0007849
   0.0007524
   0.0007242
   0.0006657
   0.0006244
   0.0005979
   0.0005722
   0.0005565
   0.0005174
   0.0004875
   0.0004366
   0.0004341
   0.0003989
   0.0003963
   0.000355
   0.000338
   0.0003273
   0.000306
   0.0002803
   0.0002623
   0.0002595
   0.0002428
   0.0002266
   0.0002293
   0.0002043
   0.0001984
   0.0001767
   0.0001732
   0.0001595
   0.0001374
   0.0001506
   0.0001364
   0.0001237
   0.0001177
   0.0001122
   0.0001051
   0.0001107
   9.59e-05
   9.39e-05
   8.19e-05
   8.41e-05
   8.04e-05
   6.73e-05
   7.55e-05
   6.71e-05
   6.02e-05
   5.18e-05
   5.12e-05
   4.94e-05
   4.61e-05
   4.01e-05
   4.38e-05
   4.28e-05
   3.57e-05
   3.14e-05
   3.51e-05
   3.19e-05
   3.04e-05
   3.16e-05
   2.46e-05
   2.53e-05
   2.51e-05
   2.4e-05
   2.33e-05
   1.85e-05
   1.93e-05
   1.69e-05
   1.4e-05
   1.59e-05
   1.49e-05
   1.34e-05
   1.45e-05
   1.11e-05
   1.54e-05
   1.54e-05
   8.9e-06
   1.29e-05
   1.01e-05
   9e-06
   1.12e-05
   9.9e-06
   7.2e-06
   6.4e-06
   8.6e-06
   5.5e-06
   5.3e-06
   5.3e-06
   4.9e-06
   5.3e-06
   4.6e-06
   6.3e-06
   5.6e-06
   6.6e-06
   2.7e-06
   3e-06
   1.9e-06
   2.6e-06
   3.3e-06
   1.9e-06
   3.8e-06
   3.1e-06
   2.8e-06
   2.2e-06
   3.2e-06
   1.7e-06
   1.9e-06
   8e-07
   1.4e-06
   2.4e-06
   1e-06
   1.5e-06
   1e-06
   1.1e-06
   1.1e-06
   9e-07
   7e-07
   6e-07
   1.1e-06
   1.4e-06
   1.2e-06
   1.5e-06
   4e-07
   1.1e-06
   1.7e-06
   1e-06
   2e-07
   9e-07
   5e-07
   3e-07
   1e-06
   2e-07
   1e-07
   6e-07
   2e-07
   4e-07
   1e-07
   4e-07
   2e-07
   2e-07
   4e-07
   1e-07
   3e-07
   0.0
   1e-07
   1e-07
   2e-07
   0.0
   4e-07
   2e-07
   0.0
   0.0
   0.0
   1e-07
   1e-06
   2e-07
   0.0
   0.0
   1e-07
   0.0
   0.0
   0.0
   0.0
   0.0
   2e-07
   1e-07
   0.0
   0.0
   1e-07
   0.0
   0.0
   0.0
   0.0
   0.0
   0.0
   0.0
   1e-07
   1e-07
   0.0
   0.0
   0.0
   0.0
   0.0
   0.0
   1e-07
   0.0
   0.0
   0.0
   0.0
   0.0
