   0.014187
   0.0187
   0.0197061
   0.0199053
   0.0201803
   0.0199131
   0.0200339
   0.0199992
   0.0202046
   0.0201059
   0.0200804
   0.0199806
   0.0199005
   0.0201277
   0.0199838
   0.0200583
   0.020018
   0.0202527
   0.0200713
   0.0200347
   0.0198711
   0.0200237
   0.0201299
   0.0201398
   0.0200752
   0.0199475
   0.0201017
   0.020132
   0.0200788
   0.0199055
   0.0201222
   0.0201515
   0.0199727
   0.0200396
   0.0201701
   0.0201827
   0.020019
   0.020084
   0.0200122
   0.0200428
   0.0202069
   0.0199874
   0.0200955
   0.0201801
   0.0200924
   0.020149
   0.0200191
   0.0201431
   0.0199819
   0.0200407
   0.0199703
   0.0201264
   0.0199343
   0.0201603
   0.0199957
   0.0201366
   0.0199897
   0.0199601
   0.0201464
   0.019896
   0.0200437
   0.0201379
   0.0199897
   0.0202562
   0.0199466
   0.0201267
   0.0201176
   0.0201737
   0.0200808
   0.0201232
   0.0201008
   0.0200459
   0.0201938
   0.0202059
   0.0200742
   0.020127
   0.0200074
   0.0201799
   0.0200653
   0.020108
   0.0199969
   0.0200289
   0.0200434
   0.0200842
   0.0200789
   0.020153
   0.0200416
   0.0199195
   0.0199633
   0.0201606
   0.0201071
   0.0201111
   0.0200241
   0.0200293
   0.0200109
   0.0200693
   0.0199963
   0.0196457
   0.0186918
   0.014164
