   0.0
   0.0
   0.0
   0.0
   0.0
   0.0
   0.0
   0.0
   0.0
   0.0
   0.0
   0.0
   0.0
   0.0
   0.0
   0.0
   0.0
   0.0
   0.0
   0.0
   0.0
   0.0
   0.0
   0.0
   0.0
   0.0
   0.0
   0.0
   0.0
   0.0
   0.0
   0.0
   0.0
   0.0
   0.0
   0.0
   0.0
   0.0
   0.0
   0.0
   0.0
   0.0
   0.0
   0.0
   0.0
   0.0
   0.0
   0.0
   0.0
   0.0
   0.0
   0.0
   0.0
   0.0
   0.0
   0.0
   0.0
   0.0
   0.0
   0.0
   0.0
   0.0
   0.0
   0.0
   0.0
   0.0
   0.0
   0.0
   0.0
   0.0
   0.0
   0.0
   0.0
   0.0
   0.0
   0.0
   0.0
   0.0
   0.0
   0.0
   0.0
   0.0
   0.0
   0.0
   0.0
   0.0
   0.0
   0.0
   0.0
   0.0
   0.0
   0.0
   0.0
   0.0
   0.0
   0.0
   0.0
   0.0
   0.0
   0.0
   0.0
   0.0
   0.0
   0.0
   0.0
   0.0
   0.0
   0.0
   0.0
   0.0
   0.0
   0.0
   0.0
   0.0
   0.0
   0.0
   0.0
   0.0
   0.0
   0.0
   0.0
   0.0
   0.0
   0.0
   0.0
   0.0
   0.0
   0.0
   0.0
   0.0
   0.0
   0.0
   0.0
   0.0
   0.0
   0.0
   0.0
   0.0
   0.0
   0.0
   0.0
   0.0
   0.0
   0.0
   0.0
   0.0
   0.0
   0.0
   0.0
   0.0
   0.0
   0.0
   0.0
   0.0
   0.0
   0.0
   0.0
   0.0
   0.0
   0.0
   0.0
   0.0
   0.0
   0.0
   0.0
   0.0
   0.0
   0.0
   0.0
   0.0
   0.0
   0.0
   0.0
   0.0
   0.0
   0.0
   0.0
   0.0
   0.0
   0.0
   0.0
   0.0
   0.0
   0.0
   0.0
   0.0
   0.0
   0.0
   0.0
   0.0
   0.0
   0.0
   0.0
   0.0
   0.0
   0.0
   0.0
   0.0
   0.0
   0.0
   0.0
   0.0
   0.0
   0.0
   0.0
   0.0
   0.0
   0.0
   0.0
   0.0
   0.0
   0.0
   0.0
   0.0
   0.0
   0.0
   0.0
   0.0
   0.0
   0.0
   0.0
   0.0
   0.0
   0.0
   0.0
   0.0
   0.0
   0.0
   0.0
   0.0
   0.0
   0.0
   0.0
   0.0
   0.0
   0.0
   0.0
   0.0
   0.0
   0.0
   0.0
   0.0
   0.0
   0.0
   0.0
   0.0
   0.0
   0.0
   0.0
   0.0
   0.0
   0.0
   0.0
   0.0
   0.0
   0.0
   0.0
   0.0
   0.0
   0.0
   0.0
   0.0
   0.0
   0.0
   0.0
   0.0
   0.0
   0.0
   0.0
   0.0
   0.0
   0.0
   0.0
   0.0
   0.0
   0.0
   0.0
   0.0
   0.0
   0.0
   0.0
   0.0
   0.0
   0.0
   0.0
   0.0
   0.0
   0.0
   0.0
   0.0
   0.0
   0.0
   0.0
   0.0
   0.0
   0.0
   0.0
   0.0
   0.0
   0.0
   0.0
   0.0
   0.0
   0.0
   0.0
   0.0
   0.0
   0.0
   0.0
   0.0
   0.0
   0.0
   0.0
   0.0
   0.0
   0.0
   0.0
   0.0
   0.0
   0.0
   0.0
   0.0
   0.0
   0.0
   0.0
   0.0
   0.0
   0.0
   0.0
   0.0
   0.0
   0.0
   0.0
   0.0
   0.0
   0.0
   0.0
   0.0
   0.0
   0.0
   0.0
   0.0
   0.0
   0.0
   0.0
   0.0
   0.0
   0.0
   0.0
   0.0
   0.0
   0.0
   0.0
   0.0
   0.0
   0.0
   0.0
   0.0
   0.0
   0.0
   0.0
   0.0
   0.0
   0.0
   0.0
   0.0
   0.0
   0.0
   0.0
   0.0
   0.0
   0.0
   0.0
   0.0
   0.0
   0.0
   0.0
   0.0
   0.0
   0.0
   0.0
   0.0
   0.0
   0.0
   0.0
   0.0
   0.0
   0.0
   0.0
   0.0
   0.0
   0.0
   0.0
   0.0
   0.0
   0.0
   0.0
   0.0
   0.0
   0.0
   0.0
   0.0
   0.0
   0.0
   0.0
   0.0
   0.0
   0.0
   0.0
   0.0
   2e-07
   0.0
   1e-07
   0.0
   5e-07
   0.0
   0.0
   0.0
   5e-07
   0.0
   2e-07
   0.0
   2e-07
   1e-07
   1e-07
   2e-07
   1e-07
   0.0
   0.0
   2e-07
   3e-07
   0.0
   1e-07
   1e-07
   1e-07
   0.0
   4e-07
   4e-07
   2e-07
   0.0
   1e-07
   2e-07
   0.0
   0.0
   5e-07
   1e-07
   1e-07
   2e-07
   1e-07
   1e-07
   1e-07
   2e-07
   2e-07
   0.0
   0.0
   2e-07
   2e-07
   1e-07
   1e-07
   1e-07
   2e-07
   0.0
   2e-07
   1e-07
   1e-07
   0.0
   0.0
   0.0
   2e-07
   4e-07
   3e-07
   0.0
   2e-07
   0.0
   1e-07
   0.0
   2e-07
   1e-07
   3e-07
   3e-07
   1e-07
   2e-07
   1e-07
   1e-07
   1e-07
   2e-07
   2e-07
   5e-07
   4e-07
   3e-07
   1e-07
   4e-07
   2e-07
   7e-07
   4e-07
   2e-07
   2e-07
   3e-07
   2e-07
   3e-07
   3e-07
   3e-07
   7e-07
   2e-07
   2e-07
   2e-07
   4e-07
   1e-07
   2e-07
   4e-07
   1.2e-06
   3e-07
   8e-07
   7e-07
   5e-07
   1.5e-06
   1e-07
   4e-07
   4e-07
   7e-07
   3e-07
   3e-07
   3e-07
   3e-07
   6e-07
   5e-07
   6e-07
   1.2e-06
   4e-07
   6e-07
   1e-06
   3e-07
   5e-07
   8e-07
   1.4e-06
   7e-07
   1e-06
   2e-07
   6e-07
   1e-06
   2.2e-06
   1.2e-06
   1.7e-06
   1.2e-06
   1.2e-06
   1.5e-06
   1e-06
   8e-07
   1.1e-06
   1.7e-06
   1.5e-06
   1.1e-06
   1.3e-06
   1e-06
   1.4e-06
   1.4e-06
   1.9e-06
   1.6e-06
   4e-06
   1.7e-06
   1.1e-06
   1.5e-06
   1.5e-06
   2.3e-06
   1.2e-06
   1.6e-06
   1e-06
   3e-06
   1.9e-06
   3.4e-06
   2.4e-06
   3e-06
   2.8e-06
   1.6e-06
   1.4e-06
   2.6e-06
   2.8e-06
   2.7e-06
   1.7e-06
   3.8e-06
   3e-06
   4.9e-06
   2.7e-06
   3.4e-06
   1.3e-06
   3.8e-06
   2.6e-06
   3.9e-06
   2.8e-06
   2.8e-06
   4.7e-06
   3.9e-06
   2.5e-06
   4e-06
   5.8e-06
   4e-06
   2.7e-06
   3.6e-06
   4.6e-06
   4e-06
   3.9e-06
   4.4e-06
   5.6e-06
   3.6e-06
   3.5e-06
   5.4e-06
   5.8e-06
   7.1e-06
   4.5e-06
   7.6e-06
   6.8e-06
   6.3e-06
   4.1e-06
   6.4e-06
   6.7e-06
   6.2e-06
   6.9e-06
   1.03e-05
   8.1e-06
   6.9e-06
   8.9e-06
   8.7e-06
   5.1e-06
   8.2e-06
   9.6e-06
   6.3e-06
   9.5e-06
   1.07e-05
   1e-05
   8.7e-06
   1.19e-05
   9.4e-06
   1.05e-05
   1.26e-05
   1.17e-05
   1.27e-05
   1.25e-05
   1.22e-05
   1.17e-05
   1.52e-05
   1.4e-05
   1.45e-05
   1.37e-05
   1.34e-05
   1.61e-05
   1.49e-05
   1.49e-05
   1.68e-05
   1.6e-05
   1.59e-05
   1.45e-05
   1.46e-05
   1.9e-05
   1.9e-05
   1.95e-05
   2.6e-05
   1.83e-05
   2.03e-05
   2.18e-05
   1.75e-05
   2.01e-05
   2.39e-05
   2.14e-05
   2.36e-05
   2.37e-05
   2.68e-05
   2.48e-05
   2.93e-05
   2.8e-05
   2.72e-05
   2.67e-05
   3.56e-05
   2.95e-05
   3.06e-05
   2.98e-05
   3.18e-05
   3.57e-05
   3.29e-05
   3.72e-05
   3.88e-05
   3.62e-05
   4.08e-05
   3.53e-05
   4.54e-05
   4.01e-05
   4.01e-05
   3.98e-05
   4.22e-05
   4.45e-05
   4.92e-05
   5.18e-05
   4.36e-05
   5.33e-05
   6.22e-05
   5.49e-05
   5.59e-05
   6e-05
   6.21e-05
   6.29e-05
   6.74e-05
   6.68e-05
   6.93e-05
   7.31e-05
   6.77e-05
   7.25e-05
   7.6e-05
   7.22e-05
   7.78e-05
   7.77e-05
   8.32e-05
   8.3e-05
   8.43e-05
   8.68e-05
   8.65e-05
   9.28e-05
   9.39e-05
   9.91e-05
   0.0001016
   0.0001017
   0.0001143
   0.0001049
   0.0001053
   0.0001034
   0.000109
   0.0001125
   0.0001212
   0.0001205
   0.0001257
   0.0001299
   0.0001287
   0.0001419
   0.0001579
   0.0001637
   0.0001507
   0.0001658
   0.0001554
   0.000166
   0.0001737
   0.0001708
   0.0001719
   0.0001862
   0.000192
   0.0001937
   0.0002038
   0.0002006
   0.0002101
   0.0002148
   0.0002216
   0.0002278
   0.0002358
   0.0002435
   0.0002383
   0.0002422
   0.0002401
   0.0002708
   0.0002739
   0.0002789
   0.0002843
   0.0002983
   0.0003161
   0.0003131
   0.0003401
   0.0003445
   0.0003429
   0.0003475
   0.0003595
   0.0003506
   0.000371
   0.0003851
   0.0004102
   0.000399
   0.0004209
   0.0004203
   0.0004352
   0.0004663
   0.0004593
   0.0004607
   0.0005003
   0.0004972
   0.0005175
   0.0005326
   0.0005671
   0.0005488
   0.0006035
   0.0006083
   0.0006165
   0.0006089
   0.0006425
   0.0006704
   0.0006695
   0.0006666
   0.0007107
   0.0007263
   0.0007261
   0.0007631
   0.0007696
   0.0007915
   0.000812
   0.0008646
   0.0008714
   0.0008727
   0.0009172
   0.0009315
   0.0009619
   0.0009858
   0.0010116
   0.0010439
   0.0010782
   0.0010948
   0.0011247
   0.0011338
   0.0011715
   0.0012363
   0.0012491
   0.0012671
   0.0013332
   0.0013729
   0.0013714
   0.0014091
   0.0014321
   0.0015269
   0.0015251
   0.0016036
   0.0016195
   0.0016283
   0.0017065
   0.0017403
   0.0017937
   0.0018578
   0.0019041
   0.0019665
   0.0020224
   0.0020527
   0.0020977
   0.0021602
   0.0022042
   0.0022748
   0.0023397
   0.002413
   0.0024186
   0.00251
   0.0025329
   0.0026507
   0.0026905
   0.0027822
   0.0028583
   0.0029388
   0.0030104
   0.003086
   0.0031783
   0.0033124
   0.0033713
   0.003477
   0.0034805
   0.0036149
   0.0037118
   0.0037794
   0.0038594
   0.0040241
   0.0040502
   0.0042502
   0.0042874
   0.0044707
   0.0045426
   0.004707
   0.0048016
   0.0049691
   0.0050846
   0.0051879
   0.0053754
   0.0054758
   0.0056628
   0.0058188
   0.0059071
   0.0060419
   0.006245
   0.0064027
   0.0066032
   0.0067362
   0.0069268
   0.0070867
   0.0072967
   0.0075511
   0.007756
   0.0078767
   0.0080891
   0.0083126
   0.0084585
   0.0087426
   0.0090733
   0.0092334
   0.0094563
   0.0097334
   0.0099845
   0.0102167
   0.0104645
   0.0107704
   0.0111322
   0.0114329
   0.0117346
   0.0119285
   0.0123603
   0.0126361
   0.0129922
   0.0133865
   0.0136959
   0.0140654
   0.0143206
   0.0147765
   0.0152205
   0.0156111
   0.0159862
   0.0163794
   0.0167881
   0.0173275
   0.0177995
   0.0181372
   0.0188283
   0.0193743
   0.019769
   0.0202733
   0.0208995
   0.0212758
   0.0219141
   0.0225488
   0.0230511
   0.0237892
   0.024305
   0.0248479
   0.0256362
   0.0263078
   0.0270939
   0.0278182
   0.0284074
   0.029271
   0.030068
   0.030841
   0.031683
   0.0325134
   0.0332529
   0.0340587
   0.0352429
   0.0359806
   0.0368613
   0.037891
   0.0390491
   0.0398676
   0.0410704
   0.0420559
   0.0432072
   0.0443093
   0.0454507
   0.0466631
   0.0481122
   0.0492371
   0.0504124
   0.0517871
   0.0531147
   0.054463
   0.0561015
   0.0576688
   0.0589586
   0.060562
   0.0624722
   0.0638141
   0.0655238
   0.0672391
   0.0691787
   0.0707937
   0.0727402
   0.07457
   0.0767669
   0.0788462
   0.0808801
   0.0831273
   0.0853044
   0.0872416
   0.0894613
   0.0922245
   0.0946619
   0.0969107
   0.0997646
   0.1021389
   0.1047723
   0.107688
   0.1106657
   0.1135284
   0.1168058
   0.1197055
   0.1229089
   0.1263721
   0.1295876
   0.1327821
   0.1361017
   0.1397144
   0.1433372
   0.1464099
   0.148823
   0.1504361
   0.1507961
   0.1506139
   0.15015
   0.1488355
   0.1465114
   0.143496
   0.1399251
   0.1360915
   0.1330413
   0.1294769
   0.1258291
   0.1225905
   0.1194201
   0.1165885
   0.1131352
   0.1106577
   0.1077368
   0.1049253
   0.1022395
   0.0997871
   0.0970982
   0.0945254
   0.0919667
   0.0896081
   0.0874161
   0.0850517
   0.082767
   0.0810596
   0.078739
   0.0767178
   0.074677
   0.0727513
   0.0708107
   0.0692971
   0.067123
   0.0656977
   0.0638934
   0.0621728
   0.0608589
   0.0594992
   0.0575862
   0.056315
   0.054722
   0.053369
   0.0521311
   0.0505084
   0.0494113
   0.0479836
   0.0467511
   0.0455776
   0.0443989
   0.0432788
   0.0420889
   0.0411604
   0.0399114
   0.0390084
   0.0379899
   0.0369664
   0.0362664
   0.035068
   0.0341511
   0.0333924
   0.0324228
   0.031677
   0.0307198
   0.029966
   0.029255
   0.0283754
   0.0277826
   0.0270488
   0.0264415
   0.0256864
   0.0249485
   0.0243704
   0.0236513
   0.0231188
   0.0225449
   0.021857
   0.021331
   0.0207863
   0.020213
   0.0196739
   0.0192259
   0.0187071
   0.0183187
   0.0177489
   0.0171948
   0.0168102
   0.0164247
   0.0161225
   0.015528
   0.0151601
   0.0148688
   0.0144428
   0.0140161
   0.0136764
   0.0133096
   0.013069
   0.0126262
   0.0123433
   0.0119425
   0.0117246
   0.0113361
   0.0110733
   0.0108143
   0.0105377
   0.0102524
   0.0099661
   0.0097625
   0.009454
   0.0092148
   0.0090696
   0.0088875
   0.0085766
   0.0083798
   0.0080632
   0.0079398
   0.0076983
   0.0075377
   0.0073443
   0.0070448
   0.0068967
   0.0066971
   0.0065207
   0.006405
   0.0062608
   0.0060659
   0.0058845
   0.0058116
   0.0056478
   0.0055182
   0.0053445
   0.0052234
   0.0050753
   0.0049333
   0.0048694
   0.0047073
   0.0045731
   0.0044752
   0.0043159
   0.0042311
   0.0040781
   0.0040103
   0.0038895
   0.0037721
   0.0036955
   0.0036338
   0.0035301
   0.0034218
   0.0033131
   0.0032974
   0.003214
   0.0030791
   0.0030073
   0.0029421
   0.002839
   0.0027946
   0.0026748
   0.0026777
   0.002575
   0.0025298
   0.0024132
   0.002404
   0.0023405
   0.0022772
   0.0021907
   0.0021648
   0.002117
   0.0020363
   0.0020005
   0.0019126
   0.0018524
   0.0018313
   0.0017939
   0.0017105
   0.0016734
   0.0016309
   0.0016068
   0.0015576
   0.0015238
   0.0015196
   0.0014213
   0.001382
   0.0013541
   0.0013453
   0.0012973
   0.0012786
   0.0012354
   0.0011988
   0.0011706
   0.0011381
   0.0011436
   0.0010809
   0.0010625
   0.0010163
   0.0009942
   0.0009803
   0.0009381
   0.0009313
   0.0008824
   0.0008776
   0.0008679
   0.0008356
   0.0008039
   0.0007863
   0.0007738
   0.0007611
   0.0007472
   0.0007296
   0.0006772
   0.0006841
   0.0006739
   0.0006508
   0.000614
   0.0006019
   0.000569
   0.0005787
   0.0005555
   0.0005421
   0.0005146
   0.0004955
   0.0004985
   0.0004954
   0.0004749
   0.0004591
   0.000451
   0.0004445
   0.0004285
   0.0004313
   0.0004065
   0.0004025
   0.0003948
   0.0003708
   0.0003738
   0.0003711
   0.0003497
   0.0003395
   0.0003342
   0.0003401
   0.0003133
   0.0003045
   0.000305
   0.0003002
   0.0002852
   0.0002738
   0.0002695
   0.0002675
   0.0002443
   0.0002391
   0.0002397
   0.0002384
   0.0002231
   0.0002198
   0.0002159
   0.0002143
   0.0002031
   0.000208
   0.0002027
   0.0001813
   0.0001845
   0.0001713
   0.0001786
   0.0001682
   0.000158
   0.0001491
   0.0001589
   0.0001521
   0.0001544
   0.0001438
   0.0001476
   0.0001411
   0.0001333
   0.0001265
   0.0001186
   0.0001236
   0.0001271
   0.0001296
   0.0001185
   0.000121
   0.0001196
   0.0001113
   0.0001056
   0.0001124
   9.33e-05
   9.55e-05
   9.32e-05
   9.36e-05
   9.12e-05
   9.01e-05
   9.32e-05
   7.93e-05
   7.84e-05
   8.42e-05
   7.22e-05
   7.73e-05
   6.74e-05
   7.88e-05
   7.05e-05
   7.52e-05
   7.09e-05
   7.34e-05
   5.84e-05
   6.36e-05
   7.04e-05
   5.68e-05
   6.17e-05
   5.12e-05
   6.2e-05
   5.2e-05
   5.19e-05
   4.96e-05
   5.4e-05
   4.61e-05
   4.58e-05
   4.36e-05
   4.03e-05
   4.75e-05
   3.95e-05
   3.92e-05
   4.13e-05
   3.28e-05
   3.47e-05
   3.38e-05
   3.87e-05
   2.68e-05
   3.83e-05
   3.39e-05
   3.04e-05
   2.95e-05
   2.84e-05
   2.36e-05
   3e-05
   2.69e-05
   2.3e-05
   2.33e-05
   3.08e-05
   2.51e-05
   2.45e-05
   2.32e-05
   1.9e-05
   1.96e-05
   1.7e-05
   2.25e-05
   1.98e-05
   1.74e-05
   1.83e-05
   1.74e-05
   1.74e-05
   1.95e-05
   1.72e-05
   1.81e-05
   1.98e-05
   1.57e-05
   1.38e-05
   1.37e-05
   1.3e-05
   1.68e-05
   1.07e-05
   1.13e-05
   1.18e-05
   1.17e-05
   1.08e-05
   1.07e-05
   9.2e-06
   1.13e-05
   1.19e-05
   1.06e-05
   1.02e-05
   1.03e-05
   1.07e-05
   1.07e-05
   8.6e-06
   9.5e-06
   8.8e-06
   7.5e-06
   7.5e-06
   6.6e-06
   6.6e-06
   7.4e-06
   8.8e-06
   7.8e-06
   7.9e-06
   8.4e-06
   6.5e-06
   8.1e-06
   6.3e-06
   6.7e-06
   5.6e-06
   4.1e-06
   6.2e-06
   6.4e-06
   5.6e-06
   5.8e-06
   3.5e-06
   4.4e-06
   3.5e-06
   6.7e-06
   2.7e-06
   5.6e-06
   5.3e-06
   3.8e-06
   4.8e-06
   5.8e-06
   4e-06
   5.2e-06
   3.3e-06
   4.4e-06
   4e-06
   2.9e-06
   3e-06
   2.9e-06
   2.8e-06
   4e-06
   3.4e-06
   3.3e-06
   2.7e-06
   2.3e-06
   2.1e-06
   2.9e-06
   3.3e-06
   2.3e-06
   2.5e-06
   2.9e-06
   3.8e-06
   2e-06
   3.1e-06
   1.4e-06
   2.5e-06
   2.5e-06
   3.6e-06
   1.4e-06
   2.5e-06
   2.4e-06
   1.6e-06
   1e-06
   8e-07
   2.5e-06
   1.6e-06
   1.9e-06
   2.3e-06
   1.8e-06
   1.4e-06
   2.3e-06
   1.7e-06
   2.4e-06
   2.4e-06
   2e-06
   2.2e-06
   1.1e-06
   1.4e-06
   8e-07
   1.1e-06
   2.5e-06
   1.9e-06
   1.3e-06
   1e-06
   1.4e-06
   1.6e-06
   1.3e-06
   8e-07
   7e-07
   1.5e-06
   1.6e-06
   1e-06
   1.1e-06
   1e-06
   1.6e-06
   7e-07
   3e-07
   1.1e-06
   1.9e-06
   9e-07
   1e-06
   1e-06
   4e-07
   3e-07
   1e-06
   6e-07
   4e-07
   2e-07
   5e-07
   3e-07
   6e-07
   4e-07
   2e-07
   8e-07
   1e-07
   3e-07
   6e-07
   1e-06
   1e-07
   4e-07
   4e-07
   3e-07
   1e-06
   2e-07
   4e-07
   6e-07
   2e-07
   3e-07
   3e-07
   0.0
   2e-07
   2e-07
   2e-07
   1e-07
   4e-07
   0.0
   0.0
   1e-07
   1e-07
   6e-07
   0.0
   1e-07
   0.0
   0.0
   3e-07
   0.0
   1e-07
   0.0
   0.0
   1e-07
   0.0
   0.0
   1e-07
   4e-07
   0.0
   1e-07
   1e-07
   0.0
   1e-07
   0.0
   0.0
   1e-07
   1e-07
   0.0
   1e-07
   0.0
   1e-07
   1e-07
   2e-07
   0.0
   1e-07
   0.0
   0.0
   0.0
   0.0
   4e-07
   0.0
   0.0
   0.0
   0.0
   0.0
   1e-07
   1e-07
   1e-07
   0.0
   1e-07
   1e-07
   1e-07
   1e-07
   0.0
   0.0
   1e-07
   0.0
   2e-07
   1e-07
   0.0
   0.0
   0.0
   0.0
   1e-07
   0.0
   0.0
   0.0
   0.0
   0.0
   0.0
   0.0
   0.0
   0.0
   0.0
   0.0
   0.0
   0.0
   0.0
   0.0
   0.0
   0.0
   0.0
   0.0
   0.0
   0.0
   0.0
   0.0
   0.0
   0.0
   0.0
   0.0
   0.0
   0.0
   0.0
   0.0
   0.0
   0.0
   0.0
   0.0
   0.0
   0.0
   0.0
   0.0
   0.0
   0.0
   0.0
   0.0
   0.0
   0.0
   0.0
   0.0
   0.0
   0.0
   0.0
   0.0
   0.0
   0.0
   0.0
   0.0
   0.0
   0.0
   0.0
   0.0
   0.0
   0.0
   0.0
   0.0
   0.0
   0.0
   0.0
   0.0
   0.0
   0.0
   0.0
   0.0
   0.0
   0.0
   0.0
   0.0
   0.0
   0.0
   0.0
   0.0
   0.0
   0.0
   0.0
   0.0
   0.0
   0.0
   0.0
   0.0
   0.0
   0.0
   0.0
   0.0
   0.0
   0.0
   0.0
   0.0
   0.0
   0.0
   0.0
   0.0
   0.0
   0.0
   0.0
   0.0
   0.0
   0.0
   0.0
   0.0
   0.0
   0.0
   0.0
   0.0
   0.0
   0.0
   0.0
   0.0
   0.0
   0.0
   0.0
   0.0
   0.0
   0.0
   0.0
   0.0
   0.0
   0.0
   0.0
   0.0
   0.0
   0.0
   0.0
   0.0
   0.0
   0.0
   0.0
   0.0
   0.0
   0.0
   0.0
   0.0
   0.0
   0.0
   0.0
   0.0
   0.0
   0.0
   0.0
   0.0
   0.0
   0.0
   0.0
   0.0
   0.0
   0.0
   0.0
   0.0
   0.0
   0.0
   0.0
   0.0
   0.0
   0.0
   0.0
   0.0
   0.0
   0.0
   0.0
   0.0
   0.0
   0.0
   0.0
   0.0
   0.0
   0.0
   0.0
   0.0
   0.0
   0.0
   0.0
   0.0
   0.0
   0.0
   0.0
   0.0
   0.0
   0.0
   0.0
   0.0
   0.0
   0.0
   0.0
   0.0
   0.0
   0.0
   0.0
   0.0
   0.0
   0.0
   0.0
   0.0
   0.0
   0.0
   0.0
   0.0
   0.0
   0.0
   0.0
   0.0
   0.0
   0.0
   0.0
   0.0
   0.0
   0.0
   0.0
   0.0
   0.0
   0.0
   0.0
   0.0
   0.0
   0.0
   0.0
   0.0
   0.0
   0.0
   0.0
   0.0
   0.0
   0.0
   0.0
   0.0
   0.0
   0.0
   0.0
   0.0
   0.0
   0.0
   0.0
   0.0
   0.0
   0.0
   0.0
   0.0
   0.0
   0.0
   0.0
   0.0
   0.0
   0.0
   0.0
   0.0
   0.0
   0.0
   0.0
   0.0
   0.0
   0.0
   0.0
   0.0
   0.0
   0.0
   0.0
   0.0
   0.0
   0.0
   0.0
   0.0
   0.0
   0.0
   0.0
   0.0
   0.0
   0.0
   0.0
   0.0
   0.0
   0.0
   0.0
   0.0
   0.0
   0.0
   0.0
   0.0
   0.0
   0.0
   0.0
   0.0
   0.0
   0.0
   0.0
   0.0
   0.0
   0.0
   0.0
   0.0
   0.0
   0.0
   0.0
   0.0
   0.0
   0.0
   0.0
   0.0
   0.0
   0.0
   0.0
   0.0
   0.0
   0.0
   0.0
   0.0
   0.0
   0.0
   0.0
   0.0
   0.0
   0.0
   0.0
   0.0
   0.0
   0.0
   0.0
   0.0
   0.0
   0.0
   0.0
   0.0
   0.0
   0.0
   0.0
   0.0
   0.0
   0.0
   0.0
   0.0
   0.0
   0.0
   0.0
   0.0
   0.0
   0.0
   0.0
   0.0
   0.0
   0.0
   0.0
   0.0
   0.0
   0.0
   0.0
   0.0
   0.0
   0.0
   0.0
   0.0
   0.0
   0.0
   0.0
   0.0
   0.0
   0.0
   0.0
   0.0
   0.0
   0.0
   0.0
   0.0
   0.0
   0.0
   0.0
   0.0
   0.0
   0.0
   0.0
   0.0
   0.0
   0.0
   0.0
   0.0
   0.0
   0.0
   0.0
   0.0
   0.0
   0.0
   0.0
   0.0
   0.0
   0.0
   0.0
   0.0
   0.0
   0.0
   0.0
   0.0
   0.0
   0.0
   0.0
   0.0
   0.0
   0.0
   0.0
   0.0
   0.0
   0.0
   0.0
   0.0
   0.0
   0.0
   0.0
   0.0
   0.0
   0.0
   0.0
   0.0
   0.0
   0.0
   0.0
   0.0
   0.0
   0.0
   0.0
   0.0
   0.0
   0.0
   0.0
   0.0
   0.0
   0.0
