   0.0
   0.0
   0.0
   0.0
   0.0
   0.0
   0.0
   0.0
   0.0
   0.0
   0.0
   0.0
   0.0
   0.0
   0.0
   0.0
   0.0
   0.0
   0.0
   0.0
   0.0
   0.0
   0.0
   0.0
   0.0
   0.0
   0.0
   0.0
   0.0
   0.0
   0.0
   0.0
   0.0
   0.0
   0.0
   0.0
   0.0
   0.0
   0.0
   0.0
   0.0
   0.0
   0.0
   0.0
   0.0
   0.0
   0.0
   0.0
   0.0
   0.0
   0.0
   0.0
   0.0
   0.0
   0.0
   0.0
   0.0
   0.0
   0.0
   0.0
   0.0
   0.0
   0.0
   0.0
   0.0
   0.0
   0.0
   0.0
   0.0
   0.0
   0.0
   0.0
   0.0
   0.0
   0.0
   0.0
   0.0
   0.0
   0.0
   0.0
   1e-06
   0.0
   0.0
   0.0
   0.0
   0.0
   0.0
   0.0
   0.0
   0.0
   0.0
   0.0
   0.0
   0.0
   0.0
   1e-06
   0.0
   0.0
   0.0
   0.0
   0.0
   0.0
   0.0
   0.0
   0.0
   0.0
   0.0
   0.0
   0.0
   0.0
   0.0
   0.0
   0.0
   0.0
   0.0
   0.0
   0.0
   0.0
   0.0
   0.0
   0.0
   0.0
   0.0
   0.0
   0.0
   0.0
   0.0
   0.0
   0.0
   0.0
   0.0
   0.0
   0.0
   0.0
   0.0
   0.0
   0.0
   0.0
   1e-06
   0.0
   0.0
   0.0
   0.0
   0.0
   0.0
   0.0
   0.0
   0.0
   0.0
   0.0
   2e-06
   0.0
   0.0
   0.0
   0.0
   0.0
   0.0
   0.0
   0.0
   0.0
   0.0
   0.0
   0.0
   0.0
   1e-06
   0.0
   0.0
   0.0
   0.0
   1e-06
   1e-06
   1e-06
   0.0
   1e-06
   0.0
   0.0
   0.0
   1e-06
   0.0
   1e-06
   0.0
   0.0
   0.0
   0.0
   0.0
   0.0
   0.0
   0.0
   0.0
   0.0
   1e-06
   2e-06
   0.0
   0.0
   1e-06
   2e-06
   3e-06
   1e-06
   2e-06
   1e-06
   2e-06
   2e-06
   1e-06
   0.0
   0.0
   2e-06
   3e-06
   1e-06
   3e-06
   2e-06
   5e-06
   2e-06
   1e-06
   1e-06
   1e-06
   1e-06
   2e-06
   3e-06
   3e-06
   3e-06
   6e-06
   3e-06
   5e-06
   5e-06
   1e-05
   6e-06
   3e-06
   8e-06
   3e-06
   6e-06
   7e-06
   6e-06
   8e-06
   5e-06
   4e-06
   7e-06
   1e-05
   1e-05
   8e-06
   1e-05
   1.2e-05
   1.5e-05
   9e-06
   7e-06
   1.4e-05
   1e-05
   1.7e-05
   1.3e-05
   2e-05
   1.5e-05
   1e-05
   2e-05
   1.3e-05
   1.4e-05
   1.9e-05
   2e-05
   3e-05
   2.1e-05
   2.2e-05
   2.7e-05
   3.3e-05
   2.7e-05
   3.4e-05
   2.9e-05
   3.6e-05
   3.7e-05
   3.8e-05
   4.9e-05
   4.4e-05
   4.3e-05
   5.1e-05
   4.8e-05
   5.9e-05
   4.7e-05
   5.3e-05
   6.3e-05
   6.2e-05
   5.6e-05
   5.7e-05
   7.5e-05
   7.6e-05
   9.2e-05
   9.1e-05
   9.7e-05
   0.000101
   0.000108
   0.000114
   0.000108
   9.1e-05
   0.00014
   0.000127
   0.000121
   0.00015
   0.000169
   0.000141
   0.000172
   0.000165
   0.000166
   0.000175
   0.000198
   0.000224
   0.000238
   0.000221
   0.000212
   0.000233
   0.000269
   0.000288
   0.000343
   0.00033
   0.000325
   0.000359
   0.000401
   0.000398
   0.000393
   0.000385
   0.000437
   0.000495
   0.000481
   0.00051
   0.000557
   0.000577
   0.00061
   0.00066
   0.000703
   0.000635
   0.000733
   0.000773
   0.000822
   0.00083
   0.000866
   0.000885
   0.000921
   0.001008
   0.001139
   0.001124
   0.00113
   0.001286
   0.001315
   0.001336
   0.001342
   0.001507
   0.001551
   0.001684
   0.00166
   0.001761
   0.001867
   0.002002
   0.002078
   0.002226
   0.002421
   0.002461
   0.002766
   0.00277
   0.002946
   0.003075
   0.003235
   0.003375
   0.003483
   0.003727
   0.003892
   0.004196
   0.004337
   0.004511
   0.004895
   0.005219
   0.005515
   0.005742
   0.006279
   0.006474
   0.006804
   0.007487
   0.007677
   0.008004
   0.008943
   0.009298
   0.00973
   0.010635
   0.011369
   0.012073
   0.01289
   0.013956
   0.01496
   0.015821
   0.017223
   0.018456
   0.020214
   0.0215
   0.023316
   0.025505
   0.027856
   0.029893
   0.032744
   0.036234
   0.039765
   0.04332
   0.047978
   0.051016
   0.053745
   0.055168
   0.055316
   0.055895
   0.055497
   0.053257
   0.05056
   0.047459
   0.043385
   0.039797
   0.036155
   0.033254
   0.030023
   0.027558
   0.025698
   0.023338
   0.021356
   0.020002
   0.018575
   0.017343
   0.01614
   0.014984
   0.01356
   0.012788
   0.012137
   0.011259
   0.010634
   0.009831
   0.009422
   0.008675
   0.008281
   0.007933
   0.007445
   0.006913
   0.006553
   0.006454
   0.005922
   0.005456
   0.005216
   0.004871
   0.004688
   0.004341
   0.004237
   0.004033
   0.00369
   0.003589
   0.00337
   0.003257
   0.00312
   0.002854
   0.002772
   0.002581
   0.002525
   0.002452
   0.002252
   0.002208
   0.00207
   0.001949
   0.00187
   0.001815
   0.001662
   0.001534
   0.001526
   0.00144
   0.001338
   0.001264
   0.001308
   0.001189
   0.00113
   0.001076
   0.001023
   0.000917
   0.000867
   0.000897
   0.000839
   0.000754
   0.00075
   0.000759
   0.000736
   0.000637
   0.000575
   0.000538
   0.000568
   0.000482
   0.000502
   0.000468
   0.000467
   0.000473
   0.000378
   0.000398
   0.000367
   0.000357
   0.00034
   0.000326
   0.000323
   0.000304
   0.000256
   0.000296
   0.000216
   0.000245
   0.000228
   0.000212
   0.000201
   0.000199
   0.000197
   0.000156
   0.000148
   0.000162
   0.000123
   0.000154
   0.000131
   0.000142
   0.000126
   0.00011
   0.000112
   0.000113
   0.000111
   0.000102
   9.2e-05
   7.9e-05
   7.3e-05
   8.4e-05
   6.9e-05
   7.5e-05
   6.2e-05
   6.1e-05
   5.7e-05
   6.9e-05
   4.2e-05
   5.3e-05
   4.6e-05
   5.1e-05
   4.6e-05
   3.7e-05
   4.1e-05
   3.8e-05
   4.7e-05
   3.7e-05
   3e-05
   3.4e-05
   2.9e-05
   3.1e-05
   2.3e-05
   3.4e-05
   1.8e-05
   2.3e-05
   1.8e-05
   1.6e-05
   2.2e-05
   1.8e-05
   2e-05
   2.4e-05
   1.8e-05
   1.8e-05
   2.5e-05
   1.7e-05
   1.6e-05
   1.3e-05
   1.7e-05
   9e-06
   9e-06
   7e-06
   5e-06
   8e-06
   1.1e-05
   5e-06
   1.3e-05
   5e-06
   1.1e-05
   2e-06
   7e-06
   1e-05
   4e-06
   3e-06
   3e-06
   4e-06
   5e-06
   8e-06
   3e-06
   2e-06
   3e-06
   1e-06
   6e-06
   4e-06
   1e-06
   3e-06
   3e-06
   2e-06
   5e-06
   0.0
   1e-06
   5e-06
   4e-06
   2e-06
   2e-06
   1e-06
   4e-06
   0.0
   0.0
   1e-06
   2e-06
   2e-06
   1e-06
   1e-06
   3e-06
   2e-06
   2e-06
   1e-06
   1e-06
   0.0
   0.0
   1e-06
   0.0
   0.0
   1e-06
   0.0
   0.0
   0.0
   1e-06
   1e-06
   0.0
   1e-06
   0.0
   1e-06
   1e-06
   1e-06
   0.0
   0.0
   0.0
   0.0
   1e-06
   0.0
   0.0
   0.0
   1e-06
   0.0
   0.0
   0.0
   0.0
   0.0
   0.0
   0.0
   0.0
   0.0
   0.0
   0.0
   0.0
   0.0
   0.0
   0.0
   0.0
   0.0
   1e-06
   0.0
   0.0
   0.0
   0.0
   0.0
   1e-06
   0.0
   0.0
   1e-06
   0.0
   0.0
   0.0
   0.0
   0.0
   0.0
   0.0
   0.0
   0.0
   0.0
   0.0
   0.0
   0.0
   0.0
   0.0
   0.0
   0.0
   0.0
   0.0
   0.0
   0.0
   0.0
   0.0
   0.0
   0.0
   0.0
   0.0
   0.0
   0.0
   0.0
   0.0
   0.0
   0.0
   0.0
   0.0
   0.0
   4e-06
   0.0
   0.0
   0.0
   0.0
   0.0
   0.0
   0.0
   0.0
   0.0
   0.0
   0.0
   0.0
   0.0
   0.0
   0.0
   0.0
   0.0
   0.0
   0.0
   0.0
   0.0
   0.0
   0.0
   0.0
   0.0
   0.0
   0.0
   0.0
   0.0
   0.0
   0.0
   0.0
   0.0
   0.0
   0.0
   0.0
   0.0
   0.0
   0.0
   0.0
   0.0
   0.0
   0.0
   0.0
   0.0
   0.0
   0.0
   0.0
   0.0
   0.0
   0.0
   0.0
   0.0
   0.0
   0.0
   0.0
   0.0
   0.0
   0.0
   0.0
   0.0
   0.0
   0.0
   0.0
   0.0
   0.0
   0.0
   0.0
   0.0
   0.0
   0.0
   0.0
   0.0
   0.0
   0.0
   0.0
   0.0
   0.0
   0.0
   0.0
   0.0
   0.0
   0.0
   0.0
   0.0
   0.0
   0.0
   0.0
   0.0
   0.0
   0.0
   0.0
   0.0
   0.0
   0.0
   0.0
   0.0
   0.0
   0.0
   0.0
   0.0
   0.0
   0.0
   0.0
