   0.0
   0.0
   0.0
   0.0
   0.0
   0.0
   0.0
   0.0
   0.0
   0.0
   0.0
   0.0
   0.0
   0.0
   0.0
   0.0
   0.0
   0.0
   0.0
   0.0
   0.0
   0.0
   0.0
   0.0
   0.0
   0.0
   0.0
   0.0
   0.0
   0.0
   0.0
   0.0
   0.0
   0.0
   0.0
   0.0
   0.0
   0.0
   0.0
   0.0
   0.0
   0.0
   0.0
   0.0
   0.0
   0.0
   0.0
   0.0
   0.0
   0.0
   0.0
   0.0
   0.0
   0.0
   0.0
   0.0
   0.0
   0.0
   0.0
   0.0
   0.0
   0.0
   0.0
   0.0
   0.0
   0.0
   0.0
   0.0
   0.0
   0.0
   0.0
   0.0
   0.0
   0.0
   0.0
   0.0
   2e-07
   0.0
   0.0
   0.0
   0.0
   4e-07
   1e-07
   1e-07
   2e-07
   0.0
   2e-07
   0.0
   0.0
   0.0
   2e-07
   4e-07
   1e-07
   4e-07
   2e-07
   0.0
   1e-07
   7e-07
   5e-07
   2e-07
   1.4e-06
   1e-06
   2e-07
   1.6e-06
   2.2e-06
   1.2e-06
   4e-07
   1.6e-06
   2.3e-06
   1.8e-06
   1.9e-06
   2.4e-06
   2.8e-06
   2.8e-06
   2.8e-06
   3.7e-06
   6e-06
   3.3e-06
   6.1e-06
   6.7e-06
   8.5e-06
   1e-05
   8.9e-06
   8.7e-06
   1.27e-05
   1.07e-05
   1.97e-05
   1.48e-05
   2.48e-05
   2.35e-05
   2.3e-05
   2.52e-05
   2.39e-05
   3.56e-05
   3.36e-05
   4.03e-05
   4.32e-05
   5.8e-05
   6.93e-05
   7.49e-05
   7.13e-05
   8.6e-05
   8.87e-05
   0.0001075
   0.0001192
   0.0001308
   0.0001555
   0.0001612
   0.0001993
   0.0002065
   0.0002344
   0.0002763
   0.0002982
   0.0003219
   0.00037
   0.000444
   0.0004994
   0.0005312
   0.000632
   0.000685
   0.0007484
   0.0008389
   0.0009385
   0.0010784
   0.0012265
   0.0013686
   0.0015253
   0.0017363
   0.0019541
   0.0021703
   0.0024459
   0.0027568
   0.0030519
   0.0035331
   0.0039563
   0.0043847
   0.0049334
   0.0055529
   0.0061531
   0.0069611
   0.0078413
   0.0088002
   0.0098782
   0.0110469
   0.0125609
   0.0140313
   0.01561
   0.017627
   0.0197936
   0.0222449
   0.0248662
   0.0281525
   0.0315037
   0.03537
   0.0397195
   0.1126829
   0.1167338
   0.1194895
   0.121282
   0.1222235
   0.1225499
   0.121509
   0.1200862
   0.1165098
   0.1131429
   0.0397289
   0.0352867
   0.0316177
   0.0280231
   0.0248888
   0.0221897
   0.0196911
   0.0175919
   0.0157736
   0.0140897
   0.0123388
   0.0109845
   0.0098962
   0.0088595
   0.0078875
   0.0069766
   0.0062239
   0.0055007
   0.0048612
   0.004451
   0.0038938
   0.0035132
   0.0031745
   0.0027803
   0.0024028
   0.0021994
   0.0019203
   0.0017536
   0.0015746
   0.0014085
   0.0012249
   0.0010585
   0.0009638
   0.0008493
   0.0007598
   0.0006723
   0.0005787
   0.0005566
   0.0004899
   0.0004248
   0.0003747
   0.0003403
   0.0003121
   0.0002864
   0.0002452
   0.0002198
   0.0001963
   0.0001786
   0.0001461
   0.0001427
   0.0001265
   0.000108
   9.76e-05
   9.3e-05
   8.13e-05
   7.13e-05
   5.83e-05
   4.98e-05
   4.63e-05
   4.3e-05
   4.09e-05
   3.38e-05
   3.45e-05
   2.79e-05
   2.63e-05
   2.34e-05
   1.88e-05
   1.73e-05
   1.41e-05
   1.17e-05
   1.11e-05
   1.49e-05
   1.09e-05
   1.21e-05
   8.4e-06
   5e-06
   3.1e-06
   6.4e-06
   3.8e-06
   3e-06
   3e-06
   5e-06
   2.9e-06
   1.9e-06
   1.4e-06
   4.3e-06
   1.9e-06
   1.9e-06
   1.7e-06
   1.8e-06
   1.5e-06
   6e-07
   4e-07
   7e-07
   7e-07
   2e-07
   2e-07
   6e-07
   7e-07
   1e-07
   2e-07
   3e-07
   7e-07
   7e-07
   3e-07
   3e-07
   0.0
   0.0
   2e-07
   1e-07
   0.0
   0.0
   0.0
   9e-07
   1e-07
   0.0
   0.0
   0.0
   0.0
   0.0
   0.0
   0.0
   0.0
   0.0
   0.0
   0.0
   0.0
   0.0
   0.0
   0.0
   0.0
   0.0
   0.0
   0.0
   0.0
   0.0
   0.0
   0.0
   0.0
   0.0
   0.0
   0.0
   0.0
   0.0
   0.0
   0.0
   0.0
   0.0
   0.0
   0.0
   0.0
   0.0
   0.0
   0.0
   0.0
   0.0
   0.0
   0.0
   0.0
   0.0
   0.0
   0.0
   0.0
   0.0
   0.0
   0.0
   0.0
   0.0
   0.0
   0.0
   0.0
   0.0
   0.0
   0.0
   0.0
   0.0
   0.0
   0.0
   0.0
   0.0
   0.0
   0.0
   0.0
   0.0
   0.0
   0.0
   0.0
   0.0
   0.0
   0.0
   0.0
   0.0
   0.0
   0.0
   0.0
