   0.0
   0.0
   0.0
   0.0
   0.0
   0.0
   0.0
   0.0
   0.0
   0.0
   0.0
   0.0
   0.0
   0.0
   4e-07
   0.0
   0.0
   0.0
   0.0
   0.0
   0.0
   0.0
   1e-07
   0.0
   0.0
   0.0
   0.0
   0.0
   0.0
   0.0
   0.0
   0.0
   0.0
   0.0
   2e-07
   0.0
   0.0
   0.0
   0.0
   0.0
   0.0
   0.0
   0.0
   0.0
   0.0
   0.0
   0.0
   0.0
   0.0
   0.0
   0.0
   0.0
   0.0
   1e-07
   0.0
   0.0
   0.0
   0.0
   0.0
   4e-07
   0.0
   0.0
   1e-07
   1e-07
   0.0
   0.0
   0.0
   0.0
   0.0
   0.0
   0.0
   5e-07
   0.0
   1e-07
   0.0
   1e-07
   0.0
   0.0
   0.0
   1e-07
   0.0
   1e-07
   0.0
   0.0
   0.0
   0.0
   0.0
   0.0
   4e-07
   0.0
   0.0
   0.0
   0.0
   2e-07
   0.0
   0.0
   0.0
   2e-07
   4e-07
   0.0
   1e-07
   1e-07
   0.0
   4e-07
   0.0
   1e-07
   1e-07
   2e-07
   5e-07
   2e-07
   4e-07
   1e-07
   1e-06
   2e-07
   0.0
   0.0
   1.7e-06
   3.8e-06
   0.0
   1e-07
   5e-07
   1e-07
   2e-07
   1.2e-06
   1.3e-06
   2e-07
   1e-07
   5e-07
   5e-07
   1e-07
   0.0
   1.3e-06
   9e-07
   1e-07
   1e-06
   1e-07
   4e-07
   8e-07
   2e-07
   2.9e-06
   4.5e-06
   3.9e-06
   4e-07
   4e-07
   2.8e-06
   1e-07
   1.3e-06
   5e-07
   4e-07
   7e-07
   2e-06
   6e-07
   3e-07
   1e-06
   2e-07
   4e-07
   1.3e-06
   8e-07
   4e-07
   5.3e-06
   1e-07
   6e-07
   1e-06
   4.2e-06
   1.5e-06
   1.7e-06
   1e-07
   1.1e-06
   8e-07
   1.3e-06
   2e-06
   2.3e-06
   4e-07
   9e-07
   3e-07
   1e-06
   3.2e-06
   2.9e-06
   2.3e-06
   6e-07
   4.4e-06
   5.2e-06
   7e-07
   2.6e-06
   1.6e-06
   5.2e-06
   5.4e-06
   2.2e-06
   4.6e-06
   3.5e-06
   1.9e-06
   3e-07
   2.4e-06
   1.2e-06
   3.8e-06
   4.5e-06
   2.6e-06
   2.3e-06
   6.6e-06
   7.1e-06
   3.2e-06
   4.2e-06
   5.8e-06
   5.5e-06
   5.7e-06
   1.14e-05
   8.9e-06
   8e-06
   4.3e-06
   8.5e-06
   2.6e-06
   7.6e-06
   5.7e-06
   8.5e-06
   5.1e-06
   5.3e-06
   6e-06
   8.6e-06
   8.4e-06
   1.23e-05
   1.17e-05
   6.2e-06
   1.08e-05
   9.6e-06
   1.36e-05
   1.32e-05
   8.4e-06
   9.4e-06
   1.79e-05
   1.71e-05
   1.3e-05
   1.38e-05
   2.89e-05
   9e-06
   1.97e-05
   2.27e-05
   1.45e-05
   2.45e-05
   2.46e-05
   8.8e-06
   2.41e-05
   1.74e-05
   2.97e-05
   1.85e-05
   2.57e-05
   3.64e-05
   3.1e-05
   1.91e-05
   2.57e-05
   2.83e-05
   2.7e-05
   2.21e-05
   3.43e-05
   2.58e-05
   3.39e-05
   3.21e-05
   3.81e-05
   3.6e-05
   3.36e-05
   5.17e-05
   3.95e-05
   5.37e-05
   3.66e-05
   3.58e-05
   4.05e-05
   4.45e-05
   4.53e-05
   5e-05
   8.01e-05
   6.67e-05
   5.29e-05
   6.15e-05
   5.43e-05
   8.8e-05
   6.76e-05
   8.27e-05
   5.58e-05
   7.05e-05
   8.6e-05
   6.47e-05
   8e-05
   7.6e-05
   8.24e-05
   8.75e-05
   0.0001008
   0.0001046
   0.000137
   0.0001081
   0.0001058
   0.0001052
   0.0001254
   0.0001188
   0.0001306
   0.0001469
   0.0001415
   0.000175
   0.000147
   0.0001546
   0.0001283
   0.0001642
   0.0001727
   0.0001925
   0.0001838
   0.0001994
   0.0001783
   0.0002055
   0.0001962
   0.0002157
   0.0002118
   0.0002578
   0.0002507
   0.0002498
   0.0002537
   0.0002464
   0.000245
   0.0003002
   0.0003195
   0.000292
   0.000315
   0.0002919
   0.0003339
   0.0003515
   0.0003729
   0.0003853
   0.0003813
   0.0003914
   0.0004093
   0.0004465
   0.0004565
   0.0004762
   0.0004616
   0.0004639
   0.0004675
   0.0005347
   0.0005322
   0.0006051
   0.0005294
   0.0005838
   0.0006281
   0.000665
   0.0006549
   0.0006899
   0.0007135
   0.0007326
   0.0007119
   0.0007833
   0.0009084
   0.0008575
   0.0009025
   0.0008447
   0.0009429
   0.0010195
   0.0010339
   0.0010555
   0.0010975
   0.001126
   0.001143
   0.001159
   0.001338
   0.0012259
   0.001262
   0.0013952
   0.0014281
   0.0014378
   0.0015682
   0.0015664
   0.0016345
   0.001671
   0.0018994
   0.0018964
   0.0018825
   0.0019323
   0.001916
   0.0021953
   0.0021356
   0.002199
   0.0022664
   0.0023115
   0.0024377
   0.0025976
   0.0027551
   0.0027776
   0.002755
   0.0029308
   0.003014
   0.003123
   0.0032988
   0.0034197
   0.0035386
   0.0035591
   0.0036966
   0.0040339
   0.0040048
   0.0041927
   0.0043125
   0.0044272
   0.0047122
   0.0047948
   0.0048728
   0.0049898
   0.0052812
   0.0052423
   0.0057128
   0.0059192
   0.0058368
   0.0061456
   0.0064624
   0.0065953
   0.0068989
   0.0073194
   0.0073719
   0.0077125
   0.0078412
   0.0082544
   0.0085179
   0.0088113
   0.0089893
   0.0093218
   0.0096649
   0.0101886
   0.0105125
   0.0106225
   0.011294
   0.011579
   0.0120804
   0.0125218
   0.0128458
   0.0132627
   0.0135435
   0.0141372
   0.0145025
   0.0153737
   0.0159532
   0.0161209
   0.016708
   0.017453
   0.0181692
   0.0186375
   0.0192999
   0.0201318
   0.0205547
   0.021457
   0.0220552
   0.0229191
   0.023844
   0.0243347
   0.025599
   0.0263447
   0.0271043
   0.0281261
   0.0294249
   0.0301069
   0.031565
   0.0327155
   0.0336238
   0.034602
   0.035836
   0.0373304
   0.038692
   0.0398289
   0.0411167
   0.0428494
   0.0445884
   0.0457764
   0.0472202
   0.0487903
   0.0505599
   0.0524931
   0.0543115
   0.0561597
   0.057942
   0.0601203
   0.0620472
   0.0642751
   0.0668995
   0.0687826
   0.0713631
   0.0743767
   0.076563
   0.0791984
   0.0816101
   0.0847425
   0.087746
   0.090585
   0.0943587
   0.0970186
   0.1006644
   0.1040044
   0.10768
   0.1112599
   0.1154779
   0.1188919
   0.1233038
   0.1284347
   0.1326207
   0.2692812
   0.2728057
   0.2751737
   0.2768359
   0.2786841
   0.2788933
   0.2774109
   0.2754445
   0.271366
   0.2689651
   0.1322571
   0.1283689
   0.1233654
   0.119137
   0.1153979
   0.1110214
   0.1070638
   0.1038205
   0.1002654
   0.0974041
   0.0941788
   0.0908744
   0.087421
   0.0845511
   0.0818708
   0.078788
   0.0762968
   0.0736942
   0.0717184
   0.0689395
   0.066196
   0.064849
   0.0623373
   0.0599526
   0.0582351
   0.05623
   0.054068
   0.052342
   0.050921
   0.0487988
   0.0474242
   0.0454202
   0.0438054
   0.0426019
   0.0412439
   0.0398167
   0.0384254
   0.0369042
   0.035716
   0.0344801
   0.0334544
   0.0322435
   0.0310666
   0.0301401
   0.0290333
   0.028223
   0.0270252
   0.0264765
   0.0253947
   0.0246154
   0.0237846
   0.02287
   0.0220606
   0.0217684
   0.0205954
   0.0200627
   0.0193151
   0.0187121
   0.0179888
   0.0173775
   0.0167607
   0.016337
   0.0159404
   0.0153279
   0.0148
   0.0139927
   0.0136155
   0.0131515
   0.012608
   0.0123812
   0.0119944
   0.0116687
   0.0109434
   0.0107321
   0.0104158
   0.0100878
   0.0097138
   0.0094277
   0.0089732
   0.0088177
   0.008654
   0.0083023
   0.0079521
   0.0073982
   0.0072849
   0.007026
   0.006868
   0.0067237
   0.0063711
   0.0061781
   0.0060503
   0.0057363
   0.0056792
   0.0053433
   0.0053234
   0.0049935
   0.0048164
   0.0047797
   0.0046215
   0.0043526
   0.004181
   0.0041494
   0.0041069
   0.0039158
   0.0037158
   0.0035785
   0.0035726
   0.0033867
   0.0034145
   0.0030732
   0.0029151
   0.0028895
   0.0028534
   0.0026665
   0.0027261
   0.0024986
   0.0025156
   0.002377
   0.0023053
   0.0021979
   0.0021743
   0.0021312
   0.0020167
   0.0020059
   0.0018315
   0.0018431
   0.0017052
   0.0017156
   0.0016202
   0.0015759
   0.0015188
   0.001455
   0.0014444
   0.001432
   0.0013494
   0.0013002
   0.0012282
   0.0012051
   0.0011624
   0.0011228
   0.0010245
   0.001085
   0.0010736
   0.0009797
   0.0009773
   0.0009627
   0.0008611
   0.0008632
   0.0008153
   0.0008067
   0.0007605
   0.0007606
   0.0006606
   0.000702
   0.0007157
   0.0006035
   0.000665
   0.0006318
   0.0005638
   0.0005602
   0.0005369
   0.0004987
   0.0004912
   0.0004648
   0.000436
   0.0004892
   0.0004204
   0.0004154
   0.0004128
   0.0004323
   0.0003691
   0.0003798
   0.0003488
   0.0003463
   0.0003192
   0.0003106
   0.0002861
   0.0002834
   0.0002801
   0.0002973
   0.0002483
   0.0002224
   0.0002623
   0.0002379
   0.0002479
   0.000213
   0.0002253
   0.0002393
   0.0002179
   0.0001857
   0.0002089
   0.000182
   0.0001674
   0.0001632
   0.0001424
   0.0001627
   0.0001567
   0.0001503
   0.0001373
   0.0001288
   0.0001592
   0.0001418
   0.0001212
   0.0001151
   0.0001175
   9.76e-05
   0.000103
   0.0001001
   0.0001019
   9.03e-05
   0.0001188
   8.34e-05
   7.93e-05
   7.8e-05
   8.09e-05
   7.93e-05
   8.13e-05
   7.36e-05
   7.31e-05
   7.74e-05
   5.69e-05
   7.29e-05
   6.06e-05
   8.71e-05
   7.2e-05
   5.45e-05
   5.08e-05
   4.19e-05
   5.33e-05
   5.77e-05
   4.92e-05
   4.29e-05
   4.1e-05
   3.97e-05
   4.09e-05
   5.45e-05
   4.05e-05
   3.81e-05
   4.57e-05
   2.81e-05
   3.52e-05
   3.01e-05
   2.2e-05
   3.59e-05
   3.51e-05
   2.69e-05
   2.95e-05
   2.13e-05
   3.51e-05
   2.06e-05
   2.04e-05
   1.38e-05
   2.56e-05
   2.25e-05
   1.4e-05
   2.38e-05
   1.39e-05
   1.6e-05
   1.74e-05
   1.87e-05
   1.27e-05
   2.47e-05
   1.88e-05
   1.1e-05
   1.55e-05
   9.1e-06
   1.18e-05
   1.3e-05
   1.53e-05
   1.09e-05
   1.62e-05
   6.9e-06
   1.2e-05
   7.5e-06
   6.7e-06
   7.9e-06
   1.05e-05
   5.7e-06
   8.3e-06
   7e-06
   7.3e-06
   5.1e-06
   7.1e-06
   4.8e-06
   2.8e-06
   9.2e-06
   1.09e-05
   3.3e-06
   5.2e-06
   4.5e-06
   1.1e-06
   7.3e-06
   3.6e-06
   5.2e-06
   7.5e-06
   2.8e-06
   1.7e-06
   5.2e-06
   5.4e-06
   3.6e-06
   2.3e-06
   9e-06
   5.9e-06
   5.9e-06
   3.8e-06
   2.4e-06
   2.2e-06
   2.9e-06
   1.4e-06
   2.8e-06
   2.5e-06
   1.7e-06
   2.6e-06
   3.3e-06
   4e-07
   2.8e-06
   3.1e-06
   1.7e-06
   9e-07
   4.3e-06
   1.8e-06
   0.0
   2.1e-06
   2.8e-06
   4e-07
   1.1e-06
   1.3e-06
   1.7e-06
   2e-07
   3.5e-06
   2.5e-06
   8e-07
   2e-07
   7e-07
   4.7e-06
   1.4e-06
   2e-07
   1.3e-06
   2e-07
   7e-07
   2e-07
   7.3e-06
   6e-07
   3e-07
   1.8e-06
   2.5e-06
   0.0
   6e-07
   9e-07
   1.8e-06
   1e-07
   6e-07
   0.0
   9e-07
   5e-07
   2.9e-06
   2.5e-06
   1e-07
   5e-07
   4e-06
   1e-07
   0.0
   9e-07
   3e-07
   5e-07
   0.0
   0.0
   1e-07
   0.0
   0.0
   2e-07
   5e-07
   4e-07
   4e-07
   0.0
   0.0
   0.0
   0.0
   0.0
   0.0
   4e-07
   0.0
   1e-07
   0.0
   0.0
   2e-07
   4e-07
   0.0
   0.0
   4e-07
   0.0
   0.0
   0.0
   1e-07
   1e-07
   0.0
   0.0
   0.0
   0.0
   0.0
   0.0
   1e-07
   4e-07
   0.0
   4e-07
   0.0
   0.0
   0.0
   0.0
   0.0
   0.0
   0.0
   1e-07
   0.0
   0.0
   0.0
   0.0
   0.0
   1e-07
   0.0
   1e-07
   0.0
   0.0
   0.0
   0.0
   1e-07
   0.0
   0.0
   4e-07
   0.0
   1e-07
   0.0
   0.0
   0.0
   0.0
   0.0
   0.0
   0.0
   0.0
   0.0
   0.0
   0.0
   0.0
   0.0
   0.0
   0.0
   0.0
   0.0
   4e-07
   0.0
   0.0
   1e-07
   0.0
   0.0
   1e-07
   0.0
   0.0
   0.0
   0.0
   0.0
   0.0
   0.0
   0.0
   0.0
   0.0
   0.0
   0.0
   0.0
   0.0
   0.0
   0.0
   0.0
   0.0
   0.0
   0.0
   0.0
   0.0
   0.0
   0.0
   0.0
   0.0
   0.0
   0.0
   0.0
   0.0
   0.0
   0.0
   0.0
   0.0
   0.0
   0.0
   0.0
   0.0
   0.0
   0.0
