   0.0
   0.0
   0.0
   0.0
   0.0
   0.0
   0.0
   0.0
   0.0
   0.0
   0.0
   0.0
   0.0
   0.0
   0.0
   0.0
   0.0
   0.0
   0.0
   0.0
   0.0
   0.0
   0.0
   0.0
   0.0
   0.0
   0.0
   0.0
   0.0
   0.0
   0.0
   0.0
   0.0
   0.0
   0.0
   0.0
   0.0
   0.0
   0.0
   0.0
   0.0
   0.0
   0.0
   0.0
   0.0
   0.0
   0.0
   0.0
   0.0
   0.0
   0.0
   0.0
   0.0
   0.0
   0.0
   0.0
   0.0
   0.0
   0.0
   0.0
   0.0
   0.0
   0.0
   0.0
   0.0
   0.0
   0.0
   0.0
   0.0
   0.0
   0.0
   0.0
   0.0
   0.0
   0.0
   0.0
   0.0
   0.0
   0.0
   0.0
   0.0
   0.0
   0.0
   0.0
   0.0
   0.0
   0.0
   0.0
   0.0
   0.0
   0.0
   0.0
   0.0
   0.0
   0.0
   0.0
   0.0
   0.0
   0.0
   0.0
   0.0
   0.0
   0.0
   0.0
   0.0
   0.0
   0.0
   0.0
   0.0
   0.0
   0.0
   1e-07
   0.0
   1e-07
   0.0
   0.0
   0.0
   0.0
   4e-07
   0.0
   1e-07
   5e-07
   0.0
   1e-07
   0.0
   0.0
   4e-07
   1e-07
   2e-07
   1e-07
   3e-07
   6e-07
   0.0
   1.4e-06
   7e-07
   1e-07
   7e-07
   2.3e-06
   4e-07
   6e-07
   5e-07
   8e-07
   3e-06
   1.5e-06
   1.6e-06
   3.6e-06
   1.1e-06
   4.8e-06
   3.9e-06
   3.4e-06
   6.1e-06
   4.6e-06
   4.5e-06
   3.7e-06
   8.7e-06
   5e-06
   8.8e-06
   1.02e-05
   9.7e-06
   9.9e-06
   8.4e-06
   1.22e-05
   1.69e-05
   1.77e-05
   2.17e-05
   2.02e-05
   1.89e-05
   3.35e-05
   2.83e-05
   2.99e-05
   3.96e-05
   3.97e-05
   4.01e-05
   4.49e-05
   5.62e-05
   6.4e-05
   6.22e-05
   7.02e-05
   7.78e-05
   8.75e-05
   9.7e-05
   0.0001203
   0.0001188
   0.0001177
   0.0001373
   0.000146
   0.0001821
   0.0001977
   0.0002349
   0.0002573
   0.0002753
   0.0003114
   0.0003549
   0.0003499
   0.0004105
   0.0004366
   0.0004928
   0.0005328
   0.0006222
   0.0006961
   0.0007406
   0.0008521
   0.0009013
   0.0010128
   0.0011192
   0.0013177
   0.0013959
   0.001575
   0.0017226
   0.0018396
   0.0021486
   0.0023591
   0.002656
   0.0028592
   0.0031459
   0.0035884
   0.0040036
   0.0044124
   0.0048161
   0.0053353
   0.0058935
   0.006562
   0.0073663
   0.0082147
   0.0091192
   0.009976
   0.0112066
   0.0121408
   0.0135563
   0.0150859
   0.0169797
   0.0186891
   0.0207599
   0.0230098
   0.0255327
   0.0282271
   0.0313125
   0.0347308
   0.0385112
   0.043031
   0.0476852
   0.0526364
   0.0586074
   0.0648592
   0.0723016
   0.1734469
   0.1787945
   0.1840636
   0.1868183
   0.1885662
   0.1885653
   0.1878724
   0.1833049
   0.179808
   0.1730369
   0.0721698
   0.0645725
   0.058364
   0.0525201
   0.0472591
   0.0427423
   0.0384463
   0.0349009
   0.0311995
   0.0283569
   0.0256352
   0.0230401
   0.0206725
   0.0186402
   0.0168709
   0.0152489
   0.0135448
   0.0125152
   0.0111571
   0.0102011
   0.0090107
   0.0081119
   0.0074097
   0.006583
   0.0058843
   0.0054118
   0.0049174
   0.0044097
   0.0039177
   0.0035499
   0.0031372
   0.0028719
   0.0026218
   0.0023464
   0.0021491
   0.0018676
   0.0017089
   0.0015344
   0.0013652
   0.0012679
   0.0011453
   0.0010305
   0.0009209
   0.0008629
   0.0007591
   0.0006687
   0.0006104
   0.0005436
   0.0004852
   0.0004882
   0.0004004
   0.0003551
   0.0003348
   0.0003085
   0.0002555
   0.0002363
   0.0002029
   0.0001967
   0.00018
   0.0001725
   0.00014
   0.0001351
   0.0001256
   9.5e-05
   9.71e-05
   8.86e-05
   8.18e-05
   7.3e-05
   7.78e-05
   5.44e-05
   5.79e-05
   5.21e-05
   3.49e-05
   2.93e-05
   3.66e-05
   3.69e-05
   2.56e-05
   1.86e-05
   1.65e-05
   2.37e-05
   1.49e-05
   1.15e-05
   1.59e-05
   9.7e-06
   1.6e-05
   1.36e-05
   9.2e-06
   7.9e-06
   8.2e-06
   5.3e-06
   4.5e-06
   3.5e-06
   4.3e-06
   5.1e-06
   4.4e-06
   3.6e-06
   3.7e-06
   5.2e-06
   1.8e-06
   9e-07
   4.9e-06
   3.1e-06
   1.3e-06
   2.5e-06
   3e-07
   4e-07
   5e-07
   2e-07
   4e-07
   5e-07
   3e-07
   5e-07
   1e-06
   1.1e-06
   0.0
   1e-07
   2e-07
   2e-07
   1.1e-06
   1e-07
   0.0
   6e-07
   0.0
   1e-07
   0.0
   0.0
   2e-07
   1e-07
   4e-07
   0.0
   0.0
   0.0
   0.0
   1e-07
   0.0
   0.0
   0.0
   0.0
   0.0
   1e-07
   1e-07
   0.0
   0.0
   0.0
   0.0
   0.0
   0.0
   0.0
   0.0
   0.0
   0.0
   4e-07
   0.0
   0.0
   0.0
   0.0
   0.0
   0.0
   0.0
   0.0
   0.0
   1e-07
   0.0
   0.0
   0.0
   0.0
   0.0
   0.0
   0.0
   0.0
   0.0
   0.0
   0.0
   0.0
   0.0
   0.0
   0.0
   0.0
   0.0
   0.0
   0.0
   0.0
   0.0
   0.0
   0.0
   0.0
   0.0
   0.0
   0.0
   0.0
   0.0
   0.0
   0.0
   0.0
   0.0
   0.0
   0.0
   0.0
   0.0
   0.0
   0.0
   0.0
   0.0
   0.0
   0.0
   0.0
   0.0
   0.0
   0.0
   0.0
   0.0
   0.0
   0.0
   0.0
   0.0
   0.0
   0.0
   0.0
   0.0
   0.0
   0.0
   0.0
   0.0
   0.0
   0.0
   0.0
   0.0
   0.0
   0.0
   0.0
   0.0
   0.0
   0.0
   0.0
   0.0
   0.0
   0.0
   0.0
   0.0
   0.0
   0.0
   0.0
   0.0
   0.0
   0.0
