   0.0180053
   0.024456
   0.0260715
   0.0265595
   0.0265567
   0.0266493
   0.0266699
   0.0266405
   0.0267491
   0.0265624
   0.0265815
   0.0264833
   0.0265634
   0.0267404
   0.0266478
   0.0267207
   0.0266931
   0.0266945
   0.0268496
   0.0268052
   0.0264426
   0.0265747
   0.0265971
   0.0265878
   0.0266133
   0.0266049
   0.0267537
   0.0267726
   0.0265392
   0.0266586
   0.0265572
   0.0266624
   0.0264264
   0.0264939
   0.0265974
   0.0266757
   0.0267403
   0.0266237
   0.026492
   0.0266392
   0.0266958
   0.0266171
   0.0267806
   0.0267176
   0.0266173
   0.0265847
   0.0266827
   0.0267397
   0.0265718
   0.0266433
   0.0266597
   0.0265174
   0.0265417
   0.0266971
   0.0265197
   0.0267009
   0.0267245
   0.0267306
   0.0267866
   0.0266584
   0.0266054
   0.0266315
   0.0268592
   0.0267951
   0.0267712
   0.0266652
   0.0268527
   0.0267142
   0.0266301
   0.0266338
   0.0267699
   0.0268514
   0.0265069
   0.026571
   0.0267242
   0.0267556
   0.0265407
   0.0268469
   0.0266816
   0.0267896
   0.0265912
   0.0266417
   0.0266721
   0.0266218
   0.0268417
   0.0266415
   0.0263909
   0.0266834
   0.0265992
   0.0266868
   0.0265269
   0.0264536
   0.0266893
   0.0268339
   0.0267411
   0.026802
   0.0263925
   0.026106
   0.0242998
   0.0180447
