   0.0
   0.0
   0.0
   0.0
   0.0
   0.0
   0.0
   0.0
   0.0
   0.0
   0.0
   0.0
   0.0
   0.0
   0.0
   0.0
   0.0
   0.0
   0.0
   0.0
   0.0
   0.0
   0.0
   0.0
   0.0
   0.0
   0.0
   0.0
   0.0
   0.0
   0.0
   0.0
   0.0
   0.0
   0.0
   0.0
   0.0
   0.0
   0.0
   0.0
   0.0
   0.0
   0.0
   0.0
   0.0
   0.0
   0.0
   0.0
   0.0
   0.0
   0.0
   0.0
   0.0
   0.0
   0.0
   0.0
   0.0
   0.0
   0.0
   1e-07
   0.0
   0.0
   0.0
   0.0
   0.0
   0.0
   0.0
   0.0
   0.0
   0.0
   0.0
   0.0
   0.0
   4e-07
   0.0
   4e-07
   1e-07
   1e-07
   5e-07
   0.0
   0.0
   0.0
   0.0
   5e-07
   6e-07
   1e-07
   9e-07
   1e-07
   6e-07
   2e-07
   7e-07
   3e-07
   4e-07
   7e-07
   1.8e-06
   2e-07
   1.1e-06
   7e-07
   9e-07
   1.6e-06
   1.5e-06
   1e-06
   1.6e-06
   1.2e-06
   2.1e-06
   8e-07
   2.2e-06
   3.2e-06
   2.2e-06
   3.9e-06
   5.6e-06
   3.9e-06
   5.9e-06
   3.8e-06
   5.1e-06
   9e-06
   9.9e-06
   9.8e-06
   1.18e-05
   1.24e-05
   1.07e-05
   1.7e-05
   1.85e-05
   1.8e-05
   2.31e-05
   2.8e-05
   3.01e-05
   3.88e-05
   3.71e-05
   3.52e-05
   4.58e-05
   4.94e-05
   6.09e-05
   6.07e-05
   6.55e-05
   8.07e-05
   8.62e-05
   9.04e-05
   0.0001184
   0.0001158
   0.0001321
   0.0001468
   0.0001808
   0.0001945
   0.0002115
   0.0002373
   0.0002662
   0.0003149
   0.0003517
   0.0003681
   0.0003963
   0.0004535
   0.0005252
   0.0005893
   0.0006587
   0.0007369
   0.0007802
   0.0008517
   0.0009679
   0.0011219
   0.0012767
   0.0014013
   0.0015711
   0.0017333
   0.0019305
   0.0021586
   0.0023934
   0.0027181
   0.0030592
   0.0033714
   0.003673
   0.0042322
   0.0047778
   0.0052344
   0.005794
   0.0065388
   0.0072316
   0.0081106
   0.0089549
   0.0100353
   0.0112557
   0.0127668
   0.014181
   0.0157559
   0.0175131
   0.0195955
   0.0217896
   0.0242229
   0.027061
   0.0304426
   0.0337869
   0.0379801
   0.0422368
   0.0472333
   0.0527091
   0.1384475
   0.1435373
   0.1468229
   0.1487701
   0.1505268
   0.1506343
   0.1489893
   0.1469808
   0.1435095
   0.1384113
   0.0526859
   0.0470171
   0.0425603
   0.0376731
   0.0337765
   0.0305138
   0.027021
   0.0243485
   0.0218112
   0.0196996
   0.0175482
   0.0155919
   0.0139044
   0.0125823
   0.0113321
   0.0101238
   0.0089647
   0.0080126
   0.0072645
   0.0065137
   0.0058011
   0.0051939
   0.0046436
   0.004094
   0.0036913
   0.0033705
   0.003005
   0.0026802
   0.0024
   0.0021663
   0.0019229
   0.0017396
   0.0015579
   0.0013606
   0.0012487
   0.0011363
   0.0010033
   0.0008722
   0.0008012
   0.0007174
   0.0006264
   0.0005622
   0.0005146
   0.000458
   0.0004358
   0.0003711
   0.0003305
   0.0002881
   0.0002567
   0.0002321
   0.0002048
   0.000192
   0.0001628
   0.000145
   0.000134
   0.0001127
   0.0001064
   9.99e-05
   9.31e-05
   8.68e-05
   7.72e-05
   6.23e-05
   5.57e-05
   4.56e-05
   4.4e-05
   3.45e-05
   4.09e-05
   3.06e-05
   2.67e-05
   2.42e-05
   2.25e-05
   2.2e-05
   1.81e-05
   1.85e-05
   1.71e-05
   1.72e-05
   1.21e-05
   1.27e-05
   7.7e-06
   8.4e-06
   9.6e-06
   4.8e-06
   6.3e-06
   4.5e-06
   4.8e-06
   6.3e-06
   4.1e-06
   3.1e-06
   4.1e-06
   3.2e-06
   1.6e-06
   1.5e-06
   2.3e-06
   1.7e-06
   1.3e-06
   1.3e-06
   7e-07
   3e-07
   1.8e-06
   8e-07
   7e-07
   5e-07
   1e-07
   2e-07
   1.5e-06
   3e-07
   0.0
   0.0
   0.0
   1e-07
   5e-07
   1e-07
   0.0
   1e-07
   0.0
   2e-07
   0.0
   0.0
   0.0
   1e-07
   2e-07
   0.0
   0.0
   0.0
   2e-07
   0.0
   4e-07
   0.0
   1e-07
   0.0
   0.0
   1e-07
   0.0
   0.0
   0.0
   0.0
   0.0
   0.0
   0.0
   0.0
   0.0
   0.0
   0.0
   0.0
   0.0
   0.0
   0.0
   0.0
   0.0
   0.0
   0.0
   0.0
   0.0
   0.0
   0.0
   0.0
   0.0
   0.0
   0.0
   0.0
   0.0
   0.0
   0.0
   0.0
   0.0
   0.0
   0.0
   0.0
   0.0
   0.0
   0.0
   0.0
   0.0
   0.0
   0.0
   0.0
   0.0
   0.0
   0.0
   0.0
   0.0
   0.0
   0.0
   0.0
   0.0
   0.0
   0.0
   0.0
   0.0
   0.0
   0.0
   0.0
   0.0
   0.0
   0.0
