   0.0
   0.0
   0.0
   0.0
   0.0
   0.0
   0.0
   0.0
   0.0
   0.0
   0.0
   0.0
   0.0
   0.0
   0.0
   0.0
   0.0
   0.0
   0.0
   0.0
   0.0
   0.0
   0.0
   0.0
   0.0
   0.0
   0.0
   0.0
   0.0
   0.0
   0.0
   0.0
   0.0
   0.0
   0.0
   0.0
   0.0
   0.0
   0.0
   0.0
   0.0
   0.0
   0.0
   0.0
   0.0
   0.0
   0.0
   0.0
   0.0
   0.0
   0.0
   0.0
   0.0
   0.0
   0.0
   0.0
   0.0
   0.0
   0.0
   0.0
   0.0
   0.0
   0.0
   0.0
   0.0
   0.0
   0.0
   0.0
   0.0
   0.0
   0.0
   0.0
   0.0
   0.0
   0.0
   0.0
   0.0
   0.0
   0.0
   0.0
   0.0
   0.0
   0.0
   0.0
   0.0
   0.0
   0.0
   0.0
   0.0
   0.0
   0.0
   0.0
   0.0
   0.0
   0.0
   0.0
   0.0
   0.0
   0.0
   0.0
   0.0
   0.0
   0.0
   0.0
   0.0
   0.0
   0.0
   0.0
   0.0
   0.0
   0.0
   0.0
   0.0
   0.0
   0.0
   0.0
   0.0
   0.0
   0.0
   0.0
   0.0
   0.0
   0.0
   0.0
   0.0
   0.0
   0.0
   0.0
   0.0
   0.0
   0.0
   0.0
   0.0
   0.0
   0.0
   0.0
   0.0
   0.0
   0.0
   0.0
   0.0
   0.0
   0.0
   0.0
   0.0
   0.0
   0.0
   0.0
   0.0
   0.0
   0.0
   0.0
   0.0
   0.0
   0.0
   0.0
   0.0
   0.0
   0.0
   0.0
   0.0
   0.0
   0.0
   0.0
   0.0
   0.0
   0.0
   0.0
   0.0
   0.0
   0.0
   0.0
   0.0
   0.0
   0.0
   0.0
   0.0
   0.0
   0.0
   0.0
   0.0
   0.0
   0.0
   0.0
   0.0
   0.0
   0.0
   0.0
   0.0
   0.0
   0.0
   0.0
   0.0
   0.0
   0.0
   0.0
   0.0
   0.0
   0.0
   0.0
   0.0
   0.0
   0.0
   0.0
   0.0
   0.0
   0.0
   0.0
   0.0
   0.0
   0.0
   0.0
   0.0
   0.0
   0.0
   0.0
   0.0
   0.0
   0.0
   0.0
   0.0
   0.0
   0.0
   0.0
   0.0
   0.0
   0.0
   1e-06
   0.0
   0.0
   0.0
   0.0
   0.0
   0.0
   0.0
   0.0
   0.0
   0.0
   0.0
   0.0
   0.0
   0.0
   0.0
   0.0
   0.0
   0.0
   1e-06
   0.0
   0.0
   0.0
   0.0
   0.0
   0.0
   0.0
   0.0
   0.0
   0.0
   0.0
   0.0
   1e-06
   0.0
   0.0
   0.0
   1e-06
   0.0
   1e-06
   0.0
   1e-06
   1e-06
   0.0
   0.0
   0.0
   1e-06
   1e-06
   0.0
   1e-06
   1e-06
   0.0
   0.0
   0.0
   1e-06
   1e-06
   5e-06
   1e-06
   0.0
   0.0
   1e-06
   1e-06
   4e-06
   1e-06
   0.0
   5e-06
   1e-06
   0.0
   1e-06
   0.0
   1e-06
   1e-06
   1e-06
   1e-06
   0.0
   1e-06
   0.0
   0.0
   1e-06
   1e-06
   0.0
   1e-06
   0.0
   1e-06
   0.0
   0.0
   4e-06
   0.0
   0.0
   2e-06
   2e-06
   0.0
   0.0
   1e-06
   2e-06
   1e-06
   2e-06
   2e-06
   5e-06
   1e-06
   1e-06
   1e-06
   1e-05
   2e-06
   1e-06
   1e-06
   1e-06
   3e-06
   1.1e-05
   0.0
   0.0
   0.0
   7e-06
   5e-06
   2e-06
   1e-06
   0.0
   2e-06
   0.0
   3e-06
   2e-06
   0.0
   3e-06
   5e-06
   1e-06
   3e-06
   6e-06
   3e-06
   5e-06
   2e-06
   2e-06
   2e-06
   1e-06
   1e-06
   2e-06
   2e-06
   1e-06
   0.0
   3e-06
   6e-06
   7e-06
   5e-06
   0.0
   2e-06
   1e-05
   2e-06
   3e-06
   5e-06
   5e-06
   1e-05
   2e-06
   4e-06
   3e-06
   3e-06
   9e-06
   1e-06
   1.6e-05
   3e-06
   4e-06
   3e-06
   8e-06
   1.5e-05
   3e-06
   8e-06
   3e-06
   2.2e-05
   7e-06
   8e-06
   1.2e-05
   2e-06
   4e-06
   4e-06
   5e-06
   7e-06
   2e-06
   3e-06
   4e-06
   6e-06
   1e-06
   8e-06
   1e-06
   8e-06
   3e-06
   2e-06
   3e-06
   6e-06
   6e-06
   5e-06
   1e-06
   4e-06
   5e-06
   3e-06
   1e-06
   4e-06
   6e-06
   1.7e-05
   2e-06
   4e-06
   1e-06
   5e-06
   1e-06
   3e-06
   8e-06
   6e-06
   1.7e-05
   8e-06
   8e-06
   1.4e-05
   7e-06
   9e-06
   6e-06
   9e-06
   2.5e-05
   6e-06
   3e-06
   7e-06
   3e-06
   3e-06
   3e-06
   3e-06
   6e-06
   6e-06
   4e-06
   1.2e-05
   1.1e-05
   4e-06
   6e-06
   1.5e-05
   3e-05
   9e-06
   1.5e-05
   2e-06
   3e-05
   6e-06
   1.5e-05
   1.4e-05
   9e-06
   2.7e-05
   1.5e-05
   1.7e-05
   2.7e-05
   1.6e-05
   3.3e-05
   1e-05
   8e-06
   1.9e-05
   1e-05
   3.2e-05
   1.4e-05
   1.1e-05
   1.7e-05
   3.3e-05
   1.4e-05
   1.7e-05
   7e-06
   1.2e-05
   1.7e-05
   1.9e-05
   1.3e-05
   2.3e-05
   3.4e-05
   1.5e-05
   1.6e-05
   1.7e-05
   3.6e-05
   4.9e-05
   1.8e-05
   2.2e-05
   3.1e-05
   2.1e-05
   1.9e-05
   2e-05
   2.2e-05
   1.8e-05
   2.6e-05
   2.3e-05
   3.1e-05
   1.9e-05
   3e-05
   1.8e-05
   2.2e-05
   2.6e-05
   5.9e-05
   3.5e-05
   3.6e-05
   3.8e-05
   3.2e-05
   2.7e-05
   3.6e-05
   2.9e-05
   4.1e-05
   2.6e-05
   4.3e-05
   2.9e-05
   4.9e-05
   3.1e-05
   4.5e-05
   4.8e-05
   2e-05
   4.5e-05
   5.4e-05
   4.8e-05
   4.2e-05
   4.9e-05
   4.1e-05
   5.4e-05
   8.2e-05
   3.3e-05
   4.6e-05
   5e-05
   3.9e-05
   4.8e-05
   4.2e-05
   5.3e-05
   6.7e-05
   4.6e-05
   9.2e-05
   7.6e-05
   5.2e-05
   6.9e-05
   6.1e-05
   6.5e-05
   4.5e-05
   4.8e-05
   5.7e-05
   8.8e-05
   5.5e-05
   6.2e-05
   6.7e-05
   9e-05
   6.5e-05
   0.000112
   8.1e-05
   7.7e-05
   9.5e-05
   9.2e-05
   8.6e-05
   7.6e-05
   0.000115
   0.000101
   9.1e-05
   8.5e-05
   8.6e-05
   8.4e-05
   8.1e-05
   9.5e-05
   9.9e-05
   8.1e-05
   0.000105
   9.8e-05
   8.5e-05
   7.7e-05
   0.000107
   8e-05
   0.000104
   0.000116
   0.000104
   0.000137
   0.000162
   0.000148
   0.000115
   0.000143
   0.000152
   0.000153
   0.000149
   0.000192
   0.000152
   0.000153
   0.000172
   0.00019
   0.000143
   0.000154
   0.000133
   0.000145
   0.000157
   0.000214
   0.000152
   0.000178
   0.000157
   0.000198
   0.00017
   0.000187
   0.000136
   0.000165
   0.00019
   0.000202
   0.000212
   0.000209
   0.000166
   0.000255
   0.000235
   0.000187
   0.000223
   0.000248
   0.000294
   0.00019
   0.000318
   0.000244
   0.000246
   0.000266
   0.000229
   0.000239
   0.00026
   0.000281
   0.000246
   0.000298
   0.000257
   0.00033
   0.000281
   0.000307
   0.000309
   0.000324
   0.000304
   0.000323
   0.000261
   0.000345
   0.000386
   0.00038
   0.000278
   0.000327
   0.000405
   0.000324
   0.000447
   0.000387
   0.000402
   0.000408
   0.000403
   0.000327
   0.000483
   0.000452
   0.000446
   0.000433
   0.000438
   0.000447
   0.000446
   0.000509
   0.000425
   0.000449
   0.000455
   0.000535
   0.000555
   0.000544
   0.000568
   0.000525
   0.000517
   0.000532
   0.000548
   0.000536
   0.000563
   0.000586
   0.000622
   0.000626
   0.000614
   0.000646
   0.000613
   0.000713
   0.000674
   0.000767
   0.000782
   0.000687
   0.00076
   0.000754
   0.000854
   0.000877
   0.000765
   0.000859
   0.000884
   0.000874
   0.000853
   0.000869
   0.000818
   0.000914
   0.001029
   0.000897
   0.001101
   0.001005
   0.000959
   0.001085
   0.001148
   0.001065
   0.001173
   0.001112
   0.001197
   0.001075
   0.001154
   0.001131
   0.001157
   0.001183
   0.001279
   0.001257
   0.001301
   0.001353
   0.001328
   0.001405
   0.001428
   0.001508
   0.001504
   0.001636
   0.001585
   0.001616
   0.00155
   0.001574
   0.00177
   0.001674
   0.001584
   0.001663
   0.001742
   0.001791
   0.001792
   0.00184
   0.001788
   0.001784
   0.001892
   0.002041
   0.001927
   0.00213
   0.002228
   0.002158
   0.002321
   0.0022
   0.00231
   0.002303
   0.002334
   0.002389
   0.002546
   0.002449
   0.002614
   0.002626
   0.002565
   0.002796
   0.002772
   0.002797
   0.002825
   0.002965
   0.002979
   0.003026
   0.003124
   0.003143
   0.003338
   0.003316
   0.003361
   0.003553
   0.003373
   0.003468
   0.00368
   0.003828
   0.003833
   0.003866
   0.00379
   0.003863
   0.004008
   0.003977
   0.003999
   0.004262
   0.004236
   0.004378
   0.004361
   0.004573
   0.004717
   0.004896
   0.004671
   0.004964
   0.005138
   0.00483
   0.004874
   0.005121
   0.005419
   0.005214
   0.005671
   0.005851
   0.005823
   0.005945
   0.006181
   0.005775
   0.006216
   0.006291
   0.006392
   0.006489
   0.006758
   0.006934
   0.007089
   0.006876
   0.007094
   0.007309
   0.007795
   0.007764
   0.007891
   0.007862
   0.008036
   0.008184
   0.008051
   0.008584
   0.008859
   0.00877
   0.008944
   0.009175
   0.009214
   0.00979
   0.009688
   0.009571
   0.010006
   0.010152
   0.010212
   0.01063
   0.010589
   0.011036
   0.011525
   0.011438
   0.011829
   0.011721
   0.012366
   0.012499
   0.012456
   0.013175
   0.013227
   0.013204
   0.013366
   0.014116
   0.013768
   0.013834
   0.014741
   0.014848
   0.015075
   0.015601
   0.01558
   0.015805
   0.016271
   0.016875
   0.016955
   0.017093
   0.017851
   0.018066
   0.018551
   0.018803
   0.018859
   0.019461
   0.019561
   0.02011
   0.020336
   0.020369
   0.02114
   0.021213
   0.021929
   0.022877
   0.022259
   0.022988
   0.023457
   0.023383
   0.024401
   0.025031
   0.025443
   0.025996
   0.026184
   0.026712
   0.027427
   0.028252
   0.028387
   0.028805
   0.029515
   0.03023
   0.030714
   0.031111
   0.032085
   0.032564
   0.033181
   0.033084
   0.034012
   0.035146
   0.034862
   0.036017
   0.036527
   0.03789
   0.038171
   0.039276
   0.039265
   0.041388
   0.040341
   0.04152
   0.042593
   0.043582
   0.044028
   0.044768
   0.045889
   0.04723
   0.046939
   0.04888
   0.048878
   0.050766
   0.051144
   0.052607
   0.053254
   0.0542
   0.055152
   0.055964
   0.057559
   0.05832
   0.060003
   0.060918
   0.061432
   0.063386
   0.064383
   0.065382
   0.067075
   0.06758
   0.068541
   0.070432
   0.07188
   0.07295
   0.074061
   0.07571
   0.076882
   0.079498
   0.080293
   0.081596
   0.084048
   0.084702
   0.086676
   0.088254
   0.088806
   0.091222
   0.09332
   0.094296
   0.096369
   0.098476
   0.10039
   0.102399
   0.103351
   0.106455
   0.10888
   0.109701
   0.111069
   0.113288
   0.116373
   0.118738
   0.120381
   0.122532
   0.124971
   0.126927
   0.128895
   0.131314
   0.133502
   0.137051
   0.13921
   0.142721
   0.14596
   0.147531
   0.150432
   0.153075
   0.15552
   0.158732
   0.162007
   0.163898
   0.166606
   0.171514
   0.173429
   0.17697
   0.180695
   0.183499
   0.188819
   0.191113
   0.194133
   0.19697
   0.202263
   0.205221
   0.209657
   0.213919
   0.218554
   0.221005
   0.225888
   0.229283
   0.233393
   0.236329
   0.236652
   0.237469
   0.239319
   0.238393
   0.235976
   0.233256
   0.228551
   0.225708
   0.220197
   0.217578
   0.214684
   0.210948
   0.20481
   0.200748
   0.197897
   0.195303
   0.191708
   0.187244
   0.1845
   0.181656
   0.17728
   0.174015
   0.170952
   0.168511
   0.164291
   0.161089
   0.158989
   0.155867
   0.152583
   0.150105
   0.148146
   0.144983
   0.141323
   0.139368
   0.136527
   0.135365
   0.13249
   0.130878
   0.126118
   0.125123
   0.12242
   0.120153
   0.118416
   0.116153
   0.114192
   0.112576
   0.109607
   0.107212
   0.106899
   0.103867
   0.102461
   0.100556
   0.098376
   0.096462
   0.094158
   0.092746
   0.090902
   0.090026
   0.088334
   0.086087
   0.084669
   0.083203
   0.082028
   0.080019
   0.078841
   0.077306
   0.076082
   0.074746
   0.073926
   0.07157
   0.070093
   0.069687
   0.067554
   0.066398
   0.065685
   0.06397
   0.063425
   0.06203
   0.061006
   0.060096
   0.059015
   0.057627
   0.055626
   0.055652
   0.053838
   0.053288
   0.052522
   0.051334
   0.049865
   0.048392
   0.048673
   0.047726
   0.046729
   0.04585
   0.044395
   0.044096
   0.043601
   0.042727
   0.04174
   0.040833
   0.040202
   0.03935
   0.039233
   0.037808
   0.038133
   0.036317
   0.035772
   0.035423
   0.034634
   0.033746
   0.033542
   0.032964
   0.0325
   0.032007
   0.031578
   0.031409
   0.030431
   0.029743
   0.029019
   0.028225
   0.028544
   0.027198
   0.026806
   0.026098
   0.026323
   0.025588
   0.025159
   0.025095
   0.024378
   0.024055
   0.02337
   0.022625
   0.022475
   0.022439
   0.021137
   0.021287
   0.020686
   0.020897
   0.020021
   0.02028
   0.01975
   0.018783
   0.018615
   0.018643
   0.018079
   0.017937
   0.017249
   0.017441
   0.016575
   0.016593
   0.016078
   0.015505
   0.015647
   0.01522
   0.014972
   0.01482
   0.014337
   0.014474
   0.01358
   0.013989
   0.013711
   0.013221
   0.013145
   0.012586
   0.012659
   0.012323
   0.012062
   0.011963
   0.011563
   0.01174
   0.010972
   0.011348
   0.010829
   0.010629
   0.010225
   0.010099
   0.009941
   0.009652
   0.009686
   0.009551
   0.009487
   0.009259
   0.00896
   0.008809
   0.00872
   0.008401
   0.008398
   0.008145
   0.008202
   0.007909
   0.007589
   0.007529
   0.007431
   0.007407
   0.00741
   0.00708
   0.006911
   0.006655
   0.006788
   0.006466
   0.006659
   0.006466
   0.006358
   0.006074
   0.006155
   0.005771
   0.005841
   0.005662
   0.005475
   0.005402
   0.005193
   0.005222
   0.005306
   0.005083
   0.004993
   0.004834
   0.004827
   0.004576
   0.004744
   0.004647
   0.004539
   0.004232
   0.004197
   0.004203
   0.004137
   0.00416
   0.004175
   0.004038
   0.003825
   0.003905
   0.003832
   0.003612
   0.003607
   0.00362
   0.003514
   0.003376
   0.003204
   0.003257
   0.003179
   0.002979
   0.003053
   0.002995
   0.003008
   0.00291
   0.002867
   0.002845
   0.002802
   0.002851
   0.002635
   0.002622
   0.002372
   0.002499
   0.002397
   0.0025
   0.00238
   0.002354
   0.002166
   0.002167
   0.002218
   0.002072
   0.0021
   0.002127
   0.001933
   0.002059
   0.001951
   0.001955
   0.002
   0.001774
   0.001708
   0.001633
   0.001674
   0.001789
   0.001756
   0.001535
   0.001478
   0.001631
   0.001484
   0.001405
   0.001496
   0.001508
   0.001511
   0.00144
   0.001308
   0.001289
   0.001335
   0.001273
   0.00119
   0.001179
   0.001126
   0.001121
   0.00124
   0.001144
   0.001115
   0.001012
   0.001203
   0.001086
   0.00109
   0.001113
   0.000913
   0.001116
   0.000995
   0.000903
   0.000842
   0.001021
   0.000959
   0.000937
   0.000874
   0.00086
   0.000917
   0.000875
   0.000815
   0.000738
   0.000804
   0.000749
   0.000676
   0.000778
   0.000854
   0.00072
   0.000728
   0.000657
   0.000649
   0.000745
   0.00074
   0.000662
   0.000681
   0.00066
   0.000697
   0.000552
   0.000597
   0.000574
   0.000591
   0.000556
   0.000543
   0.000584
   0.00053
   0.000509
   0.000479
   0.000549
   0.0005
   0.000505
   0.000485
   0.000482
   0.000502
   0.000445
   0.000441
   0.000429
   0.000441
   0.000445
   0.000382
   0.000365
   0.000465
   0.00042
   0.000404
   0.000373
   0.000346
   0.000347
   0.000314
   0.000368
   0.000417
   0.000371
   0.000326
   0.000338
   0.000374
   0.000367
   0.000313
   0.000353
   0.000304
   0.000303
   0.000309
   0.000271
   0.000249
   0.00025
   0.000244
   0.000223
   0.000318
   0.000249
   0.000232
   0.000243
   0.000269
   0.000275
   0.000267
   0.000272
   0.000249
   0.000205
   0.000232
   0.000244
   0.00018
   0.000216
   0.000172
   0.0002
   0.000181
   0.000191
   0.000164
   0.000153
   0.000183
   0.000179
   0.00019
   0.000181
   0.000137
   0.000119
   0.000179
   0.000186
   0.000145
   0.000215
   0.000155
   0.000142
   0.000185
   0.000155
   0.000154
   0.00016
   0.000109
   0.00016
   0.000148
   0.000118
   0.000151
   8.1e-05
   0.000111
   0.00013
   0.00012
   0.000106
   8.6e-05
   0.000107
   9.9e-05
   0.000105
   8.3e-05
   0.000118
   0.000111
   0.0001
   7.4e-05
   9.4e-05
   0.000114
   9.5e-05
   8.2e-05
   7.3e-05
   8.9e-05
   0.000107
   7.6e-05
   9.7e-05
   8e-05
   5.1e-05
   7.1e-05
   8.6e-05
   8.4e-05
   5.1e-05
   6.4e-05
   7e-05
   5.7e-05
   6.4e-05
   7.3e-05
   5.4e-05
   6.4e-05
   5.9e-05
   5.3e-05
   6.5e-05
   4.6e-05
   5.6e-05
   5.2e-05
   4.2e-05
   5.8e-05
   4.5e-05
   4.2e-05
   3.9e-05
   5.8e-05
   4.2e-05
   3.5e-05
   3.7e-05
   3.7e-05
   4.3e-05
   3.1e-05
   4.6e-05
   4.3e-05
   1.9e-05
   6.1e-05
   3e-05
   2.2e-05
   3.4e-05
   2.1e-05
   2.7e-05
   2.9e-05
   3.3e-05
   4.1e-05
   5.1e-05
   3.1e-05
   4.7e-05
   2.7e-05
   4.9e-05
   2.5e-05
   1.9e-05
   3.9e-05
   3.6e-05
   3.2e-05
   4.1e-05
   2.3e-05
   4.4e-05
   2e-05
   2.5e-05
   2.9e-05
   3.1e-05
   2.8e-05
   2.6e-05
   1.7e-05
   1.9e-05
   2.5e-05
   3.4e-05
   2.2e-05
   3.9e-05
   2.5e-05
   2e-05
   1.5e-05
   1.4e-05
   2.3e-05
   1.4e-05
   1.2e-05
   1.7e-05
   6e-06
   1.1e-05
   1.6e-05
   2.5e-05
   1.4e-05
   1.3e-05
   1e-05
   1.5e-05
   1.3e-05
   5e-06
   9e-06
   1.3e-05
   1e-05
   8e-06
   1.2e-05
   4e-06
   2.2e-05
   9e-06
   5e-06
   6e-06
   5e-06
   8e-06
   1.1e-05
   1.3e-05
   1.8e-05
   9e-06
   6e-06
   1.5e-05
   3e-06
   4e-06
   7e-06
   1.5e-05
   7e-06
   4e-06
   8e-06
   1.3e-05
   5e-06
   1.3e-05
   1e-05
   3e-06
   3e-06
   4e-06
   4e-06
   1e-06
   7e-06
   6e-06
   5e-06
   1.9e-05
   4e-06
   5e-06
   7e-06
   1.9e-05
   3e-06
   4e-06
   1e-06
   7e-06
   4e-06
   3e-06
   1e-06
   2e-06
   2e-06
   5e-06
   2e-06
   1e-06
   4e-06
   5e-06
   1e-06
   5e-06
   1e-06
   4e-06
   2e-06
   3e-06
   7e-06
   1e-06
   2e-06
   5e-06
   3e-06
   4e-06
   3e-06
   0.0
   3e-06
   3e-06
   1e-06
   2e-06
   3e-06
   1e-06
   2e-06
   2e-06
   0.0
   1e-06
   3e-06
   1e-06
   0.0
   2e-06
   1e-06
   0.0
   1e-06
   2e-06
   1e-06
   4e-06
   7e-06
   3e-06
   5e-06
   9e-06
   6e-06
   1e-06
   0.0
   4e-06
   2e-06
   0.0
   8e-06
   1e-05
   1e-06
   2e-06
   1e-06
   1e-06
   0.0
   0.0
   0.0
   0.0
   0.0
   0.0
   1e-06
   0.0
   1e-06
   0.0
   4e-06
   0.0
   0.0
   2e-06
   1e-06
   0.0
   2e-06
   1e-05
   1e-06
   1e-06
   1e-06
   1e-06
   0.0
   2e-06
   0.0
   1e-06
   1e-06
   0.0
   1e-06
   1e-06
   0.0
   0.0
   1e-06
   1e-06
   0.0
   0.0
   2e-06
   0.0
   1e-06
   0.0
   1e-06
   4e-06
   0.0
   0.0
   0.0
   1e-06
   1e-06
   0.0
   0.0
   4e-06
   1e-06
   0.0
   1e-06
   0.0
   1e-06
   1e-06
   1e-06
   1e-06
   0.0
   0.0
   0.0
   1e-06
   0.0
   0.0
   0.0
   0.0
   1e-06
   0.0
   0.0
   0.0
   0.0
   0.0
   0.0
   0.0
   0.0
   0.0
   1e-06
   0.0
   0.0
   0.0
   0.0
   0.0
   0.0
   0.0
   0.0
   0.0
   0.0
   0.0
   0.0
   0.0
   0.0
   0.0
   0.0
   0.0
   0.0
   0.0
   0.0
   0.0
   0.0
   0.0
   0.0
   0.0
   0.0
   0.0
   0.0
   0.0
   0.0
   0.0
   0.0
   0.0
   0.0
   0.0
   0.0
   0.0
   0.0
   0.0
   0.0
   0.0
   0.0
   0.0
   0.0
   0.0
   0.0
   0.0
   0.0
   0.0
   0.0
   0.0
   0.0
   0.0
   0.0
   0.0
   0.0
   0.0
   0.0
   0.0
   0.0
   0.0
   0.0
   0.0
   0.0
   0.0
   0.0
   0.0
   0.0
   0.0
   0.0
   0.0
   0.0
   0.0
   0.0
   0.0
   0.0
   0.0
   0.0
   0.0
   0.0
   0.0
   0.0
   0.0
   0.0
   0.0
   0.0
   0.0
   0.0
   0.0
   0.0
   0.0
   0.0
   0.0
   0.0
   0.0
   0.0
   0.0
   0.0
   0.0
   0.0
   0.0
   0.0
   0.0
   0.0
   0.0
   0.0
   0.0
   0.0
   0.0
   0.0
   0.0
   0.0
   0.0
   0.0
   0.0
   0.0
   0.0
   0.0
   0.0
   0.0
   0.0
   0.0
   0.0
   0.0
   0.0
   0.0
   0.0
   0.0
   0.0
   0.0
   0.0
   0.0
   0.0
   0.0
   0.0
   0.0
   0.0
   0.0
   0.0
   0.0
   0.0
   0.0
   0.0
   0.0
   0.0
   0.0
   0.0
   0.0
   0.0
   0.0
   0.0
   0.0
   0.0
   0.0
   0.0
   0.0
   0.0
   0.0
   0.0
   0.0
   0.0
   0.0
   0.0
   0.0
   0.0
   0.0
   0.0
   0.0
   0.0
   0.0
   0.0
   0.0
   0.0
   0.0
   0.0
   0.0
   0.0
   0.0
   0.0
   0.0
   0.0
   0.0
   0.0
   0.0
   0.0
   0.0
   0.0
   0.0
   0.0
   0.0
   0.0
   0.0
   0.0
   0.0
   0.0
   0.0
   0.0
   0.0
   0.0
   0.0
   0.0
   0.0
   0.0
   0.0
   0.0
   0.0
   0.0
   0.0
   0.0
   0.0
   0.0
   0.0
   0.0
   0.0
   0.0
   0.0
   0.0
   0.0
   0.0
   0.0
   0.0
   0.0
   0.0
   0.0
   0.0
   0.0
   0.0
   0.0
   0.0
   0.0
   0.0
   0.0
   0.0
   0.0
   0.0
   0.0
   0.0
   0.0
   0.0
   0.0
   0.0
   0.0
   0.0
   0.0
   0.0
   0.0
   0.0
   0.0
   0.0
   0.0
   0.0
   0.0
   0.0
   0.0
   0.0
   0.0
   0.0
   0.0
   0.0
   0.0
   0.0
   0.0
   0.0
   0.0
   0.0
   0.0
   0.0
   0.0
   0.0
   0.0
   0.0
   0.0
   0.0
   0.0
   0.0
   0.0
   0.0
   0.0
   0.0
   0.0
   0.0
   0.0
   0.0
   0.0
   0.0
   0.0
   0.0
   0.0
   0.0
   0.0
   0.0
   0.0
   0.0
   0.0
   0.0
