   0.0
   0.0
   0.0
   0.0
   0.0
   0.0
   0.0
   0.0
   0.0
   0.0
   0.0
   0.0
   0.0
   0.0
   0.0
   0.0
   0.0
   0.0
   0.0
   0.0
   0.0
   0.0
   0.0
   0.0
   0.0
   0.0
   0.0
   0.0
   0.0
   0.0
   0.0
   0.0
   0.0
   0.0
   0.0
   0.0
   0.0
   0.0
   0.0
   0.0
   0.0
   0.0
   0.0
   0.0
   0.0
   0.0
   0.0
   0.0
   0.0
   0.0
   0.0
   0.0
   0.0
   0.0
   0.0
   0.0
   0.0
   0.0
   0.0
   0.0
   0.0
   0.0
   0.0
   0.0
   0.0
   0.0
   0.0
   0.0
   0.0
   0.0
   0.0
   0.0
   0.0
   0.0
   0.0
   0.0
   0.0
   0.0
   0.0
   0.0
   0.0
   0.0
   0.0
   0.0
   0.0
   0.0
   0.0
   0.0
   0.0
   0.0
   0.0
   0.0
   0.0
   0.0
   0.0
   0.0
   0.0
   0.0
   0.0
   0.0
   0.0
   0.0
   0.0
   0.0
   0.0
   0.0
   0.0
   0.0
   0.0
   0.0
   0.0
   0.0
   0.0
   0.0
   0.0
   0.0
   0.0
   0.0
   0.0
   0.0
   0.0
   0.0
   0.0
   0.0
   1e-06
   0.0
   0.0
   0.0
   0.0
   0.0
   5e-06
   2e-06
   1e-06
   1e-06
   1e-06
   0.0
   0.0
   4e-06
   1e-06
   1e-06
   0.0
   4e-06
   1e-06
   1e-06
   1e-06
   0.0
   0.0
   0.0
   0.0
   0.0
   5e-06
   1e-06
   1e-06
   4e-06
   1e-06
   4e-06
   1e-06
   1e-06
   1e-06
   0.0
   1e-06
   5e-06
   1e-06
   5e-06
   2e-06
   1e-06
   1e-05
   2e-06
   2e-06
   1e-06
   2e-06
   1e-06
   2e-06
   1.3e-05
   1.9e-05
   6e-06
   2e-06
   9e-06
   1.3e-05
   1e-06
   1.7e-05
   7e-06
   1.3e-05
   3.6e-05
   1.5e-05
   2e-06
   1e-05
   1e-06
   4e-06
   6e-06
   2e-06
   6e-06
   3e-06
   4e-06
   1e-05
   6e-06
   9e-06
   5e-06
   2e-06
   7e-06
   7e-06
   1.5e-05
   3e-06
   1.8e-05
   1.5e-05
   1.5e-05
   1e-05
   2e-06
   1.9e-05
   9e-06
   2.1e-05
   4e-06
   1.3e-05
   3e-06
   4e-06
   2e-05
   8e-06
   3.1e-05
   3.5e-05
   2.5e-05
   4.5e-05
   9e-06
   5e-05
   2.1e-05
   2.5e-05
   2.6e-05
   2.6e-05
   2e-05
   1.7e-05
   1.7e-05
   5.5e-05
   3.6e-05
   3.5e-05
   3.7e-05
   2.3e-05
   1.4e-05
   1.6e-05
   5.7e-05
   2.6e-05
   1.8e-05
   3.8e-05
   2.9e-05
   6.3e-05
   2.4e-05
   2e-05
   1.5e-05
   5.1e-05
   2.7e-05
   7.1e-05
   3.3e-05
   4.7e-05
   3.6e-05
   2.9e-05
   3.2e-05
   1.5e-05
   3.4e-05
   3.4e-05
   4.5e-05
   7.4e-05
   5.6e-05
   7.8e-05
   0.00011
   0.000137
   0.000115
   8.7e-05
   0.000138
   3.9e-05
   9.4e-05
   7.4e-05
   8.9e-05
   6.9e-05
   9.8e-05
   9e-05
   0.000114
   0.000105
   0.000104
   0.000124
   0.000163
   0.00016
   0.000146
   0.000175
   0.000139
   0.000168
   0.000161
   0.000198
   0.000172
   0.000289
   0.000249
   0.000281
   0.000191
   0.000242
   0.000198
   0.000208
   0.000248
   0.00025
   0.000248
   0.000201
   0.000232
   0.000284
   0.000303
   0.000293
   0.000308
   0.00028
   0.000277
   0.000288
   0.000343
   0.000389
   0.000327
   0.000417
   0.000365
   0.000456
   0.000523
   0.000464
   0.000558
   0.000614
   0.000596
   0.000621
   0.000634
   0.000697
   0.000657
   0.000697
   0.000776
   0.000823
   0.000749
   0.000941
   0.000966
   0.000992
   0.000986
   0.000985
   0.001123
   0.00099
   0.00113
   0.001082
   0.001192
   0.001233
   0.001268
   0.001445
   0.001479
   0.001366
   0.001493
   0.001568
   0.001908
   0.001786
   0.001723
   0.001794
   0.001926
   0.002087
   0.002079
   0.002315
   0.002271
   0.002319
   0.002485
   0.002631
   0.002691
   0.002803
   0.002795
   0.002911
   0.003228
   0.003074
   0.003397
   0.00331
   0.003555
   0.003673
   0.003514
   0.003924
   0.004025
   0.004178
   0.004334
   0.004257
   0.004574
   0.004832
   0.005333
   0.005024
   0.005294
   0.005737
   0.006086
   0.006367
   0.006235
   0.006461
   0.006924
   0.007128
   0.007491
   0.0076
   0.007761
   0.008144
   0.008346
   0.00867
   0.009483
   0.009576
   0.009944
   0.010761
   0.010501
   0.011877
   0.012252
   0.012542
   0.012526
   0.013053
   0.013626
   0.014158
   0.014928
   0.015195
   0.015906
   0.015808
   0.017049
   0.017442
   0.017889
   0.019056
   0.019911
   0.020485
   0.020744
   0.021556
   0.02281
   0.023267
   0.024876
   0.02603
   0.02656
   0.028014
   0.028264
   0.029365
   0.031184
   0.03181
   0.033202
   0.034759
   0.03625
   0.0377
   0.038893
   0.040785
   0.041355
   0.043866
   0.046274
   0.046722
   0.04915
   0.050541
   0.052249
   0.054493
   0.057291
   0.059831
   0.062827
   0.065107
   0.068002
   0.070674
   0.073301
   0.076483
   0.077701
   0.082064
   0.084704
   0.087593
   0.091258
   0.095036
   0.098621
   0.102369
   0.105823
   0.110574
   0.113636
   0.119113
   0.124076
   0.127678
   0.134153
   0.139425
   0.145389
   0.14894
   0.156617
   0.162201
   0.16868
   0.173572
   0.180789
   0.187909
   0.195508
   0.203033
   0.212316
   0.216055
   0.226224
   0.236098
   0.246933
   0.257991
   0.267292
   0.276825
   0.288468
   0.299189
   0.310999
   0.323278
   0.337636
   0.348704
   0.366024
   0.38029
   0.398165
   0.414922
   0.433511
   0.450501
   0.471749
   0.492354
   0.517024
   0.543345
   0.573446
   0.604787
   0.635565
   0.661741
   0.68426
   0.697558
   0.702168
   0.701452
   0.697285
   0.683254
   0.664775
   0.632738
   0.604851
   0.570914
   0.544422
   0.518846
   0.493326
   0.47394
   0.451059
   0.431357
   0.415504
   0.396747
   0.38107
   0.367414
   0.352221
   0.338948
   0.322703
   0.309217
   0.298607
   0.285571
   0.27638
   0.266452
   0.256375
   0.245316
   0.236913
   0.226907
   0.217273
   0.209204
   0.20225
   0.195855
   0.187777
   0.179501
   0.17226
   0.16582
   0.162257
   0.15462
   0.151465
   0.144927
   0.139311
   0.13219
   0.129148
   0.122785
   0.118236
   0.114503
   0.110301
   0.105976
   0.102645
   0.098046
   0.093699
   0.089435
   0.086613
   0.085206
   0.081106
   0.077967
   0.075556
   0.072247
   0.068639
   0.066543
   0.064205
   0.061977
   0.060934
   0.057801
   0.055203
   0.053982
   0.05231
   0.049228
   0.047232
   0.046495
   0.04545
   0.043084
   0.041658
   0.040163
   0.038253
   0.037735
   0.03544
   0.034142
   0.03256
   0.03064
   0.029997
   0.028887
   0.028558
   0.026529
   0.026186
   0.025082
   0.024039
   0.023236
   0.022336
   0.021751
   0.021074
   0.020123
   0.019593
   0.019126
   0.017536
   0.017155
   0.016561
   0.015846
   0.015301
   0.015227
   0.014361
   0.013723
   0.013249
   0.012445
   0.012249
   0.01169
   0.01178
   0.010564
   0.010148
   0.009843
   0.00925
   0.009307
   0.009268
   0.008777
   0.009017
   0.008303
   0.007513
   0.007687
   0.007382
   0.0069
   0.006847
   0.006197
   0.0063
   0.006152
   0.005601
   0.005631
   0.005001
   0.004878
   0.00504
   0.004933
   0.004817
   0.004474
   0.003927
   0.003926
   0.00372
   0.003782
   0.003726
   0.003568
   0.003537
   0.003338
   0.003104
   0.003234
   0.002577
   0.00288
   0.002725
   0.002415
   0.002257
   0.002328
   0.002132
   0.002117
   0.002045
   0.001985
   0.001875
   0.001581
   0.00181
   0.001779
   0.001455
   0.001584
   0.001528
   0.001337
   0.001236
   0.001447
   0.001202
   0.001211
   0.001129
   0.001101
   0.001159
   0.001067
   0.000938
   0.001065
   0.000851
   0.000856
   0.000964
   0.000907
   0.00081
   0.000785
   0.000656
   0.000884
   0.000621
   0.000703
   0.000684
   0.000594
   0.000632
   0.000565
   0.000553
   0.000574
   0.000519
   0.000476
   0.000482
   0.000418
   0.000456
   0.000338
   0.000374
   0.000353
   0.000305
   0.000401
   0.000327
   0.000272
   0.000278
   0.000252
   0.000214
   0.000241
   0.000253
   0.000231
   0.000199
   0.000257
   0.000295
   0.000146
   0.000183
   0.000175
   0.000177
   0.000238
   0.000211
   0.000207
   0.000161
   0.000177
   0.000244
   0.000172
   0.000171
   0.000125
   0.000194
   0.000217
   0.000176
   0.000113
   0.000123
   8.9e-05
   0.000111
   8.9e-05
   8.5e-05
   0.000109
   0.000116
   0.000108
   5.6e-05
   8.9e-05
   8.5e-05
   8.9e-05
   7.3e-05
   7.2e-05
   4.1e-05
   0.000114
   4.1e-05
   4.8e-05
   4.7e-05
   5.3e-05
   6.4e-05
   2.4e-05
   3.6e-05
   7e-05
   3.3e-05
   5.7e-05
   3.1e-05
   3.8e-05
   5.7e-05
   5.4e-05
   7.2e-05
   2.4e-05
   6e-06
   2.7e-05
   1.7e-05
   1.9e-05
   2e-05
   2.4e-05
   2.1e-05
   3.2e-05
   1.7e-05
   3.5e-05
   2.6e-05
   2.2e-05
   8e-06
   1.1e-05
   8e-06
   5e-06
   1.4e-05
   1.4e-05
   8e-06
   1.6e-05
   1.7e-05
   1.1e-05
   4e-06
   8e-06
   1e-05
   3e-06
   1.3e-05
   1.7e-05
   5e-06
   6e-06
   2e-06
   5e-06
   8e-06
   2.6e-05
   1e-06
   1.8e-05
   1.3e-05
   1.3e-05
   1.1e-05
   1.1e-05
   1e-05
   5e-06
   5e-06
   1.4e-05
   2.7e-05
   3e-06
   4e-06
   0.0
   7e-06
   2e-06
   1.8e-05
   9e-06
   3e-06
   0.0
   0.0
   4e-06
   0.0
   2e-06
   2e-06
   5e-06
   3e-06
   4e-06
   4e-06
   2.1e-05
   5e-06
   2e-06
   2e-06
   1e-06
   5e-06
   9e-06
   2e-06
   5e-06
   9e-06
   1e-06
   2e-06
   1.3e-05
   0.0
   2e-06
   1.7e-05
   0.0
   5e-06
   3e-06
   5e-06
   2e-06
   1e-06
   9e-06
   4e-06
   4e-06
   0.0
   3e-06
   1e-06
   5e-06
   2e-06
   1e-06
   0.0
   0.0
   2e-06
   1e-06
   0.0
   0.0
   2e-06
   1e-06
   1e-06
   1e-05
   6e-06
   1e-06
   1e-06
   3e-06
   4e-06
   4e-06
   1.8e-05
   7e-06
   1e-06
   2e-06
   1e-06
   2e-06
   9e-06
   2e-06
   1e-06
   5e-06
   1e-06
   4e-06
   0.0
   0.0
   0.0
   1e-06
   0.0
   0.0
   0.0
   0.0
   0.0
   0.0
   0.0
   0.0
   0.0
   0.0
   0.0
   0.0
   0.0
   0.0
   0.0
   0.0
   0.0
   1e-06
   1e-06
   0.0
   0.0
   0.0
   0.0
   0.0
   0.0
   0.0
   0.0
   0.0
   0.0
   0.0
   0.0
   0.0
   0.0
   0.0
   0.0
   0.0
   0.0
   0.0
   0.0
   0.0
   0.0
   0.0
   0.0
   0.0
   0.0
   0.0
   0.0
   0.0
   0.0
   0.0
   0.0
   0.0
   0.0
   0.0
   0.0
   0.0
   0.0
   0.0
   0.0
   0.0
   0.0
   0.0
   0.0
   0.0
   0.0
   0.0
   0.0
   0.0
   0.0
   0.0
   0.0
   0.0
   0.0
   0.0
   0.0
   0.0
   0.0
   0.0
   0.0
   0.0
   0.0
   0.0
   0.0
   0.0
   0.0
   0.0
   0.0
   0.0
   0.0
   0.0
   0.0
   0.0
   0.0
   0.0
   0.0
   0.0
   0.0
   0.0
   0.0
   0.0
   0.0
   0.0
   0.0
   0.0
   0.0
   0.0
   0.0
   0.0
   0.0
   0.0
   0.0
   0.0
   0.0
   0.0
   0.0
   0.0
   0.0
