   0.0
   0.0
   0.0
   0.0
   0.0
   0.0
   0.0
   0.0
   0.0
   0.0
   0.0
   0.0
   0.0
   0.0
   0.0
   0.0
   0.0
   0.0
   0.0
   0.0
   0.0
   0.0
   0.0
   0.0
   0.0
   0.0
   0.0
   0.0
   0.0
   0.0
   0.0
   0.0
   0.0
   0.0
   0.0
   0.0
   0.0
   0.0
   0.0
   0.0
   0.0
   0.0
   0.0
   0.0
   0.0
   0.0
   0.0
   0.0
   0.0
   0.0
   0.0
   0.0
   0.0
   0.0
   0.0
   0.0
   0.0
   0.0
   0.0
   0.0
   0.0
   0.0
   0.0
   0.0
   0.0
   0.0
   0.0
   0.0
   0.0
   0.0
   0.0
   0.0
   0.0
   0.0
   0.0
   0.0
   0.0
   0.0
   0.0
   0.0
   0.0
   0.0
   0.0
   0.0
   0.0
   0.0
   0.0
   0.0
   0.0
   0.0
   0.0
   0.0
   0.0
   0.0
   0.0
   0.0
   0.0
   0.0
   0.0
   0.0
   0.0
   0.0
   0.0
   0.0
   0.0
   0.0
   0.0
   0.0
   0.0
   0.0
   0.0
   0.0
   0.0
   0.0
   0.0
   0.0
   0.0
   0.0
   0.0
   0.0
   0.0
   0.0
   0.0
   0.0
   0.0
   0.0
   0.0
   0.0
   0.0
   0.0
   0.0
   0.0
   0.0
   0.0
   0.0
   0.0
   0.0
   0.0
   0.0
   0.0
   0.0
   0.0
   0.0
   0.0
   0.0
   0.0
   0.0
   0.0
   0.0
   0.0
   0.0
   0.0
   0.0
   0.0
   0.0
   0.0
   0.0
   0.0
   0.0
   0.0
   0.0
   0.0
   0.0
   0.0
   0.0
   0.0
   0.0
   0.0
   0.0
   0.0
   0.0
   0.0
   0.0
   0.0
   0.0
   0.0
   0.0
   0.0
   0.0
   0.0
   0.0
   0.0
   0.0
   0.0
   0.0
   0.0
   0.0
   0.0
   0.0
   0.0
   0.0
   0.0
   0.0
   0.0
   0.0
   0.0
   0.0
   0.0
   0.0
   0.0
   0.0
   0.0
   0.0
   0.0
   0.0
   0.0
   0.0
   0.0
   0.0
   0.0
   0.0
   0.0
   0.0
   0.0
   0.0
   0.0
   0.0
   0.0
   0.0
   0.0
   0.0
   0.0
   0.0
   0.0
   0.0
   0.0
   0.0
   0.0
   0.0
   0.0
   0.0
   0.0
   0.0
   0.0
   0.0
   0.0
   0.0
   0.0
   0.0
   0.0
   0.0
   0.0
   0.0
   0.0
   0.0
   0.0
   0.0
   0.0
   0.0
   0.0
   0.0
   0.0
   0.0
   0.0
   0.0
   0.0
   1e-07
   0.0
   4e-07
   0.0
   3.6e-06
   0.0
   0.0
   0.0
   0.0
   0.0
   1e-07
   0.0
   0.0
   0.0
   1e-07
   0.0
   1e-07
   0.0
   0.0
   0.0
   1e-07
   4e-07
   1e-07
   0.0
   0.0
   0.0
   0.0
   0.0
   0.0
   0.0
   0.0
   0.0
   0.0
   0.0
   0.0
   0.0
   0.0
   0.0
   0.0
   0.0
   0.0
   0.0
   0.0
   0.0
   0.0
   0.0
   0.0
   0.0
   0.0
   0.0
   0.0
   4e-07
   0.0
   0.0
   0.0
   0.0
   0.0
   1e-07
   0.0
   1e-07
   0.0
   0.0
   0.0
   9e-07
   0.0
   0.0
   0.0
   4e-07
   0.0
   0.0
   0.0
   0.0
   1e-07
   0.0
   0.0
   1.6e-06
   0.0
   0.0
   0.0
   0.0
   0.0
   0.0
   0.0
   1e-07
   1e-07
   0.0
   0.0
   0.0
   0.0
   0.0
   0.0
   0.0
   0.0
   0.0
   0.0
   0.0
   0.0
   0.0
   0.0
   0.0
   0.0
   0.0
   0.0
   0.0
   0.0
   9e-07
   0.0
   0.0
   0.0
   0.0
   4e-07
   0.0
   0.0
   4e-07
   0.0
   0.0
   0.0
   0.0
   1e-07
   0.0
   0.0
   0.0
   0.0
   9e-07
   0.0
   1e-07
   0.0
   0.0
   0.0
   0.0
   0.0
   0.0
   0.0
   0.0
   0.0
   4e-07
   0.0
   1e-07
   0.0
   0.0
   0.0
   0.0
   0.0
   0.0
   0.0
   0.0
   1e-07
   9e-07
   0.0
   0.0
   0.0
   0.0
   0.0
   4e-07
   0.0
   4.9e-06
   1e-07
   0.0
   0.0
   0.0
   4e-07
   0.0
   9e-07
   0.0
   0.0
   1e-06
   0.0
   3e-07
   4e-07
   2e-07
   2e-07
   5e-07
   2e-07
   0.0
   5e-07
   9e-07
   0.0
   8e-07
   0.0
   1e-07
   2.7e-06
   1e-07
   0.0
   1.6e-06
   0.0
   0.0
   0.0
   0.0
   2e-07
   1e-07
   0.0
   1e-07
   3.2e-06
   5e-07
   5e-07
   1.9e-06
   1e-07
   4e-07
   2e-07
   2e-07
   0.0
   1e-07
   1e-06
   5e-06
   5e-07
   0.0
   9e-07
   5e-07
   1e-07
   0.0
   0.0
   2e-07
   1.1e-06
   4e-07
   1.3e-06
   4e-07
   1.8e-06
   3e-07
   1.3e-06
   1e-07
   1e-07
   0.0
   7e-07
   5.8e-06
   4e-07
   2.5e-06
   5e-07
   2e-07
   4e-07
   0.0
   6e-07
   5e-07
   1.2e-06
   1e-07
   5e-07
   3.6e-06
   1e-07
   1.2e-06
   1e-07
   1.5e-06
   5e-07
   1e-07
   8e-07
   1.1e-06
   5e-06
   4e-07
   9e-07
   2e-07
   5e-07
   4e-06
   2e-07
   1e-06
   6e-07
   1.8e-06
   5e-07
   1e-07
   6e-07
   2.4e-06
   1.1e-06
   1.6e-06
   1.6e-06
   2e-06
   1.1e-06
   1.4e-06
   9e-07
   2.6e-06
   2e-06
   6.7e-06
   2.6e-06
   8e-07
   3.3e-06
   7e-07
   3.2e-06
   4.7e-06
   4.1e-06
   1.4e-06
   1.9e-06
   4.8e-06
   6e-07
   4.3e-06
   1.3e-06
   9e-07
   2.2e-06
   1.2e-06
   6.6e-06
   1.3e-06
   2.7e-06
   1.9e-06
   2.8e-06
   7.8e-06
   5.3e-06
   2.6e-06
   4.5e-06
   3.4e-06
   2.7e-06
   5.5e-06
   1.8e-06
   2.9e-06
   8e-07
   5.5e-06
   2.4e-06
   5.5e-06
   3.4e-06
   2.1e-06
   2.5e-06
   3.5e-06
   3.8e-06
   1.5e-06
   5.2e-06
   2e-06
   1.8e-06
   4.8e-06
   5.1e-06
   2.4e-06
   5.3e-06
   1.14e-05
   5.1e-06
   8.3e-06
   7.6e-06
   4.1e-06
   4.9e-06
   2e-06
   3e-06
   8.9e-06
   5e-06
   6.7e-06
   5.6e-06
   1.11e-05
   5.6e-06
   8.1e-06
   5.4e-06
   7.9e-06
   1.02e-05
   1.09e-05
   1.18e-05
   1.22e-05
   1.88e-05
   7.1e-06
   9.5e-06
   1.23e-05
   1.11e-05
   9.2e-06
   7.7e-06
   7.4e-06
   1.13e-05
   1.1e-05
   1.2e-05
   1.93e-05
   1.72e-05
   1.37e-05
   2.38e-05
   1.32e-05
   1.13e-05
   1.41e-05
   2.26e-05
   1.97e-05
   1.83e-05
   1.6e-05
   2.46e-05
   1.34e-05
   2.29e-05
   2.94e-05
   2.6e-05
   1.58e-05
   2.45e-05
   2.73e-05
   2.1e-05
   2.74e-05
   1.92e-05
   2.37e-05
   1.76e-05
   2.27e-05
   2.33e-05
   1.46e-05
   2.55e-05
   1.53e-05
   3.79e-05
   3.34e-05
   2.4e-05
   2.79e-05
   3.09e-05
   3.63e-05
   3.72e-05
   3.88e-05
   3.54e-05
   3.5e-05
   4.41e-05
   3.52e-05
   3.17e-05
   3.56e-05
   4.76e-05
   3.78e-05
   3.45e-05
   3.92e-05
   3.35e-05
   5.01e-05
   3.56e-05
   4.7e-05
   5.29e-05
   5.77e-05
   4.42e-05
   4.38e-05
   5.94e-05
   5.17e-05
   5.06e-05
   5.52e-05
   7.29e-05
   6.05e-05
   6.93e-05
   7.18e-05
   6.14e-05
   5.95e-05
   7.6e-05
   7.7e-05
   4.86e-05
   7.07e-05
   6.68e-05
   7.2e-05
   6.95e-05
   8.47e-05
   7.14e-05
   7.53e-05
   9.25e-05
   8.59e-05
   9.16e-05
   7.32e-05
   8.28e-05
   0.0001098
   0.0001243
   8.89e-05
   0.0001186
   0.0001226
   0.0001182
   0.0001039
   0.0001235
   0.0001255
   0.0001628
   0.0001114
   0.0001256
   0.0001402
   0.000142
   0.0001281
   0.0001509
   0.0001805
   0.0001589
   0.0001502
   0.0001789
   0.0001251
   0.0001691
   0.0001788
   0.0001891
   0.0001804
   0.0001583
   0.0001891
   0.000159
   0.0002002
   0.0002128
   0.0002187
   0.0001961
   0.0002354
   0.0002224
   0.0002247
   0.000223
   0.0002558
   0.0002424
   0.0002394
   0.0002552
   0.0002463
   0.0002295
   0.0003099
   0.0002928
   0.000294
   0.0002821
   0.0003108
   0.0003057
   0.0002899
   0.0003384
   0.0003681
   0.0003922
   0.0003469
   0.0003543
   0.0003429
   0.0003982
   0.0003817
   0.0003767
   0.0004117
   0.0004719
   0.0004352
   0.0004503
   0.0005027
   0.0004782
   0.0004911
   0.0005474
   0.0005554
   0.000558
   0.0005473
   0.0005313
   0.0005318
   0.0006006
   0.0006308
   0.0006343
   0.0006124
   0.0006406
   0.0006861
   0.0006806
   0.0006071
   0.0007614
   0.0007
   0.0007825
   0.0007263
   0.000792
   0.0008373
   0.0008216
   0.0008165
   0.0008189
   0.0008885
   0.00091
   0.0008936
   0.0010076
   0.0009909
   0.0009902
   0.0010396
   0.0010454
   0.0011213
   0.0011972
   0.0011756
   0.0011292
   0.0012221
   0.0013036
   0.0012629
   0.00137
   0.0013806
   0.0014536
   0.0013828
   0.0014883
   0.0014102
   0.0015925
   0.0015531
   0.00157
   0.0015895
   0.0017228
   0.001696
   0.0018647
   0.0019268
   0.0018642
   0.0018681
   0.0020309
   0.0020166
   0.0021845
   0.002179
   0.0021469
   0.0022943
   0.0022556
   0.0023787
   0.0025265
   0.0024723
   0.002558
   0.0025886
   0.0026625
   0.0026423
   0.0027883
   0.0029262
   0.0029453
   0.0030108
   0.0031466
   0.0033213
   0.0031148
   0.0032051
   0.003429
   0.0033907
   0.0035188
   0.003701
   0.0037929
   0.0038701
   0.0040026
   0.0042247
   0.0041343
   0.004144
   0.0044469
   0.00441
   0.0046674
   0.0048193
   0.0048572
   0.0050637
   0.0050828
   0.0052985
   0.0053837
   0.005392
   0.0055543
   0.0059557
   0.0058616
   0.0060415
   0.006314
   0.006394
   0.0065452
   0.0065996
   0.0067916
   0.0072239
   0.0072463
   0.0076013
   0.0077962
   0.0079235
   0.0079786
   0.0082488
   0.0085257
   0.0088782
   0.0089471
   0.0089835
   0.0092947
   0.0095526
   0.0098247
   0.0102226
   0.0103592
   0.0104025
   0.0109543
   0.0113598
   0.0115116
   0.0118444
   0.0120547
   0.0123181
   0.0125163
   0.0126844
   0.0132365
   0.0137874
   0.0139871
   0.0144461
   0.0147484
   0.0151226
   0.0156584
   0.0159557
   0.0163267
   0.0166266
   0.017039
   0.0177011
   0.0178979
   0.0185313
   0.0188458
   0.0195535
   0.0198349
   0.0205211
   0.0206872
   0.0216709
   0.0218354
   0.0226702
   0.023141
   0.0239597
   0.0243746
   0.0249706
   0.0253143
   0.0262628
   0.0270952
   0.0277491
   0.0282088
   0.0290542
   0.0297189
   0.0306281
   0.0312805
   0.0322217
   0.0329176
   0.0339405
   0.0346534
   0.0357801
   0.0364407
   0.0369352
   0.0384218
   0.0392175
   0.0405225
   0.04145
   0.042309
   0.0436311
   0.0446177
   0.0455849
   0.0469434
   0.0480226
   0.0493106
   0.0502703
   0.0517306
   0.0524826
   0.0543224
   0.0564459
   0.0573401
   0.0586326
   0.0604413
   0.0623126
   0.0632099
   0.0650546
   0.0665085
   0.0685678
   0.0699318
   0.0713389
   0.0731962
   0.0754959
   0.0771273
   0.0793863
   0.0818011
   0.0835303
   0.0860401
   0.0885638
   0.0898026
   0.092956
   0.0939338
   0.0976361
   0.0997608
   0.1023624
   0.1054205
   0.1073522
   0.1098865
   0.1131042
   0.1164896
   0.1193629
   0.1216807
   0.1250306
   0.1283382
   0.1318416
   0.1351008
   0.1381816
   0.1417122
   0.1460648
   0.149299
   0.1531311
   0.156717
   0.1601632
   0.1637104
   0.1692695
   0.1732886
   0.1776531
   0.1837434
   0.1871455
   0.1922106
   0.1966611
   0.2025068
   0.2062964
   0.212092
   0.2178978
   0.2220023
   0.2290532
   0.2337146
   0.240223
   0.2462677
   0.4129728
   0.4172867
   0.4202578
   0.4251856
   0.4256666
   0.424758
   0.4231589
   0.4205896
   0.4182813
   0.4114403
   0.2462276
   0.2399942
   0.2339104
   0.2277844
   0.2233792
   0.2178037
   0.21154
   0.2063734
   0.2016589
   0.1965385
   0.191741
   0.1860831
   0.1823584
   0.1774297
   0.1745904
   0.1692034
   0.1655968
   0.1610369
   0.1572972
   0.1539197
   0.1487381
   0.1464949
   0.141385
   0.1388133
   0.1346391
   0.1323484
   0.1275632
   0.1251503
   0.1223891
   0.1188403
   0.116732
   0.1134377
   0.1114342
   0.1071982
   0.104972
   0.1024194
   0.0998337
   0.0979256
   0.0952491
   0.092354
   0.0903392
   0.0879241
   0.0853822
   0.0837805
   0.0817771
   0.079147
   0.0773944
   0.0762311
   0.0740253
   0.0718522
   0.0704527
   0.0681323
   0.0675771
   0.0650262
   0.0640172
   0.0621116
   0.0602972
   0.0587658
   0.0571502
   0.056293
   0.0545536
   0.0530692
   0.0523337
   0.0505106
   0.0495421
   0.048232
   0.0468981
   0.0456758
   0.044748
   0.0435683
   0.0428187
   0.0414049
   0.0405617
   0.039664
   0.0380586
   0.0376662
   0.0366114
   0.0357248
   0.0344964
   0.0340043
   0.0330023
   0.0318338
   0.0313813
   0.0303869
   0.0294462
   0.0291117
   0.0284653
   0.0276318
   0.026779
   0.0263952
   0.0256435
   0.0248658
   0.0246579
   0.0239739
   0.0230918
   0.022574
   0.0219601
   0.0216445
   0.0207442
   0.0206194
   0.0197621
   0.0195287
   0.018954
   0.0183713
   0.0182156
   0.0175977
   0.0172225
   0.0167457
   0.0162745
   0.0158932
   0.0155397
   0.0151636
   0.0146917
   0.0142199
   0.0139578
   0.0136506
   0.0134605
   0.01303
   0.0128169
   0.0123416
   0.0121852
   0.0117373
   0.0115881
   0.0112229
   0.0108684
   0.0104272
   0.0104275
   0.0100339
   0.0098271
   0.0096099
   0.0093354
   0.0090564
   0.0088221
   0.0086533
   0.0084596
   0.0081893
   0.0081789
   0.0078347
   0.007492
   0.007572
   0.0073572
   0.0069831
   0.0071329
   0.0068187
   0.0065279
   0.0062969
   0.006336
   0.0061281
   0.0058767
   0.0057226
   0.0056557
   0.0054208
   0.0053304
   0.0053528
   0.0051532
   0.0049287
   0.0049007
   0.0049485
   0.0046148
   0.0045103
   0.0045492
   0.0042946
   0.0040803
   0.0042128
   0.0040003
   0.0038748
   0.003887
   0.0036846
   0.0036662
   0.0034869
   0.0033942
   0.0032247
   0.0032974
   0.0032303
   0.0031107
   0.0030758
   0.0029812
   0.0027588
   0.0028386
   0.0027278
   0.0026735
   0.0026228
   0.0024319
   0.0024463
   0.0024321
   0.0023558
   0.0022573
   0.0022953
   0.0021411
   0.0020834
   0.0020518
   0.0019006
   0.0019137
   0.0018507
   0.0018969
   0.0017973
   0.0018705
   0.0017347
   0.0016243
   0.0016862
   0.0016197
   0.0015094
   0.0015727
   0.0015131
   0.0014029
   0.0013628
   0.0013567
   0.0013212
   0.0012792
   0.0013421
   0.0012791
   0.0012273
   0.0012217
   0.0011567
   0.0011298
   0.0010842
   0.001016
   0.0010841
   0.0009838
   0.0009776
   0.0009988
   0.0010352
   0.0009183
   0.0008884
   0.0008794
   0.000852
   0.0008446
   0.0008643
   0.0007938
   0.0007694
   0.0007026
   0.0007665
   0.0007403
   0.0006823
   0.0007457
   0.0006972
   0.0006354
   0.0006372
   0.0006916
   0.0006393
   0.0005795
   0.0005918
   0.0005701
   0.0005347
   0.0005215
   0.0005255
   0.0005479
   0.0005181
   0.0004729
   0.0004576
   0.0004927
   0.000409
   0.0004646
   0.0003821
   0.0004306
   0.0004166
   0.0004328
   0.000423
   0.0004288
   0.000361
   0.0003833
   0.0003522
   0.0003391
   0.0003059
   0.0003488
   0.0003315
   0.0003249
   0.0002751
   0.0003111
   0.0003073
   0.0002684
   0.0002886
   0.0002812
   0.0002484
   0.0002671
   0.0002226
   0.0002393
   0.0002003
   0.0002097
   0.0002528
   0.0002055
   0.0002079
   0.0002199
   0.0001997
   0.0002005
   0.0001722
   0.0001947
   0.0001925
   0.0001894
   0.0001761
   0.0001978
   0.0001789
   0.0001667
   0.0001817
   0.0001543
   0.0001551
   0.0001438
   0.0001898
   0.0001486
   0.0001336
   0.0001577
   0.0001376
   0.0001187
   0.0001152
   9.81e-05
   0.00011
   0.0001193
   8.91e-05
   0.0001156
   0.0001121
   0.0001215
   8.81e-05
   8.77e-05
   8.56e-05
   0.0001038
   8.2e-05
   9.83e-05
   9.89e-05
   0.0001019
   8.78e-05
   8.98e-05
   9.27e-05
   7.42e-05
   8.96e-05
   8.22e-05
   7.75e-05
   6.98e-05
   7.12e-05
   5.9e-05
   6.52e-05
   6.63e-05
   5.13e-05
   6.24e-05
   6.13e-05
   5.25e-05
   5.77e-05
   4.9e-05
   6.14e-05
   5.57e-05
   4.9e-05
   5.06e-05
   4.79e-05
   3.29e-05
   4.17e-05
   6.36e-05
   4.15e-05
   3.92e-05
   6.07e-05
   3.45e-05
   4.08e-05
   3.75e-05
   2.84e-05
   3.47e-05
   3.62e-05
   3.54e-05
   4.54e-05
   2.57e-05
   3.89e-05
   2.9e-05
   3.46e-05
   4.28e-05
   3.12e-05
   2.28e-05
   2.29e-05
   3.05e-05
   3.13e-05
   2.34e-05
   1.5e-05
   3.04e-05
   1.34e-05
   2.3e-05
   3.42e-05
   2.34e-05
   2.56e-05
   1.33e-05
   2.06e-05
   1.32e-05
   1.8e-05
   1.48e-05
   1.66e-05
   1.29e-05
   1.62e-05
   1.29e-05
   1.36e-05
   1.61e-05
   1.75e-05
   1.45e-05
   1.07e-05
   1.1e-05
   8.2e-06
   1.57e-05
   8.8e-06
   6.1e-06
   1.18e-05
   9.3e-06
   1.28e-05
   6.9e-06
   7.7e-06
   7.7e-06
   1.37e-05
   1.56e-05
   6.3e-06
   9.9e-06
   7.2e-06
   1.16e-05
   7.7e-06
   7.6e-06
   7.8e-06
   7.9e-06
   6.5e-06
   1.22e-05
   2.2e-06
   8.5e-06
   5.9e-06
   6.8e-06
   7.4e-06
   3.4e-06
   7.3e-06
   4e-06
   6.5e-06
   7.8e-06
   5.4e-06
   3.6e-06
   4.3e-06
   4.2e-06
   7.7e-06
   3.9e-06
   4.7e-06
   2.1e-06
   5.7e-06
   4.5e-06
   3.8e-06
   9.3e-06
   2.8e-06
   2.8e-06
   8.3e-06
   4.4e-06
   1.4e-06
   5.5e-06
   2.1e-06
   4.5e-06
   3.4e-06
   1e-06
   2.9e-06
   2e-06
   3.7e-06
   2e-06
   4e-07
   2.8e-06
   3.5e-06
   3.3e-06
   8.7e-06
   1.8e-06
   3.9e-06
   1e-06
   2.4e-06
   1e-06
   1e-06
   2.8e-06
   8e-07
   7e-06
   2.2e-06
   3.1e-06
   3.3e-06
   5e-07
   2.1e-06
   5e-07
   5e-07
   1.2e-06
   4e-07
   1e-07
   1.5e-06
   1.06e-05
   6e-07
   5e-07
   1.5e-06
   1.3e-06
   1e-07
   1e-07
   3.1e-06
   1e-07
   2e-07
   1e-07
   5e-07
   4e-07
   6e-07
   5e-07
   1e-07
   2e-07
   3e-07
   1.4e-06
   1.1e-06
   2.9e-06
   8e-07
   1e-06
   1e-07
   7e-07
   0.0
   3.6e-06
   2e-07
   0.0
   1e-07
   9e-07
   5e-07
   1.1e-06
   1e-07
   1e-07
   0.0
   0.0
   2e-07
   0.0
   0.0
   0.0
   0.0
   0.0
   0.0
   0.0
   0.0
   1e-07
   0.0
   0.0
   0.0
   0.0
   0.0
   0.0
   3.6e-06
   0.0
   2e-07
   1e-07
   1e-07
   0.0
   0.0
   2e-07
   0.0
   0.0
   0.0
   4e-07
   0.0
   0.0
   4e-07
   0.0
   0.0
   0.0
   9e-07
   0.0
   0.0
   4e-07
   0.0
   0.0
   1e-07
   1e-07
   0.0
   0.0
   0.0
   0.0
   2.5e-06
   0.0
   0.0
   0.0
   9e-07
   0.0
   0.0
   1e-07
   0.0
   0.0
   0.0
   0.0
   0.0
   0.0
   1e-07
   0.0
   1e-07
   0.0
   0.0
   0.0
   0.0
   1e-07
   0.0
   0.0
   0.0
   0.0
   0.0
   0.0
   0.0
   4e-07
   0.0
   0.0
   0.0
   0.0
   1e-07
   0.0
   0.0
   0.0
   3.6e-06
   0.0
   0.0
   0.0
   0.0
   1.6e-06
   0.0
   0.0
   0.0
   0.0
   9e-07
   0.0
   0.0
   4e-07
   0.0
   0.0
   0.0
   0.0
   0.0
   0.0
   0.0
   0.0
   0.0
   0.0
   0.0
   0.0
   0.0
   0.0
   0.0
   0.0
   0.0
   0.0
   0.0
   0.0
   0.0
   0.0
   0.0
   0.0
   0.0
   0.0
   0.0
   0.0
   0.0
   0.0
   0.0
   0.0
   0.0
   0.0
   0.0
   0.0
   0.0
   0.0
   0.0
   0.0
   0.0
   0.0
   0.0
   0.0
   0.0
   0.0
   0.0
   0.0
   0.0
   0.0
   0.0
   0.0
   0.0
   0.0
   0.0
   0.0
   0.0
   0.0
   0.0
   0.0
   0.0
   0.0
   0.0
   0.0
   0.0
   0.0
   0.0
   0.0
   0.0
   0.0
   0.0
   0.0
   0.0
   0.0
   0.0
   0.0
   0.0
   0.0
   0.0
   0.0
   0.0
   0.0
   0.0
   0.0
   0.0
   0.0
   0.0
   0.0
   0.0
   0.0
   0.0
   0.0
   0.0
   0.0
   0.0
   0.0
   0.0
   0.0
   0.0
   0.0
   0.0
   0.0
   0.0
   0.0
   0.0
   0.0
   0.0
   0.0
   0.0
   0.0
   0.0
   0.0
   0.0
   0.0
   0.0
   0.0
   0.0
   0.0
   0.0
   0.0
   0.0
   0.0
   0.0
   0.0
   0.0
   0.0
   0.0
   0.0
   0.0
   0.0
   0.0
   0.0
   0.0
   0.0
   0.0
   0.0
   0.0
   0.0
   0.0
   0.0
   0.0
   0.0
   0.0
   0.0
   0.0
   0.0
   0.0
   0.0
   0.0
   0.0
   0.0
   0.0
   0.0
   0.0
   0.0
   0.0
   0.0
   0.0
   0.0
   0.0
   0.0
   0.0
   0.0
   0.0
   0.0
   0.0
   0.0
   0.0
   0.0
   0.0
   0.0
   0.0
   0.0
   0.0
   0.0
   0.0
   0.0
   0.0
   0.0
   0.0
   0.0
   0.0
   0.0
   0.0
   0.0
   0.0
   0.0
   0.0
   0.0
   0.0
   0.0
   0.0
   0.0
   0.0
   0.0
   0.0
   0.0
   0.0
   0.0
   0.0
   0.0
   0.0
   0.0
   0.0
   0.0
   0.0
   0.0
   0.0
   0.0
   0.0
   0.0
   0.0
   0.0
   0.0
   0.0
   0.0
   0.0
   0.0
   0.0
   0.0
   0.0
   0.0
   0.0
   0.0
   0.0
   0.0
   0.0
   0.0
   0.0
   0.0
   0.0
   0.0
   0.0
   0.0
   0.0
   0.0
   0.0
   0.0
   0.0
   0.0
   0.0
   0.0
   0.0
   0.0
   0.0
   0.0
   0.0
   0.0
   0.0
   0.0
   0.0
   0.0
   0.0
   0.0
   0.0
   0.0
   0.0
   0.0
   0.0
   0.0
   0.0
   0.0
   0.0
   0.0
   0.0
   0.0
   0.0
   0.0
   0.0
   0.0
   0.0
   0.0
   0.0
   0.0
   0.0
   0.0
   0.0
   0.0
   0.0
   0.0
   0.0
   0.0
   0.0
   0.0
   0.0
   0.0
   0.0
   0.0
   0.0
   0.0
   0.0
   0.0
   0.0
   0.0
   0.0
   0.0
   0.0
   0.0
   0.0
   0.0
   0.0
   0.0
   0.0
   0.0
   0.0
   0.0
   0.0
   0.0
   0.0
   0.0
   0.0
   0.0
   0.0
   0.0
   0.0
   0.0
   0.0
   0.0
   0.0
   0.0
   0.0
   0.0
   0.0
   0.0
   0.0
   0.0
   0.0
   0.0
   0.0
   0.0
   0.0
   0.0
   0.0
   0.0
   0.0
   0.0
   0.0
   0.0
   0.0
   0.0
   0.0
   0.0
   0.0
   0.0
   0.0
   0.0
   0.0
   0.0
   0.0
   0.0
   0.0
   0.0
   0.0
   0.0
   0.0
   0.0
   0.0
   0.0
   0.0
   0.0
   0.0
   0.0
   0.0
   0.0
   0.0
   0.0
   0.0
   0.0
   0.0
   0.0
   0.0
   0.0
   0.0
   0.0
   0.0
   0.0
   0.0
   0.0
   0.0
   0.0
   0.0
   0.0
   0.0
   0.0
   0.0
   0.0
   0.0
   0.0
