   0.0
   0.0
   0.0
   0.0
   0.0
   0.0
   0.0
   0.0
   0.0
   0.0
   0.0
   0.0
   0.0
   0.0
   0.0
   0.0
   0.0
   0.0
   0.0
   0.0
   0.0
   1e-06
   0.0
   0.0
   0.0
   0.0
   0.0
   0.0
   0.0
   0.0
   0.0
   0.0
   0.0
   0.0
   0.0
   0.0
   0.0
   1e-06
   0.0
   0.0
   0.0
   1e-06
   0.0
   0.0
   0.0
   0.0
   0.0
   0.0
   0.0
   1e-06
   0.0
   0.0
   1e-06
   0.0
   2e-06
   0.0
   0.0
   0.0
   0.0
   1e-06
   0.0
   0.0
   0.0
   1e-06
   1e-06
   1e-06
   1e-06
   1e-06
   0.0
   2e-06
   0.0
   1e-06
   1e-06
   4e-06
   0.0
   0.0
   2e-06
   0.0
   3e-06
   2e-06
   2e-06
   0.0
   1e-06
   4e-06
   1e-06
   6e-06
   2e-06
   7e-06
   0.0
   3e-06
   2e-06
   6e-06
   1e-06
   4e-06
   1e-06
   5e-06
   6e-06
   1e-06
   4e-06
   3e-06
   5e-06
   5e-06
   2e-06
   3e-06
   3e-06
   5e-06
   1.1e-05
   9e-06
   6e-06
   1e-05
   9e-06
   8e-06
   1e-05
   8e-06
   8e-06
   9e-06
   8e-06
   5e-06
   1.1e-05
   1.4e-05
   1.1e-05
   1.6e-05
   1.5e-05
   2.5e-05
   2.6e-05
   2.3e-05
   1.6e-05
   2e-05
   2.9e-05
   2e-05
   2.4e-05
   2.5e-05
   2.3e-05
   3.8e-05
   2.9e-05
   3.8e-05
   3.7e-05
   3.8e-05
   3.7e-05
   3.5e-05
   5.3e-05
   4.7e-05
   5e-05
   5.1e-05
   6.8e-05
   6.5e-05
   6.9e-05
   5.7e-05
   7.4e-05
   8.4e-05
   7e-05
   8.8e-05
   8.2e-05
   7.9e-05
   9.4e-05
   0.000106
   0.000102
   0.000106
   0.00013
   0.000127
   0.000129
   0.000123
   0.000131
   0.000183
   0.000144
   0.000164
   0.000159
   0.000178
   0.000178
   0.000193
   0.000218
   0.000245
   0.000221
   0.00024
   0.000267
   0.000292
   0.000293
   0.000343
   0.000379
   0.000359
   0.000368
   0.000387
   0.000431
   0.000449
   0.000479
   0.000523
   0.000549
   0.000546
   0.000629
   0.000623
   0.000649
   0.000688
   0.000723
   0.000818
   0.000839
   0.00087
   0.000893
   0.000979
   0.001014
   0.001118
   0.001129
   0.001166
   0.001258
   0.00139
   0.00138
   0.001535
   0.00165
   0.001759
   0.001827
   0.001872
   0.002039
   0.00221
   0.002254
   0.002511
   0.002696
   0.002831
   0.003023
   0.003197
   0.003392
   0.003647
   0.003908
   0.004345
   0.004423
   0.004637
   0.005197
   0.005407
   0.00605
   0.006361
   0.007042
   0.007472
   0.008112
   0.008964
   0.009766
   0.010245
   0.011168
   0.012541
   0.013656
   0.015017
   0.016797
   0.018404
   0.0202
   0.022562
   0.02514
   0.027622
   0.030967
   0.03436
   0.037626
   0.039437
   0.040661
   0.041149
   0.041134
   0.040653
   0.039496
   0.037048
   0.034315
   0.030971
   0.027634
   0.024822
   0.02256
   0.020178
   0.018331
   0.016646
   0.015049
   0.013602
   0.012239
   0.011471
   0.010398
   0.009583
   0.008679
   0.008015
   0.007582
   0.006917
   0.006335
   0.006029
   0.005403
   0.005067
   0.004732
   0.004332
   0.004269
   0.003847
   0.003599
   0.003399
   0.003124
   0.003038
   0.002797
   0.002603
   0.002439
   0.002293
   0.002186
   0.002021
   0.001961
   0.0018
   0.001719
   0.001611
   0.001528
   0.0015
   0.001305
   0.001274
   0.001193
   0.001094
   0.001083
   0.001028
   0.000947
   0.00094
   0.000932
   0.000805
   0.000758
   0.000763
   0.00068
   0.000649
   0.000588
   0.000616
   0.000545
   0.000491
   0.000515
   0.000479
   0.000419
   0.000455
   0.000392
   0.00037
   0.000361
   0.000322
   0.000309
   0.000292
   0.000295
   0.000281
   0.000249
   0.000222
   0.000241
   0.000209
   0.00019
   0.000185
   0.00018
   0.000145
   0.000164
   0.000154
   0.000141
   0.000154
   0.000131
   0.000135
   0.00011
   0.000125
   0.000126
   0.000109
   8.3e-05
   8e-05
   8.9e-05
   0.000103
   6.2e-05
   7.4e-05
   6.2e-05
   6.8e-05
   6.2e-05
   5e-05
   5.7e-05
   6.3e-05
   6.3e-05
   4.6e-05
   3.9e-05
   4.9e-05
   3.9e-05
   3.2e-05
   4.6e-05
   4.4e-05
   2.2e-05
   2.6e-05
   2.8e-05
   2.5e-05
   2.3e-05
   3.4e-05
   3.1e-05
   2e-05
   2e-05
   2.2e-05
   2e-05
   2.3e-05
   8e-06
   2e-05
   9e-06
   1.3e-05
   1.2e-05
   1.2e-05
   1.1e-05
   1.3e-05
   1.4e-05
   1.2e-05
   6e-06
   1e-05
   8e-06
   8e-06
   7e-06
   9e-06
   7e-06
   9e-06
   6e-06
   5e-06
   5e-06
   2e-06
   5e-06
   6e-06
   4e-06
   3e-06
   5e-06
   3e-06
   2e-06
   6e-06
   2e-06
   3e-06
   3e-06
   1e-06
   3e-06
   6e-06
   1e-06
   3e-06
   2e-06
   1e-06
   1e-06
   0.0
   3e-06
   1e-06
   3e-06
   3e-06
   2e-06
   1e-06
   2e-06
   0.0
   1e-06
   2e-06
   0.0
   1e-06
   0.0
   2e-06
   0.0
   0.0
   0.0
   1e-06
   0.0
   0.0
   1e-06
   0.0
   0.0
   0.0
   0.0
   0.0
   0.0
   0.0
   0.0
   0.0
   0.0
   0.0
   0.0
   0.0
   0.0
   1e-06
   0.0
   0.0
   0.0
   2e-06
   0.0
   0.0
   0.0
   0.0
   0.0
   0.0
   0.0
   0.0
   0.0
   0.0
   0.0
   0.0
   0.0
   0.0
   0.0
   0.0
   0.0
   0.0
   0.0
   1e-06
   0.0
   0.0
   0.0
   0.0
   0.0
   0.0
   0.0
   0.0
   0.0
   0.0
   0.0
   0.0
   0.0
   1e-06
   0.0
   0.0
   0.0
   0.0
   0.0
   0.0
   0.0
   0.0
