   0.0
   0.0
   0.0
   0.0
   0.0
   0.0
   0.0
   0.0
   0.0
   0.0
   0.0
   0.0
   0.0
   0.0
   0.0
   0.0
   0.0
   0.0
   0.0
   0.0
   0.0
   0.0
   0.0
   0.0
   0.0
   0.0
   0.0
   0.0
   0.0
   0.0
   0.0
   0.0
   0.0
   0.0
   0.0
   0.0
   0.0
   0.0
   0.0
   0.0
   0.0
   0.0
   0.0
   0.0
   0.0
   0.0
   0.0
   0.0
   0.0
   0.0
   0.0
   0.0
   0.0
   0.0
   0.0
   0.0
   0.0
   0.0
   0.0
   0.0
   0.0
   0.0
   0.0
   0.0
   0.0
   0.0
   0.0
   0.0
   0.0
   0.0
   0.0
   0.0
   0.0
   0.0
   0.0
   0.0
   0.0
   0.0
   0.0
   0.0
   0.0
   0.0
   0.0
   0.0
   0.0
   0.0
   0.0
   0.0
   0.0
   0.0
   0.0
   0.0
   0.0
   0.0
   0.0
   0.0
   0.0
   0.0
   0.0
   0.0
   0.0
   0.0
   0.0
   0.0
   0.0
   0.0
   0.0
   0.0
   0.0
   0.0
   0.0
   0.0
   0.0
   0.0
   0.0
   0.0
   0.0
   0.0
   0.0
   0.0
   0.0
   0.0
   0.0
   0.0
   0.0
   0.0
   0.0
   0.0
   0.0
   0.0
   0.0
   0.0
   0.0
   0.0
   0.0
   0.0
   0.0
   0.0
   0.0
   0.0
   0.0
   0.0
   0.0
   0.0
   0.0
   0.0
   0.0
   0.0
   0.0
   0.0
   0.0
   0.0
   0.0
   0.0
   0.0
   0.0
   0.0
   0.0
   0.0
   0.0
   0.0
   0.0
   0.0
   0.0
   0.0
   0.0
   0.0
   0.0
   0.0
   0.0
   0.0
   0.0
   0.0
   0.0
   0.0
   0.0
   0.0
   0.0
   0.0
   0.0
   0.0
   0.0
   0.0
   0.0
   0.0
   0.0
   0.0
   0.0
   0.0
   0.0
   0.0
   0.0
   0.0
   0.0
   0.0
   0.0
   0.0
   0.0
   0.0
   0.0
   0.0
   0.0
   0.0
   0.0
   0.0
   0.0
   0.0
   0.0
   0.0
   0.0
   0.0
   0.0
   0.0
   0.0
   0.0
   0.0
   0.0
   0.0
   0.0
   0.0
   0.0
   0.0
   0.0
   0.0
   0.0
   0.0
   0.0
   0.0
   0.0
   0.0
   0.0
   0.0
   0.0
   0.0
   0.0
   0.0
   0.0
   0.0
   0.0
   0.0
   0.0
   0.0
   0.0
   0.0
   0.0
   0.0
   0.0
   0.0
   0.0
   0.0
   0.0
   0.0
   0.0
   0.0
   0.0
   0.0
   0.0
   0.0
   0.0
   0.0
   0.0
   0.0
   0.0
   0.0
   0.0
   0.0
   0.0
   0.0
   0.0
   0.0
   0.0
   0.0
   0.0
   0.0
   0.0
   0.0
   0.0
   0.0
   0.0
   0.0
   0.0
   0.0
   0.0
   0.0
   0.0
   0.0
   0.0
   0.0
   0.0
   0.0
   0.0
   0.0
   0.0
   0.0
   0.0
   0.0
   0.0
   0.0
   0.0
   0.0
   0.0
   0.0
   0.0
   0.0
   0.0
   0.0
   0.0
   0.0
   0.0
   0.0
   0.0
   0.0
   0.0
   0.0
   0.0
   0.0
   0.0
   0.0
   0.0
   0.0
   0.0
   0.0
   0.0
   0.0
   0.0
   0.0
   0.0
   0.0
   0.0
   0.0
   0.0
   0.0
   0.0
   0.0
   0.0
   0.0
   0.0
   0.0
   0.0
   0.0
   0.0
   0.0
   0.0
   0.0
   0.0
   0.0
   0.0
   0.0
   0.0
   0.0
   0.0
   0.0
   0.0
   0.0
   0.0
   0.0
   0.0
   0.0
   0.0
   0.0
   0.0
   0.0
   0.0
   0.0
   0.0
   0.0
   0.0
   0.0
   0.0
   0.0
   0.0
   0.0
   0.0
   0.0
   0.0
   0.0
   0.0
   0.0
   0.0
   0.0
   0.0
   0.0
   0.0
   0.0
   0.0
   0.0
   0.0
   0.0
   0.0
   0.0
   0.0
   0.0
   0.0
   0.0
   0.0
   0.0
   0.0
   0.0
   0.0
   0.0
   0.0
   0.0
   0.0
   0.0
   0.0
   0.0
   0.0
   0.0
   0.0
   0.0
   0.0
   0.0
   0.0
   0.0
   0.0
   0.0
   0.0
   0.0
   0.0
   0.0
   0.0
   0.0
   0.0
   0.0
   0.0
   0.0
   0.0
   0.0
   0.0
   0.0
   0.0
   0.0
   0.0
   0.0
   0.0
   0.0
   0.0
   0.0
   0.0
   0.0
   0.0
   0.0
   0.0
   0.0
   0.0
   0.0
   0.0
   0.0
   0.0
   0.0
   0.0
   0.0
   0.0
   0.0
   0.0
   0.0
   0.0
   0.0
   0.0
   0.0
   0.0
   0.0
   0.0
   0.0
   0.0
   0.0
   0.0
   0.0
   0.0
   0.0
   0.0
   0.0
   0.0
   0.0
   0.0
   0.0
   0.0
   0.0
   0.0
   0.0
   0.0
   0.0
   0.0
   0.0
   0.0
   0.0
   0.0
   0.0
   0.0
   0.0
   0.0
   0.0
   0.0
   0.0
   0.0
   0.0
   0.0
   1e-05
   0.0
   1e-05
   1e-05
   1e-05
   1e-05
   0.0
   0.0
   0.0
   1e-05
   0.0
   9e-05
   9e-05
   1e-05
   0.0
   1e-05
   0.0
   0.0
   0.0
   0.0
   1e-05
   0.0
   0.0
   4e-05
   0.0
   1e-05
   1e-05
   0.0
   1e-05
   0.0
   0.0
   0.0
   0.0
   0.0
   0.0
   4e-05
   9e-05
   0.0
   4e-05
   9e-05
   0.0
   4e-05
   1e-05
   0.00036
   4e-05
   0.0
   0.00016
   0.00025
   0.00016
   0.00016
   0.00049
   9e-05
   4e-05
   9e-05
   9e-05
   1e-05
   0.00049
   0.001
   0.001
   0.00081
   0.00025
   0.00196
   0.00081
   4e-05
   0.001
   0.00036
   0.00081
   0.00121
   0.00081
   0.00256
   0.001
   0.00144
   0.00049
   0.00121
   0.001
   0.00049
   0.00121
   0.00144
   0.00144
   0.001
   0.00049
   0.00049
   0.00361
   0.00169
   0.00064
   0.00081
   9e-05
   0.00064
   0.00064
   0.001
   9e-05
   0.00016
   0.00025
   0.00025
   0.00016
   0.00016
   0.00169
   0.00225
   0.00121
   0.00081
   0.00036
   0.00121
   0.001
   0.00036
   0.00025
   0.00016
   0.00025
   9e-05
   9e-05
   0.00025
   4e-05
   0.00036
   0.00016
   0.001
   0.00016
   0.00025
   0.00121
   9e-05
   9e-05
   0.00025
   0.00016
   0.00049
   0.00036
   0.00036
   0.00016
   0.00016
   0.00025
   0.00064
   0.00036
   0.00016
   0.00025
   9e-05
   0.00081
   4e-05
   0.00036
   0.00016
   1e-05
   4e-05
   0.00016
   1e-05
   4e-05
   1e-05
   0.00016
   4e-05
   4e-05
   1e-05
   1e-05
   4e-05
   4e-05
   0.0
   4e-05
   0.00025
   9e-05
   0.00064
   0.00025
   9e-05
   0.00016
   1e-05
   0.0
   9e-05
   9e-05
   4e-05
   4e-05
   9e-05
   0.00025
   4e-05
   0.00016
   1e-05
   0.0
   9e-05
   1e-05
   0.00016
   9e-05
   4e-05
   4e-05
   9e-05
   4e-05
   0.00036
   0.00016
   0.0
   1e-05
   9e-05
   1e-05
   0.00016
   0.00016
   0.00025
   0.00016
   9e-05
   0.00016
   9e-05
   1e-05
   0.00064
   0.00036
   0.00016
   0.00036
   0.00016
   0.00025
   0.00025
   0.00016
   0.00016
   0.0
   0.00049
   0.00025
   0.00025
   0.00121
   4e-05
   0.00081
   0.00036
   0.00016
   0.00036
   0.00025
   4e-05
   0.00025
   0.0
   0.00016
   9e-05
   1e-05
   0.00025
   0.00036
   4e-05
   1e-05
   0.00016
   4e-05
   0.00036
   9e-05
   4e-05
   0.00049
   4e-05
   0.00064
   0.00081
   4e-05
   9e-05
   0.00036
   4e-05
   0.00016
   0.00016
   0.00081
   0.00016
   0.00016
   9e-05
   9e-05
   9e-05
   1e-05
   0.0
   4e-05
   1e-05
   4e-05
   0.00036
   0.00049
   9e-05
   0.00025
   4e-05
   0.00036
   0.00025
   0.00016
   0.00016
   0.00169
   0.00064
   0.00064
   0.00064
   0.00064
   0.00081
   0.00025
   0.00016
   0.00016
   0.00016
   9e-05
   9e-05
   4e-05
   0.0
   4e-05
   0.00036
   9e-05
   0.00036
   0.0
   9e-05
   0.00036
   9e-05
   1e-05
   9e-05
   1e-05
   1e-05
   1e-05
   0.00036
   0.00016
   0.00025
   0.00036
   0.00025
   0.00049
   0.00036
   4e-05
   0.00081
   4e-05
   0.00025
   0.00016
   0.00025
   9e-05
   4e-05
   1e-05
   0.00016
   4e-05
   1e-05
   9e-05
   1e-05
   4e-05
   0.00036
   4e-05
   0.00049
   1e-05
   4e-05
   1e-05
   0.0
   9e-05
   9e-05
   1e-05
   9e-05
   0.0
   4e-05
   4e-05
   9e-05
   0.00016
   0.0
   0.0
   1e-05
   4e-05
   9e-05
   1e-05
   1e-05
   0.00025
   0.00025
   0.00036
   1e-05
   4e-05
   1e-05
   1e-05
   0.0
   0.0
   4e-05
   0.0
   0.0
   1e-05
   0.0
   4e-05
   4e-05
   1e-05
   0.0
   1e-05
   1e-05
   0.0
   0.0
   1e-05
   0.0
   4e-05
   1e-05
   1e-05
   1e-05
   4e-05
   0.0
   9e-05
   0.00016
   4e-05
   4e-05
   0.0
   0.00016
   1e-05
   0.00016
   9e-05
   0.00081
   0.0
   0.00036
   0.00025
   8e-05
   4e-05
   1e-05
   1e-05
   4e-05
   5e-05
   9e-05
   4e-05
   0.00017
   5e-05
   0.00025
   0.0001
   0.0
   0.00013
   2e-05
   5e-05
   0.00025
   4e-05
   4e-05
   9e-05
   1e-05
   1e-05
   4e-05
   2e-05
   1e-05
   1e-05
   1e-05
   0.0001
   9e-05
   0.0
   2e-05
   4e-05
   2e-05
   1e-05
   5e-05
   1e-05
   1e-05
   0.0005
   0.00049
   1e-05
   0.00017
   0.00034
   0.001
   4e-05
   5e-05
   0.00026
   0.0001
   5e-05
   0.00013
   2e-05
   0.0001
   5e-05
   4e-05
   4e-05
   0.0001
   0.00013
   1e-05
   0.0
   0.00018
   5e-05
   2e-05
   5e-05
   2e-05
   1e-05
   0.0
   0.0001
   5e-05
   2e-05
   2e-05
   5e-05
   0.0
   1e-05
   4e-05
   4e-05
   4e-05
   4e-05
   0.0
   5e-05
   0.0001
   4e-05
   8e-05
   0.0
   0.00016
   1e-05
   1e-05
   1e-05
   5e-05
   9e-05
   0.0001
   9e-05
   4e-05
   1e-05
   1e-05
   1e-05
   1e-05
   0.0
   1e-05
   2e-05
   0.00016
   2e-05
   0.0
   0.0001
   0.0004
   0.00025
   8e-05
   0.00017
   0.00017
   4e-05
   9e-05
   0.00034
   0.00026
   0.00072
   0.00065
   0.00053
   0.00052
   0.00053
   0.00041
   0.00052
   0.00029
   0.0009
   0.00045
   0.00052
   0.0004
   0.00104
   0.00073
   0.00157
   0.00025
   8e-05
   0.00089
   0.00061
   0.00045
   0.00052
   0.00212
   0.00104
   0.00173
   0.00061
   0.0013
   0.00065
   0.00053
   0.00157
   0.00106
   0.00101
   0.00181
   0.00164
   0.00085
   0.00101
   0.00121
   0.00075
   0.0005
   0.00038
   0.00131
   0.00141
   0.00202
   0.00069
   0.00049
   0.00165
   0.00212
   0.00041
   0.00042
   0.00113
   0.00169
   0.00117
   0.00033
   0.00065
   0.00109
   0.00065
   0.00129
   0.00245
   0.00059
   0.00113
   0.00045
   0.00134
   0.00036
   0.00066
   0.00065
   0.00074
   0.00101
   0.00038
   0.00049
   0.00062
   0.00108
   0.00099
   0.00121
   0.00093
   0.00179
   0.00054
   0.00086
   0.00017
   0.00098
   0.00057
   0.00116
   0.00068
   0.00081
   0.00125
   0.0006
   0.00033
   0.0004
   0.00074
   0.00026
   0.00068
   0.00027
   0.00071
   0.0006
   0.00015
   0.00067
   0.00075
   0.00048
   0.0001
   0.00051
   0.00044
   0.00026
   0.00064
   0.00111
   0.00069
   0.00182
   0.0012
   0.00099
   0.00478
   0.0035
   0.00253
   0.00374
   0.00675
   0.00425
   0.00261
   0.00325
   0.00418
   0.00466
   0.00311
   0.00246
   0.00271
   0.00291
   0.00213
   0.00319
   0.00262
   0.00188
   0.00532
   0.00406
   0.00211
   0.00239
   0.00279
   0.00438
   0.00383
   0.00226
   0.00213
   0.00051
   0.00131
   0.0025
   0.00154
   0.00281
   0.00175
   0.00116
   0.00202
   0.0013
   0.00218
   0.00207
   0.00163
   0.00266
   0.00103
   0.00307
   0.00103
   0.00123
   0.00161
   0.00225
   0.00062
   0.00213
   0.00138
   0.00325
   0.00327
   0.00253
   0.00198
   0.00204
   0.00098
   0.00034
   0.0007
   0.00203
   0.00155
   0.00155
   0.00182
   0.00127
   0.00137
   0.00105
   0.00113
   0.00276
   0.00151
   0.0031
   0.00374
   0.00219
   0.00205
   0.00428
   0.00339
   0.00323
   0.00296
   0.00318
   0.00139
   0.00363
   0.00219
   0.00238
   0.00217
   0.00248
   0.00246
   0.00155
   0.00293
   0.00286
   0.00371
   0.00166
   0.00166
   0.001
   0.00154
   0.00215
   0.00219
   0.00195
   0.00293
   0.00213
   0.00235
   0.0023
   0.00393
   0.00116
   0.00186
   0.00169
   0.00202
   0.00183
   0.00303
   0.00154
   0.00275
   0.0029
   0.00512
   0.00551
   0.00211
   0.0036
   0.00202
   0.00656
   0.00479
   0.00411
   0.00251
   0.00297
   0.00233
   0.00387
   0.00306
   0.00575
   0.00375
   0.00327
   0.00434
   0.00281
   0.00215
   0.00512
   0.00393
   0.00526
   0.00372
   0.00375
   0.00179
   0.00375
   0.00391
   0.00561
   0.00431
   0.00299
   0.00405
   0.0037
   0.00303
   0.00342
   0.00371
   0.0076
   0.00413
   0.00547
   0.00538
   0.00454
   0.00283
   0.00229
   0.00245
   0.00304
   0.00372
   0.00178
   0.00222
   0.00542
   0.00113
   0.00196
   0.00328
   0.00477
   0.00361
   0.00221
   0.00224
   0.00185
   0.00248
   0.00136
   0.00303
   0.00328
   0.0014
   0.00148
   0.00115
   0.00247
   0.00106
   0.00087
   0.00147
   0.00231
   0.00088
   0.0012
   0.0007
   0.00074
   0.00145
   0.00194
   0.0034
   0.002
   0.00243
   0.00204
   0.00315
   0.00233
   0.00189
   0.00236
   0.00413
   0.00134
   0.00168
   0.00106
   0.00136
   0.00254
   0.00222
   0.00218
   0.00153
   0.00188
   0.00195
   0.00253
   0.00389
   0.00263
   0.00343
   0.00243
   0.00239
   0.00289
   0.00319
   0.00067
   0.00225
   0.00155
   0.00139
   0.00225
   0.00166
   0.00165
   0.00252
   0.00202
   0.00184
   0.00275
   0.00286
   0.0033
   0.00298
   0.00186
   0.00071
   0.00123
   0.00204
   0.00217
   0.00279
   0.00219
   0.00221
   0.00143
   0.00354
   0.0026
   0.00161
   0.00153
   0.00116
   0.00096
   0.00304
   0.00172
   0.00284
   0.00195
   0.00178
   0.00321
   0.0023
   0.00185
   0.00316
   0.00235
   0.00303
   0.00504
   0.003
   0.00255
   0.00181
   0.00174
   0.0031
   0.00342
   0.0025
   0.00287
   0.00214
   0.00215
   0.00198
   0.00268
   0.00296
   0.0019
   0.00281
   0.00104
   0.0019
   0.00171
   0.00108
   0.00108
   0.00173
   0.00173
   0.00148
   0.00295
   0.00338
   0.00155
   0.00256
   0.00389
   0.00338
   0.00419
   0.00156
   0.00156
   0.00207
   0.00186
   0.00455
   0.00137
   0.00196
   0.00238
   0.00168
   0.0027
   0.0025
   0.00171
   0.00367
   0.00285
   0.00172
   0.00302
   0.00246
   0.00272
   0.00217
   0.00171
   0.00313
   0.00282
   0.00277
   0.00273
   0.00192
   0.00346
   0.00479
   0.00248
   0.00406
   0.00382
   0.00441
   0.00211
   0.0051
   0.00446
   0.00685
   0.00291
   0.00377
   0.00395
   0.00218
   0.00339
   0.00676
   0.004
   0.00625
   0.00511
   0.00547
   0.00676
   0.01123
   0.00316
   0.00395
   0.00368
   0.00762
   0.00685
   0.00375
   0.00421
   0.00434
   0.00364
   0.00207
   0.00382
   0.00381
   0.00444
   0.00478
   0.00456
   0.00553
   0.00335
   0.0038
   0.00503
   0.00494
   0.00668
   0.00716
   0.00659
   0.00839
   0.00802
   0.01151
   0.005
   0.01189
   0.00962
   0.0074
   0.00801
   0.00727
   0.00943
   0.00693
   0.00971
   0.0083
   0.01243
   0.01048
   0.00462
   0.00961
   0.01598
   0.00553
   0.00984
   0.00512
   0.00452
   0.01331
   0.0116
   0.00724
   0.00528
   0.00621
   0.00766
   0.00857
   0.00389
   0.01059
   0.00579
   0.0081
   0.00972
   0.00852
   0.0086
   0.00633
   0.00749
   0.00555
   0.01083
   0.00735
   0.00673
   0.0054
   0.00452
   0.00788
   0.00809
   0.00497
   0.00934
   0.0056
   0.00334
   0.00642
   0.00674
   0.00646
   0.00657
   0.00341
   0.00482
   0.00362
   0.00603
   0.00384
   0.00675
   0.00511
   0.0053
   0.00525
   0.00557
   0.00688
   0.00971
   0.00726
   0.00917
   0.00918
   0.00953
   0.00778
   0.00578
   0.00601
   0.0065
   0.00636
   0.00612
   0.00401
   0.0082
   0.00764
   0.00943
   0.00668
   0.00611
   0.00596
   0.00497
   0.00473
   0.004
   0.00771
   0.00624
   0.00749
   0.00734
   0.00813
   0.00609
   0.00576
   0.00559
   0.00629
   0.00587
   0.00561
   0.00522
   0.00778
   0.00566
   0.00629
   0.00794
   0.00698
   0.00731
   0.00589
   0.0078
   0.00617
   0.00689
   0.00691
   0.00675
   0.00487
   0.00735
   0.00447
   0.00429
   0.00355
   0.00336
   0.0054
   0.00554
   0.0061
   0.00679
   0.00355
   0.00555
   0.00405
   0.00379
   0.00469
   0.00442
   0.00579
   0.00457
   0.00446
   0.005
   0.00579
   0.00444
   0.00645
   0.00531
   0.00888
   0.00706
   0.01049
   0.0062
   0.00833
   0.00697
   0.00752
   0.00644
   0.01116
   0.00729
   0.00757
   0.00688
   0.00656
   0.0064
   0.00711
   0.00696
   0.00701
   0.0066
   0.0046
   0.00519
   0.00803
   0.0074
   0.00509
   0.00471
   0.00742
   0.00546
   0.00502
   0.00628
   0.00555
   0.00603
   0.00814
   0.0074
   0.00865
   0.00862
   0.0084
   0.00759
   0.00843
   0.01004
   0.00806
   0.00762
   0.00714
   0.00911
   0.00977
   0.00575
   0.00552
   0.0061
   0.00785
   0.00964
   0.00989
   0.00866
   0.00868
   0.00703
   0.00825
   0.00796
   0.0098
   0.00845
   0.00906
   0.00942
   0.00861
   0.00852
   0.0116
   0.00995
   0.01028
   0.00866
   0.01011
   0.00955
   0.00943
   0.00997
   0.01256
   0.01109
   0.01198
   0.01111
   0.01334
   0.00941
   0.0138
   0.01533
   0.01189
   0.01039
   0.00711
   0.01532
   0.01452
   0.0128
   0.01199
   0.0122
   0.01804
   0.01077
   0.01034
   0.01656
   0.01468
   0.01346
   0.01334
   0.01373
   0.02115
   0.01261
   0.01731
   0.014
   0.01038
   0.01311
   0.01483
   0.01525
   0.01235
   0.01658
   0.01427
   0.0209
   0.01181
   0.01369
   0.00961
   0.01488
   0.01309
   0.01322
   0.01006
   0.01223
   0.01368
   0.01685
   0.01548
   0.01593
   0.01671
   0.01525
   0.01079
   0.01535
   0.01207
   0.01204
   0.01448
   0.0135
   0.01223
   0.01277
   0.01228
   0.01407
   0.01501
   0.01079
   0.01071
   0.01628
   0.01584
   0.01436
   0.01592
   0.01224
   0.0114
   0.01216
   0.01518
   0.01465
   0.01212
   0.01018
   0.01598
   0.01301
   0.01424
   0.01319
   0.01292
   0.01333
   0.01354
   0.01242
   0.01648
   0.02074
   0.01775
   0.01457
   0.01867
   0.01545
   0.0137
   0.01357
   0.01404
   0.01288
   0.01316
   0.01904
   0.01649
   0.01472
   0.01961
   0.01662
   0.01937
   0.0182
   0.01678
   0.01428
   0.02065
   0.01761
   0.02163
   0.02222
   0.02118
   0.02178
   0.02524
   0.02173
   0.01896
   0.02343
   0.02063
   0.02433
   0.02233
   0.02241
   0.02593
   0.02284
   0.02172
   0.02527
   0.02125
   0.0211
   0.02412
   0.02213
   0.02272
   0.02029
   0.02237
   0.02178
   0.02036
   0.02124
   0.02568
   0.02391
   0.02535
   0.02619
   0.02878
   0.02866
   0.03119
   0.031
   0.03127
   0.0258
   0.02375
   0.03127
   0.02449
   0.02733
   0.02766
   0.02391
   0.0311
   0.03508
   0.0303
   0.0375
   0.03219
   0.02176
   0.03068
   0.02828
   0.01985
   0.02266
   0.02493
   0.02455
   0.02255
   0.02827
   0.02914
   0.03001
   0.02743
   0.03344
   0.0297
   0.02895
   0.02809
   0.027
   0.03157
   0.0328
   0.03239
   0.03134
   0.02759
   0.03008
   0.02987
   0.03322
   0.02877
   0.03422
   0.03673
   0.03342
   0.03848
   0.04214
   0.04136
   0.03664
   0.0425
   0.03311
   0.03424
   0.03453
   0.04309
   0.03216
   0.03958
   0.04031
   0.03608
   0.03446
   0.02931
   0.02965
   0.03134
   0.03422
   0.03724
   0.03273
   0.03713
   0.0365
   0.0346
   0.03974
   0.04996
   0.04063
   0.04491
   0.04266
   0.0383
   0.03567
   0.04552
   0.04013
   0.04692
   0.03882
   0.04346
   0.05107
   0.04525
   0.03891
   0.04106
   0.04744
   0.04225
   0.03986
   0.03925
   0.04135
   0.03514
   0.0355
   0.0406
   0.04195
   0.04374
   0.03097
   0.04067
   0.04366
   0.04882
   0.0436
   0.04479
   0.03873
   0.05159
   0.05439
   0.05087
   0.05936
   0.0531
   0.04831
   0.0536
   0.0534
   0.04722
   0.04699
   0.04411
   0.04841
   0.05543
   0.08672
   0.05169
   0.05213
   0.05083
   0.05704
   0.05328
   0.04648
   0.04722
   0.05778
   0.05984
   0.06375
   0.05014
   0.05695
   0.04907
   0.04806
   0.05222
   0.04768
   0.05918
   0.05136
   0.05147
   0.06037
   0.0538
   0.04905
   0.05939
   0.05741
   0.05558
   0.05736
   0.06281
   0.06214
   0.06129
   0.07029
   0.06037
   0.05083
   0.0656
   0.05909
   0.05881
   0.06796
   0.06661
   0.07313
   0.05959
   0.05806
   0.06052
   0.06779
   0.07129
   0.06341
   0.05542
   0.06165
   0.0578
   0.06423
   0.06409
   0.07074
   0.07195
   0.07284
   0.07193
   0.07197
   0.08605
   0.07221
   0.08398
   0.07264
   0.08309
   0.07241
   0.07033
   0.08356
   0.06994
   0.07207
   0.06644
   0.07695
   0.06742
   0.06511
   0.07715
   0.06765
   0.07565
   0.07702
   0.06736
   0.07191
   0.07692
   0.07744
   0.0689
   0.07059
   0.07159
   0.06814
   0.07517
   0.06772
   0.0676
   0.07883
   0.08019
   0.07907
   0.07033
   0.07453
   0.07543
   0.06109
   0.07305
   0.08304
   0.08563
   0.06826
   0.0734
   0.06865
   0.07592
   0.08917
   0.06426
   0.06754
   0.08092
   0.07326
   0.07739
   0.07457
   0.0818
   0.08455
   0.09383
   0.08658
   0.09076
   0.08121
   0.09418
   0.09166
   0.08233
   0.087
   0.09099
   0.09904
   0.10753
   0.09636
   0.08326
   0.0932
   0.08094
   0.08622
   0.0849
   0.08581
   0.08538
   0.08843
   0.08267
   0.08923
   0.08251
   0.08502
   0.09489
   0.09051
   0.09105
   0.09009
   0.09496
   0.09648
   0.1024
   0.10405
   0.09276
   0.08564
   0.0869
   0.09458
   0.10139
   0.09465
   0.0976
   0.08467
   0.09606
   0.09919
   0.0975
   0.102
   0.10976
   0.09812
   0.08823
   0.08839
   0.10751
   0.10376
   0.10069
   0.10782
   0.10562
   0.10053
   0.10101
   0.09623
   0.09843
   0.09833
   0.09522
   0.09298
   0.10054
   0.09948
   0.1042
   0.10364
   0.11064
   0.11034
   0.10425
   0.11514
   0.10495
   0.11729
   0.11721
   0.11326
   0.10892
   0.11456
   0.1171
   0.11495
   0.12437
   0.12696
   0.12611
   0.12894
   0.1303
   0.12881
   0.13896
   0.12946
   0.12667
   0.12429
   0.13039
   0.1497
   0.1225
   0.13583
   0.13916
   0.12935
   0.12499
   0.13462
   0.13328
   0.12062
   0.11982
   0.13333
   0.13525
   0.13207
   0.13395
   0.13587
   0.13336
   0.12952
   0.13446
   0.12746
   0.14402
   0.1361
   0.12986
   0.14784
   0.1353
   0.13657
   0.14748
   0.1551
   0.14983
   0.15899
   0.14376
   0.14731
   0.15503
   0.17005
   0.15388
   0.15167
   0.15518
   0.17058
   0.15311
   0.16075
   0.16361
   0.16292
   0.14253
   0.16096
   0.15289
   0.15948
   0.15564
   0.15874
   0.16214
   0.15592
   0.16111
   0.16275
   0.16729
   0.1605
   0.1657
   0.17225
   0.18576
   0.18483
   0.16658
   0.17237
   0.1834
   0.17943
   0.17469
   0.17458
   0.17983
   0.18394
   0.17647
   0.18625
   0.19037
   0.18477
   0.19056
   0.1775
   0.17943
   0.17989
   0.19393
   0.19016
   0.19237
   0.18284
   0.18785
   0.19514
   0.1878
   0.17808
   0.18068
   0.20001
   0.18603
   0.1879
   0.18988
   0.18387
   0.18709
   0.18332
   0.1873
   0.18354
   0.18885
   0.20525
   0.19616
   0.19922
   0.19764
   0.21285
   0.19905
   0.20427
   0.19951
   0.20249
   0.20462
   0.20213
   0.21068
   0.21791
   0.20534
   0.20409
   0.20823
   0.20731
   0.20508
   0.20819
   0.20877
   0.21905
   0.20493
   0.20258
   0.21768
   0.21607
   0.19963
   0.22436
   0.20973
   0.22543
   0.23086
   0.23005
   0.25909
   0.22149
   0.23594
   0.23395
   0.24007
   0.23437
   0.23251
   0.25321
   0.22976
   0.23219
   0.24874
   0.24167
   0.2413
   0.27093
   0.25126
   0.25111
   0.25403
   0.26593
   0.24857
   0.26179
   0.24743
   0.2531
   0.25724
   0.24826
   0.2435
   0.26206
   0.25757
   0.26386
   0.25305
   0.26482
   0.24628
   0.25633
   0.25821
   0.25463
   0.28322
   0.27308
   0.27868
   0.28966
   0.28856
   0.2814
   0.27038
   0.28088
   0.27004
   0.28904
   0.28389
   0.28606
   0.30189
   0.2834
   0.29168
   0.30339
   0.32222
   0.33657
   0.31813
   0.30095
   0.32542
   0.32814
   0.30668
   0.30435
   0.29391
   0.33419
   0.34889
   0.34525
   0.30999
   0.33662
   0.32702
   0.33674
   0.31158
   0.32501
   0.35154
   0.33934
   0.35187
   0.35589
   0.33403
   0.33706
   0.33857
   0.35341
   0.33842
   0.34758
   0.36664
   0.3273
   0.33748
   0.35559
   0.33993
   0.37033
   0.33442
   0.35587
   0.36374
   0.35265
   0.38161
   0.35467
   0.35753
   0.35857
   0.37973
   0.35633
   0.3717
   0.37903
   0.38272
   0.39043
   0.39166
   0.38006
   0.41043
   0.36348
   0.38327
   0.39173
   0.40823
   0.39115
   0.37877
   0.39616
   0.38607
   0.39721
   0.40637
   0.4051
   0.40698
   0.42028
   0.40644
   0.41241
   0.44595
   0.44617
   0.42868
   0.44823
   0.46478
   0.45869
   0.43607
   0.45362
   0.47735
   0.46103
   0.46461
   0.45791
   0.45866
   0.47531
   0.47696
   0.47028
   0.50421
   0.47487
   0.50567
   0.49146
   0.51228
   0.48231
   0.49144
   0.50242
   0.50812
   0.49249
   0.51214
   0.51232
   0.50458
   0.52133
   0.53428
   0.51353
   0.50075
   0.51632
   0.55881
   0.51864
   0.54628
   0.54615
   0.55118
   0.5575
   0.53567
   0.55185
   0.58246
   0.55156
   0.54223
   0.54491
   0.56489
   0.54077
   0.53296
   0.53124
   0.56357
   0.56015
   0.55837
   0.58924
   0.56668
   0.58088
   0.59215
   0.58665
   0.57489
   0.59142
   0.56345
   0.58136
   0.59951
   0.61582
   0.61852
   0.62437
   0.61706
   0.643
   0.60904
   0.63128
   0.62105
   0.60994
   0.60339
   0.65231
   0.61884
   0.66651
   0.64714
   0.66762
   0.64529
   0.68851
   0.66045
   0.63962
   0.68616
   0.6803
   0.67603
   0.68007
   0.70114
   0.69853
   0.70238
   0.70586
   0.69518
   0.69773
   0.71178
   0.69897
   0.71022
   0.71744
   0.70011
   0.70643
   0.71479
   0.72159
   0.72605
   0.75445
   0.73107
   0.71379
   0.73448
   0.74892
   0.7679
   0.7568
   0.72117
   0.74828
   0.74498
   0.76215
   0.81484
   0.79848
   0.77835
   0.77668
   0.78209
   0.81491
   0.80299
   0.81517
   0.80002
   0.80782
   0.81463
   0.86815
   0.82862
   0.84158
   0.83119
   0.83299
   0.84686
   0.8595
   0.88822
   0.86145
   0.88567
   0.87602
   0.89943
   0.89788
   0.88007
   0.92672
   0.93349
   0.89016
   0.92121
   0.92312
   0.92427
   0.9341
   0.93087
   0.93775
   0.9715
   0.95348
   0.97834
   0.98641
   0.9615
   0.99276
   1.00356
   1.01145
   0.98816
   0.99699
   1.02728
   1.01056
   1.00006
   1.02105
   0.99563
   0.99298
   0.9667
   1.02243
   1.07075
   1.00096
   1.05526
   1.05825
   1.06222
   1.11914
   1.07106
   1.08273
   1.05462
   1.08618
   1.09316
   1.10083
   1.11798
   1.12323
   1.10648
   1.14377
   1.10797
   1.1573
   1.14585
   1.1638
   1.15332
   1.14807
   1.17326
   1.22114
   1.19362
   1.21042
   1.23985
   1.22103
   1.22754
   1.22327
   1.23795
   1.23939
   1.21732
   1.24269
   1.24889
   1.28889
   1.29606
   1.29318
   1.32958
   1.29755
   1.32989
   1.3367
   1.33452
   1.37171
   1.34671
   1.31855
   1.34079
   1.38659
   1.32151
   1.35144
   1.37899
   1.35471
   1.45794
   1.43163
   1.45187
   1.46656
   1.43575
   1.47425
   1.47044
   1.52808
   1.5044
   1.42467
   1.51213
   1.53475
   1.5467
   1.52616
   1.5321
   1.50879
   1.52905
   1.57387
   1.55279
   1.56221
   1.59418
   1.56601
   1.59368
   1.53487
   1.56042
   1.49797
   1.5919
   1.61976
   1.59571
   1.62468
   1.61292
   1.5748
   1.69184
   1.71098
   1.68701
   1.67995
   1.67784
   1.72801
   1.72842
   1.75406
   1.76476
   1.74812
   1.78163
   1.74874
   1.77978
   1.75069
   1.79605
   1.81547
   1.86288
   1.81154
   1.8457
   1.82682
   1.84704
   1.89425
   1.87893
   1.87539
   1.87465
   1.90526
   1.92064
   1.8934
   1.92253
   1.95871
   1.91485
   1.98728
   2.03212
   1.93072
   1.95673
   2.00828
   1.98494
   1.97376
   2.05383
   2.02883
   2.01544
   2.08842
   2.07515
   2.11026
   2.10248
   2.12613
   2.13216
   2.13841
   2.16257
   2.16029
   2.18189
   2.18232
   2.16935
   2.25763
   2.20905
   2.21839
   2.33062
   2.31375
   2.29404
   2.25377
   2.29385
   2.289
   2.32157
   2.3355
   2.32785
   2.35572
   2.37832
   2.37082
   2.36327
   2.43667
   2.37571
   2.42497
   2.438
   2.49762
   2.48657
   2.49601
   2.54044
   2.55666
   2.53926
   2.57963
   2.55139
   2.63904
   2.61338
   2.6288
   2.65697
   2.7203
   2.68393
   2.71148
   2.66144
   2.70371
   2.73658
   2.84537
   2.85934
   2.82882
   2.82512
   2.83991
   2.92569
   2.94271
   2.88795
   2.90205
   2.94076
   2.93946
   2.94536
   2.95233
   2.96676
   2.98588
   3.01983
   3.01728
   3.02173
   3.05089
   3.01224
   3.09228
   3.17614
   3.10774
   3.10091
   3.15044
   3.16207
   3.20409
   3.19575
   3.2725
   3.25264
   3.35455
   3.31389
   3.2998
   3.36265
   3.32164
   3.36292
   3.38747
   3.36903
   3.40853
   3.40079
   3.50575
   3.43216
   3.43259
   3.50754
   3.57349
   3.56911
   3.59358
   3.53591
   3.61276
   3.49314
   3.64283
   3.66802
   3.69078
   3.79088
   3.69415
   3.77446
   3.79937
   3.80123
   3.81867
   3.87651
   3.88188
   3.85766
   3.86739
   3.89842
   3.89437
   3.89375
   3.95688
   3.94557
   3.92881
   3.98044
   4.04012
   3.95575
   4.075
   4.07468
   4.08941
   4.13938
   4.17277
   4.21193
   4.18649
   4.31189
   4.26686
   4.32805
   4.29167
   4.36174
   4.36997
   4.45082
   4.36892
   4.44239
   4.46175
   4.54132
   4.61408
   4.51646
   4.51181
   4.62301
   4.65557
   4.65269
   4.63363
   4.74689
   4.73371
   4.79653
   4.7205
   4.78089
   4.84031
   4.82202
   4.90889
   4.94276
   4.94309
   4.98547
   4.93231
   5.00142
   5.09842
   5.12564
   5.01804
   5.06784
   5.17417
   5.2067
   5.17599
   5.2637
   5.34516
   5.39152
   5.31383
   5.35184
   5.4662
   5.54512
   5.54592
   5.55641
   5.52712
   5.59343
   5.61903
   5.61912
   5.71278
   5.69287
   5.75338
   5.6943
   5.755
   5.7898
   5.76895
   5.8615
   5.94615
   5.91912
   5.95889
   5.9848
   6.04339
   6.18172
   6.21567
   6.22129
   6.26226
   6.27467
   6.2823
   6.37821
   6.3167
   6.47606
   6.33975
   6.48593
   6.50569
   6.51252
   6.53354
   6.59596
   6.58691
   6.69817
   6.72208
   6.70909
   6.76582
   6.76357
   6.91529
   6.91399
   6.91579
   7.00651
   6.99527
   6.99016
   7.17015
   7.17289
   7.15151
   7.20799
   7.23838
   7.39768
   7.26588
   7.33746
   7.40402
   7.51862
   7.58669
   7.58819
   7.4968
   7.50674
   7.65925
   7.79612
   7.61267
   7.75141
   7.78967
   7.93081
   7.92562
   8.00024
   7.94512
   8.04023
   8.0397
   7.97277
   8.2029
   8.25317
   8.32705
   8.28279
   8.44365
   8.51105
   8.4728
   8.48343
   8.63615
   8.65705
   8.7311
   8.73363
   8.85667
   8.78799
   8.90319
   8.94233
   9.01026
   9.08243
   9.0358
   9.18654
   9.23871
   9.09766
   9.22094
   9.41684
   9.33402
   9.49442
   9.43516
   9.57459
   9.54568
   9.7114
   9.80534
   9.75137
   9.81792
   9.93508
   9.87984
   10.02926
   10.10715
   9.97884
   10.06124
   10.17906
   10.29804
   10.30246
   10.39924
   10.4016
   10.48149
   10.51233
   10.60184
   10.74332
   10.68851
   10.76992
   10.81003
   10.80093
   11.00967
   11.06191
   11.11541
   11.19731
   11.25077
   11.33884
   11.43422
   11.62174
   11.54967
   11.59151
   11.71527
   11.79329
   11.79493
   11.86452
   11.91775
   11.96231
   12.15255
   12.28104
   12.27953
   12.35094
   12.35635
   12.44153
   12.47888
   12.63505
   12.64346
   12.63708
   12.74823
   12.85616
   12.90477
   12.87171
   13.02088
   13.08292
   13.09687
   13.1581
   13.32245
   13.42893
   13.48713
   13.43573
   13.61367
   13.46584
   13.73021
   13.79212
   13.86558
   13.86922
   13.95802
   13.97705
   14.03499
   14.02887
   14.20961
   14.35614
   14.45654
   14.57253
   14.60172
   14.74138
   14.71274
   14.92045
   14.8787
   15.01378
   15.18244
   15.37082
   15.29266
   15.41807
   15.4156
   15.60697
   15.65508
   15.60306
   15.72394
   15.7641
   15.87058
   15.89458
   15.99794
   16.10466
   16.04052
   16.19079
   16.21482
   16.49596
   16.56497
   16.68643
   16.76605
   16.7724
   16.96326
   17.16073
   17.27666
   17.51007
   17.48476
   17.57691
   17.63624
   17.86609
   17.91431
   17.98228
   18.02646
   18.25068
   18.26974
   18.43549
   18.37442
   18.52712
   18.32894
   18.08382
   17.99322
   17.82862
   17.76866
   17.81093
   17.43365
   17.39199
   17.21671
   17.09355
   17.23789
   16.94507
   16.90976
   16.6802
   16.62573
   16.43855
   16.62875
   16.37052
   16.08443
   16.194
   16.04655
   16.00753
   15.94854
   15.82985
   15.82875
   15.7024
   15.54201
   15.55046
   15.39614
   15.20192
   15.29213
   15.10724
   14.96573
   14.97539
   14.93949
   15.02085
   14.83661
   14.70193
   14.44777
   14.41017
   14.49288
   14.33224
   14.21813
   14.29441
   14.22458
   14.08462
   13.98849
   13.96453
   13.76223
   13.66526
   13.54713
   13.56053
   13.5522
   13.44565
   13.3665
   13.31726
   13.12037
   13.1601
   13.11398
   12.97844
   12.89605
   12.9135
   12.76572
   12.90537
   12.81987
   12.60113
   12.46559
   12.51043
   12.40243
   12.30068
   12.18535
   12.07871
   12.05535
   12.01335
   11.96471
   11.89262
   11.77696
   11.65699
   11.57481
   11.55525
   11.514
   11.4601
   11.43704
   11.37697
   11.26018
   11.34265
   11.21989
   11.17164
   11.03101
   11.08909
   11.04653
   10.93998
   10.85356
   11.02095
   10.86115
   10.72944
   10.66526
   10.54367
   10.46369
   10.44788
   10.37589
   10.3187
   10.27017
   10.19206
   10.06915
   10.06217
   10.02981
   9.97079
   9.96966
   9.94545
   9.82995
   9.82756
   9.75399
   9.74277
   9.68934
   9.61563
   9.45327
   9.5357
   9.3901
   9.31519
   9.32969
   9.34243
   9.19301
   9.08603
   9.01964
   9.1331
   9.13344
   9.05357
   8.92555
   8.89925
   8.76478
   8.83496
   8.84849
   8.71963
   8.65873
   8.57024
   8.6373
   8.47216
   8.44001
   8.49121
   8.36893
   8.29113
   8.1842
   8.23365
   8.22398
   8.1901
   8.21209
   8.07774
   8.01901
   7.97712
   7.9416
   7.84334
   7.75945
   7.77095
   7.72579
   7.78389
   7.73664
   7.76022
   7.57152
   7.6311
   7.60165
   7.56187
   7.44573
   7.47645
   7.40225
   7.32303
   7.15991
   7.17993
   7.11948
   7.24854
   7.08643
   7.02986
   7.01204
   6.87813
   6.95723
   7.00773
   6.89879
   6.82263
   6.72416
   6.66988
   6.61403
   6.68165
   6.56179
   6.56647
   6.47744
   6.40321
   6.41609
   6.42568
   6.39631
   6.3308
   6.36689
   6.27492
   6.21581
   6.23061
   6.08256
   6.15423
   6.12869
   6.11708
   6.09084
   5.99425
   6.01944
   6.07542
   6.0539
   5.94665
   5.92922
   5.87781
   5.94604
   5.9305
   5.77313
   5.67824
   5.71706
   5.65446
   5.61861
   5.50936
   5.56669
   5.47422
   5.41921
   5.47142
   5.42145
   5.35552
   5.34447
   5.31695
   5.2957
   5.32694
   5.22522
   5.25607
   5.20525
   5.08951
   5.08747
   5.10261
   4.93734
   5.00133
   5.00736
   4.96745
   4.90976
   4.81518
   4.81612
   4.79607
   4.73238
   4.76771
   4.75688
   4.70312
   4.71502
   4.67413
   4.66203
   4.61033
   4.60882
   4.53928
   4.49467
   4.46826
   4.40924
   4.48894
   4.4113
   4.41869
   4.43858
   4.39068
   4.37879
   4.33974
   4.36751
   4.21016
   4.33257
   4.23854
   4.23159
   4.16759
   4.21497
   4.14398
   4.13538
   4.13216
   4.08317
   4.03163
   4.09502
   4.06229
   4.0017
   4.04871
   4.00135
   4.00774
   3.96723
   3.93153
   3.8942
   3.9269
   3.88099
   3.84192
   3.81891
   3.75013
   3.87397
   3.79155
   3.80369
   3.68275
   3.60036
   3.75589
   3.64677
   3.65279
   3.56477
   3.62128
   3.57801
   3.56431
   3.50347
   3.53816
   3.53995
   3.47406
   3.45497
   3.50378
   3.42283
   3.40738
   3.38965
   3.30614
   3.34856
   3.30088
   3.26686
   3.36221
   3.24652
   3.28961
   3.18157
   3.17735
   3.1369
   3.13169
   3.14745
   3.06462
   3.05119
   3.02886
   3.0505
   3.00866
   2.99558
   2.96663
   2.92499
   2.9071
   2.86774
   2.8977
   2.89747
   2.86704
   2.84421
   2.79891
   2.8013
   2.80929
   2.70664
   2.78287
   2.75702
   2.7711
   2.76187
   2.80123
   2.71879
   2.68228
   2.65007
   2.66947
   2.66883
   2.67566
   2.56195
   2.61842
   2.59539
   2.53232
   2.49309
   2.53963
   2.58619
   2.56005
   2.51615
   2.55273
   2.5191
   2.46965
   2.48579
   2.48571
   2.44562
   2.47157
   2.4482
   2.43298
   2.46822
   2.43447
   2.37939
   2.35062
   2.37112
   2.35194
   2.33053
   2.31479
   2.27337
   2.31879
   2.26718
   2.27892
   2.2257
   2.26087
   2.20924
   2.19907
   2.15524
   2.159
   2.14705
   2.16734
   2.20103
   2.14915
   2.15959
   2.1326
   2.09719
   2.06216
   2.14239
   2.11143
   2.04742
   2.04565
   2.09181
   2.05101
   2.05619
   2.04895
   2.05032
   2.02757
   2.01254
   1.99653
   1.94956
   1.97034
   1.97878
   1.94508
   1.93019
   1.91357
   1.90793
   1.97956
   1.9025
   1.90523
   1.84729
   1.85661
   1.86281
   1.85105
   1.85706
   1.86604
   1.8598
   1.82023
   1.77212
   1.82284
   1.8041
   1.78385
   1.78401
   1.75467
   1.74175
   1.71015
   1.73118
   1.72602
   1.65455
   1.69707
   1.69218
   1.69213
   1.66511
   1.6463
   1.59249
   1.63952
   1.61623
   1.64961
   1.587
   1.61657
   1.58521
   1.58473
   1.54692
   1.58502
   1.60516
   1.55475
   1.51616
   1.53552
   1.49522
   1.49053
   1.47769
   1.48938
   1.46373
   1.45377
   1.46592
   1.42265
   1.43851
   1.46395
   1.45798
   1.41823
   1.43802
   1.42785
   1.40663
   1.36371
   1.38133
   1.399
   1.38792
   1.34488
   1.3452
   1.33375
   1.31822
   1.33849
   1.30056
   1.30045
   1.31061
   1.32117
   1.27173
   1.28773
   1.29357
   1.29871
   1.28564
   1.27658
   1.25018
   1.30092
   1.2644
   1.26082
   1.25376
   1.21866
   1.20436
   1.1977
   1.20268
   1.15325
   1.18012
   1.20571
   1.19686
   1.15463
   1.12953
   1.12174
   1.14743
   1.13862
   1.11914
   1.12085
   1.15908
   1.08867
   1.06269
   1.07214
   1.08601
   1.05412
   1.05336
   1.06285
   1.05776
   1.03607
   1.07702
   1.05728
   1.06361
   1.02359
   1.0134
   1.05055
   1.00874
   0.99172
   1.0486
   0.9988
   0.997
   0.98667
   0.98197
   0.9909
   0.95977
   0.9652
   0.94137
   0.98878
   0.92189
   0.93587
   0.94916
   0.93808
   0.95775
   0.91033
   0.9113
   0.90238
   0.90525
   0.90583
   0.92593
   0.91095
   0.89523
   0.90848
   0.85706
   0.87152
   0.87984
   0.88972
   0.89619
   0.85458
   0.88005
   0.85151
   0.83996
   0.82907
   0.85917
   0.8483
   0.81951
   0.80512
   0.8081
   0.81786
   0.80704
   0.7926
   0.79196
   0.76945
   0.75864
   0.79529
   0.79939
   0.79274
   0.75216
   0.75646
   0.7686
   0.76075
   0.774
   0.76904
   0.75309
   0.77425
   0.72801
   0.74684
   0.72908
   0.7354
   0.73601
   0.74492
   0.73106
   0.71963
   0.71046
   0.70755
   0.70575
   0.70574
   0.68681
   0.68991
   0.67612
   0.68921
   0.66528
   0.65786
   0.68089
   0.68761
   0.68775
   0.66416
   0.69427
   0.65743
   0.64463
   0.66008
   0.64427
   0.63387
   0.62397
   0.61498
   0.6651
   0.62148
   0.65693
   0.63113
   0.63242
   0.60303
   0.61091
   0.60385
   0.57496
   0.57327
   0.5868
   0.58469
   0.53741
   0.56724
   0.562
   0.53978
   0.54685
   0.54528
   0.55649
   0.5466
   0.55134
   0.54175
   0.55712
   0.53756
   0.55567
   0.53868
   0.52865
   0.51522
   0.4963
   0.54121
   0.52763
   0.52302
   0.52606
   0.53898
   0.50598
   0.51553
   0.52858
   0.54084
   0.52554
   0.53177
   0.49802
   0.50186
   0.52352
   0.51833
   0.46241
   0.48741
   0.50384
   0.4979
   0.49459
   0.48769
   0.47195
   0.47419
   0.47771
   0.47416
   0.49116
   0.46731
   0.46719
   0.47505
   0.47352
   0.46555
   0.46129
   0.46582
   0.45397
   0.4622
   0.45092
   0.44184
   0.45662
   0.44374
   0.44435
   0.43067
   0.42124
   0.42124
   0.41895
   0.40435
   0.45321
   0.41741
   0.41307
   0.41388
   0.41935
   0.37862
   0.40492
   0.42063
   0.41499
   0.37072
   0.4055
   0.39212
   0.38802
   0.38337
   0.38618
   0.38026
   0.38574
   0.39737
   0.40569
   0.36268
   0.37656
   0.36448
   0.349
   0.35906
   0.35995
   0.36652
   0.37034
   0.33989
   0.35435
   0.35709
   0.36065
   0.34342
   0.33133
   0.34416
   0.36525
   0.3474
   0.35945
   0.34791
   0.34496
   0.33896
   0.31901
   0.31492
   0.33977
   0.33333
   0.30874
   0.33735
   0.33594
   0.34168
   0.32481
   0.32742
   0.31848
   0.32539
   0.27753
   0.31557
   0.31729
   0.29927
   0.28513
   0.29496
   0.31125
   0.29338
   0.31061
   0.2907
   0.31615
   0.30879
   0.29847
   0.26803
   0.30458
   0.29997
   0.30048
   0.27655
   0.27761
   0.27949
   0.27422
   0.28002
   0.28012
   0.29215
   0.27524
   0.27668
   0.26832
   0.27639
   0.273
   0.26888
   0.27147
   0.25182
   0.24208
   0.2492
   0.24381
   0.2505
   0.247
   0.24551
   0.23722
   0.23593
   0.24628
   0.23844
   0.26906
   0.25542
   0.2385
   0.24393
   0.23126
   0.22809
   0.23506
   0.22811
   0.24039
   0.22392
   0.22756
   0.23573
   0.23882
   0.21766
   0.2442
   0.2157
   0.2296
   0.22931
   0.2187
   0.2198
   0.20499
   0.22649
   0.22349
   0.22065
   0.20665
   0.21973
   0.19509
   0.19907
   0.19544
   0.19617
   0.20216
   0.1917
   0.19447
   0.20149
   0.19751
   0.19883
   0.19136
   0.18269
   0.19155
   0.19765
   0.18207
   0.20685
   0.18548
   0.19384
   0.18112
   0.18738
   0.17671
   0.19219
   0.20201
   0.18033
   0.18313
   0.17204
   0.17571
   0.17734
   0.18537
   0.1704
   0.17271
   0.18515
   0.17438
   0.16066
   0.16813
   0.17638
   0.16309
   0.17046
   0.15704
   0.17181
   0.167
   0.16361
   0.17081
   0.16129
   0.15787
   0.16452
   0.15802
   0.16593
   0.1665
   0.17406
   0.17776
   0.16676
   0.16225
   0.16982
   0.18153
   0.17924
   0.15067
   0.16811
   0.16557
   0.15616
   0.16541
   0.16679
   0.16306
   0.16395
   0.14472
   0.15643
   0.15427
   0.15107
   0.16004
   0.15602
   0.15474
   0.14952
   0.14975
   0.15709
   0.15186
   0.14858
   0.13935
   0.14554
   0.13668
   0.14018
   0.12682
   0.12842
   0.13774
   0.12301
   0.13547
   0.12709
   0.1232
   0.1237
   0.13763
   0.13374
   0.12381
   0.12569
   0.13707
   0.12606
   0.13083
   0.12417
   0.11625
   0.12225
   0.12536
   0.11176
   0.11379
   0.11569
   0.10936
   0.11022
   0.10989
   0.10799
   0.1032
   0.11231
   0.11942
   0.11116
   0.12208
   0.11292
   0.11815
   0.113
   0.11781
   0.10393
   0.10902
   0.09892
   0.11796
   0.10817
   0.11572
   0.1041
   0.09815
   0.10546
   0.11322
   0.10927
   0.11688
   0.11297
   0.10813
   0.08958
   0.112
   0.09929
   0.10883
   0.10765
   0.1041
   0.10328
   0.1008
   0.10832
   0.11256
   0.10129
   0.11622
   0.10906
   0.10205
   0.09944
   0.10221
   0.0985
   0.10788
   0.10201
   0.10053
   0.09585
   0.11545
   0.09837
   0.09802
   0.09578
   0.09829
   0.10623
   0.09613
   0.08861
   0.09815
   0.09687
   0.09098
   0.08419
   0.09087
   0.09668
   0.09687
   0.09174
   0.09898
   0.08059
   0.09226
   0.08938
   0.07989
   0.08548
   0.08948
   0.09337
   0.08362
   0.08517
   0.07367
   0.09111
   0.08723
   0.07704
   0.07938
   0.09281
   0.08071
   0.09152
   0.08206
   0.0799
   0.08571
   0.09179
   0.08881
   0.09231
   0.08678
   0.08406
   0.07732
   0.08752
   0.08762
   0.07937
   0.07546
   0.08252
   0.08366
   0.07513
   0.07567
   0.07925
   0.07511
   0.0797
   0.07903
   0.08327
   0.07303
   0.08183
   0.07384
   0.0766
   0.0708
   0.08287
   0.07683
   0.07515
   0.07817
   0.07946
   0.07946
   0.07332
   0.07433
   0.07301
   0.07877
   0.06773
   0.0735
   0.06764
   0.09176
   0.06452
   0.07712
   0.0716
   0.07971
   0.07281
   0.06204
   0.07513
   0.07484
   0.06291
   0.068
   0.07071
   0.06814
   0.0608
   0.068
   0.07166
   0.07084
   0.06658
   0.05708
   0.06105
   0.06332
   0.05284
   0.05864
   0.05538
   0.06744
   0.06179
   0.0577
   0.06069
   0.05359
   0.0589
   0.06099
   0.05403
   0.05668
   0.0535
   0.05559
   0.05442
   0.05659
   0.05761
   0.05033
   0.04813
   0.04376
   0.04659
   0.04538
   0.04457
   0.05127
   0.04809
   0.03978
   0.04766
   0.04838
   0.04252
   0.04756
   0.05063
   0.05852
   0.04731
   0.05227
   0.04866
   0.052
   0.04707
   0.04719
   0.04283
   0.044
   0.04472
   0.04018
   0.04241
   0.03918
   0.04247
   0.03919
   0.04462
   0.04013
   0.03876
   0.03889
   0.04453
   0.04385
   0.04452
   0.05071
   0.04026
   0.03978
   0.04011
   0.04402
   0.04583
   0.04362
   0.05181
   0.04499
   0.04361
   0.04371
   0.05193
   0.0495
   0.04408
   0.0499
   0.05783
   0.04281
   0.04844
   0.04407
   0.04831
   0.05551
   0.05161
   0.04585
   0.04542
   0.03782
   0.04669
   0.05297
   0.04065
   0.04932
   0.0528
   0.04157
   0.04335
   0.04747
   0.04648
   0.04533
   0.04086
   0.0392
   0.04322
   0.03794
   0.05026
   0.03977
   0.04041
   0.0395
   0.03929
   0.03917
   0.04411
   0.03758
   0.03536
   0.04005
   0.03348
   0.03504
   0.03693
   0.03165
   0.03742
   0.03902
   0.03603
   0.03356
   0.03175
   0.0316
   0.03207
   0.03672
   0.03229
   0.03202
   0.02893
   0.04086
   0.04154
   0.03906
   0.03824
   0.03863
   0.04165
   0.03353
   0.03598
   0.03307
   0.03493
   0.04006
   0.03342
   0.03677
   0.04086
   0.0329
   0.04206
   0.03864
   0.0449
   0.03812
   0.03617
   0.03031
   0.03861
   0.03432
   0.02777
   0.03036
   0.03377
   0.03062
   0.0332
   0.03619
   0.03104
   0.0326
   0.02611
   0.03687
   0.03689
   0.03419
   0.03469
   0.03618
   0.04011
   0.03361
   0.03367
   0.04086
   0.0391
   0.03607
   0.04184
   0.041
   0.04081
   0.0473
   0.03631
   0.03679
   0.03397
   0.03224
   0.03504
   0.04233
   0.03357
   0.03534
   0.02965
   0.03374
   0.03085
   0.03454
   0.0398
   0.03958
   0.03902
   0.03919
   0.02535
   0.03369
   0.02522
   0.02726
   0.0317
   0.02824
   0.02487
   0.02798
   0.02625
   0.02801
   0.03351
   0.03068
   0.03351
   0.02939
   0.03099
   0.02891
   0.02418
   0.02958
   0.02514
   0.02548
   0.0249
   0.02277
   0.02569
   0.02324
   0.02194
   0.03284
   0.02081
   0.02599
   0.02398
   0.02475
   0.02546
   0.01861
   0.02708
   0.02342
   0.0262
   0.0266
   0.0247
   0.01786
   0.02133
   0.01957
   0.02552
   0.02563
   0.03141
   0.02485
   0.02059
   0.02212
   0.02862
   0.02349
   0.0227
   0.01968
   0.0192
   0.02096
   0.02146
   0.02215
   0.02302
   0.01673
   0.02022
   0.01663
   0.02207
   0.01482
   0.01692
   0.01704
   0.01805
   0.01806
   0.01651
   0.01641
   0.01824
   0.01941
   0.02088
   0.01516
   0.02386
   0.01713
   0.01712
   0.0166
   0.01629
   0.01982
   0.01615
   0.01749
   0.02524
   0.0205
   0.0185
   0.02197
   0.01846
   0.02248
   0.01779
   0.01728
   0.01152
   0.01615
   0.02226
   0.02196
   0.0217
   0.01539
   0.01766
   0.01953
   0.01799
   0.0189
   0.01141
   0.0154
   0.01415
   0.01425
   0.01142
   0.01084
   0.01175
   0.01176
   0.01194
   0.01132
   0.01288
   0.01157
   0.01258
   0.0101
   0.01008
   0.01333
   0.00996
   0.01062
   0.01121
   0.00918
   0.01277
   0.01105
   0.0102
   0.00939
   0.01077
   0.00933
   0.01292
   0.01032
   0.00899
   0.01274
   0.01011
   0.01385
   0.0099
   0.01118
   0.00843
   0.01053
   0.01431
   0.00904
   0.0123
   0.0101
   0.01062
   0.0142
   0.01087
   0.01096
   0.01185
   0.00976
   0.01351
   0.00987
   0.00984
   0.01
   0.0106
   0.00881
   0.00735
   0.00992
   0.00856
   0.01149
   0.00791
   0.01339
   0.01003
   0.00885
   0.00655
   0.00902
   0.01229
   0.00786
   0.00679
   0.00651
   0.008
   0.00905
   0.01138
   0.01012
   0.00715
   0.00431
   0.00709
   0.00581
   0.00742
   0.00479
   0.005
   0.00619
   0.01164
   0.00591
   0.00664
   0.00692
   0.00752
   0.00533
   0.0086
   0.00636
   0.00568
   0.00566
   0.00675
   0.00599
   0.00698
   0.00799
   0.01061
   0.00982
   0.00521
   0.00706
   0.00622
   0.00564
   0.00363
   0.00541
   0.00679
   0.00857
   0.00674
   0.00642
   0.00661
   0.01113
   0.00644
   0.0069
   0.00675
   0.00911
   0.00573
   0.00722
   0.00636
   0.01001
   0.00898
   0.00636
   0.00441
   0.00443
   0.00621
   0.00494
   0.00694
   0.00499
   0.00704
   0.00536
   0.0073
   0.00733
   0.01023
   0.00471
   0.00539
   0.00926
   0.00726
   0.00695
   0.00972
   0.0059
   0.007
   0.00928
   0.00596
   0.00966
   0.01022
   0.01046
   0.00925
   0.00638
   0.00669
   0.00718
   0.00974
   0.00915
   0.00783
   0.00749
   0.00387
   0.0059
   0.00877
   0.00741
   0.00892
   0.00802
   0.00785
   0.00708
   0.01146
   0.01035
   0.00501
   0.00548
   0.00701
   0.00499
   0.00609
   0.00725
   0.00833
   0.00697
   0.00498
   0.00525
   0.00364
   0.00387
   0.00642
   0.00313
   0.00563
   0.00678
   0.00793
   0.00371
   0.00507
   0.00374
   0.00541
   0.00616
   0.00528
   0.0068
   0.00448
   0.00447
   0.00588
   0.00639
   0.00483
   0.0053
   0.00598
   0.00639
   0.00445
   0.00602
   0.00427
   0.00442
   0.00304
   0.00273
   0.00358
   0.00406
   0.00317
   0.00434
   0.00372
   0.00343
   0.00564
   0.00695
   0.0032
   0.00363
   0.00302
   0.00341
   0.00647
   0.00296
   0.00271
   0.00471
   0.00479
   0.00408
   0.00306
   0.00499
   0.00331
   0.00407
   0.00457
   0.0018
   0.00381
   0.00269
   0.00333
   0.00332
   0.00514
   0.00574
   0.00212
   0.00282
   0.00418
   0.00349
   0.00356
   0.0038
   0.00718
   0.00605
   0.00567
   0.00342
   0.00275
   0.00393
   0.00281
   0.00422
   0.00288
   0.00513
   0.00524
   0.00412
   0.00606
   0.00331
   0.00299
   0.00568
   0.0018
   0.00425
   0.00328
   0.00311
   0.00292
   0.00158
   0.00592
   0.00426
   0.00378
   0.00377
   0.00395
   0.004
   0.00271
   0.00505
   0.00384
   0.00364
   0.00686
   0.00396
   0.00355
   0.00383
   0.00344
   0.00423
   0.00312
   0.00257
   0.00496
   0.00491
   0.00533
   0.0066
   0.00642
   0.0029
   0.00409
   0.00494
   0.004
   0.00306
   0.00492
   0.0066
   0.00548
   0.00639
   0.00566
   0.00449
   0.00545
   0.00567
   0.00615
   0.00663
   0.00474
   0.0066
   0.00613
   0.00856
   0.00857
   0.00319
   0.00486
   0.00472
   0.00518
   0.00476
   0.00876
   0.00472
   0.004
   0.00433
   0.00484
   0.00419
   0.00331
   0.00398
   0.00287
   0.00497
   0.00342
   0.00391
   0.00726
   0.00456
   0.00401
   0.0041
   0.00338
   0.00514
   0.00397
   0.00218
   0.00376
   0.00432
   0.00388
   0.00332
   0.00383
   0.00246
   0.00372
   0.00183
   0.0038
   0.00249
   0.00314
   0.00337
   0.00356
   0.00423
   0.00149
   0.00349
   0.00491
   0.0033
   0.00169
   0.00396
   0.00279
   0.00377
   0.00523
   0.00385
   0.00281
   0.00353
   0.00293
   0.00401
   0.0055
   0.00453
   0.00683
   0.00422
   0.00685
   0.00682
   0.00536
   0.0053
   0.00447
   0.00395
   0.00451
   0.00565
   0.00695
   0.0046
   0.00477
   0.00338
   0.00514
   0.00285
   0.003
   0.00329
   0.00157
   0.00307
   0.00337
   0.00465
   0.00348
   0.00394
   0.00377
   0.00426
   0.0048
   0.0076
   0.00581
   0.00943
   0.00381
   0.00317
   0.00134
   0.00166
   0.00231
   0.00182
   0.003
   0.00228
   0.00213
   0.00269
   0.00319
   0.00375
   0.00122
   0.00337
   0.00163
   0.00128
   0.00225
   0.00222
   0.00206
   0.002
   0.00216
   0.00185
   0.00142
   0.00126
   0.00082
   0.00198
   0.00241
   0.00368
   0.00156
   0.00098
   0.001
   0.00175
   0.00177
   0.00065
   0.00027
   0.00088
   0.00096
   0.00044
   0.00171
   0.00173
   0.00207
   0.00144
   0.00378
   0.0018
   0.00309
   0.00211
   0.00225
   0.00183
   0.00141
   0.00099
   0.00098
   0.00177
   0.00292
   0.00265
   0.00152
   0.00079
   0.00286
   0.00066
   0.00246
   0.00048
   0.0011
   0.00109
   0.00099
   0.0014
   0.00115
   0.0005
   0.00094
   0.00063
   0.00063
   0.00116
   0.00062
   0.00114
   0.00048
   0.00147
   0.00188
   0.00124
   0.00166
   0.00145
   0.00051
   0.00035
   0.00144
   0.00036
   0.00066
   0.00056
   0.00028
   0.00023
   0.00062
   0.00101
   0.00052
   0.00074
   0.00014
   0.00026
   0.00044
   0.00011
   0.00021
   0.00012
   0.00034
   8e-05
   0.00012
   0.0006
   0.00019
   0.00012
   0.00048
   0.00066
   0.00045
   0.00023
   0.00024
   0.00033
   0.00047
   0.00075
   0.00038
   0.00015
   0.0004
   0.00021
   0.00043
   0.00018
   0.00024
   0.00053
   0.00059
   0.00022
   0.0001
   0.00015
   0.00037
   0.00033
   0.00057
   9e-05
   0.00041
   0.00025
   0.00013
   0.00013
   8e-05
   0.00029
   0.00011
   5e-05
   0.0005
   0.0001
   0.00011
   0.00034
   3e-05
   8e-05
   0.00035
   0.0003
   0.00011
   0.00026
   0.0001
   0.00045
   0.001
   5e-05
   0.00017
   5e-05
   0.0004
   0.00049
   0.0001
   5e-05
   0.0001
   0.00016
   1e-05
   9e-05
   3e-05
   2e-05
   5e-05
   9e-05
   9e-05
   0.0
   0.0
   0.0
   0.0
   0.0
   4e-05
   0.0
   0.0
   1e-05
   2e-05
   1e-05
   2e-05
   2e-05
   1e-05
   0.0
   1e-05
   0.0
   1e-05
   1e-05
   1e-05
   1e-05
   0.0
   1e-05
   9e-05
   0.0
   1e-05
   1e-05
   0.0
   0.0
   4e-05
   1e-05
   1e-05
   1e-05
   1e-05
   1e-05
   1e-05
   0.00016
   1e-05
   1e-05
   0.00025
   9e-05
   0.0
   0.00025
   0.0
   9e-05
   4e-05
   0.0
   4e-05
   0.0
   1e-05
   0.0
   0.0
   0.0
   0.0
   0.0
   0.0
   0.0
   0.0
   0.0
   0.0
   0.0
   0.0
   0.0
   0.0
   0.0
   0.0
   0.0
   0.0
   0.0
   0.0
   0.0
   0.0
   0.0
   0.0
   0.0
   0.0
   0.0
   0.0
   0.0
   0.0
   0.0
   0.0
   0.0
   0.0
   0.0
   0.0
   0.0
   0.0
   0.0
   0.0
   0.0
   0.0
   0.0
   0.0
   0.0
   0.0
   0.0
   0.0
   0.0
   0.0
   0.0
   0.0
   0.0
   0.0
   0.0
   0.0
   0.0
   0.0
   0.0
   0.0
   0.0
   0.0
   0.0
   0.0
   0.0
   0.0
   0.0
   0.0
   0.0
   0.0
   0.0
   0.0
   0.0
   0.0
   0.0
   0.0
   0.0
   0.0
   0.0
   0.0
   0.0
   0.0
   0.0
   0.0
   0.0
   0.0
   0.0
   0.0
   0.0
   0.0
   0.0
   0.0
   0.0
   0.0
   0.0
   0.0
   0.0
   0.0
   0.0
   0.0
   0.0
   0.0
   0.0
   0.0
   0.0
   0.0
   0.0
   0.0
   0.0
   0.0
   0.0
   0.0
   0.0
   0.0
   0.0
   0.0
   0.0
   0.0
   0.0
   0.0
   0.0
   0.0
   0.0
   0.0
   0.0
   0.0
   0.0
   0.0
   0.0
   0.0
   0.0
   0.0
   0.0
   0.0
   0.0
   0.0
   0.0
   0.0
   0.0
   0.0
   0.0
   0.0
   0.0
   0.0
   0.0
   0.0
   0.0
   0.0
   0.0
   0.0
   0.0
   0.0
   0.0
   0.0
   0.0
   0.0
   0.0
   0.0
   0.0
   0.0
   0.0
   0.0
   0.0
   0.0
   0.0
   0.0
   0.0
   0.0
   0.0
   0.0
   0.0
   0.0
   0.0
   0.0
   0.0
   0.0
   0.0
   0.0
   0.0
   0.0
   0.0
   0.0
   0.0
   0.0
   0.0
   0.0
   0.0
   0.0
   0.0
   0.0
   0.0
   0.0
   0.0
   0.0
   0.0
   0.0
   0.0
   0.0
   0.0
   0.0
   0.0
   0.0
   0.0
   0.0
   0.0
   0.0
   0.0
   0.0
   0.0
   0.0
   0.0
   0.0
   0.0
   0.0
   0.0
   0.0
   0.0
   0.0
   0.0
   0.0
   0.0
   0.0
   0.0
   0.0
   0.0
   0.0
   0.0
   0.0
   0.0
   0.0
   0.0
   0.0
   0.0
   0.0
   0.0
   0.0
   0.0
   0.0
   0.0
   0.0
   0.0
   0.0
   0.0
   0.0
   0.0
   0.0
   0.0
   0.0
   0.0
   0.0
   0.0
   0.0
   0.0
   0.0
   0.0
   0.0
   0.0
   0.0
   0.0
   0.0
   0.0
   0.0
   0.0
   0.0
   0.0
   0.0
   0.0
   0.0
   0.0
   0.0
   0.0
   0.0
   0.0
   0.0
   0.0
   0.0
   0.0
   0.0
   0.0
   0.0
   0.0
   0.0
   0.0
   0.0
   0.0
   0.0
   0.0
   0.0
   0.0
   0.0
   0.0
   0.0
   0.0
   0.0
   0.0
   0.0
   0.0
   0.0
   0.0
   0.0
   0.0
   0.0
   0.0
   0.0
   0.0
   0.0
   0.0
   0.0
   0.0
   0.0
   0.0
   0.0
   0.0
   0.0
   0.0
   0.0
   0.0
   0.0
   0.0
   0.0
   0.0
   0.0
   0.0
   0.0
   0.0
   0.0
   0.0
   0.0
   0.0
   0.0
   0.0
   0.0
   0.0
   0.0
   0.0
   0.0
   0.0
   0.0
   0.0
   0.0
   0.0
   0.0
   0.0
   0.0
   0.0
   0.0
   0.0
   0.0
   0.0
   0.0
   0.0
   0.0
   0.0
   0.0
   0.0
   0.0
   0.0
   0.0
   0.0
   0.0
   0.0
   0.0
   0.0
   0.0
   0.0
   0.0
   0.0
   0.0
   0.0
   0.0
   0.0
   0.0
   0.0
   0.0
   0.0
   0.0
   0.0
   0.0
   0.0
   0.0
   0.0
   0.0
   0.0
   0.0
   0.0
   0.0
   0.0
   0.0
   0.0
   0.0
   0.0
   0.0
   0.0
   0.0
   0.0
   0.0
   0.0
   0.0
   0.0
   0.0
   0.0
   0.0
   0.0
   0.0
   0.0
   0.0
   0.0
   0.0
   0.0
   0.0
   0.0
   0.0
   0.0
   0.0
   0.0
   0.0
   0.0
   0.0
   0.0
   0.0
   0.0
   0.0
   0.0
   0.0
   0.0
   0.0
   0.0
   0.0
   0.0
   0.0
   0.0
   0.0
   0.0
   0.0
   0.0
   0.0
   0.0
   0.0
   0.0
   0.0
   0.0
   0.0
   0.0
   0.0
   0.0
   0.0
   0.0
   0.0
   0.0
   0.0
   0.0
   0.0
   0.0
   0.0
   0.0
   0.0
   0.0
   0.0
   0.0
   0.0
   0.0
   0.0
   0.0
   0.0
   0.0
   0.0
   0.0
   0.0
   0.0
   0.0
   0.0
   0.0
   0.0
   0.0
   0.0
   0.0
   0.0
   0.0
   0.0
   0.0
   0.0
   0.0
   0.0
   0.0
   0.0
   0.0
   0.0
   0.0
   0.0
   0.0
   0.0
   0.0
   0.0
   0.0
   0.0
   0.0
   0.0
   0.0
   0.0
   0.0
   0.0
   0.0
   0.0
   0.0
   0.0
   0.0
   0.0
   0.0
   0.0
   0.0
   0.0
   0.0
   0.0
   0.0
   0.0
   0.0
   0.0
   0.0
   0.0
   0.0
   0.0
   0.0
   0.0
   0.0
   0.0
   0.0
   0.0
   0.0
   0.0
   0.0
   0.0
   0.0
   0.0
   0.0
   0.0
   0.0
   0.0
   0.0
   0.0
   0.0
   0.0
   0.0
   0.0
   0.0
   0.0
   0.0
   0.0
   0.0
   0.0
   0.0
   0.0
   0.0
   0.0
   0.0
   0.0
   0.0
   0.0
   0.0
   0.0
   0.0
   0.0
   0.0
   0.0
   0.0
   0.0
   0.0
   0.0
   0.0
   0.0
   0.0
   0.0
   0.0
   0.0
   0.0
   0.0
   0.0
   0.0
   0.0
   0.0
   0.0
   0.0
   0.0
   0.0
   0.0
   0.0
   0.0
   0.0
   0.0
   0.0
   0.0
   0.0
   0.0
   0.0
   0.0
   0.0
   0.0
   0.0
   0.0
   0.0
   0.0
   0.0
   0.0
   0.0
   0.0
   0.0
   0.0
   0.0
   0.0
   0.0
   0.0
   0.0
   0.0
   0.0
   0.0
   0.0
   0.0
   0.0
   0.0
   0.0
   0.0
   0.0
   0.0
   0.0
   0.0
   0.0
   0.0
   0.0
   0.0
   0.0
   0.0
   0.0
   0.0
   0.0
   0.0
   0.0
   0.0
   0.0
   0.0
   0.0
   0.0
   0.0
   0.0
   0.0
   0.0
   0.0
   0.0
   0.0
   0.0
   0.0
   0.0
   0.0
   0.0
   0.0
   0.0
   0.0
   0.0
   0.0
   0.0
   0.0
   0.0
   0.0
   0.0
   0.0
   0.0
   0.0
   0.0
   0.0
   0.0
   0.0
   0.0
   0.0
   0.0
   0.0
   0.0
   0.0
   0.0
   0.0
   0.0
   0.0
   0.0
   0.0
   0.0
   0.0
   0.0
   0.0
   0.0
   0.0
   0.0
   0.0
   0.0
   0.0
   0.0
   0.0
   0.0
   0.0
   0.0
   0.0
   0.0
   0.0
   0.0
   0.0
   0.0
   0.0
   0.0
   0.0
   0.0
   0.0
   0.0
   0.0
   0.0
   0.0
   0.0
   0.0
   0.0
   0.0
   0.0
   0.0
   0.0
   0.0
   0.0
   0.0
   0.0
   0.0
   0.0
   0.0
   0.0
   0.0
   0.0
   0.0
   0.0
   0.0
   0.0
   0.0
   0.0
   0.0
   0.0
   0.0
   0.0
   0.0
   0.0
   0.0
   0.0
   0.0
   0.0
   0.0
   0.0
   0.0
   0.0
   0.0
   0.0
   0.0
   0.0
   0.0
   0.0
   0.0
   0.0
   0.0
   0.0
   0.0
   0.0
   0.0
   0.0
   0.0
   0.0
   0.0
   0.0
   0.0
   0.0
   0.0
   0.0
   0.0
   0.0
   0.0
   0.0
   0.0
   0.0
   0.0
   0.0
   0.0
   0.0
   0.0
   0.0
   0.0
   0.0
   0.0
   0.0
   0.0
   0.0
   0.0
   0.0
   0.0
   0.0
   0.0
   0.0
   0.0
   0.0
   0.0
   0.0
   0.0
   0.0
   0.0
   0.0
   0.0
   0.0
   0.0
   0.0
   0.0
   0.0
   0.0
   0.0
   0.0
   0.0
   0.0
   0.0
   0.0
   0.0
   0.0
   0.0
   0.0
   0.0
   0.0
   0.0
   0.0
   0.0
   0.0
   0.0
   0.0
   0.0
   0.0
   0.0
   0.0
   0.0
   0.0
   0.0
   0.0
   0.0
   0.0
   0.0
   0.0
   0.0
   0.0
   0.0
   0.0
   0.0
   0.0
   0.0
   0.0
   0.0
   0.0
   0.0
   0.0
   0.0
   0.0
   0.0
   0.0
   0.0
   0.0
   0.0
   0.0
   0.0
   0.0
   0.0
   0.0
   0.0
   0.0
   0.0
   0.0
   0.0
   0.0
   0.0
   0.0
   0.0
   0.0
   0.0
   0.0
   0.0
   0.0
   0.0
   0.0
   0.0
   0.0
   0.0
   0.0
   0.0
   0.0
   0.0
   0.0
   0.0
   0.0
   0.0
   0.0
   0.0
   0.0
   0.0
   0.0
   0.0
   0.0
   0.0
   0.0
   0.0
   0.0
   0.0
   0.0
   0.0
   0.0
   0.0
   0.0
   0.0
   0.0
   0.0
   0.0
   0.0
   0.0
   0.0
   0.0
   0.0
   0.0
   0.0
   0.0
   0.0
   0.0
   0.0
   0.0
   0.0
   0.0
   0.0
   0.0
   0.0
   0.0
   0.0
   0.0
   0.0
   0.0
   0.0
   0.0
   0.0
   0.0
   0.0
   0.0
   0.0
   0.0
   0.0
   0.0
   0.0
   0.0
   0.0
   0.0
   0.0
   0.0
   0.0
   0.0
   0.0
   0.0
   0.0
   0.0
   0.0
   0.0
   0.0
   0.0
   0.0
   0.0
   0.0
   0.0
   0.0
   0.0
   0.0
   0.0
   0.0
   0.0
   0.0
   0.0
   0.0
   0.0
   0.0
   0.0
   0.0
   0.0
   0.0
   0.0
   0.0
   0.0
   0.0
   0.0
   0.0
   0.0
   0.0
   0.0
   0.0
   0.0
   0.0
   0.0
   0.0
   0.0
   0.0
   0.0
   0.0
   0.0
   0.0
   0.0
   0.0
   0.0
   0.0
   0.0
   0.0
   0.0
   0.0
   0.0
   0.0
   0.0
   0.0
   0.0
   0.0
   0.0
   0.0
   0.0
   0.0
   0.0
   0.0
   0.0
   0.0
   0.0
   0.0
   0.0
   0.0
   0.0
   0.0
   0.0
   0.0
   0.0
   0.0
   0.0
   0.0
   0.0
   0.0
   0.0
   0.0
   0.0
   0.0
   0.0
   0.0
   0.0
   0.0
   0.0
   0.0
   0.0
   0.0
   0.0
   0.0
   0.0
   0.0
   0.0
   0.0
   0.0
   0.0
   0.0
   0.0
   0.0
   0.0
   0.0
   0.0
   0.0
   0.0
   0.0
   0.0
   0.0
   0.0
   0.0
   0.0
   0.0
   0.0
   0.0
   0.0
   0.0
   0.0
   0.0
   0.0
   0.0
   0.0
   0.0
   0.0
