   0.0092311
   0.0118006
   0.0123031
   0.0124571
   0.0123499
   0.012346
   0.0123088
   0.0123527
   0.0123649
   0.0122909
   0.0124292
   0.0123271
   0.0123894
   0.0123878
   0.0124488
   0.0123683
   0.0123683
   0.0123624
   0.0124407
   0.0123988
   0.0123655
   0.0123964
   0.0124347
   0.0123598
   0.0123899
   0.012383
   0.0123544
   0.0123516
   0.0124634
   0.01233
   0.0123418
   0.0123977
   0.0123871
   0.0123659
   0.0123265
   0.0124026
   0.0124033
   0.0123481
   0.0123699
   0.012413
   0.012365
   0.0124055
   0.0123351
   0.012362
   0.0122416
   0.0124643
   0.0123284
   0.0124261
   0.012455
   0.0122899
   0.0123575
   0.012406
   0.0123475
   0.0123579
   0.0123894
   0.0123303
   0.0123655
   0.0124079
   0.0123591
   0.012356
   0.0124476
   0.0123698
   0.0123617
   0.0123281
   0.0123915
   0.012328
   0.0124003
   0.012433
   0.012387
   0.0123344
   0.0122424
   0.0123876
   0.0123636
   0.0123619
   0.0124724
   0.0124117
   0.0123984
   0.0123575
   0.012433
   0.0123372
   0.0123969
   0.0123483
   0.0123577
   0.0123761
   0.0123439
   0.0123837
   0.0123152
   0.0124109
   0.0123009
   0.0123946
   0.0123544
   0.0123839
   0.0123359
   0.0123107
   0.0124146
   0.0123392
   0.0123041
   0.0121505
   0.0117271
   0.0093102
