   1e-06
   0.0
   1e-06
   3e-06
   1e-06
   3e-06
   4e-06
   1e-06
   0.0
   4e-06
   4e-06
   5e-06
   0.0
   4e-06
   6e-06
   9e-06
   1.2e-05
   5e-06
   9e-06
   7e-06
   6e-06
   7e-06
   6e-06
   8e-06
   2e-05
   8e-06
   8e-06
   7e-06
   1.5e-05
   1.5e-05
   7e-06
   1.6e-05
   1.5e-05
   6e-06
   1.7e-05
   7e-06
   1.1e-05
   1.1e-05
   7e-06
   1.1e-05
   1.4e-05
   1.2e-05
   1.8e-05
   1.4e-05
   1.1e-05
   1.2e-05
   2.2e-05
   1.7e-05
   2.4e-05
   2.7e-05
   1.2e-05
   1.7e-05
   1.6e-05
   2.7e-05
   2.6e-05
   1.6e-05
   1.5e-05
   1.6e-05
   3.3e-05
   1.6e-05
   2.2e-05
   3.3e-05
   7.1e-05
   3.4e-05
   3.4e-05
   5.2e-05
   2.6e-05
   3.1e-05
   3.4e-05
   3.3e-05
   4.4e-05
   4.2e-05
   4.4e-05
   4.6e-05
   2.9e-05
   4.8e-05
   4.3e-05
   5.6e-05
   4.3e-05
   4.2e-05
   9.8e-05
   4.9e-05
   6.5e-05
   7.2e-05
   6.2e-05
   6.1e-05
   7.4e-05
   8.4e-05
   8.3e-05
   6.7e-05
   7.2e-05
   9.7e-05
   7.6e-05
   8.3e-05
   7.5e-05
   0.000116
   0.000137
   8.6e-05
   0.000107
   0.00011
   0.000128
   0.000102
   0.0001
   0.000108
   0.000106
   0.000149
   0.00014
   0.000124
   0.000121
   0.000151
   0.000174
   0.000142
   0.000188
   0.000178
   0.000171
   0.000211
   0.000184
   0.000186
   0.000207
   0.000153
   0.000229
   0.000199
   0.000248
   0.000218
   0.000232
   0.000258
   0.000255
   0.000268
   0.000273
   0.000286
   0.000271
   0.000303
   0.000309
   0.000339
   0.000345
   0.000337
   0.000395
   0.000362
   0.000356
   0.000381
   0.000427
   0.000424
   0.000369
   0.000433
   0.000442
   0.000455
   0.00054
   0.00053
   0.000541
   0.000515
   0.000513
   0.000622
   0.000591
   0.000617
   0.000645
   0.000664
   0.000679
   0.00074
   0.000718
   0.000714
   0.000794
   0.000797
   0.000849
   0.000792
   0.00083
   0.000918
   0.000969
   0.001076
   0.000944
   0.001068
   0.001109
   0.001146
   0.001233
   0.001314
   0.001255
   0.001322
   0.001345
   0.001391
   0.001412
   0.001458
   0.001645
   0.001493
   0.00156
   0.001654
   0.001861
   0.001794
   0.001989
   0.001954
   0.002063
   0.002093
   0.002164
   0.002172
   0.002393
   0.002444
   0.002549
   0.002591
   0.002574
   0.002771
   0.003001
   0.003049
   0.003015
   0.003197
   0.003366
   0.003483
   0.003373
   0.003659
   0.003692
   0.003883
   0.004067
   0.004081
   0.004331
   0.004518
   0.004485
   0.004476
   0.00478
   0.005151
   0.005136
   0.005225
   0.005525
   0.005701
   0.005894
   0.005982
   0.006408
   0.006615
   0.006877
   0.007181
   0.007255
   0.007604
   0.007847
   0.00818
   0.008238
   0.00873
   0.009095
   0.009162
   0.009472
   0.00998
   0.010228
   0.010374
   0.010837
   0.011149
   0.011682
   0.0122
   0.012553
   0.01269
   0.013409
   0.013854
   0.014384
   0.014779
   0.015251
   0.015839
   0.016335
   0.017078
   0.017636
   0.018117
   0.018755
   0.019317
   0.019926
   0.020962
   0.021533
   0.022436
   0.023094
   0.023991
   0.025027
   0.026127
   0.026831
   0.02731
   0.028717
   0.029991
   0.030909
   0.03219
   0.033338
   0.034022
   0.035715
   0.037498
   0.038764
   0.040458
   0.04182
   0.042939
   0.045418
   0.047234
   0.049658
   0.051777
   0.053422
   0.05641
   0.058498
   0.061626
   0.063926
   0.068059
   0.071159
   0.07558
   0.078617
   0.084083
   0.088511
   0.093164
   0.099548
   0.105759
   0.110955
   0.114057
   0.115882
   0.116514
   0.117762
   0.11613
   0.113246
   0.110492
   0.105058
   0.09903
   0.093987
   0.088398
   0.083186
   0.079206
   0.074157
   0.071214
   0.067956
   0.064637
   0.061521
   0.058705
   0.056163
   0.05362
   0.051321
   0.048883
   0.046833
   0.044755
   0.043637
   0.042219
   0.040598
   0.038793
   0.037068
   0.035718
   0.034158
   0.032687
   0.031762
   0.03103
   0.029838
   0.028653
   0.027448
   0.026532
   0.02542
   0.024372
   0.023659
   0.022816
   0.022223
   0.02183
   0.021069
   0.020152
   0.019532
   0.018977
   0.017918
   0.017389
   0.016811
   0.016208
   0.01567
   0.015219
   0.014748
   0.014081
   0.013768
   0.013111
   0.013287
   0.012179
   0.011891
   0.011458
   0.01119
   0.010835
   0.010222
   0.010184
   0.009647
   0.009306
   0.009073
   0.008995
   0.008456
   0.00832
   0.007807
   0.007646
   0.007481
   0.007093
   0.006896
   0.006772
   0.006457
   0.006209
   0.006117
   0.005992
   0.005772
   0.005633
   0.005513
   0.005185
   0.004808
   0.004594
   0.004735
   0.004547
   0.004415
   0.004304
   0.003953
   0.003992
   0.003866
   0.003806
   0.003631
   0.003412
   0.003468
   0.003143
   0.00297
   0.002998
   0.002814
   0.002944
   0.002857
   0.002618
   0.002547
   0.002492
   0.002429
   0.002187
   0.002245
   0.002196
   0.002192
   0.002105
   0.001921
   0.00196
   0.001807
   0.001737
   0.001612
   0.001598
   0.001672
   0.001576
   0.001344
   0.001381
   0.001382
   0.001392
   0.001381
   0.001248
   0.001214
   0.001189
   0.001101
   0.001086
   0.001118
   0.001116
   0.000979
   0.000972
   0.000929
   0.00085
   0.000879
   0.000893
   0.000862
   0.000807
   0.00081
   0.00074
   0.00073
   0.000626
   0.000667
   0.000668
   0.000648
   0.000611
   0.000588
   0.000566
   0.000577
   0.000592
   0.000548
   0.000544
   0.000533
   0.000497
   0.00046
   0.000433
   0.00043
   0.000413
   0.000397
   0.00039
   0.000336
   0.000354
   0.000364
   0.000351
   0.00032
   0.000247
   0.000271
   0.000313
   0.000261
   0.000247
   0.000294
   0.000264
   0.000226
   0.000222
   0.000256
   0.000247
   0.000232
   0.000255
   0.000161
   0.000213
   0.000228
   0.000168
   0.000183
   0.000162
   0.00015
   0.0002
   0.000145
   0.000158
   0.000156
   0.000131
   0.000146
   0.000129
   0.000137
   0.000126
   0.000119
   0.000125
   9.6e-05
   7.3e-05
   9.1e-05
   9e-05
   0.000115
   0.000109
   7.3e-05
   8.8e-05
   7.7e-05
   6.4e-05
   7.8e-05
   7.8e-05
   8.3e-05
   7.2e-05
   6.3e-05
   7e-05
   7.6e-05
   5.8e-05
   7e-05
   4.7e-05
   6.3e-05
   3.9e-05
   5.9e-05
   4.7e-05
   4.4e-05
   5.5e-05
   7.6e-05
   4.1e-05
   3.9e-05
   4.3e-05
   3.2e-05
   3.2e-05
   4.3e-05
   3.8e-05
   3.8e-05
   5.9e-05
   3.8e-05
   2.7e-05
   3.4e-05
   3e-05
   2.3e-05
   3.5e-05
   3.5e-05
   2e-05
   2.1e-05
   2.9e-05
   2.4e-05
   2.5e-05
   3.1e-05
   2.1e-05
   2e-05
   1.6e-05
   2.2e-05
   2.4e-05
   1.2e-05
   2.1e-05
   2.3e-05
   2e-05
   2.7e-05
   1.1e-05
   1.2e-05
   2.8e-05
   5e-06
   1.6e-05
   1.1e-05
   1.5e-05
   2.6e-05
   1.4e-05
   1.3e-05
   6e-06
   6e-06
   8e-06
   5e-06
   5e-06
   5e-06
   1.1e-05
   1.4e-05
   1.1e-05
   6e-06
   8e-06
   3e-06
   8e-06
   2e-06
   4e-06
   8e-06
   1e-05
   4e-06
   7e-06
   1e-06
   6e-06
   4e-06
   1.2e-05
   2e-06
   2e-06
   0.0
   3e-06
   7e-06
   1e-06
   3e-06
   3e-06
   1e-06
   5e-06
