   0.0
   0.0
   0.0
   0.0
   0.0
   0.0
   0.0
   0.0
   0.0
   0.0
   0.0
   0.0
   0.0
   0.0
   0.0
   0.0
   0.0
   0.0
   0.0
   0.0
   0.0
   0.0
   0.0
   0.0
   0.0
   0.0
   0.0
   0.0
   0.0
   0.0
   0.0
   0.0
   0.0
   0.0
   0.0
   0.0
   0.0
   0.0
   0.0
   0.0
   0.0
   0.0
   0.0
   0.0
   0.0
   0.0
   0.0
   0.0
   0.0
   0.0
   0.0
   0.0
   0.0
   0.0
   0.0
   0.0
   0.0
   0.0
   0.0
   0.0
   0.0
   0.0
   0.0
   0.0
   0.0
   0.0
   0.0
   0.0
   0.0
   0.0
   0.0
   0.0
   0.0
   0.0
   0.0
   0.0
   0.0
   0.0
   0.0
   0.0
   0.0
   0.0
   0.0
   0.0
   0.0
   0.0
   0.0
   0.0
   0.0
   0.0
   0.0
   0.0
   0.0
   0.0
   0.0
   0.0
   0.0
   0.0
   0.0
   0.0
   0.0
   0.0
   0.0
   0.0
   0.0
   0.0
   0.0
   0.0
   0.0
   0.0
   0.0
   0.0
   0.0
   0.0
   0.0
   0.0
   0.0
   0.0
   0.0
   0.0
   0.0
   0.0
   0.0
   0.0
   0.0
   0.0
   0.0
   0.0
   0.0
   0.0
   0.0
   0.0
   0.0
   0.0
   0.0
   0.0
   0.0
   0.0
   0.0
   0.0
   0.0
   0.0
   0.0
   0.0
   0.0
   0.0
   0.0
   0.0
   0.0
   0.0
   0.0
   0.0
   0.0
   0.0
   0.0
   0.0
   0.0
   0.0
   0.0
   0.0
   0.0
   0.0
   0.0
   0.0
   0.0
   0.0
   0.0
   0.0
   0.0
   0.0
   0.0
   0.0
   0.0
   0.0
   0.0
   0.0
   0.0
   0.0
   0.0
   0.0
   0.0
   0.0
   0.0
   0.0
   0.0
   0.0
   0.0
   0.0
   0.0
   0.0
   0.0
   0.0
   0.0
   0.0
   0.0
   0.0
   0.0
   0.0
   0.0
   0.0
   0.0
   0.0
   0.0
   0.0
   0.0
   0.0
   0.0
   0.0
   0.0
   0.0
   0.0
   0.0
   0.0
   0.0
   0.0
   0.0
   0.0
   0.0
   0.0
   0.0
   0.0
   0.0
   0.0
   0.0
   0.0
   0.0
   0.0
   0.0
   0.0
   0.0
   1e-06
   0.0
   0.0
   0.0
   0.0
   0.0
   0.0
   0.0
   1e-06
   0.0
   0.0
   0.0
   5e-06
   0.0
   0.0
   1e-06
   1e-06
   1e-06
   0.0
   2.5e-05
   0.0
   6e-06
   4.2e-05
   9e-06
   1.6e-05
   1e-05
   1e-06
   5e-05
   2.1e-05
   5e-05
   5e-06
   4e-06
   6e-06
   3.6e-05
   4.1e-05
   4e-05
   3.7e-05
   2.9e-05
   4.6e-05
   9e-06
   1.7e-05
   4.3e-05
   1.7e-05
   6e-06
   4.8e-05
   1e-06
   2.2e-05
   1e-05
   1.9e-05
   9e-05
   5e-06
   0.0
   1.8e-05
   4e-05
   1.9e-05
   1.4e-05
   3.6e-05
   6e-06
   1.6e-05
   2e-06
   9e-06
   4.7e-05
   3.8e-05
   5e-06
   1.1e-05
   2e-05
   9e-06
   8e-06
   0.000211
   1e-05
   3.9e-05
   2.9e-05
   1.4e-05
   1.9e-05
   1.7e-05
   1.4e-05
   3.3e-05
   3e-05
   5.3e-05
   6.3e-05
   1.8e-05
   1e-05
   2.7e-05
   3.7e-05
   7.6e-05
   4e-05
   1.9e-05
   6.8e-05
   7.1e-05
   2.7e-05
   3.7e-05
   8.1e-05
   3.7e-05
   0.000113
   0.000107
   2.9e-05
   0.000171
   0.000118
   0.000281
   6.6e-05
   2.7e-05
   0.000151
   8.8e-05
   4.7e-05
   6.4e-05
   0.000322
   6.5e-05
   8.1e-05
   0.000155
   0.000147
   7e-05
   0.000128
   8.5e-05
   0.000133
   8.9e-05
   4.3e-05
   0.000176
   0.000106
   0.000243
   8.8e-05
   5.3e-05
   0.000102
   4.6e-05
   9.9e-05
   0.000126
   8.1e-05
   5.8e-05
   4.3e-05
   5.4e-05
   5.6e-05
   0.000116
   0.000143
   6.3e-05
   0.000134
   0.000177
   0.000118
   0.000121
   0.000145
   0.000123
   0.000237
   0.000164
   0.000434
   0.000135
   0.000297
   0.00029
   0.000403
   0.000614
   0.000553
   0.000429
   0.000339
   0.000265
   0.000643
   0.000271
   0.000313
   0.000263
   0.000453
   0.000323
   0.000151
   0.00022
   0.000227
   0.000193
   0.000236
   0.000206
   0.000135
   9.9e-05
   0.000142
   0.000206
   0.000124
   0.000327
   0.000136
   0.000359
   0.00016
   0.00027
   0.000286
   0.00031
   0.000132
   0.000139
   0.000146
   0.000516
   0.00011
   0.00018
   0.000129
   0.000243
   0.000424
   0.000253
   0.000228
   0.000178
   0.000232
   0.000246
   0.000755
   0.00018
   0.000156
   0.000174
   0.000367
   0.000227
   0.000273
   0.000114
   0.000177
   0.00038
   0.000225
   0.000228
   0.000114
   0.000352
   0.000264
   0.000177
   0.000294
   0.000313
   0.000523
   0.000318
   0.000205
   0.00023
   0.000188
   0.000441
   0.000275
   0.000227
   0.000421
   0.000277
   0.000387
   0.000372
   0.000313
   0.000362
   0.000443
   0.000175
   0.000718
   0.000348
   0.000313
   0.00055
   0.000452
   0.000368
   0.00052
   0.000548
   0.000628
   0.000583
   0.00027
   0.000263
   0.001075
   0.000306
   0.000265
   0.000361
   0.000417
   0.000481
   0.000472
   0.000387
   0.00049
   0.000737
   0.000497
   0.000578
   0.000739
   0.000564
   0.000769
   0.000614
   0.000498
   0.000657
   0.000647
   0.000423
   0.000641
   0.000586
   0.000501
   0.00054
   0.000789
   0.000575
   0.00072
   0.000599
   0.000756
   0.000658
   0.00113
   0.000622
   0.000653
   0.001053
   0.00105
   0.001107
   0.001245
   0.000808
   0.001181
   0.001022
   0.001135
   0.001162
   0.000956
   0.000953
   0.001132
   0.001299
   0.001305
   0.001027
   0.001066
   0.001342
   0.000972
   0.001088
   0.001072
   0.000987
   0.001296
   0.001147
   0.001124
   0.001226
   0.001779
   0.00206
   0.000879
   0.001257
   0.001198
   0.001856
   0.001374
   0.00133
   0.001957
   0.001428
   0.00175
   0.001273
   0.001529
   0.001477
   0.001234
   0.001174
   0.001358
   0.00158
   0.001018
   0.001541
   0.001219
   0.001508
   0.001427
   0.001328
   0.001708
   0.001059
   0.001785
   0.001258
   0.001542
   0.001413
   0.001927
   0.002082
   0.001483
   0.001972
   0.001531
   0.002333
   0.001799
   0.002122
   0.002089
   0.00171
   0.001881
   0.001663
   0.001821
   0.002015
   0.001873
   0.002768
   0.002099
   0.001728
   0.002318
   0.001963
   0.002403
   0.002255
   0.002535
   0.001861
   0.00251
   0.002537
   0.002594
   0.002579
   0.002288
   0.003383
   0.002772
   0.00261
   0.002746
   0.002716
   0.002499
   0.002884
   0.003269
   0.003197
   0.002782
   0.002807
   0.003707
   0.00307
   0.002718
   0.003595
   0.003471
   0.003577
   0.00375
   0.003458
   0.003063
   0.003942
   0.003275
   0.004067
   0.003931
   0.002979
   0.004042
   0.003316
   0.003934
   0.003403
   0.004332
   0.004206
   0.004336
   0.004243
   0.004636
   0.004449
   0.004614
   0.004965
   0.004248
   0.005259
   0.005016
   0.006055
   0.005611
   0.005426
   0.005976
   0.005326
   0.005882
   0.005555
   0.00622
   0.006227
   0.006105
   0.005879
   0.006815
   0.006136
   0.006086
   0.006154
   0.007126
   0.006774
   0.007174
   0.006462
   0.008039
   0.007607
   0.007081
   0.007439
   0.007794
   0.008346
   0.008884
   0.007666
   0.009096
   0.008167
   0.009021
   0.007819
   0.009091
   0.009007
   0.008622
   0.010624
   0.00959
   0.009434
   0.009582
   0.01017
   0.010582
   0.01017
   0.011646
   0.01199
   0.011879
   0.011527
   0.012317
   0.010456
   0.012919
   0.012647
   0.012672
   0.013793
   0.013993
   0.014271
   0.013041
   0.014177
   0.012543
   0.013488
   0.014232
   0.014658
   0.01428
   0.014454
   0.016622
   0.013931
   0.017018
   0.016602
   0.018172
   0.01791
   0.017579
   0.01663
   0.017371
   0.017747
   0.019397
   0.01729
   0.019374
   0.020784
   0.019893
   0.020131
   0.020464
   0.01959
   0.022506
   0.021536
   0.021904
   0.021883
   0.021297
   0.024256
   0.023231
   0.023856
   0.023716
   0.026874
   0.026436
   0.026722
   0.024241
   0.026822
   0.02789
   0.029193
   0.029562
   0.029365
   0.027874
   0.030108
   0.030723
   0.030764
   0.030604
   0.030539
   0.033056
   0.032053
   0.033928
   0.032551
   0.035271
   0.035848
   0.033958
   0.03517
   0.034093
   0.039523
   0.038854
   0.037667
   0.039733
   0.039795
   0.04266
   0.041225
   0.041203
   0.043102
   0.042719
   0.042323
   0.044178
   0.046152
   0.047125
   0.046967
   0.045804
   0.048714
   0.050799
   0.052706
   0.052566
   0.052258
   0.055124
   0.05373
   0.055612
   0.054619
   0.055806
   0.056942
   0.059751
   0.059169
   0.060615
   0.061471
   0.064417
   0.06845
   0.064807
   0.066921
   0.067157
   0.06793
   0.071971
   0.069085
   0.074558
   0.075162
   0.076194
   0.07419
   0.080304
   0.078998
   0.08169
   0.081693
   0.085042
   0.086136
   0.08508
   0.089489
   0.091438
   0.087626
   0.097698
   0.095295
   0.094107
   0.099699
   0.101698
   0.103277
   0.106152
   0.107705
   0.106338
   0.106888
   0.109991
   0.107625
   0.112937
   0.117392
   0.1189
   0.118979
   0.123397
   0.128136
   0.129348
   0.128421
   0.126374
   0.131092
   0.132577
   0.139694
   0.140686
   0.141377
   0.146637
   0.148482
   0.150505
   0.152849
   0.156079
   0.159393
   0.15892
   0.167745
   0.163795
   0.168201
   0.171324
   0.179346
   0.179465
   0.187986
   0.184824
   0.1922
   0.192398
   0.196182
   0.196225
   0.200431
   0.206339
   0.21165
   0.211235
   0.216099
   0.220764
   0.221768
   0.226952
   0.231626
   0.231063
   0.242358
   0.243926
   0.244273
   0.251901
   0.250391
   0.259747
   0.263312
   0.271933
   0.273713
   0.281462
   0.285009
   0.288982
   0.294324
   0.298595
   0.30133
   0.309043
   0.322124
   0.319619
   0.322217
   0.336975
   0.340792
   0.348239
   0.353338
   0.360697
   0.362085
   0.371449
   0.372378
   0.385298
   0.38707
   0.398747
   0.397877
   0.410179
   0.415411
   0.42329
   0.43567
   0.444044
   0.440636
   0.454578
   0.461039
   0.471223
   0.478223
   0.48139
   0.494178
   0.502528
   0.50827
   0.523757
   0.531157
   0.535877
   0.550143
   0.555503
   0.572063
   0.576107
   0.588849
   0.610571
   0.61366
   0.620159
   0.62097
   0.644855
   0.654176
   0.663111
   0.686762
   0.701556
   0.70933
   0.720813
   0.72414
   0.743707
   0.752938
   0.773586
   0.784255
   0.790406
   0.803798
   0.81793
   0.838454
   0.852468
   0.863878
   0.876595
   0.897841
   0.913317
   0.919747
   0.944723
   0.961214
   0.978472
   0.995703
   1.005029
   1.03901
   1.038075
   1.063732
   1.088097
   1.094753
   1.11762
   1.129558
   1.164819
   1.184298
   1.200166
   1.218727
   1.258985
   1.259167
   1.27889
   1.304615
   1.321682
   1.357484
   1.381817
   1.403017
   1.437529
   1.448808
   1.461857
   1.514169
   1.529703
   1.561953
   1.57032
   1.606737
   1.635696
   1.676803
   1.697983
   1.751147
   1.779371
   1.78546
   1.816423
   1.865084
   1.872879
   1.929558
   1.94133
   1.976438
   2.018906
   2.041486
   2.074888
   2.128079
   2.163303
   2.194797
   2.236092
   2.262067
   2.311784
   2.341369
   2.375328
   2.437667
   2.467346
   2.52859
   2.572585
   2.601632
   2.654218
   2.705437
   2.74928
   2.783646
   2.850137
   2.894578
   2.932718
   2.998041
   3.066039
   3.114243
   3.140521
   3.206801
   3.271403
   3.304379
   3.720336
   3.762327
   3.806443
   3.81444
   3.82416
   3.832708
   3.82526
   3.796866
   3.747689
   3.743561
   3.324687
   3.264814
   3.192057
   3.162633
   3.091606
   3.065563
   2.99394
   2.941647
   2.890439
   2.823796
   2.794626
   2.754601
   2.706094
   2.646236
   2.597772
   2.57259
   2.514728
   2.487464
   2.446402
   2.39211
   2.343995
   2.323246
   2.277427
   2.221753
   2.199478
   2.151363
   2.127998
   2.082345
   2.064876
   2.020325
   1.96643
   1.953684
   1.902476
   1.877308
   1.870704
   1.82223
   1.795113
   1.750864
   1.727668
   1.69286
   1.665094
   1.646452
   1.622107
   1.582549
   1.576537
   1.524016
   1.505377
   1.465732
   1.445323
   1.428333
   1.396659
   1.383424
   1.366207
   1.329822
   1.303158
   1.288692
   1.249294
   1.242784
   1.216391
   1.202629
   1.173786
   1.170456
   1.152937
   1.130464
   1.09262
   1.073443
   1.067474
   1.053096
   1.022129
   1.010634
   0.982107
   0.971544
   0.962021
   0.936535
   0.938879
   0.906596
   0.900465
   0.884349
   0.871389
   0.849993
   0.845658
   0.826191
   0.814106
   0.802582
   0.775116
   0.779308
   0.753178
   0.739738
   0.729398
   0.71658
   0.698461
   0.695547
   0.678982
   0.668244
   0.648323
   0.644286
   0.637285
   0.622758
   0.612351
   0.598731
   0.595433
   0.579044
   0.57026
   0.560253
   0.550482
   0.553622
   0.536558
   0.52644
   0.512797
   0.511547
   0.492197
   0.494427
   0.480729
   0.470873
   0.461333
   0.454489
   0.447584
   0.441162
   0.434288
   0.424855
   0.416364
   0.412997
   0.414787
   0.404675
   0.389978
   0.385562
   0.379539
   0.362574
   0.367316
   0.362759
   0.35172
   0.346367
   0.343074
   0.337797
   0.329092
   0.321824
   0.318578
   0.30755
   0.302987
   0.294156
   0.289194
   0.284425
   0.28363
   0.281698
   0.276217
   0.271372
   0.264452
   0.260732
   0.249703
   0.24823
   0.248748
   0.243113
   0.233975
   0.236127
   0.234238
   0.229547
   0.223494
   0.224603
   0.217262
   0.211629
   0.211485
   0.204726
   0.205167
   0.200295
   0.19747
   0.191405
   0.183557
   0.185825
   0.18238
   0.180532
   0.176079
   0.176043
   0.170484
   0.165171
   0.165407
   0.160346
   0.155626
   0.1548
   0.147849
   0.154644
   0.146495
   0.147865
   0.141503
   0.139039
   0.140434
   0.134627
   0.12968
   0.129995
   0.127882
   0.127432
   0.123885
   0.117258
   0.117682
   0.117473
   0.115181
   0.110317
   0.109713
   0.108307
   0.107873
   0.102293
   0.103983
   0.108415
   0.103117
   0.095553
   0.101017
   0.097586
   0.094445
   0.092719
   0.091772
   0.092579
   0.088591
   0.086321
   0.090204
   0.081524
   0.084005
   0.08003
   0.082546
   0.077067
   0.074604
   0.077109
   0.076806
   0.072806
   0.072614
   0.070636
   0.068864
   0.066696
   0.06749
   0.066354
   0.066077
   0.065089
   0.060447
   0.062474
   0.058104
   0.060209
   0.059575
   0.055977
   0.055653
   0.053838
   0.052287
   0.052964
   0.053659
   0.052793
   0.050739
   0.047476
   0.047896
   0.04756
   0.04696
   0.046933
   0.044632
   0.043295
   0.043715
   0.045484
   0.040441
   0.041755
   0.040018
   0.037762
   0.038495
   0.039137
   0.038595
   0.037462
   0.036693
   0.036157
   0.035349
   0.035072
   0.033188
   0.033484
   0.032866
   0.033485
   0.033612
   0.030732
   0.029595
   0.031005
   0.031855
   0.026801
   0.029134
   0.028813
   0.029423
   0.027867
   0.028031
   0.027027
   0.025908
   0.02562
   0.025704
   0.02571
   0.024555
   0.023822
   0.023449
   0.021923
   0.022249
   0.02079
   0.021283
   0.021061
   0.020996
   0.018412
   0.020609
   0.020355
   0.020099
   0.019116
   0.017787
   0.01816
   0.016542
   0.017939
   0.015839
   0.016585
   0.018571
   0.016258
   0.01808
   0.014931
   0.017003
   0.015059
   0.01641
   0.01478
   0.014513
   0.013788
   0.013176
   0.01199
   0.014056
   0.011809
   0.013983
   0.012623
   0.012104
   0.012437
   0.011724
   0.01214
   0.011662
   0.011631
   0.01119
   0.013472
   0.010172
   0.011469
   0.010279
   0.010545
   0.010896
   0.010964
   0.009033
   0.008994
   0.008659
   0.009239
   0.010356
   0.008202
   0.009259
   0.008932
   0.009007
   0.008923
   0.008785
   0.00808
   0.007401
   0.008036
   0.007085
   0.006601
   0.007795
   0.007185
   0.007741
   0.007675
   0.00736
   0.007209
   0.006331
   0.007608
   0.007403
   0.006781
   0.005713
   0.006172
   0.006207
   0.005447
   0.006387
   0.005479
   0.005054
   0.005765
   0.005532
   0.004473
   0.005537
   0.00492
   0.004985
   0.005264
   0.005067
   0.004844
   0.005313
   0.004491
   0.003619
   0.004203
   0.004182
   0.004189
   0.004526
   0.004458
   0.003141
   0.003789
   0.003721
   0.004133
   0.003294
   0.003892
   0.003245
   0.003989
   0.002976
   0.003707
   0.003127
   0.003017
   0.003418
   0.002947
   0.004169
   0.002984
   0.003125
   0.003008
   0.002979
   0.002975
   0.002988
   0.002495
   0.002961
   0.002821
   0.003119
   0.002318
   0.001997
   0.002457
   0.002177
   0.002866
   0.002552
   0.002577
   0.002264
   0.002711
   0.002364
   0.001599
   0.002964
   0.001732
   0.002237
   0.002399
   0.001692
   0.002376
   0.001945
   0.001947
   0.001929
   0.001708
   0.002058
   0.001495
   0.001524
   0.001395
   0.001653
   0.001634
   0.001373
   0.001526
   0.00121
   0.001405
   0.001206
   0.001427
   0.001252
   0.001247
   0.00141
   0.001286
   0.001439
   0.001077
   0.001146
   0.001128
   0.001033
   0.001227
   0.001045
   0.0011
   0.001294
   0.001126
   0.000958
   0.001248
   0.000705
   0.000694
   0.001031
   0.001056
   0.000737
   0.000961
   0.001087
   0.000732
   0.000958
   0.001206
   0.000798
   0.000987
   0.001003
   0.000916
   0.000841
   0.000557
   0.000874
   0.000746
   0.000725
   0.000502
   0.000674
   0.00065
   0.000319
   0.000422
   0.000621
   0.000704
   0.0009
   0.000566
   0.000669
   0.000635
   0.000356
   0.000584
   0.00049
   0.000515
   0.000574
   0.000309
   0.00036
   0.000398
   0.000808
   0.000459
   0.000296
   0.000152
   0.000257
   0.000402
   0.000346
   0.000235
   0.00037
   0.000379
   0.000416
   0.000417
   0.000442
   0.000319
   0.000144
   0.00021
   0.000366
   0.000264
   0.000618
   0.000248
   0.000119
   0.000273
   0.000429
   0.000329
   0.000174
   0.000266
   0.000676
   0.000217
   0.000168
   0.000418
   0.000158
   0.000366
   0.000305
   0.000368
   0.000297
   0.000214
   0.000255
   0.00022
   0.000152
   0.000153
   0.000292
   8.4e-05
   0.000215
   0.000242
   0.000226
   0.000328
   0.000289
   0.000158
   0.000165
   0.000138
   0.000228
   0.000145
   0.000109
   0.000236
   0.00019
   0.000164
   0.000178
   0.000147
   0.000233
   0.000171
   0.000168
   0.000172
   0.000233
   0.000256
   0.000169
   0.000161
   0.000252
   0.000152
   0.000159
   0.000425
   0.000202
   0.000133
   0.000133
   0.000266
   4.9e-05
   0.00011
   0.000156
   0.000152
   0.00012
   8e-05
   0.000125
   0.000183
   0.00013
   0.000165
   5.3e-05
   6.8e-05
   0.000105
   0.000118
   9.2e-05
   0.000106
   6.5e-05
   7.3e-05
   1.8e-05
   2.4e-05
   2.8e-05
   6.7e-05
   3.9e-05
   3.9e-05
   1.5e-05
   1.8e-05
   9.9e-05
   8.8e-05
   4e-05
   9.6e-05
   4e-06
   0.000106
   8.9e-05
   0.000113
   0.000111
   4.6e-05
   1.3e-05
   1e-05
   1.1e-05
   7.9e-05
   1.1e-05
   4.4e-05
   3.7e-05
   9.8e-05
   1.5e-05
   0.000134
   4.2e-05
   2.1e-05
   3.4e-05
   1.3e-05
   1e-05
   7e-06
   9.9e-05
   1.4e-05
   3e-05
   1.8e-05
   3e-06
   1.8e-05
   1.9e-05
   6e-06
   3.4e-05
   0.000114
   2e-06
   3e-05
   2e-06
   2.4e-05
   4e-06
   1e-05
   8.6e-05
   6.1e-05
   2.9e-05
   1.1e-05
   1.8e-05
   2.5e-05
   1e-06
   0.000256
   9e-06
   6e-06
   0.000196
   2e-06
   5e-06
   6.4e-05
   3e-05
   9e-06
   1.6e-05
   2e-06
   4e-05
   0.000173
   4e-06
   4e-06
   1e-06
   0.0
   1e-05
   8.5e-05
   3e-06
   4e-06
   2.6e-05
   1e-06
   9e-06
   5e-06
   1.7e-05
   0.00016
   5e-06
   9e-06
   9e-06
   2.6e-05
   1e-05
   4e-06
   3e-06
   0.0
   1e-06
   0.0
   4e-06
   0.0
   0.0
   5e-06
   1e-06
   0.0
   1e-06
   0.0
   1e-06
   5e-06
   1e-06
   0.0
   1e-06
   1e-06
   0.0
   8e-06
   0.0
   1e-06
   1e-06
   5.2e-05
   9e-06
   2.5e-05
   1.3e-05
   0.0
   2.6e-05
   7.3e-05
   0.0
   0.0
   1e-06
   1.6e-05
   1.8e-05
   1.6e-05
   1e-06
   1e-06
   5.9e-05
   9e-06
   0.0
   0.0
   0.0
   2.5e-05
   0.0
   4e-06
   1e-06
   3.2e-05
   1e-06
   0.0
   3.6e-05
   0.0
   2.9e-05
   1e-06
   0.0
   4e-06
   1e-06
   0.0
   0.0
   4e-06
   1e-06
   9e-06
   0.0
   0.0
   2.5e-05
   9e-06
   1e-06
   0.0
   1e-06
   0.0
   9e-06
   9e-06
   1e-06
   4.9e-05
   6.4e-05
   0.0
   1e-06
   1e-06
   2.5e-05
   0.0
   0.0
   9e-06
   1e-06
   1e-06
   9e-06
   1.6e-05
   0.0
   0.0
   0.0
   0.0
   9e-06
   4e-06
   0.0
   0.0
   0.0
   0.0
   0.0
   0.0
   0.0
   0.0
   0.0
   1e-06
   0.0
   4e-06
   4e-06
   9e-06
   4e-06
   0.0
   9e-06
   0.0
   0.0
   4.9e-05
   9e-06
   1e-06
   4e-06
   9e-06
   4e-06
   0.0
   0.0
   1e-06
   9e-06
   9e-06
   1e-06
   1.6e-05
   9e-06
   4e-06
   0.0
   4.9e-05
   1e-06
   9e-06
   0.0
   4e-06
   9e-06
   4e-06
   9e-06
   4e-06
   0.0
   0.0
   9e-06
   0.0
   0.0
   0.0
   0.0
   0.0
   9e-06
   0.0
   0.0
   0.0
   0.0
   1e-06
   0.0
   0.0
   1e-06
   0.0
   0.0
   0.0
   4e-06
   0.0
   4e-06
   4e-06
   0.0
   0.0
   9e-06
   0.0
   9e-06
   4e-06
   1e-06
   0.0
   0.0
   0.0
   0.0
   1e-06
   4e-06
   0.0
   0.0
   0.0
   9e-06
   0.0
   0.0
   0.0
   0.0
   0.0
   0.0
   0.0
   0.0
   0.0
   0.0
   0.0
   0.0
   0.0
   0.0
   0.0
   0.0
   0.0
   0.0
   0.0
   0.0
   0.0
   0.0
   0.0
   0.0
   0.0
   0.0
   0.0
   0.0
   0.0
   0.0
   0.0
   0.0
   0.0
   0.0
   0.0
   0.0
   0.0
   0.0
   0.0
   0.0
   0.0
   0.0
   0.0
   0.0
   0.0
   0.0
   0.0
   0.0
   0.0
   0.0
   0.0
   0.0
   0.0
   0.0
   0.0
   0.0
   0.0
   0.0
   0.0
   0.0
   0.0
   0.0
   0.0
   0.0
   0.0
   0.0
   0.0
   0.0
   0.0
   0.0
   0.0
   0.0
   0.0
   0.0
   0.0
   0.0
   0.0
   0.0
   0.0
   0.0
   0.0
   0.0
   0.0
   0.0
   0.0
   0.0
   0.0
   0.0
   0.0
   0.0
   0.0
   0.0
   0.0
   0.0
   0.0
   0.0
   0.0
   0.0
   0.0
   0.0
   0.0
   0.0
   0.0
   0.0
   0.0
   0.0
   0.0
   0.0
   0.0
   0.0
   0.0
   0.0
   0.0
   0.0
   0.0
   0.0
   0.0
   0.0
   0.0
   0.0
   0.0
   0.0
   0.0
   0.0
   0.0
   0.0
   0.0
   0.0
   0.0
   0.0
   0.0
   0.0
   0.0
   0.0
   0.0
   0.0
   0.0
   0.0
   0.0
   0.0
