   0.0
   0.0
   0.0
   0.0
   0.0
   0.0
   0.0
   0.0
   0.0
   0.0
   0.0
   0.0
   0.0
   0.0
   0.0
   0.0
   0.0
   0.0
   0.0
   0.0
   0.0
   0.0
   0.0
   0.0
   0.0
   0.0
   0.0
   0.0
   0.0
   0.0
   0.0
   0.0
   0.0
   0.0
   0.0
   0.0
   0.0
   0.0
   0.0
   0.0
   0.0
   0.0
   0.0
   0.0
   0.0
   0.0
   0.0
   0.0
   0.0
   0.0
   0.0
   0.0
   0.0
   0.0
   0.0
   0.0
   0.0
   0.0
   0.0
   0.0
   0.0
   0.0
   0.0
   0.0
   0.0
   0.0
   0.0
   0.0
   2e-07
   1e-07
   0.0
   2e-07
   0.0
   0.0
   1e-07
   2e-07
   1e-07
   1e-07
   0.0
   2e-07
   2e-07
   1e-07
   1e-07
   3e-07
   5e-07
   4e-07
   1e-07
   2e-07
   1.1e-06
   3e-07
   2e-07
   1e-07
   3e-07
   8e-07
   7e-07
   1e-06
   3e-07
   1e-06
   1.3e-06
   7e-07
   5e-07
   9e-07
   1.4e-06
   1.1e-06
   1.2e-06
   1.3e-06
   1.8e-06
   2e-06
   1.3e-06
   2e-06
   3e-06
   2.6e-06
   2.8e-06
   2.8e-06
   4.4e-06
   2.9e-06
   6.1e-06
   7e-06
   7.4e-06
   7.7e-06
   7.8e-06
   1.17e-05
   9.2e-06
   9.7e-06
   1.21e-05
   1.28e-05
   1.49e-05
   1.47e-05
   1.9e-05
   1.8e-05
   2.21e-05
   2.52e-05
   3.1e-05
   3.07e-05
   4.11e-05
   3.95e-05
   4.34e-05
   4.91e-05
   5.91e-05
   6.07e-05
   6.62e-05
   6.88e-05
   7.93e-05
   9.58e-05
   9.78e-05
   0.0001137
   0.0001265
   0.0001333
   0.0001552
   0.0001711
   0.0001861
   0.0002099
   0.0002419
   0.0002708
   0.0002912
   0.0003371
   0.0003724
   0.0004075
   0.0004661
   0.0005166
   0.0005683
   0.0006302
   0.0007097
   0.0007959
   0.0008803
   0.0009765
   0.0011099
   0.0012296
   0.0013791
   0.0015527
   0.0017492
   0.0019656
   0.0021884
   0.0024393
   0.0027482
   0.003104
   0.0035117
   0.0039647
   0.0045014
   0.0051087
   0.0058396
   0.0066418
   0.0075711
   0.008648
   0.0100306
   0.0116085
   0.01342
   0.0158178
   0.0186227
   0.0220181
   0.0260953
   0.0314032
   0.0377701
   0.0457579
   0.0560143
   0.0675711
   0.0770032
   0.0833377
   0.0877199
   0.0899159
   0.0896762
   0.0876352
   0.0833369
   0.0771314
   0.0676101
   0.0560614
   0.0458494
   0.0378152
   0.031341
   0.0262759
   0.0220502
   0.0185913
   0.0158155
   0.0135118
   0.0115108
   0.010048
   0.0086649
   0.0075868
   0.0066235
   0.0057864
   0.0050625
   0.0045118
   0.0039572
   0.0035072
   0.0031056
   0.002732
   0.0024638
   0.0021865
   0.0019694
   0.0017533
   0.0015616
   0.0013932
   0.0012344
   0.0011278
   0.0009715
   0.0008817
   0.0008056
   0.0007243
   0.0006254
   0.0005641
   0.0005036
   0.0004709
   0.0004106
   0.0003903
   0.0003244
   0.0003083
   0.0002616
   0.0002481
   0.0002218
   0.0001914
   0.0001689
   0.0001611
   0.0001318
   0.0001298
   0.0001128
   0.0001018
   9.57e-05
   7.89e-05
   7.11e-05
   6.29e-05
   6e-05
   5.26e-05
   4.74e-05
   4e-05
   3.63e-05
   3.21e-05
   3.08e-05
   3.02e-05
   2.55e-05
   2.01e-05
   2.35e-05
   1.63e-05
   1.76e-05
   1.53e-05
   1.3e-05
   1.28e-05
   9.4e-06
   1.02e-05
   7.9e-06
   6.7e-06
   5.5e-06
   6.7e-06
   5.6e-06
   5.7e-06
   3.9e-06
   2.7e-06
   3.9e-06
   4.3e-06
   1.8e-06
   3.2e-06
   3.3e-06
   2.1e-06
   2.4e-06
   2e-06
   2.7e-06
   1.3e-06
   1.7e-06
   1.9e-06
   1.2e-06
   6e-07
   1.1e-06
   1.1e-06
   4e-07
   7e-07
   4e-07
   3e-07
   7e-07
   6e-07
   5e-07
   6e-07
   3e-07
   5e-07
   1e-07
   5e-07
   0.0
   2e-07
   1e-07
   0.0
   0.0
   0.0
   0.0
   1e-07
   2e-07
   1e-07
   0.0
   0.0
   0.0
   0.0
   0.0
   0.0
   0.0
   0.0
   0.0
   0.0
   0.0
   0.0
   0.0
   0.0
   0.0
   0.0
   0.0
   0.0
   0.0
   1e-07
   1e-07
   0.0
   0.0
   0.0
   0.0
   0.0
   0.0
   0.0
   0.0
   0.0
   0.0
   0.0
   0.0
   0.0
   0.0
   0.0
   0.0
   1e-07
   1e-07
   0.0
   0.0
   0.0
   0.0
   0.0
   0.0
   0.0
   0.0
   0.0
   0.0
   0.0
   0.0
   0.0
   0.0
   0.0
   0.0
   0.0
   0.0
   0.0
   0.0
   0.0
   0.0
   0.0
   0.0
   0.0
   0.0
   0.0
   0.0
   0.0
   0.0
   0.0
   0.0
   0.0
   0.0
   0.0
   0.0
   0.0
