   0.0
   0.0
   0.0
   0.0
   0.0
   0.0
   0.0
   0.0
   0.0
   0.0
   0.0
   0.0
   0.0
   0.0
   0.0
   0.0
   0.0
   0.0
   0.0
   0.0
   0.0
   0.0
   0.0
   0.0
   0.0
   0.0
   0.0
   0.0
   0.0
   0.0
   0.0
   0.0
   0.0
   0.0
   0.0
   0.0
   0.0
   0.0
   0.0
   0.0
   0.0
   0.0
   0.0
   0.0
   0.0
   0.0
   0.0
   0.0
   0.0
   0.0
   0.0
   0.0
   0.0
   0.0
   0.0
   0.0
   0.0
   0.0
   0.0
   0.0
   0.0
   1e-07
   0.0
   0.0
   0.0
   0.0
   0.0
   0.0
   0.0
   0.0
   0.0
   0.0
   0.0
   0.0
   0.0
   0.0
   0.0
   1e-07
   0.0
   0.0
   0.0
   0.0
   0.0
   1e-07
   0.0
   0.0
   0.0
   0.0
   0.0
   0.0
   0.0
   1e-07
   0.0
   1e-07
   1e-07
   1e-07
   0.0
   1.4e-06
   2e-07
   7e-07
   7e-07
   3e-07
   4e-07
   1.1e-06
   9e-07
   9e-07
   7e-07
   3e-07
   5e-07
   6e-07
   1e-06
   1.5e-06
   1.5e-06
   1.8e-06
   3e-06
   2e-06
   2.6e-06
   4.8e-06
   3.3e-06
   3.5e-06
   4.6e-06
   5.3e-06
   4.4e-06
   3.4e-06
   6.4e-06
   5.2e-06
   9e-06
   9.7e-06
   6.4e-06
   1.45e-05
   1.42e-05
   1.98e-05
   1.54e-05
   1.93e-05
   2.28e-05
   2.73e-05
   3.24e-05
   3.1e-05
   3.28e-05
   4.19e-05
   4.86e-05
   5.31e-05
   5.51e-05
   6.76e-05
   6.97e-05
   8.37e-05
   9.15e-05
   9.56e-05
   0.0001052
   0.0001271
   0.0001502
   0.0001746
   0.0001895
   0.0002084
   0.000238
   0.0002699
   0.0003177
   0.0003504
   0.0004074
   0.0004347
   0.0005218
   0.0005735
   0.000629
   0.0007076
   0.0008201
   0.0009251
   0.001045
   0.0011931
   0.0013179
   0.0015136
   0.0016528
   0.0018685
   0.0021386
   0.0024229
   0.0027387
   0.003007
   0.0034571
   0.0038946
   0.0044128
   0.00502
   0.0056305
   0.0063149
   0.007177
   0.0081022
   0.0091273
   0.0102751
   0.0116814
   0.0131638
   0.0148239
   0.0167667
   0.0187379
   0.0213223
   0.0239721
   0.0271226
   0.0306704
   0.0934601
   0.096517
   0.0988474
   0.1003264
   0.1012251
   0.101132
   0.100194
   0.0988066
   0.0962771
   0.0931597
   0.0306527
   0.0269398
   0.0240852
   0.0212446
   0.018892
   0.0166542
   0.0147853
   0.013078
   0.0116463
   0.0103036
   0.0090584
   0.0080034
   0.007171
   0.0063429
   0.0056085
   0.0050017
   0.0043909
   0.0038959
   0.0034498
   0.0030355
   0.0027406
   0.0024124
   0.0021669
   0.0018741
   0.0016733
   0.0015053
   0.0013256
   0.0011706
   0.0010597
   0.000896
   0.0008406
   0.0007089
   0.0006436
   0.00055
   0.0005039
   0.0004376
   0.0003915
   0.0003379
   0.0003074
   0.0002794
   0.0002336
   0.0002157
   0.0001756
   0.0001671
   0.0001454
   0.0001232
   0.0001191
   0.0001116
   9.09e-05
   8.36e-05
   7.74e-05
   6.6e-05
   5.31e-05
   4.52e-05
   4.05e-05
   4.22e-05
   3.72e-05
   3.39e-05
   2.81e-05
   2.62e-05
   2.1e-05
   1.97e-05
   1.76e-05
   1.43e-05
   1.03e-05
   1.26e-05
   1.15e-05
   9.8e-06
   8.1e-06
   8.5e-06
   7e-06
   5.8e-06
   4e-06
   4.9e-06
   3.1e-06
   3.5e-06
   3.5e-06
   2.4e-06
   1.9e-06
   4.3e-06
   1e-06
   1.1e-06
   7e-07
   1.9e-06
   1.1e-06
   9e-07
   1.3e-06
   1e-06
   8e-07
   9e-07
   8e-07
   3e-07
   8e-07
   3e-07
   6e-07
   8e-07
   0.0
   3e-07
   4e-07
   2e-07
   3e-07
   1e-07
   0.0
   2e-07
   1e-07
   0.0
   1e-07
   0.0
   0.0
   0.0
   0.0
   0.0
   0.0
   0.0
   1e-07
   0.0
   0.0
   0.0
   0.0
   0.0
   0.0
   0.0
   0.0
   0.0
   0.0
   0.0
   0.0
   0.0
   1e-07
   0.0
   0.0
   0.0
   0.0
   0.0
   0.0
   0.0
   0.0
   0.0
   0.0
   0.0
   0.0
   0.0
   0.0
   0.0
   0.0
   0.0
   0.0
   0.0
   0.0
   0.0
   0.0
   0.0
   0.0
   0.0
   0.0
   0.0
   0.0
   0.0
   0.0
   0.0
   0.0
   0.0
   0.0
   0.0
   0.0
   0.0
   0.0
   0.0
   0.0
   0.0
   0.0
   0.0
   0.0
   0.0
   0.0
   0.0
   0.0
   0.0
   0.0
   0.0
   0.0
   0.0
   0.0
   0.0
   0.0
   0.0
   0.0
   0.0
   0.0
   0.0
   0.0
   0.0
   0.0
   0.0
   0.0
