   0.0
   0.0
   0.0
   0.0
   0.0
   0.0
   0.0
   0.0
   0.0
   0.0
   0.0
   0.0
   0.0
   0.0
   0.0
   0.0
   0.0
   0.0
   0.0
   0.0
   0.0
   0.0
   0.0
   0.0
   0.0
   0.0
   0.0
   0.0
   0.0
   0.0
   0.0
   0.0
   0.0
   0.0
   0.0
   0.0
   0.0
   0.0
   0.0
   0.0
   0.0
   0.0
   0.0
   0.0
   0.0
   0.0
   0.0
   0.0
   0.0
   0.0
   0.0
   0.0
   0.0
   0.0
   0.0
   0.0
   0.0
   0.0
   0.0
   0.0
   0.0
   0.0
   0.0
   0.0
   0.0
   0.0
   0.0
   0.0
   0.0
   0.0
   0.0
   0.0
   0.0
   0.0
   0.0
   0.0
   0.0
   0.0
   0.0
   0.0
   0.0
   0.0
   0.0
   0.0
   0.0
   0.0
   0.0
   0.0
   0.0
   0.0
   0.0
   0.0
   0.0
   0.0
   0.0
   0.0
   0.0
   0.0
   0.0
   0.0
   0.0
   0.0
   0.0
   0.0
   0.0
   0.0
   0.0
   0.0
   0.0
   0.0
   0.0
   0.0
   0.0
   0.0
   0.0
   0.0
   0.0
   0.0
   0.0
   0.0
   0.0
   1e-06
   0.0
   1e-06
   0.0
   0.0
   0.0
   5e-06
   1e-06
   0.0
   0.0
   0.0
   0.0
   0.0
   0.0
   1e-06
   0.0
   0.0
   5e-06
   1e-06
   4e-06
   0.0
   1e-06
   1e-06
   0.0
   1e-06
   1e-06
   1e-06
   0.0
   0.0
   1e-06
   0.0
   0.0
   4e-06
   0.0
   1e-06
   1e-06
   1e-06
   2e-06
   0.0
   1e-06
   1e-06
   1e-06
   2e-06
   3e-06
   2e-06
   3e-06
   7e-06
   2e-06
   1e-06
   4e-06
   3e-06
   2e-06
   3e-06
   1e-06
   4e-06
   1e-06
   2e-06
   0.0
   4e-06
   2e-06
   5e-06
   2e-06
   4e-06
   5e-06
   3e-06
   8e-06
   8e-06
   3e-06
   3e-06
   3e-06
   3e-06
   3e-06
   3e-06
   4e-06
   7e-06
   2e-06
   6e-06
   3e-06
   6e-06
   1e-05
   9e-06
   8e-06
   1.7e-05
   1.1e-05
   5e-06
   7e-06
   1e-05
   1e-05
   2e-05
   1.7e-05
   7e-06
   9e-06
   9e-06
   1.3e-05
   1.9e-05
   1.8e-05
   1.8e-05
   1.3e-05
   2.3e-05
   2.1e-05
   1.8e-05
   1.5e-05
   1.5e-05
   2.2e-05
   1.6e-05
   2.4e-05
   2.4e-05
   2.4e-05
   4.6e-05
   1.6e-05
   2.4e-05
   2.6e-05
   3.9e-05
   2.5e-05
   4.1e-05
   2.8e-05
   4.1e-05
   3.6e-05
   3.9e-05
   3.3e-05
   3.4e-05
   4e-05
   3.8e-05
   5e-05
   4.4e-05
   4e-05
   6e-05
   4e-05
   4.8e-05
   5.7e-05
   7.4e-05
   5.7e-05
   7e-05
   7.1e-05
   8.5e-05
   0.0001
   0.000104
   9.7e-05
   0.000103
   0.000101
   0.000102
   9.5e-05
   0.00011
   0.000137
   0.00012
   0.000145
   0.000123
   0.00015
   0.000135
   0.000151
   0.000174
   0.000189
   0.000149
   0.000196
   0.000216
   0.000212
   0.000219
   0.000179
   0.000246
   0.000277
   0.000223
   0.000253
   0.000233
   0.000247
   0.000273
   0.000317
   0.000326
   0.000327
   0.000329
   0.000363
   0.000401
   0.000468
   0.00047
   0.000433
   0.000491
   0.000441
   0.000487
   0.000549
   0.000556
   0.000576
   0.000589
   0.000645
   0.000655
   0.000695
   0.000776
   0.000756
   0.000813
   0.000833
   0.000924
   0.000942
   0.000918
   0.001017
   0.001011
   0.001088
   0.001174
   0.001159
   0.001248
   0.001292
   0.001407
   0.001406
   0.001479
   0.001423
   0.001681
   0.001683
   0.001723
   0.001757
   0.001917
   0.001905
   0.002108
   0.002148
   0.002267
   0.00236
   0.002515
   0.002537
   0.002802
   0.002755
   0.002972
   0.003097
   0.003239
   0.003403
   0.003471
   0.003582
   0.003888
   0.004047
   0.004284
   0.004462
   0.004742
   0.004743
   0.004908
   0.005246
   0.005619
   0.005812
   0.00598
   0.006386
   0.006653
   0.006927
   0.007297
   0.007442
   0.007943
   0.008333
   0.008527
   0.008959
   0.009435
   0.010052
   0.010437
   0.010874
   0.011539
   0.012287
   0.012875
   0.013408
   0.014121
   0.014801
   0.015783
   0.016436
   0.017353
   0.018163
   0.01957
   0.020687
   0.021737
   0.022849
   0.024315
   0.026022
   0.027684
   0.029091
   0.031487
   0.032949
   0.03531
   0.038391
   0.040381
   0.044014
   0.047264
   0.051292
   0.055492
   0.058919
   0.064125
   0.068411
   0.07177
   0.07337
   0.074349
   0.074938
   0.073112
   0.071915
   0.068616
   0.064152
   0.05939
   0.05499
   0.050896
   0.047061
   0.044085
   0.040742
   0.037874
   0.035551
   0.033177
   0.031121
   0.02922
   0.027595
   0.025479
   0.024332
   0.02265
   0.021664
   0.020725
   0.019331
   0.01824
   0.01702
   0.016435
   0.015289
   0.014722
   0.013896
   0.013193
   0.01262
   0.012023
   0.011365
   0.010738
   0.01035
   0.010008
   0.009289
   0.009125
   0.008646
   0.008187
   0.007817
   0.00757
   0.00722
   0.006775
   0.006595
   0.00626
   0.005986
   0.005722
   0.005395
   0.005294
   0.004987
   0.004718
   0.004446
   0.004287
   0.004095
   0.003903
   0.003998
   0.00374
   0.003521
   0.003366
   0.003351
   0.002996
   0.002772
   0.002797
   0.00265
   0.002543
   0.002512
   0.002332
   0.002345
   0.002103
   0.002047
   0.001923
   0.001945
   0.001847
   0.00176
   0.001653
   0.001619
   0.001531
   0.001512
   0.00141
   0.001366
   0.001261
   0.001151
   0.001123
   0.001071
   0.001069
   0.000919
   0.001084
   0.000951
   0.000933
   0.000885
   0.000875
   0.000794
   0.000794
   0.000728
   0.00072
   0.000694
   0.000646
   0.00061
   0.000612
   0.000586
   0.000574
   0.000587
   0.000516
   0.000439
   0.000446
   0.000444
   0.000423
   0.000395
   0.000319
   0.00033
   0.000346
   0.000314
   0.000302
   0.000308
   0.000298
   0.000255
   0.000295
   0.000247
   0.000233
   0.000205
   0.000222
   0.000196
   0.000196
   0.000199
   0.000207
   0.000165
   0.00016
   0.000174
   0.000147
   0.000142
   0.000152
   0.000127
   0.00012
   0.00013
   0.00014
   0.000135
   0.000101
   0.000112
   0.000102
   7.1e-05
   9.7e-05
   8.2e-05
   9.2e-05
   8.6e-05
   9.1e-05
   9e-05
   6.3e-05
   7.5e-05
   8.5e-05
   6.6e-05
   7.5e-05
   7e-05
   6.7e-05
   5.2e-05
   4.7e-05
   6.3e-05
   3.8e-05
   4.6e-05
   5.5e-05
   4.4e-05
   4.6e-05
   3.6e-05
   4.8e-05
   4e-05
   3e-05
   2.1e-05
   1.8e-05
   2.9e-05
   2.9e-05
   2.7e-05
   2.9e-05
   2.7e-05
   1.4e-05
   3.4e-05
   1.9e-05
   2.2e-05
   1.6e-05
   2.3e-05
   1.7e-05
   2.8e-05
   1.7e-05
   1.7e-05
   1.8e-05
   5e-06
   1.3e-05
   1.4e-05
   1.2e-05
   9e-06
   1.6e-05
   1.1e-05
   7e-06
   9e-06
   7e-06
   6e-06
   1.6e-05
   6e-06
   7e-06
   7e-06
   1.5e-05
   9e-06
   9e-06
   1.4e-05
   6e-06
   1e-05
   8e-06
   4e-06
   5e-06
   6e-06
   4e-06
   5e-06
   6e-06
   5e-06
   6e-06
   4e-06
   5e-06
   3e-06
   4e-06
   4e-06
   3e-06
   5e-06
   2e-06
   2e-06
   3e-06
   2e-06
   3e-06
   0.0
   1e-06
   1e-06
   3e-06
   2e-06
   1e-06
   1e-06
   2e-06
   0.0
   4e-06
   2e-06
   1e-06
   2e-06
   2e-06
   1e-06
   0.0
   0.0
   1e-06
   2e-06
   2e-06
   1e-06
   0.0
   2e-06
   1e-06
   1e-06
   1e-06
   3e-06
   0.0
   0.0
   0.0
   1e-06
   0.0
   1e-06
   1e-06
   1e-06
   1e-06
   0.0
   2e-06
   1e-06
   4e-06
   0.0
   0.0
   1e-06
   0.0
   0.0
   1e-06
   0.0
   0.0
   1e-06
   1e-06
   0.0
   0.0
   2e-06
   0.0
   0.0
   0.0
   0.0
   0.0
   0.0
   0.0
   0.0
   0.0
   1e-06
   0.0
   0.0
   0.0
   0.0
   0.0
   0.0
   0.0
   0.0
   0.0
   0.0
   0.0
   0.0
   0.0
   0.0
   0.0
   0.0
   0.0
   0.0
   0.0
   0.0
   0.0
   0.0
   0.0
   0.0
   0.0
   0.0
   0.0
   0.0
   0.0
   0.0
   0.0
   0.0
   0.0
   0.0
   0.0
   0.0
   0.0
   0.0
   0.0
   0.0
   0.0
   0.0
   0.0
   0.0
   0.0
   0.0
   0.0
   0.0
   0.0
   0.0
   0.0
   0.0
   0.0
   0.0
   0.0
   0.0
   0.0
   0.0
   0.0
   0.0
   0.0
   0.0
   0.0
   0.0
   0.0
   0.0
   0.0
   0.0
   0.0
   0.0
   0.0
   0.0
   0.0
   0.0
   0.0
   0.0
   0.0
   0.0
   0.0
   0.0
   0.0
   0.0
   0.0
   0.0
   0.0
   0.0
   0.0
   0.0
   0.0
   0.0
   0.0
   0.0
   0.0
   0.0
   0.0
   0.0
   0.0
   0.0
   0.0
   0.0
   0.0
   0.0
   0.0
   0.0
   0.0
   0.0
   0.0
   0.0
   0.0
   0.0
   0.0
