   0.907092
   2.607908
   4.602075
   6.48902
   8.191547
   9.826752
   11.131302
   12.279927
   13.078144
   13.872288
   14.56699
   14.955404
   15.392034
   15.543443
   15.852701
   16.18324
   16.412857
   16.477578
   16.634051
   16.709637
   16.871961
   16.905457
   16.882107
   16.940182
   17.019917
   17.065172
   17.089202
   16.949622
   17.077621
   17.107403
   17.221542
   17.194308
   17.168867
   17.222329
   17.291712
   17.319133
   17.345572
   17.313861
   17.317956
   17.122276
   17.298623
   17.276683
   17.032398
   17.105716
   17.173153
   17.2109
   17.215109
   17.288145
   17.19916
   17.166316
   17.097584
   17.15534
   17.173942
   17.202209
   17.025202
   16.826007
   16.852993
   16.727933
   16.97275
   16.917617
   16.932326
   17.051412
   17.025531
   17.17457
   17.212945
   17.294661
   17.33419
   17.436419
   17.30951
   17.429192
   17.248313
   17.287962
   17.291559
   17.237939
   17.173165
   17.147363
   17.087091
   16.987487
   16.927413
   16.975618
   16.81752
   16.520229
   16.311978
   16.082343
   15.969388
   15.819795
   15.506763
   15.177507
   14.763466
   14.339948
   13.726159
   12.887896
   12.052127
   11.033454
   9.822076
   8.262238
   6.51285
   4.562474
   2.60443
   0.903073
