   0.0745648
   0.1284574
   0.1529471
   0.1633339
   0.1677822
   0.1710667
   0.1710309
   0.1723525
   0.1732961
   0.1724835
   0.1733263
   0.1719048
   0.1723338
   0.1717524
   0.1708701
   0.1707522
   0.1722736
   0.1718535
   0.1716429
   0.1713093
   0.1714785
   0.1711003
   0.170406
   0.1718306
   0.1723934
   0.1709947
   0.1711645
   0.171259
   0.1717112
   0.1716716
   0.1719699
   0.1709004
   0.1708518
   0.1714258
   0.1711387
   0.1725814
   0.1726635
   0.1728485
   0.1720796
   0.1715984
   0.1721164
   0.1720326
   0.172338
   0.1725034
   0.1712543
   0.1717127
   0.1717105
   0.1711223
   0.1707558
   0.1713387
   0.1722005
   0.1716756
   0.1723689
   0.1728838
   0.1721192
   0.1707526
   0.1713366
   0.1709964
   0.1709504
   0.1714785
   0.1706786
   0.1710055
   0.1705173
   0.1703546
   0.1693962
   0.1701976
   0.1708189
   0.1725282
   0.1713706
   0.1716523
   0.1720332
   0.1717543
   0.1714122
   0.1713875
   0.1734381
   0.1724429
   0.1719082
   0.1728584
   0.170895
   0.1715138
   0.1724872
   0.171252
   0.173096
   0.1714759
   0.1715555
   0.1735358
   0.1721287
   0.17289
   0.1711291
   0.171153
   0.170537
   0.1714579
   0.1709084
   0.1702231
   0.1697921
   0.1683211
   0.1640261
   0.1514584
   0.1293074
   0.0745267
