   1.56213
   2.1936500000000003
   2.39176
   2.46771
   2.4908300000000003
   2.49957
   2.50216
   2.49654
   2.49111
   2.49817
   2.49696
   2.50993
   2.50149
   2.4963599999999997
   2.49347
   2.49735
   2.4963200000000003
   2.49856
   2.4977
   2.48806
   2.4956099999999997
   2.49776
   2.49068
   2.49412
   2.50242
   2.5056599999999998
   2.50109
   2.50553
   2.51148
   2.5128500000000003
   2.51061
   2.48769
   2.50171
   2.48991
   2.49194
   2.50207
   2.50837
   2.49964
   2.5077599999999998
   2.4976499999999997
   2.49098
   2.50455
   2.49846
   2.50744
   2.50265
   2.4849900000000003
   2.49796
   2.49447
   2.50347
   2.49024
   2.49953
   2.49327
   2.49147
   2.4956300000000002
   2.5007800000000002
   2.5069999999999997
   2.50754
   2.50976
   2.49407
   2.50251
   2.51939
   2.51042
   2.49661
   2.49417
   2.51349
   2.50801
   2.50701
   2.4971799999999997
   2.49361
   2.4946099999999998
   2.4993000000000003
   2.49804
   2.49919
   2.49383
   2.4983
   2.5104100000000003
   2.49774
   2.49373
   2.49813
   2.4967099999999998
   2.50353
   2.4962999999999997
   2.50604
   2.49786
   2.49537
   2.49622
   2.50327
   2.4938700000000003
   2.51123
   2.49982
   2.4896700000000003
   2.50749
   2.5007800000000002
   2.49172
   2.50009
   2.49253
   2.47554
   2.4038899999999996
   2.18379
   1.5699
