   0.0
   0.0
   0.0
   0.0
   0.0
   0.0
   0.0
   0.0
   0.0
   0.0
   0.0
   0.0
   0.0
   0.0
   0.0
   0.0
   0.0
   0.0
   0.0
   0.0
   0.0
   0.0
   0.0
   0.0
   0.0
   0.0
   0.0
   0.0
   0.0
   0.0
   0.0
   0.0
   0.0
   0.0
   0.0
   0.0
   0.0
   0.0
   0.0
   0.0
   0.0
   0.0
   0.0
   0.0
   0.0
   0.0
   0.0
   0.0
   0.0
   0.0
   0.0
   0.0
   0.0
   0.0
   0.0
   0.0
   0.0
   0.0
   0.0
   0.0
   0.0
   0.0
   0.0
   0.0
   0.0
   0.0
   0.0
   0.0
   0.0
   0.0
   0.0
   0.0
   0.0
   0.0
   0.0
   0.0
   0.0
   0.0
   0.0
   0.0
   0.0
   0.0
   0.0
   0.0
   0.0
   0.0
   0.0
   0.0
   0.0
   0.0
   2e-06
   0.0
   0.0
   0.0
   0.0
   0.0
   0.0
   2e-06
   0.0
   0.0
   0.0
   0.0
   0.0
   0.0
   0.0
   0.0
   0.0
   2e-06
   0.0
   0.0
   0.0
   0.0
   0.0
   0.0
   0.0
   0.0
   0.0
   0.0
   0.0
   0.0
   0.0
   0.0
   0.0
   0.0
   0.0
   0.0
   0.0
   0.0
   0.0
   0.0
   0.0
   0.0
   0.0
   2e-06
   0.0
   0.0
   0.0
   0.0
   0.0
   0.0
   0.0
   0.0
   0.0
   0.0
   0.0
   0.0
   0.0
   0.0
   4e-06
   0.0
   0.0
   0.0
   0.0
   2e-06
   4e-06
   4e-06
   4e-06
   0.0
   0.0
   4e-06
   0.0
   0.0
   2e-06
   2e-06
   4e-06
   0.0
   0.0
   0.0
   2e-06
   4e-06
   2e-06
   8e-06
   0.0
   2e-06
   5.999999999999999e-06
   9.999999999999999e-06
   0.0
   0.0
   4e-06
   0.0
   4e-06
   0.0
   4e-06
   4e-06
   2e-06
   4e-06
   4e-06
   4e-06
   8e-06
   4e-06
   0.0
   0.0
   2e-06
   0.0
   0.0
   8e-06
   4e-06
   4e-06
   8e-06
   9.999999999999999e-06
   1.1999999999999999e-05
   1.6e-05
   5.999999999999999e-06
   5.999999999999999e-06
   1.3999999999999998e-05
   8e-06
   1.6e-05
   1.7999999999999997e-05
   1.3999999999999998e-05
   1.1999999999999999e-05
   4e-06
   1.7999999999999997e-05
   2.2e-05
   1.7999999999999997e-05
   2.2e-05
   2.7999999999999996e-05
   1.7999999999999997e-05
   2.2e-05
   3.7999999999999995e-05
   2.3999999999999997e-05
   4.199999999999999e-05
   4.199999999999999e-05
   2.2e-05
   3.4e-05
   2.3999999999999997e-05
   3.9999999999999996e-05
   3.7999999999999995e-05
   5.4e-05
   5e-05
   4.199999999999999e-05
   4.7999999999999994e-05
   5.4e-05
   3.7999999999999995e-05
   5e-05
   4.7999999999999994e-05
   7.999999999999999e-05
   5.8e-05
   4.199999999999999e-05
   5.599999999999999e-05
   8.999999999999999e-05
   7.199999999999999e-05
   7.8e-05
   8.399999999999998e-05
   0.000106
   0.000104
   0.0001
   0.000106
   0.000138
   0.0001
   0.00012399999999999998
   0.000172
   0.000176
   0.00015999999999999999
   0.000158
   0.000194
   0.00015199999999999998
   0.000222
   0.00026999999999999995
   0.00019599999999999997
   0.00023799999999999998
   0.00026999999999999995
   0.000276
   0.00028199999999999997
   0.000278
   0.000296
   0.000368
   0.00036399999999999996
   0.00039
   0.000356
   0.000366
   0.00041
   0.00042799999999999994
   0.000422
   0.000492
   0.000534
   0.0005859999999999999
   0.000592
   0.0005819999999999999
   0.0005759999999999999
   0.000692
   0.0007779999999999999
   0.0007619999999999999
   0.0007639999999999999
   0.00082
   0.0009299999999999999
   0.0010179999999999998
   0.0009639999999999999
   0.0011
   0.0012599999999999998
   0.0012980000000000001
   0.001246
   0.001332
   0.001444
   0.0013919999999999998
   0.0016619999999999998
   0.0017079999999999999
   0.0017499999999999998
   0.001774
   0.001896
   0.00228
   0.0021579999999999998
   0.002288
   0.00244
   0.0027300000000000002
   0.002668
   0.0029339999999999995
   0.0031119999999999997
   0.0033139999999999997
   0.003436
   0.003744
   0.0038939999999999995
   0.0040539999999999994
   0.004301999999999999
   0.004653999999999999
   0.0046819999999999995
   0.004938
   0.005025999999999999
   0.005716
   0.006034
   0.006278
   0.0068119999999999995
   0.0067139999999999995
   0.007364
   0.007916
   0.008178
   0.008976
   0.009342
   0.009694
   0.009824
   0.010894
   0.011563999999999998
   0.012398000000000001
   0.012497999999999999
   0.013615999999999998
   0.014485999999999999
   0.015296
   0.016484
   0.017144
   0.01788
   0.018744
   0.019881999999999997
   0.021738
   0.021884
   0.023219999999999998
   0.024692
   0.026444
   0.027639999999999998
   0.029275999999999996
   0.030986
   0.032528
   0.034228
   0.036691999999999995
   0.038118
   0.041235999999999995
   0.04364
   0.045564
   0.04846399999999999
   0.051061999999999996
   0.053952
   0.056423999999999995
   0.059816
   0.062618
   0.066494
   0.07103599999999999
   0.07511
   0.079406
   0.084046
   0.08903599999999999
   0.094526
   0.098742
   0.10443999999999999
   0.11074999999999999
   0.117056
   0.123186
   0.130426
   0.13749
   0.145584
   0.153936
   0.162458
   0.17270799999999997
   0.180494
   0.191528
   0.20411599999999996
   0.215614
   0.226482
   0.23776999999999998
   0.25135
   0.26683399999999996
   0.28188799999999997
   0.297774
   0.316824
   0.332738
   0.353088
   0.372198
   0.39307
   1.364958
   1.3820979999999998
   1.3999759999999999
   1.4030539999999998
   1.4064519999999998
   1.4077619999999997
   1.4064299999999998
   1.3979539999999997
   1.385398
   1.366518
   0.393664
   0.3743719999999999
   0.35144
   0.33514
   0.31662399999999996
   0.29892799999999997
   0.28321599999999997
   0.267034
   0.252874
   0.238398
   0.226154
   0.21564199999999997
   0.203644
   0.192454
   0.182166
   0.17167999999999997
   0.16301
   0.15409
   0.14498999999999998
   0.137432
   0.130236
   0.123312
   0.1166
   0.109478
   0.10483599999999998
   0.09834799999999999
   0.09460199999999999
   0.08852799999999998
   0.083548
   0.078998
   0.074692
   0.071116
   0.067178
   0.06333
   0.059989999999999995
   0.056896
   0.053924
   0.05157799999999999
   0.048369999999999996
   0.045088
   0.043424
   0.040541999999999995
   0.038371999999999996
   0.036666
   0.034494
   0.03288
   0.031344
   0.02964
   0.027266
   0.026222
   0.025133999999999997
   0.023755999999999996
   0.023044
   0.020967999999999997
   0.019972
   0.018604
   0.017952
   0.016436
   0.016248
   0.015147999999999998
   0.014465999999999998
   0.013642
   0.012899999999999998
   0.012355999999999999
   0.01163
   0.011126
   0.010058
   0.009657999999999998
   0.009127999999999999
   0.00857
   0.008392
   0.007951999999999999
   0.007468
   0.0068319999999999995
   0.006677999999999999
   0.006298
   0.005998
   0.005911999999999999
   0.00545
   0.005038
   0.004848
   0.004569999999999999
   0.004258
   0.004064
   0.003862
   0.0036039999999999996
   0.003306
   0.003264
   0.0030440000000000003
   0.0029139999999999995
   0.00274
   0.0026939999999999998
   0.0025
   0.002326
   0.002106
   0.001992
   0.0021739999999999997
   0.001812
   0.00187
   0.0015719999999999998
   0.0015819999999999999
   0.0014839999999999999
   0.00151
   0.0012339999999999999
   0.0013059999999999999
   0.001184
   0.001096
   0.001144
   0.001052
   0.0010119999999999999
   0.0009299999999999999
   0.000892
   0.000822
   0.000766
   0.000776
   0.00071
   0.000606
   0.000592
   0.0005859999999999999
   0.0005099999999999999
   0.000548
   0.000494
   0.00042599999999999995
   0.000446
   0.00039799999999999997
   0.000466
   0.000376
   0.00032599999999999996
   0.00031
   0.000344
   0.000286
   0.00026
   0.00028399999999999996
   0.000268
   0.00026199999999999997
   0.000206
   0.000232
   0.000216
   0.000226
   0.000166
   0.000156
   0.00017399999999999997
   0.000172
   0.000132
   0.00014
   0.000138
   0.000132
   0.00012
   9.2e-05
   9.799999999999998e-05
   9.599999999999999e-05
   8.6e-05
   7.999999999999999e-05
   7.599999999999999e-05
   7.199999999999999e-05
   8.199999999999999e-05
   0.00010999999999999999
   9.799999999999998e-05
   7e-05
   3.7999999999999995e-05
   4.4e-05
   6.199999999999999e-05
   6.199999999999999e-05
   3.9999999999999996e-05
   4.7999999999999994e-05
   3.4e-05
   3.9999999999999996e-05
   3e-05
   1.9999999999999998e-05
   1.6e-05
   3.9999999999999996e-05
   3.5999999999999994e-05
   2.3999999999999997e-05
   3.7999999999999995e-05
   2.2e-05
   1.9999999999999998e-05
   3.9999999999999996e-05
   2.7999999999999996e-05
   3.4e-05
   2.3999999999999997e-05
   1.3999999999999998e-05
   1.3999999999999998e-05
   9.999999999999999e-06
   1.7999999999999997e-05
   1.3999999999999998e-05
   4e-06
   1.6e-05
   9.999999999999999e-06
   1.3999999999999998e-05
   5.999999999999999e-06
   1.1999999999999999e-05
   2e-06
   1.1999999999999999e-05
   5.999999999999999e-06
   5.999999999999999e-06
   4e-06
   8e-06
   8e-06
   2e-06
   8e-06
   1.3999999999999998e-05
   4e-06
   8e-06
   4e-06
   0.0
   5.999999999999999e-06
   5.999999999999999e-06
   1.1999999999999999e-05
   4e-06
   2e-06
   5.999999999999999e-06
   4e-06
   4e-06
   0.0
   0.0
   2e-06
   5.999999999999999e-06
   0.0
   2e-06
   0.0
   2e-06
   2e-06
   8e-06
   9.999999999999999e-06
   0.0
   0.0
   4e-06
   2e-06
   0.0
   0.0
   2e-06
   0.0
   2e-06
   0.0
   0.0
   0.0
   0.0
   0.0
   0.0
   0.0
   5.999999999999999e-06
   0.0
   0.0
   0.0
   0.0
   0.0
   0.0
   0.0
   0.0
   0.0
   0.0
   2e-06
   0.0
   0.0
   0.0
   0.0
   0.0
   2e-06
   0.0
   0.0
   2e-06
   0.0
   0.0
   0.0
   0.0
   0.0
   0.0
   0.0
   0.0
   0.0
   0.0
   0.0
   0.0
   0.0
   0.0
   0.0
   0.0
   0.0
   0.0
   0.0
   0.0
   0.0
   0.0
   0.0
   0.0
   0.0
   0.0
   0.0
   0.0
   0.0
   0.0
   0.0
   0.0
   0.0
   0.0
   0.0
   0.0
   0.0
   0.0
   0.0
   0.0
   0.0
   0.0
   0.0
   0.0
   0.0
   0.0
   0.0
   0.0
   0.0
   0.0
   0.0
   0.0
   0.0
   0.0
   0.0
   0.0
   0.0
   0.0
   0.0
   0.0
   0.0
   0.0
   0.0
   0.0
   0.0
   0.0
   0.0
   0.0
   0.0
   0.0
   0.0
   0.0
   0.0
   0.0
   0.0
   0.0
   0.0
   2e-06
   0.0
   0.0
   0.0
   0.0
   0.0
   0.0
   0.0
   0.0
   0.0
   0.0
   0.0
   0.0
   0.0
   0.0
   0.0
   0.0
   0.0
   0.0
   0.0
   0.0
   0.0
   0.0
   0.0
   0.0
   0.0
   0.0
   0.0
   0.0
   0.0
   0.0
   0.0
   0.0
   0.0
   0.0
   0.0
   0.0
   0.0
   0.0
   0.0
   0.0
   0.0
   0.0
   0.0
   0.0
   0.0
   0.0
   0.0
   0.0
   0.0
   0.0
   0.0
   0.0
   0.0
   0.0
   0.0
   0.0
