   10.118
   15.1144
   19.153200000000002
   22.584799999999998
   25.604
   27.984199999999998
   30.058400000000002
   31.726399999999998
   32.9392
   34.184599999999996
   35.095
   36.0918
   36.5544
   37.347
   37.806200000000004
   37.9976
   38.3978
   38.9108
   38.9976
   39.1936
   39.3056
   39.439600000000006
   39.827
   39.778200000000005
   40.044000000000004
   40.0718
   40.0332
   40.094
   40.0316
   39.975
   39.834399999999995
   39.867599999999996
   39.893
   39.8746
   39.9734
   39.785
   39.656200000000005
   39.8376
   39.659
   39.6586
   39.7644
   39.8516
   39.9186
   39.9638
   40.4736
   40.0884
   40.0662
   40.1126
   40.2022
   40.2154
   40.065
   40.089000000000006
   39.959
   39.8922
   39.958
   39.876
   40.0994
   39.9766
   40.0562
   40.0606
   39.982800000000005
   39.955
   39.835
   39.8376
   39.7094
   39.877
   39.8978
   39.647
   39.7326
   39.824
   39.8874
   39.900200000000005
   39.876
   39.9854
   39.938
   39.751
   39.8224
   39.5908
   39.4736
   39.35
   39.1304
   38.7596
   38.5918
   38.4884
   37.8232
   37.723800000000004
   37.1676
   36.4902
   35.8752
   35.1364
   34.3124
   33.1578
   31.8118
   30.036800000000003
   28.0724
   25.578
   22.6936
   19.239800000000002
   15.164
   10.112599999999999
