   1.0194699999999999
   1.18357
   1.23234
   1.25074
   1.25733
   1.2471700000000001
   1.24927
   1.24843
   1.25427
   1.2492100000000002
   1.25148
   1.2481
   1.25505
   1.2477099999999999
   1.25169
   1.25016
   1.25355
   1.2447599999999999
   1.2479799999999999
   1.24628
   1.24634
   1.25182
   1.2490700000000001
   1.25326
   1.25226
   1.2466899999999999
   1.2487599999999999
   1.2528
   1.25386
   1.2525
   1.25372
   1.25986
   1.25192
   1.2501099999999998
   1.24715
   1.24236
   1.25624
   1.2494999999999998
   1.25605
   1.2481900000000001
   1.24983
   1.24549
   1.25247
   1.2581200000000001
   1.24701
   1.24814
   1.24698
   1.24487
   1.24468
   1.24752
   1.25139
   1.25254
   1.24914
   1.2583600000000001
   1.25912
   1.2511700000000001
   1.2500499999999999
   1.24426
   1.24916
   1.2538799999999999
   1.25105
   1.252
   1.24781
   1.24791
   1.2505600000000001
   1.24104
   1.25116
   1.25139
   1.24896
   1.2460900000000001
   1.25444
   1.24916
   1.24963
   1.2494800000000001
   1.24469
   1.24923
   1.25339
   1.24746
   1.25187
   1.24302
   1.24896
   1.25321
   1.24889
   1.24498
   1.24704
   1.24427
   1.24399
   1.25288
   1.25109
   1.24791
   1.24631
   1.24572
   1.25396
   1.24896
   1.25123
   1.24878
   1.24309
   1.2263
   1.18105
   1.0255
