   0.0
   0.0
   0.0
   0.0
   0.0
   0.0
   0.0
   0.0
   0.0
   0.0
   0.0
   0.0
   0.0
   0.0
   0.0
   0.0
   0.0
   0.0
   0.0
   0.0
   0.0
   0.0
   0.0
   0.0
   0.0
   0.0
   0.0
   0.0
   0.0
   0.0
   0.0
   0.0
   0.0
   0.0
   0.0
   0.0
   0.0
   0.0
   0.0
   0.0
   0.0
   0.0
   0.0
   0.0
   0.0
   0.0
   0.0
   0.0
   0.0
   0.0
   0.0
   0.0
   0.0
   0.0
   0.0
   0.0
   0.0
   0.0
   0.0
   0.0
   2e-06
   0.0
   2e-06
   0.0
   0.0
   0.0
   0.0
   0.0
   0.0
   0.0
   0.0
   0.0
   0.0
   0.0
   0.0
   0.0
   0.0
   0.0
   0.0
   0.0
   2e-06
   2e-06
   0.0
   0.0
   0.0
   0.0
   2e-06
   4e-06
   0.0
   4e-06
   0.0
   2e-06
   0.0
   2e-06
   0.0
   5.999999999999999e-06
   4e-06
   0.0
   2e-06
   4e-06
   0.0
   5.999999999999999e-06
   5.999999999999999e-06
   9.999999999999999e-06
   1.1999999999999999e-05
   0.0
   2e-06
   9.999999999999999e-06
   1.3999999999999998e-05
   5.999999999999999e-06
   9.999999999999999e-06
   8e-06
   8e-06
   1.1999999999999999e-05
   1.9999999999999998e-05
   4e-06
   1.9999999999999998e-05
   1.6e-05
   1.1999999999999999e-05
   2.3999999999999997e-05
   2.3999999999999997e-05
   3e-05
   1.3999999999999998e-05
   2.6e-05
   2.6e-05
   3.2e-05
   2.3999999999999997e-05
   4.4e-05
   3.5999999999999994e-05
   5.599999999999999e-05
   3e-05
   4.7999999999999994e-05
   5.2e-05
   5.2e-05
   4.4e-05
   0.000108
   6.6e-05
   0.000106
   8.999999999999999e-05
   9.4e-05
   0.000128
   0.00012
   0.000116
   0.00015199999999999998
   0.00015999999999999999
   0.000208
   0.00015999999999999999
   0.00018199999999999998
   0.000232
   0.00021399999999999997
   0.00022399999999999997
   0.000246
   0.000294
   0.00031
   0.000354
   0.00036399999999999996
   0.000366
   0.000422
   0.000454
   0.00058
   0.000572
   0.0006
   0.0007019999999999999
   0.0007239999999999999
   0.0007779999999999999
   0.0007839999999999999
   0.0009199999999999999
   0.000966
   0.001102
   0.0011359999999999999
   0.001188
   0.001414
   0.00141
   0.001508
   0.0015779999999999998
   0.001896
   0.001996
   0.002168
   0.0024519999999999998
   0.0027099999999999997
   0.0028699999999999997
   0.002976
   0.003328
   0.003682
   0.003926
   0.00424
   0.0046159999999999994
   0.00487
   0.005278
   0.005731999999999999
   0.006271999999999999
   0.007042
   0.007642
   0.007958
   0.008934
   0.009784
   0.010499999999999999
   0.011326000000000001
   0.012487999999999999
   0.013355999999999998
   0.014665999999999998
   0.016002
   0.017203999999999997
   0.018736
   0.020262
   0.022244
   0.023936
   0.026012
   0.02847
   0.030549999999999997
   0.032973999999999996
   0.036067999999999996
   0.03923399999999999
   0.042716000000000004
   0.046248
   0.050075999999999996
   0.054917999999999995
   0.058924
   0.06411
   0.07027399999999999
   0.075332
   0.081886
   0.08971399999999999
   0.09688799999999999
   0.105216
   0.114938
   0.12326399999999998
   0.134462
   0.146362
   0.15767799999999998
   0.171338
   0.187016
   0.20168999999999998
   0.21932799999999997
   0.23730999999999997
   0.259818
   0.28152
   0.306898
   0.331234
   0.361224
   0.391154
   0.425736
   0.46080799999999994
   0.49868599999999996
   0.542534
   0.58744
   0.62584
   0.6532459999999999
   0.671476
   0.679488
   0.6811599999999999
   0.6724339999999999
   0.652276
   0.625906
   0.587156
   0.5433899999999999
   0.5019119999999999
   0.460128
   0.42439999999999994
   0.39112399999999997
   0.36051399999999995
   0.33192399999999994
   0.303542
   0.28099399999999997
   0.258758
   0.237594
   0.221358
   0.2024
   0.18608599999999997
   0.17167000000000002
   0.158306
   0.145178
   0.13419999999999999
   0.12387
   0.11433399999999999
   0.105064
   0.09641399999999999
   0.08831399999999999
   0.08172199999999999
   0.07542199999999999
   0.068824
   0.064634
   0.059309999999999995
   0.054518
   0.049659999999999996
   0.046198
   0.04225399999999999
   0.03947
   0.035887999999999996
   0.033156
   0.030874
   0.027748
   0.026526
   0.023895999999999997
   0.022195999999999997
   0.01994
   0.019162
   0.016946
   0.016158
   0.014721999999999999
   0.013470000000000001
   0.012072
   0.011257999999999999
   0.010554
   0.009498
   0.008742
   0.008038
   0.007627999999999999
   0.006937999999999999
   0.00639
   0.005948
   0.00548
   0.0050799999999999994
   0.004644
   0.004148
   0.004013999999999999
   0.003544
   0.003426
   0.00315
   0.0028799999999999997
   0.0024939999999999997
   0.0024659999999999994
   0.002154
   0.002022
   0.0017519999999999999
   0.0018059999999999999
   0.0015739999999999999
   0.001486
   0.0013219999999999998
   0.001168
   0.001132
   0.001122
   0.0009459999999999999
   0.000926
   0.00082
   0.0007859999999999999
   0.0006619999999999999
   0.00069
   0.0005979999999999999
   0.0005399999999999999
   0.0005639999999999999
   0.00041799999999999997
   0.00039199999999999993
   0.00038
   0.00039199999999999993
   0.000324
   0.00028799999999999995
   0.000294
   0.000278
   0.000256
   0.00019599999999999997
   0.00021399999999999997
   0.000176
   0.00016799999999999996
   0.000148
   0.000162
   0.000122
   0.000126
   8.999999999999999e-05
   0.000108
   8.8e-05
   8.199999999999999e-05
   7.999999999999999e-05
   6.8e-05
   6.199999999999999e-05
   7e-05
   6.199999999999999e-05
   7.199999999999999e-05
   3e-05
   4.6e-05
   4.7999999999999994e-05
   4.199999999999999e-05
   3.5999999999999994e-05
   4.6e-05
   3.7999999999999995e-05
   3.2e-05
   1.6e-05
   3.7999999999999995e-05
   2.2e-05
   1.9999999999999998e-05
   1.7999999999999997e-05
   9.999999999999999e-06
   1.7999999999999997e-05
   1.9999999999999998e-05
   8e-06
   8e-06
   1.6e-05
   1.1999999999999999e-05
   1.9999999999999998e-05
   4e-06
   1.3999999999999998e-05
   2e-06
   5.999999999999999e-06
   5.999999999999999e-06
   2e-06
   4e-06
   2e-06
   2e-06
   2e-06
   2e-06
   0.0
   4e-06
   4e-06
   2e-06
   2e-06
   0.0
   0.0
   2e-06
   0.0
   0.0
   0.0
   0.0
   2e-06
   0.0
   2e-06
   0.0
   4e-06
   0.0
   2e-06
   2e-06
   0.0
   0.0
   2e-06
   0.0
   0.0
   0.0
   2e-06
   0.0
   0.0
   0.0
   0.0
   0.0
   2e-06
   4e-06
   0.0
   0.0
   0.0
   0.0
   0.0
   0.0
   0.0
   0.0
   0.0
   0.0
   0.0
   0.0
   0.0
   0.0
   0.0
   2e-06
   0.0
   0.0
   0.0
   0.0
   0.0
   0.0
   0.0
   0.0
   0.0
   0.0
   0.0
   0.0
   0.0
   0.0
   0.0
   0.0
   0.0
   0.0
   0.0
   0.0
   0.0
   0.0
   0.0
   0.0
   0.0
   0.0
   0.0
   0.0
   0.0
   0.0
   0.0
   0.0
   0.0
   0.0
   0.0
   0.0
   0.0
   0.0
   0.0
   0.0
   0.0
   0.0
   0.0
   0.0
   0.0
   0.0
   0.0
   0.0
   0.0
   0.0
