   0.91173
   1.17631
   1.2371699999999999
   1.24389
   1.25718
   1.24598
   1.2467300000000001
   1.25074
   1.2463899999999999
   1.24635
   1.24784
   1.2515500000000002
   1.24721
   1.2473
   1.25264
   1.25367
   1.25888
   1.2536500000000002
   1.24797
   1.24594
   1.24981
   1.24823
   1.24886
   1.24899
   1.25068
   1.25146
   1.24516
   1.24237
   1.2471700000000001
   1.24482
   1.2502900000000001
   1.24887
   1.24219
   1.25244
   1.2500900000000001
   1.25236
   1.25065
   1.25448
   1.2524600000000001
   1.24972
   1.25074
   1.25232
   1.2506599999999999
   1.24598
   1.24938
   1.25665
   1.24923
   1.24886
   1.2484
   1.2537
   1.25376
   1.24368
   1.24783
   1.2481300000000002
   1.2497
   1.2536800000000001
   1.25168
   1.2467300000000001
   1.2466599999999999
   1.24978
   1.25002
   1.25837
   1.24765
   1.2546599999999999
   1.24888
   1.25423
   1.25428
   1.24741
   1.2505300000000001
   1.24875
   1.25121
   1.2501099999999998
   1.2452100000000002
   1.2524499999999998
   1.24739
   1.26145
   1.24704
   1.2459500000000001
   1.24361
   1.25282
   1.2409
   1.25331
   1.25422
   1.25321
   1.24976
   1.25366
   1.25238
   1.24399
   1.2540900000000001
   1.24794
   1.25163
   1.25057
   1.25447
   1.24454
   1.24308
   1.2502600000000001
   1.2450599999999998
   1.23797
   1.17857
   0.90752
