   1.30243
   1.54259
   1.63178
   1.65862
   1.65476
   1.6704400000000001
   1.6642000000000001
   1.6675700000000002
   1.6631799999999999
   1.65909
   1.6626999999999998
   1.66801
   1.6583899999999998
   1.66803
   1.66331
   1.6617300000000002
   1.6717699999999998
   1.6638199999999999
   1.66797
   1.66357
   1.66367
   1.6621299999999999
   1.67225
   1.6598000000000002
   1.65877
   1.6644599999999998
   1.6689200000000002
   1.6703
   1.6734900000000001
   1.6689800000000001
   1.66619
   1.6673799999999999
   1.66855
   1.67205
   1.65917
   1.6574499999999999
   1.6652900000000002
   1.66359
   1.66783
   1.6616100000000003
   1.66596
   1.66202
   1.66754
   1.6544400000000001
   1.65923
   1.65977
   1.6693
   1.6735
   1.66636
   1.6768100000000001
   1.6623599999999998
   1.66271
   1.65931
   1.6676300000000002
   1.66613
   1.66974
   1.6680899999999999
   1.66678
   1.67268
   1.6677999999999997
   1.66679
   1.6578300000000001
   1.65765
   1.6718899999999999
   1.6672099999999999
   1.66739
   1.6687
   1.66823
   1.66196
   1.66582
   1.66788
   1.6685999999999999
   1.6669300000000002
   1.6654900000000001
   1.6645900000000002
   1.67693
   1.65363
   1.6625500000000002
   1.66099
   1.67226
   1.6696300000000002
   1.67035
   1.66312
   1.66357
   1.6598700000000002
   1.6714799999999999
   1.67389
   1.66491
   1.6643700000000001
   1.67078
   1.66421
   1.66146
   1.6694400000000003
   1.66607
   1.6614400000000002
   1.6583299999999999
   1.65829
   1.62794
   1.53562
   1.31145
