   1.7506000000000002
   2.2879400000000003
   2.5693
   2.70934
   2.79068
   2.81796
   2.82218
   2.84548
   2.84928
   2.8396399999999997
   2.8576
   2.85534
   2.85604
   2.8479
   2.84788
   2.85502
   2.85312
   2.85512
   2.87176
   2.86906
   2.86166
   2.87178
   2.86476
   2.85088
   2.86264
   2.85378
   2.85806
   2.85844
   2.86056
   2.8493999999999997
   2.84704
   2.8579
   2.87002
   2.8465399999999996
   2.85334
   2.85284
   2.8644
   2.856
   2.85524
   2.8571400000000002
   2.8542
   2.85216
   2.86368
   2.84456
   2.8495
   2.86478
   2.8615399999999998
   2.83772
   2.85902
   2.85614
   2.8547
   2.85604
   2.86284
   2.85466
   2.85698
   2.86698
   2.85622
   2.86822
   2.8657399999999997
   2.8582799999999997
   2.86054
   2.8615600000000003
   2.85182
   2.85324
   2.8493399999999998
   2.85114
   2.8400000000000003
   2.85208
   2.85582
   2.848
   2.84524
   2.86116
   2.85596
   2.8763
   2.8523
   2.8571400000000002
   2.85336
   2.86084
   2.87238
   2.85804
   2.86856
   2.85488
   2.8674600000000003
   2.85602
   2.85982
   2.8482600000000002
   2.8542
   2.86976
   2.8506199999999997
   2.86026
   2.8672199999999997
   2.84744
   2.85092
   2.8620799999999997
   2.81794
   2.7695600000000002
   2.71018
   2.5954
   2.2853
   1.7381799999999998
