   3.9388
   4.86204
   5.46018
   5.87972
   6.1407799999999995
   6.310960000000001
   6.4192
   6.4963999999999995
   6.60722
   6.61554
   6.60578
   6.630279999999999
   6.63724
   6.657019999999999
   6.62856
   6.631760000000001
   6.66042
   6.65636
   6.634760000000001
   6.6318
   6.6667000000000005
   6.67132
   6.64276
   6.648020000000001
   6.65066
   6.673659999999999
   6.645860000000001
   6.66924
   6.65984
   6.678059999999999
   6.681080000000001
   6.651400000000001
   6.663860000000001
   6.6631599999999995
   6.64994
   6.662800000000001
   6.64326
   6.62726
   6.64782
   6.6665
   6.66982
   6.6695
   6.658060000000001
   6.6748
   6.6917599999999995
   6.660779999999999
   6.66072
   6.656280000000001
   6.68134
   6.68284
   6.680460000000001
   6.6566
   6.66282
   6.665799999999999
   6.66686
   6.64604
   6.65346
   6.6868
   6.69146
   6.657100000000001
   6.67872
   6.6638
   6.670139999999999
   6.678979999999999
   6.6794199999999995
   6.67376
   6.645700000000001
   6.66446
   6.68312
   6.72008
   6.695520000000001
   6.6837599999999995
   6.650739999999999
   6.67218
   6.673279999999999
   6.671399999999999
   6.6395599999999995
   6.66962
   6.636400000000001
   6.6664200000000005
   6.67548
   6.6749600000000004
   6.66336
   6.646520000000001
   6.655959999999999
   6.67466
   6.6437
   6.67618
   6.6567
   6.6047400000000005
   6.5843799999999995
   6.554799999999999
   6.518540000000001
   6.420960000000001
   6.3065
   6.13102
   5.87176
   5.443980000000001
   4.83112
   3.9346399999999995
