   7.614
   11.5858
   14.371500000000001
   16.070400000000003
   17.3206
   18.2512
   18.8436
   19.2218
   19.4602
   19.4986
   19.6219
   19.7222
   19.9319
   19.7856
   20.0683
   19.8057
   19.8711
   19.8824
   19.9565
   19.8879
   20.0476
   20.0582
   20.1451
   19.917
   20.0565
   19.9762
   19.893900000000002
   19.921
   19.9766
   20.052
   19.9755
   20.0951
   20.2134
   20.1906
   20.1152
   19.953599999999998
   20.099
   20.102800000000002
   20.0508
   19.9758
   19.881999999999998
   19.855600000000003
   19.9423
   20.0224
   19.9411
   19.9129
   19.9819
   20.0228
   19.863500000000002
   20.0643
   19.9037
   20.066300000000002
   20.2178
   20.0551
   19.953699999999998
   20.0355
   20.1292
   20.025000000000002
   19.9133
   19.966
   19.971700000000002
   20.0102
   19.8668
   19.7452
   20.0193
   19.8798
   19.8826
   20.2855
   20.1874
   20.0988
   20.136499999999998
   20.0578
   19.9833
   20.0199
   19.9215
   20.0346
   19.9719
   20.0971
   20.0762
   20.3041
   19.9405
   19.871
   19.8383
   20.053
   19.980800000000002
   20.0133
   19.9135
   19.8581
   19.8137
   19.616
   19.8153
   19.645699999999998
   19.3279
   18.898400000000002
   18.26
   17.3811
   16.0058
   14.1933
   11.6219
   7.5988
