   0.0
   0.0
   0.0
   0.0
   0.0
   4e-06
   0.0
   0.0
   0.0
   0.0
   0.0
   0.0
   0.0
   0.0
   0.0
   0.0
   2e-06
   0.0
   0.0
   0.0
   0.0
   0.0
   4e-06
   2e-06
   0.0
   0.0
   0.0
   0.0
   2e-06
   0.0
   0.0
   0.0
   0.0
   5.999999999999999e-06
   2e-06
   4e-06
   0.0
   4e-06
   0.0
   2e-06
   0.0
   2e-06
   0.0
   0.0
   5.999999999999999e-06
   0.0
   2e-06
   5.999999999999999e-06
   4e-06
   2e-06
   4e-06
   2e-06
   2e-06
   2e-06
   4e-06
   5.999999999999999e-06
   4e-06
   4e-06
   4e-06
   9.999999999999999e-06
   1.1999999999999999e-05
   2e-06
   4e-06
   1.3999999999999998e-05
   4e-06
   1.1999999999999999e-05
   8e-06
   1.6e-05
   5.999999999999999e-06
   5.999999999999999e-06
   1.7999999999999997e-05
   9.999999999999999e-06
   1.3999999999999998e-05
   1.7999999999999997e-05
   8e-06
   1.3999999999999998e-05
   1.1999999999999999e-05
   1.6e-05
   2.7999999999999996e-05
   1.6e-05
   1.3999999999999998e-05
   2.7999999999999996e-05
   2.2e-05
   1.6e-05
   1.7999999999999997e-05
   2.3999999999999997e-05
   3e-05
   3.5999999999999994e-05
   4.199999999999999e-05
   3e-05
   2.6e-05
   1.9999999999999998e-05
   4.199999999999999e-05
   3e-05
   4.4e-05
   4.6e-05
   4.4e-05
   4.4e-05
   3.2e-05
   4.7999999999999994e-05
   5e-05
   5e-05
   6.199999999999999e-05
   8.399999999999998e-05
   7.999999999999999e-05
   6e-05
   8.6e-05
   8.6e-05
   9.799999999999998e-05
   0.000102
   0.00010999999999999999
   8.399999999999998e-05
   0.000146
   0.000132
   0.000146
   0.00016999999999999999
   0.000186
   0.00015199999999999998
   0.000162
   0.00015999999999999999
   0.000188
   0.00018199999999999998
   0.00020199999999999998
   0.00024199999999999997
   0.000188
   0.00025
   0.000276
   0.00028799999999999995
   0.000272
   0.000298
   0.000368
   0.00038199999999999996
   0.000432
   0.000388
   0.000434
   0.00041999999999999996
   0.000454
   0.000558
   0.000552
   0.000592
   0.00061
   0.000636
   0.000682
   0.0007559999999999999
   0.000758
   0.0008619999999999999
   0.000888
   0.0009739999999999999
   0.001034
   0.001026
   0.0010819999999999998
   0.0010659999999999999
   0.0012980000000000001
   0.001308
   0.001464
   0.0015239999999999997
   0.001622
   0.001678
   0.0017479999999999998
   0.0018419999999999999
   0.002008
   0.002066
   0.002212
   0.002436
   0.0026119999999999997
   0.0026739999999999997
   0.0027339999999999995
   0.003066
   0.0032459999999999998
   0.0035199999999999997
   0.0036799999999999997
   0.003662
   0.004202
   0.0042959999999999995
   0.004666
   0.00482
   0.005285999999999999
   0.00545
   0.005954
   0.0063419999999999995
   0.006581999999999999
   0.0068579999999999995
   0.007556
   0.008015999999999999
   0.008455999999999998
   0.008861999999999998
   0.009309999999999999
   0.009825999999999998
   0.01031
   0.011256
   0.012169999999999999
   0.012962
   0.01306
   0.014446
   0.01497
   0.016065999999999997
   0.017412
   0.018312
   0.019309999999999997
   0.020171999999999995
   0.021289999999999996
   0.02308
   0.02418
   0.025544
   0.027368
   0.028846
   0.03098
   0.033214
   0.034499999999999996
   0.03614
   0.039468
   0.0412
   0.044517999999999995
   0.046762
   0.048982
   0.052374
   0.05584
   0.05896799999999999
   0.062209999999999994
   0.066732
   0.07042999999999999
   0.07467599999999999
   0.08028
   0.084492
   0.08963799999999998
   0.096172
   0.10073399999999999
   0.10701
   0.11367999999999999
   0.121566
   0.12933399999999998
   0.136172
   0.145088
   0.15277
   0.16195999999999997
   0.17207799999999998
   0.18333599999999997
   0.194814
   0.205722
   0.217812
   0.23184
   0.24538399999999996
   0.261492
   0.276594
   0.29397999999999996
   1.179074
   1.191562
   1.202658
   1.2119119999999999
   1.21458
   1.217558
   1.2116179999999999
   1.206696
   1.1951539999999998
   1.1822499999999998
   0.29464799999999997
   0.278154
   0.263086
   0.24653999999999998
   0.23293799999999998
   0.217304
   0.20705199999999999
   0.194356
   0.18343
   0.172888
   0.16174999999999998
   0.15419999999999998
   0.144474
   0.13558
   0.127842
   0.12088399999999999
   0.113608
   0.107288
   0.101434
   0.09485999999999999
   0.089744
   0.084302
   0.0799
   0.075458
   0.070838
   0.065884
   0.06315799999999999
   0.059918
   0.055414
   0.052657999999999996
   0.04933
   0.046966
   0.043601999999999995
   0.04196199999999999
   0.038127999999999995
   0.036832
   0.034538
   0.03236
   0.030435999999999998
   0.028779999999999997
   0.02761
   0.025939999999999998
   0.02442
   0.022734
   0.021586
   0.0203
   0.01948
   0.018188
   0.017268
   0.01603
   0.01502
   0.014197999999999999
   0.013593999999999998
   0.012672
   0.012223999999999999
   0.011394
   0.010612
   0.009878
   0.009478
   0.008825999999999999
   0.008102
   0.008124
   0.007475999999999999
   0.006901999999999999
   0.006454
   0.006126
   0.005578
   0.005691999999999999
   0.0052899999999999996
   0.005069999999999999
   0.0047079999999999995
   0.004346
   0.0040479999999999995
   0.003862
   0.003854
   0.00339
   0.003234
   0.003062
   0.002862
   0.0027919999999999998
   0.0026420000000000003
   0.002472
   0.00231
   0.002048
   0.002068
   0.0017679999999999998
   0.001826
   0.001598
   0.001638
   0.0014799999999999998
   0.001336
   0.001276
   0.001206
   0.001202
   0.001144
   0.00101
   0.00098
   0.0009019999999999999
   0.0008739999999999999
   0.000772
   0.000774
   0.0006999999999999999
   0.000734
   0.0007160000000000001
   0.000618
   0.000614
   0.000574
   0.000508
   0.000542
   0.000478
   0.000432
   0.00036999999999999994
   0.000356
   0.00036399999999999996
   0.000346
   0.00029
   0.000346
   0.00028799999999999995
   0.000254
   0.000236
   0.00026599999999999996
   0.000216
   0.00022399999999999997
   0.000166
   0.000188
   0.000206
   0.000132
   0.000148
   0.00012399999999999998
   0.000116
   0.000122
   9.799999999999998e-05
   0.000108
   0.000108
   9.799999999999998e-05
   9.2e-05
   0.000106
   9.599999999999999e-05
   7.999999999999999e-05
   7.599999999999999e-05
   7.199999999999999e-05
   6.6e-05
   5.4e-05
   7.199999999999999e-05
   5.4e-05
   5.8e-05
   5.2e-05
   4.199999999999999e-05
   4.6e-05
   1.9999999999999998e-05
   2.7999999999999996e-05
   2.3999999999999997e-05
   2.3999999999999997e-05
   3.5999999999999994e-05
   3.5999999999999994e-05
   3.5999999999999994e-05
   2.3999999999999997e-05
   1.9999999999999998e-05
   1.9999999999999998e-05
   3.4e-05
   1.9999999999999998e-05
   1.9999999999999998e-05
   1.3999999999999998e-05
   1.6e-05
   2.7999999999999996e-05
   2.2e-05
   8e-06
   1.1999999999999999e-05
   8e-06
   1.6e-05
   8e-06
   4e-06
   9.999999999999999e-06
   9.999999999999999e-06
   9.999999999999999e-06
   1.6e-05
   8e-06
   2e-06
   5.999999999999999e-06
   1.1999999999999999e-05
   2e-06
   4e-06
   5.999999999999999e-06
   0.0
   4e-06
   4e-06
   1.1999999999999999e-05
   4e-06
   8e-06
   4e-06
   0.0
   2e-06
   8e-06
   2e-06
   2e-06
   2e-06
   0.0
   2e-06
   0.0
   0.0
   0.0
   0.0
   2e-06
   4e-06
   0.0
   0.0
   0.0
   0.0
   0.0
   0.0
   0.0
   0.0
   0.0
   0.0
   2e-06
   0.0
   2e-06
   0.0
   2e-06
   0.0
   2e-06
   2e-06
   2e-06
   0.0
   0.0
   2e-06
   0.0
   0.0
   0.0
   0.0
   0.0
   0.0
   0.0
   0.0
   2e-06
   0.0
   0.0
   2e-06
   5.999999999999999e-06
   0.0
   0.0
   2e-06
   0.0
   0.0
   0.0
