   0.8285
   1.05483
   1.10497
   1.11071
   1.11263
   1.11023
   1.11195
   1.10812
   1.11325
   1.1174
   1.11446
   1.11409
   1.11364
   1.11264
   1.1099400000000001
   1.11133
   1.11351
   1.11476
   1.11018
   1.10797
   1.10622
   1.10883
   1.10439
   1.1114199999999999
   1.11173
   1.11716
   1.11401
   1.11656
   1.1135300000000001
   1.10583
   1.1111
   1.10513
   1.11746
   1.1064100000000001
   1.11372
   1.10954
   1.10767
   1.10645
   1.10966
   1.1119999999999999
   1.1116
   1.1067799999999999
   1.10545
   1.11342
   1.11097
   1.1168799999999999
   1.11531
   1.11475
   1.10111
   1.1114199999999999
   1.11331
   1.1115599999999999
   1.11731
   1.10795
   1.111
   1.10928
   1.10955
   1.11103
   1.10942
   1.11009
   1.11596
   1.1108399999999998
   1.11212
   1.10858
   1.1124200000000002
   1.11174
   1.11075
   1.1123299999999998
   1.10446
   1.10895
   1.1169
   1.10989
   1.11109
   1.11237
   1.10609
   1.10191
   1.11174
   1.1152499999999999
   1.1174
   1.10859
   1.11075
   1.10785
   1.11313
   1.11173
   1.11375
   1.10609
   1.11007
   1.1124699999999998
   1.11623
   1.1087500000000001
   1.1139400000000002
   1.1113
   1.1066
   1.1151
   1.11611
   1.11013
   1.10711
   1.10267
   1.06068
   0.82754
