   1.43578
   1.8701800000000002
   2.06756
   2.15552
   2.19484
   2.20968
   2.21802
   2.2322
   2.21702
   2.2203
   2.2067
   2.2025200000000003
   2.2185
   2.22248
   2.21154
   2.22356
   2.2168
   2.2307799999999998
   2.2274
   2.2237199999999997
   2.22132
   2.2187599999999996
   2.2021800000000002
   2.23446
   2.21408
   2.22668
   2.22722
   2.21658
   2.22148
   2.22002
   2.23548
   2.22562
   2.2176
   2.2286
   2.2231
   2.2192
   2.23234
   2.21604
   2.22126
   2.21938
   2.20156
   2.23398
   2.2261800000000003
   2.22054
   2.21156
   2.23358
   2.2397400000000003
   2.2127
   2.21914
   2.22022
   2.20798
   2.2296799999999997
   2.2162
   2.2269799999999997
   2.20466
   2.2218999999999998
   2.22696
   2.22282
   2.2309
   2.22208
   2.21914
   2.2305200000000003
   2.2180999999999997
   2.2160599999999997
   2.20916
   2.2337599999999997
   2.2220400000000002
   2.22006
   2.2239
   2.23094
   2.2233
   2.2110600000000002
   2.22072
   2.2118800000000003
   2.21666
   2.21802
   2.22434
   2.22824
   2.22918
   2.221
   2.22464
   2.2157
   2.2168799999999997
   2.21342
   2.22536
   2.2239600000000004
   2.22152
   2.22726
   2.23388
   2.21956
   2.2119
   2.2220400000000002
   2.22314
   2.21712
   2.20916
   2.1818
   2.15582
   2.05856
   1.8656
   1.42864
