   2.33934
   2.75658
   2.99852
   3.11978
   3.2091799999999995
   3.25412
   3.3054600000000005
   3.30268
   3.31006
   3.3210200000000003
   3.3214599999999996
   3.33336
   3.33462
   3.3274199999999996
   3.34324
   3.31512
   3.3347
   3.3164
   3.34404
   3.3386600000000004
   3.34958
   3.33708
   3.34816
   3.33658
   3.3509200000000003
   3.3337199999999996
   3.3463399999999996
   3.3489
   3.3268199999999997
   3.31372
   3.35094
   3.32904
   3.3447400000000003
   3.3237200000000002
   3.33998
   3.33004
   3.33658
   3.32654
   3.32738
   3.3281199999999997
   3.3255600000000003
   3.3335999999999997
   3.34048
   3.33764
   3.3238999999999996
   3.33324
   3.33172
   3.33004
   3.3328999999999995
   3.3284599999999998
   3.3180599999999996
   3.3342799999999997
   3.3400399999999997
   3.35342
   3.32886
   3.3194399999999997
   3.3455
   3.32634
   3.32586
   3.3406
   3.32208
   3.32126
   3.3256599999999996
   3.32402
   3.33804
   3.35122
   3.3385
   3.3106400000000002
   3.32826
   3.36034
   3.33674
   3.31966
   3.3241199999999997
   3.30772
   3.33952
   3.33512
   3.3226999999999998
   3.3437799999999998
   3.328
   3.32856
   3.34568
   3.34802
   3.33872
   3.33688
   3.32548
   3.3258799999999997
   3.35684
   3.32864
   3.33146
   3.3210200000000003
   3.32642
   3.3253999999999997
   3.2995200000000002
   3.29436
   3.25634
   3.21272
   3.1268
   3.0038
   2.7490799999999997
   2.34476
