   0.0
   0.0
   0.0
   0.0
   0.0
   0.0
   0.0
   0.0
   0.0
   0.0
   0.0
   0.0
   0.0
   0.0
   4e-06
   0.0
   0.0
   0.0
   0.0
   0.0
   0.0
   0.0
   2e-06
   0.0
   0.0
   0.0
   0.0
   0.0
   0.0
   0.0
   0.0
   0.0
   0.0
   0.0
   4e-06
   0.0
   0.0
   0.0
   0.0
   0.0
   0.0
   0.0
   0.0
   0.0
   0.0
   0.0
   0.0
   0.0
   0.0
   0.0
   0.0
   0.0
   0.0
   2e-06
   0.0
   0.0
   0.0
   0.0
   0.0
   4e-06
   0.0
   0.0
   2e-06
   2e-06
   0.0
   0.0
   0.0
   0.0
   0.0
   0.0
   0.0
   5.999999999999999e-06
   0.0
   2e-06
   0.0
   2e-06
   0.0
   0.0
   0.0
   2e-06
   0.0
   2e-06
   0.0
   0.0
   0.0
   0.0
   0.0
   0.0
   4e-06
   0.0
   0.0
   0.0
   0.0
   4e-06
   0.0
   0.0
   0.0
   4e-06
   4e-06
   0.0
   2e-06
   2e-06
   0.0
   4e-06
   0.0
   2e-06
   2e-06
   4e-06
   5.999999999999999e-06
   4e-06
   4e-06
   2e-06
   8e-06
   4e-06
   0.0
   0.0
   9.999999999999999e-06
   1.6e-05
   0.0
   2e-06
   5.999999999999999e-06
   2e-06
   4e-06
   1.1999999999999999e-05
   9.999999999999999e-06
   4e-06
   2e-06
   5.999999999999999e-06
   5.999999999999999e-06
   2e-06
   0.0
   1.3999999999999998e-05
   5.999999999999999e-06
   2e-06
   8e-06
   2e-06
   8e-06
   8e-06
   4e-06
   2.2e-05
   3e-05
   2.6e-05
   8e-06
   4e-06
   1.6e-05
   2e-06
   9.999999999999999e-06
   5.999999999999999e-06
   4e-06
   9.999999999999999e-06
   1.6e-05
   8e-06
   5.999999999999999e-06
   1.1999999999999999e-05
   4e-06
   8e-06
   1.3999999999999998e-05
   8e-06
   8e-06
   3e-05
   2e-06
   8e-06
   1.1999999999999999e-05
   1.9999999999999998e-05
   1.3999999999999998e-05
   1.7999999999999997e-05
   2e-06
   9.999999999999999e-06
   1.1999999999999999e-05
   1.3999999999999998e-05
   1.9999999999999998e-05
   2.6e-05
   8e-06
   1.3999999999999998e-05
   5.999999999999999e-06
   8e-06
   2.3999999999999997e-05
   2.2e-05
   2.6e-05
   1.1999999999999999e-05
   4.4e-05
   3.2e-05
   1.3999999999999998e-05
   3.5999999999999994e-05
   2.3999999999999997e-05
   3.5999999999999994e-05
   4.4e-05
   2.7999999999999996e-05
   4.4e-05
   3e-05
   2.2e-05
   5.999999999999999e-06
   2.7999999999999996e-05
   1.9999999999999998e-05
   3.9999999999999996e-05
   3.7999999999999995e-05
   2.3999999999999997e-05
   2.6e-05
   5.2e-05
   5e-05
   4.4e-05
   4.7999999999999994e-05
   6.4e-05
   5.4e-05
   5e-05
   9.2e-05
   8.199999999999999e-05
   7.199999999999999e-05
   4.6e-05
   8.999999999999999e-05
   3.2e-05
   8.8e-05
   5.8e-05
   8.999999999999999e-05
   5.8e-05
   5.8e-05
   7.199999999999999e-05
   0.0001
   9.2e-05
   0.000122
   0.000122
   7.199999999999999e-05
   0.00012
   0.000108
   0.000128
   0.000128
   9.599999999999999e-05
   0.0001
   0.000166
   0.00015
   0.00011199999999999998
   0.000136
   0.000166
   0.000116
   0.00018199999999999998
   0.00019
   0.000162
   0.00020199999999999998
   0.00021999999999999998
   0.000104
   0.000218
   0.00017999999999999998
   0.000258
   0.00019
   0.000218
   0.000252
   0.00028
   0.000234
   0.000234
   0.00026999999999999995
   0.000268
   0.00023799999999999998
   0.00031399999999999993
   0.000272
   0.00031399999999999993
   0.00032199999999999997
   0.00033
   0.000324
   0.00036399999999999996
   0.00044199999999999996
   0.00038199999999999996
   0.00048199999999999995
   0.000372
   0.00038399999999999996
   0.00043799999999999997
   0.00049
   0.00045
   0.0005239999999999999
   0.0006219999999999999
   0.000574
   0.0005179999999999999
   0.000566
   0.000566
   0.000748
   0.00066
   0.0007859999999999999
   0.00056
   0.0006940000000000001
   0.00076
   0.00067
   0.00078
   0.000776
   0.000816
   0.0008979999999999999
   0.00096
   0.0009679999999999999
   0.001144
   0.001042
   0.0010639999999999998
   0.001076
   0.00116
   0.0011279999999999999
   0.0012079999999999999
   0.0012980000000000001
   0.001362
   0.001508
   0.001408
   0.001472
   0.0013459999999999998
   0.0016239999999999998
   0.001646
   0.0017699999999999999
   0.0017479999999999998
   0.001844
   0.0018059999999999999
   0.0019619999999999998
   0.001896
   0.001974
   0.001976
   0.002316
   0.0022299999999999998
   0.002404
   0.0024739999999999996
   0.0024519999999999998
   0.0024479999999999997
   0.002672
   0.0028459999999999996
   0.002828
   0.0029639999999999996
   0.002898
   0.0031339999999999996
   0.0033579999999999994
   0.0035819999999999997
   0.0035579999999999995
   0.0036499999999999996
   0.0037359999999999997
   0.003882
   0.004114
   0.0042499999999999994
   0.00438
   0.004312
   0.004382
   0.004646
   0.004985999999999999
   0.005144
   0.005509999999999999
   0.0052239999999999995
   0.00564
   0.00591
   0.0062439999999999996
   0.006194
   0.006478
   0.006794
   0.00692
   0.006945999999999999
   0.007454
   0.008235999999999999
   0.00815
   0.008586
   0.008197999999999999
   0.008962
   0.009502
   0.009654
   0.00977
   0.01039
   0.010615999999999999
   0.010879999999999999
   0.011195999999999998
   0.012099999999999998
   0.011798
   0.012107999999999999
   0.013132
   0.013606
   0.013987999999999999
   0.014611999999999998
   0.014779999999999998
   0.015458
   0.015968
   0.01752
   0.017688
   0.017758
   0.018514
   0.018515999999999998
   0.020406
   0.020408
   0.020856
   0.021608
   0.022109999999999998
   0.023305999999999997
   0.024408
   0.025533999999999998
   0.026064
   0.026196
   0.027552
   0.028419999999999997
   0.029391999999999998
   0.030652
   0.031818
   0.033024
   0.033881999999999995
   0.035044
   0.037238
   0.038119999999999994
   0.039582
   0.040334
   0.041867999999999995
   0.043952
   0.04531999999999999
   0.046468
   0.047612
   0.049864
   0.050429999999999996
   0.053748
   0.055608
   0.056291999999999995
   0.05837199999999999
   0.061172
   0.06300199999999999
   0.065446
   0.06849999999999999
   0.069966
   0.072862
   0.07470399999999999
   0.0778
   0.08059
   0.08304199999999999
   0.08547
   0.088216
   0.09140999999999999
   0.09594
   0.098498
   0.100698
   0.10653199999999999
   0.109052
   0.11361199999999999
   0.11788
   0.12081599999999999
   0.125194
   0.12914599999999998
   0.133788
   0.13813799999999998
   0.14490599999999998
   0.15034
   0.15411
   0.159088
   0.164744
   0.17229999999999998
   0.17635
   0.18287399999999998
   0.18929999999999997
   0.194514
   0.202464
   0.209188
   0.21658199999999997
   0.225244
   0.23129
   0.240588
   0.248658
   0.256698
   0.26666999999999996
   0.27782999999999997
   0.286214
   0.29746399999999995
   0.30823799999999996
   0.317216
   0.327768
   0.33930799999999994
   0.35104799999999997
   0.36407599999999996
   0.37591399999999997
   0.388798
   0.40364799999999995
   0.41937599999999997
   0.43141999999999997
   0.445996
   0.460194
   0.477582
   0.496378
   0.51333
   0.5302699999999999
   0.547584
   0.5687939999999999
   0.587888
   0.607202
   0.6309819999999999
   0.650088
   0.67457
   0.7009219999999999
   0.7228479999999999
   0.7472679999999999
   0.77159
   0.801198
   0.827832
   0.85722
   0.891014
   0.9183959999999999
   0.95012
   0.9848039999999999
   1.0184719999999998
   1.0511339999999998
   1.089886
   1.1266939999999999
   1.166688
   1.210798
   1.2528819999999998
   2.54324
   2.57369
   2.5988339999999996
   2.617646
   2.6285579999999995
   2.6311459999999998
   2.617778
   2.603402
   2.569076
   2.54065
   1.25201
   1.209822
   1.1675799999999998
   1.1278599999999999
   1.089838
   1.04886
   1.014964
   0.982922
   0.947824
   0.919586
   0.8893479999999999
   0.859544
   0.8268319999999999
   0.8001739999999999
   0.77256
   0.746908
   0.7198839999999999
   0.695584
   0.676004
   0.6512859999999999
   0.6263
   0.6110479999999999
   0.587958
   0.5671
   0.5504939999999999
   0.530508
   0.512496
   0.49576799999999993
   0.479228
   0.462524
   0.44729199999999997
   0.430612
   0.41638
   0.40241
   0.388962
   0.37455
   0.362072
   0.350024
   0.339196
   0.326798
   0.31525200000000003
   0.30502199999999996
   0.29492799999999997
   0.28395
   0.27566999999999997
   0.26662
   0.256164
   0.24931399999999998
   0.241202
   0.23235599999999998
   0.22503599999999999
   0.21684799999999999
   0.210056
   0.20452399999999998
   0.195012
   0.18926199999999999
   0.182834
   0.17669399999999996
   0.17027599999999998
   0.164374
   0.15871799999999997
   0.15345199999999998
   0.149688
   0.144698
   0.139228
   0.13291799999999998
   0.12920199999999998
   0.12444999999999999
   0.12029599999999999
   0.116676
   0.113056
   0.11001399999999999
   0.104304
   0.101822
   0.09884
   0.095708
   0.092096
   0.088766
   0.085448
   0.08399
   0.08091999999999999
   0.078094
   0.074986
   0.071144
   0.06935
   0.067008
   0.06512
   0.063486
   0.06039
   0.058894
   0.056817999999999994
   0.055021999999999995
   0.0532
   0.050454
   0.050075999999999996
   0.047341999999999995
   0.045884
   0.044758
   0.043421999999999995
   0.041628
   0.039928
   0.03888
   0.03827
   0.036868
   0.034996
   0.033901999999999995
   0.033075999999999994
   0.032006
   0.031509999999999996
   0.029368
   0.027978
   0.027269999999999996
   0.027228
   0.025582
   0.025582
   0.023768
   0.0238
   0.022524
   0.021733999999999996
   0.020894
   0.020597999999999998
   0.019975999999999997
   0.01881
   0.018733999999999997
   0.017498
   0.017442
   0.016467999999999997
   0.016319999999999998
   0.015515999999999999
   0.01469
   0.014519999999999998
   0.013872
   0.013824
   0.01324
   0.012784
   0.012131999999999999
   0.011808
   0.011486
   0.010983999999999999
   0.010571999999999998
   0.00989
   0.010112
   0.0097
   0.009394
   0.009234
   0.008969999999999999
   0.008121999999999999
   0.008128
   0.007741999999999999
   0.007481999999999999
   0.007161999999999999
   0.007152
   0.006352
   0.006604
   0.006593999999999999
   0.005957999999999999
   0.006216
   0.00568
   0.005375999999999999
   0.005372
   0.005157999999999999
   0.004862
   0.0047799999999999995
   0.004536
   0.004252
   0.004492
   0.004143999999999999
   0.004004
   0.003972
   0.003998
   0.00353
   0.003508
   0.003392
   0.0033139999999999997
   0.00302
   0.0029
   0.002818
   0.00274
   0.0026739999999999997
   0.0026499999999999996
   0.002458
   0.0023919999999999996
   0.0024059999999999997
   0.002238
   0.002222
   0.002116
   0.00215
   0.002218
   0.00195
   0.001798
   0.00183
   0.0017479999999999998
   0.0016799999999999999
   0.0016359999999999999
   0.0014320000000000001
   0.0015019999999999999
   0.00151
   0.001398
   0.0013219999999999998
   0.00124
   0.001372
   0.0012679999999999998
   0.0011519999999999998
   0.00113
   0.0010819999999999998
   0.001
   0.001028
   0.000966
   0.000966
   0.000846
   0.001032
   0.000776
   0.0007899999999999999
   0.000736
   0.0007459999999999999
   0.000822
   0.0007899999999999999
   0.0007199999999999999
   0.000682
   0.0006999999999999999
   0.0005859999999999999
   0.000594
   0.0005759999999999999
   0.0007179999999999999
   0.000636
   0.000498
   0.000512
   0.00045
   0.000526
   0.000502
   0.00045599999999999997
   0.0004139999999999999
   0.00038399999999999996
   0.000374
   0.000374
   0.00044199999999999996
   0.00039799999999999997
   0.00036199999999999996
   0.000394
   0.000274
   0.000352
   0.00032199999999999997
   0.000264
   0.00032599999999999996
   0.000298
   0.00026599999999999996
   0.00028199999999999997
   0.000226
   0.00026999999999999995
   0.000216
   0.00021999999999999998
   0.00015999999999999999
   0.00024
   0.000222
   0.000156
   0.00022399999999999997
   0.00014199999999999998
   0.00014399999999999998
   0.00016799999999999996
   0.00015
   0.00013
   0.000206
   0.000172
   0.000128
   0.000154
   0.00010999999999999999
   0.00011199999999999998
   0.000132
   0.000138
   0.000122
   0.00014
   7.8e-05
   0.00012399999999999998
   8.6e-05
   8.199999999999999e-05
   7e-05
   0.000102
   7.4e-05
   8.199999999999999e-05
   7.199999999999999e-05
   8.199999999999999e-05
   6.6e-05
   6.199999999999999e-05
   6e-05
   2.7999999999999996e-05
   9.2e-05
   8.199999999999999e-05
   4.6e-05
   5.2e-05
   5e-05
   1.7999999999999997e-05
   7e-05
   4.4e-05
   5.599999999999999e-05
   6.199999999999999e-05
   3.9999999999999996e-05
   2.6e-05
   5.2e-05
   4.7999999999999994e-05
   3.5999999999999994e-05
   2.6e-05
   6e-05
   5.4e-05
   5.8e-05
   2.7999999999999996e-05
   1.9999999999999998e-05
   2.3999999999999997e-05
   2.6e-05
   1.6e-05
   3.2e-05
   3e-05
   1.7999999999999997e-05
   3.9999999999999996e-05
   2.2e-05
   8e-06
   3.2e-05
   2.6e-05
   1.7999999999999997e-05
   1.3999999999999998e-05
   3e-05
   1.9999999999999998e-05
   0.0
   2.2e-05
   1.9999999999999998e-05
   8e-06
   1.3999999999999998e-05
   1.3999999999999998e-05
   2.6e-05
   4e-06
   3e-05
   1.7999999999999997e-05
   1.1999999999999999e-05
   4e-06
   9.999999999999999e-06
   3.4e-05
   1.6e-05
   4e-06
   1.3999999999999998e-05
   4e-06
   9.999999999999999e-06
   4e-06
   2.6e-05
   8e-06
   5.999999999999999e-06
   1.1999999999999999e-05
   9.999999999999999e-06
   0.0
   1.1999999999999999e-05
   9.999999999999999e-06
   1.6e-05
   2e-06
   8e-06
   0.0
   9.999999999999999e-06
   5.999999999999999e-06
   1.3999999999999998e-05
   1.7999999999999997e-05
   2e-06
   5.999999999999999e-06
   2.7999999999999996e-05
   2e-06
   0.0
   9.999999999999999e-06
   5.999999999999999e-06
   5.999999999999999e-06
   0.0
   0.0
   2e-06
   0.0
   0.0
   4e-06
   5.999999999999999e-06
   4e-06
   4e-06
   0.0
   0.0
   0.0
   0.0
   0.0
   0.0
   4e-06
   0.0
   2e-06
   0.0
   0.0
   4e-06
   4e-06
   0.0
   0.0
   4e-06
   0.0
   0.0
   0.0
   2e-06
   2e-06
   0.0
   0.0
   0.0
   0.0
   0.0
   0.0
   2e-06
   4e-06
   0.0
   4e-06
   0.0
   0.0
   0.0
   0.0
   0.0
   0.0
   0.0
   2e-06
   0.0
   0.0
   0.0
   0.0
   0.0
   2e-06
   0.0
   2e-06
   0.0
   0.0
   0.0
   0.0
   2e-06
   0.0
   0.0
   4e-06
   0.0
   2e-06
   0.0
   0.0
   0.0
   0.0
   0.0
   0.0
   0.0
   0.0
   0.0
   0.0
   0.0
   0.0
   0.0
   0.0
   0.0
   0.0
   0.0
   4e-06
   0.0
   0.0
   2e-06
   0.0
   0.0
   2e-06
   0.0
   0.0
   0.0
   0.0
   0.0
   0.0
   0.0
   0.0
   0.0
   0.0
   0.0
   0.0
   0.0
   0.0
   0.0
   0.0
   0.0
   0.0
   0.0
   0.0
   0.0
   0.0
   0.0
   0.0
   0.0
   0.0
   0.0
   0.0
   0.0
   0.0
   0.0
   0.0
   0.0
   0.0
   0.0
   0.0
   0.0
   0.0
   0.0
   0.0
