   0.0
   0.0
   0.0
   0.0
   0.0
   0.0
   0.0
   0.0
   0.0
   0.0
   0.0
   0.0
   0.0
   0.0
   0.0
   0.0
   0.0
   0.0
   0.0
   0.0
   0.0
   0.0
   0.0
   0.0
   0.0
   0.0
   0.0
   0.0
   0.0
   0.0
   0.0
   0.0
   0.0
   0.0
   2e-06
   0.0
   0.0
   0.0
   2e-06
   0.0
   0.0
   0.0
   0.0
   0.0
   0.0
   0.0
   0.0
   0.0
   0.0
   5.999999999999999e-06
   0.0
   0.0
   0.0
   9.999999999999999e-06
   0.0
   0.0
   0.0
   0.0
   0.0
   0.0
   2e-06
   4e-06
   0.0
   9.999999999999999e-06
   2e-06
   2e-06
   0.0
   9.999999999999999e-06
   8e-06
   0.0
   8e-06
   4e-06
   0.0
   0.0
   2e-06
   0.0
   2e-06
   0.0
   0.0
   0.0
   2e-06
   0.0
   0.0
   2e-06
   0.0
   5.999999999999999e-06
   0.0
   4e-06
   2e-06
   4e-06
   0.0
   4e-06
   0.0
   2e-06
   4e-06
   2e-06
   9.999999999999999e-06
   4e-06
   9.999999999999999e-06
   8e-06
   1.3999999999999998e-05
   0.0
   1.1999999999999999e-05
   8e-06
   1.9999999999999998e-05
   8e-06
   4e-06
   8e-06
   9.999999999999999e-06
   4e-06
   1.6e-05
   5.999999999999999e-06
   9.999999999999999e-06
   0.0
   5.999999999999999e-06
   2.2e-05
   9.999999999999999e-06
   5.999999999999999e-06
   9.999999999999999e-06
   8e-06
   1.9999999999999998e-05
   9.999999999999999e-06
   2.2e-05
   8e-06
   4e-06
   1.9999999999999998e-05
   1.1999999999999999e-05
   1.9999999999999998e-05
   1.1999999999999999e-05
   1.6e-05
   5.999999999999999e-06
   2.3999999999999997e-05
   2.6e-05
   2.6e-05
   2.6e-05
   1.1999999999999999e-05
   1.9999999999999998e-05
   2.3999999999999997e-05
   2.7999999999999996e-05
   3.9999999999999996e-05
   3.9999999999999996e-05
   1.9999999999999998e-05
   2.2e-05
   1.6e-05
   1.7999999999999997e-05
   1.6e-05
   1.1999999999999999e-05
   3.7999999999999995e-05
   3.9999999999999996e-05
   3.9999999999999996e-05
   7.599999999999999e-05
   5.2e-05
   4.4e-05
   5.4e-05
   5.8e-05
   3.7999999999999995e-05
   5.2e-05
   6e-05
   5.2e-05
   5.8e-05
   9.2e-05
   5e-05
   7.199999999999999e-05
   9.2e-05
   6.199999999999999e-05
   7.199999999999999e-05
   0.0001
   0.0001
   0.00010999999999999999
   8.8e-05
   6.8e-05
   8.8e-05
   0.000102
   9.599999999999999e-05
   0.00011399999999999999
   7.999999999999999e-05
   0.000166
   9.4e-05
   0.00011199999999999998
   0.000132
   0.000132
   0.000166
   0.00014399999999999998
   0.000156
   0.00016399999999999997
   0.00023799999999999998
   0.00015199999999999998
   0.000208
   0.000226
   0.000186
   0.00022999999999999998
   0.000178
   0.000216
   0.000256
   0.000274
   0.000244
   0.000296
   0.000244
   0.000308
   0.000286
   0.000374
   0.00035800000000000003
   0.00033599999999999993
   0.00035999999999999997
   0.000312
   0.000374
   0.000416
   0.000408
   0.00046999999999999993
   0.00041799999999999997
   0.000402
   0.000528
   0.0005639999999999999
   0.00052
   0.000572
   0.0006039999999999999
   0.000676
   0.000666
   0.00067
   0.000648
   0.000722
   0.00076
   0.0007679999999999999
   0.000844
   0.0009299999999999999
   0.000928
   0.000904
   0.0008739999999999999
   0.0010799999999999998
   0.001142
   0.0011699999999999998
   0.001308
   0.0012699999999999999
   0.0012879999999999999
   0.001334
   0.001418
   0.001476
   0.0015339999999999998
   0.0015799999999999998
   0.0017000000000000001
   0.0016559999999999997
   0.001762
   0.001872
   0.0019259999999999998
   0.001972
   0.00219
   0.002204
   0.0023079999999999997
   0.002332
   0.0024479999999999997
   0.002462
   0.002652
   0.002698
   0.0026539999999999997
   0.002982
   0.0031859999999999996
   0.0031859999999999996
   0.00343
   0.0035199999999999997
   0.003824
   0.00371
   0.003959999999999999
   0.004224
   0.0043219999999999995
   0.00453
   0.004836
   0.005004
   0.005019999999999999
   0.005268
   0.005596
   0.005618
   0.006089999999999999
   0.006149999999999999
   0.0065780000000000005
   0.006549999999999999
   0.006983999999999999
   0.00738
   0.00745
   0.007847999999999999
   0.008314
   0.008848
   0.00932
   0.009894
   0.009675999999999999
   0.011012000000000001
   0.010629999999999999
   0.01085
   0.011361999999999999
   0.012344
   0.012664
   0.013257999999999999
   0.013902
   0.014189999999999998
   0.014858
   0.015118
   0.016078
   0.016697999999999998
   0.017898
   0.017754
   0.018668
   0.019702
   0.020796
   0.021622
   0.02223
   0.02308
   0.023885999999999998
   0.025241999999999997
   0.025500000000000002
   0.027437999999999997
   0.028547999999999997
   0.029718
   0.030561999999999995
   0.032552
   0.033625999999999996
   0.035786
   0.035988
   0.038222
   0.039924
   0.040940000000000004
   0.042373999999999995
   0.04491799999999999
   0.046357999999999996
   0.049111999999999996
   0.049464
   0.051629999999999995
   0.05355
   0.057102
   0.059005999999999996
   0.06146
   0.063398
   0.065664
   0.06979199999999999
   0.072312
   0.07547599999999999
   0.07797599999999999
   0.082574
   0.084366
   0.08805999999999999
   0.0927
   0.097818
   0.10028999999999999
   0.10468
   0.108038
   0.113244
   0.117168
   0.121096
   0.12747599999999998
   0.13310799999999998
   0.139164
   0.143232
   0.14893399999999998
   0.155904
   0.16290599999999997
   0.17016799999999999
   0.17752199999999999
   0.185306
   0.191818
   0.199374
   0.208154
   0.21663999999999997
   0.22726
   0.235548
   0.24298799999999998
   0.25427999999999995
   0.266522
   0.274536
   0.288346
   0.299032
   0.31310999999999994
   0.323692
   0.33901
   0.35028999999999993
   0.370046
   0.38272599999999996
   0.399452
   0.416158
   0.43251999999999996
   0.452704
   0.467616
   0.490526
   0.5091979999999999
   0.5278999999999999
   0.553098
   0.5742339999999999
   0.60082
   0.6228819999999999
   0.6505299999999999
   0.6752619999999999
   0.702716
   0.733432
   0.767156
   0.796572
   0.830536
   0.8627659999999999
   0.898848
   2.106718
   2.134556
   2.155582
   2.173784
   2.1842719999999995
   2.184072
   2.1773659999999997
   2.1621099999999998
   2.1413439999999997
   2.107514
   0.899776
   0.861922
   0.826282
   0.79874
   0.7609779999999999
   0.7353879999999999
   0.70409
   0.676634
   0.6503739999999999
   0.6255040000000001
   0.5985619999999999
   0.5764919999999999
   0.55082
   0.529264
   0.5099999999999999
   0.48631599999999997
   0.471818
   0.450468
   0.433216
   0.41324
   0.398134
   0.383712
   0.36812999999999996
   0.35347999999999996
   0.34091799999999994
   0.32432999999999995
   0.31257199999999996
   0.30061999999999994
   0.288508
   0.27644399999999997
   0.264834
   0.25482
   0.244464
   0.235084
   0.22396
   0.217262
   0.20973399999999998
   0.199882
   0.19156399999999998
   0.184844
   0.17721599999999998
   0.16835999999999998
   0.163764
   0.15612199999999998
   0.15029
   0.1445
   0.138616
   0.133436
   0.12795199999999998
   0.12228599999999999
   0.11820199999999999
   0.115018
   0.10744999999999999
   0.104116
   0.09950799999999999
   0.09518399999999999
   0.09204999999999999
   0.08923199999999999
   0.08530599999999999
   0.081474
   0.079288
   0.075692
   0.07309
   0.069216
   0.066702
   0.06426799999999999
   0.062084
   0.05949
   0.05651
   0.05461599999999999
   0.052194
   0.05012199999999999
   0.04794999999999999
   0.046936
   0.044837999999999996
   0.042466
   0.041184
   0.038768
   0.038433999999999996
   0.036528
   0.035561999999999996
   0.033476
   0.031993999999999995
   0.031089999999999996
   0.029374
   0.028232
   0.027604
   0.026602
   0.025271999999999996
   0.023908000000000002
   0.023389999999999998
   0.022238
   0.021518
   0.020644
   0.019372
   0.019392
   0.01857
   0.017816
   0.016763999999999998
   0.016196
   0.015578
   0.015005999999999999
   0.014228000000000001
   0.014129999999999998
   0.013002
   0.012978
   0.012048
   0.011725999999999999
   0.011205999999999999
   0.010539999999999999
   0.010028
   0.010116
   0.009408
   0.009156
   0.00849
   0.008357999999999999
   0.008051999999999998
   0.007734
   0.00746
   0.0070999999999999995
   0.006874
   0.006684
   0.006273999999999999
   0.006154
   0.00575
   0.005437999999999999
   0.005085999999999999
   0.004848
   0.005082
   0.0049
   0.0046
   0.004338
   0.004112
   0.004071999999999999
   0.00404
   0.003868
   0.0034459999999999994
   0.0034079999999999996
   0.003338
   0.0033659999999999996
   0.0029119999999999997
   0.0028699999999999997
   0.002702
   0.002702
   0.002544
   0.0025859999999999998
   0.002246
   0.002266
   0.00212
   0.002146
   0.0018419999999999999
   0.0018499999999999999
   0.0017899999999999997
   0.0018579999999999998
   0.001682
   0.0016139999999999998
   0.001606
   0.0014339999999999997
   0.001586
   0.001398
   0.0013899999999999997
   0.0012559999999999997
   0.001318
   0.00119
   0.001088
   0.001022
   0.0010739999999999999
   0.001094
   0.0009639999999999999
   0.000886
   0.000826
   0.0008279999999999999
   0.0008759999999999999
   0.0007779999999999999
   0.00067
   0.0007279999999999999
   0.00077
   0.0007419999999999999
   0.00073
   0.000578
   0.0006
   0.000548
   0.000494
   0.000514
   0.00045599999999999997
   0.000422
   0.000408
   0.00055
   0.000416
   0.000372
   0.000394
   0.000394
   0.00039
   0.00030599999999999996
   0.000372
   0.00036399999999999996
   0.000308
   0.000334
   0.000272
   0.000252
   0.000208
   0.00024
   0.000232
   0.000274
   0.000236
   0.00026199999999999997
   0.000184
   0.0002
   0.000218
   0.000188
   0.00016999999999999999
   0.000212
   0.00018199999999999998
   0.000122
   0.000136
   8.999999999999999e-05
   0.00011199999999999998
   0.000154
   9.599999999999999e-05
   0.00012
   0.000138
   8.8e-05
   0.000136
   9.799999999999998e-05
   0.000118
   8.199999999999999e-05
   0.00011399999999999999
   0.00010999999999999999
   9.4e-05
   0.0001
   9.799999999999998e-05
   5.4e-05
   7e-05
   8.399999999999998e-05
   8.399999999999998e-05
   5e-05
   6.199999999999999e-05
   0.000106
   9.4e-05
   4.199999999999999e-05
   5.4e-05
   6.199999999999999e-05
   5.8e-05
   3.5999999999999994e-05
   5.2e-05
   4.4e-05
   1.9999999999999998e-05
   1.1999999999999999e-05
   1.9999999999999998e-05
   3.5999999999999994e-05
   1.6e-05
   5.599999999999999e-05
   2.7999999999999996e-05
   4.7999999999999994e-05
   4.6e-05
   4.6e-05
   5e-05
   3.7999999999999995e-05
   1.9999999999999998e-05
   1.9999999999999998e-05
   3.4e-05
   3.7999999999999995e-05
   2.7999999999999996e-05
   3.2e-05
   2.3999999999999997e-05
   1.7999999999999997e-05
   1.7999999999999997e-05
   2.6e-05
   1.1999999999999999e-05
   1.7999999999999997e-05
   9.999999999999999e-06
   1.7999999999999997e-05
   1.6e-05
   1.7999999999999997e-05
   9.999999999999999e-06
   1.3999999999999998e-05
   2.6e-05
   4e-06
   5.999999999999999e-06
   1.6e-05
   4e-06
   1.1999999999999999e-05
   9.999999999999999e-06
   2e-06
   8e-06
   5.999999999999999e-06
   1.1999999999999999e-05
   4e-06
   2.6e-05
   8e-06
   5.999999999999999e-06
   2e-06
   5.999999999999999e-06
   1.6e-05
   9.999999999999999e-06
   5.999999999999999e-06
   8e-06
   0.0
   1.1999999999999999e-05
   0.0
   2e-06
   9.999999999999999e-06
   1.1999999999999999e-05
   5.999999999999999e-06
   5.999999999999999e-06
   8e-06
   5.999999999999999e-06
   4e-06
   0.0
   4e-06
   2e-06
   4e-06
   2e-06
   4e-06
   4e-06
   0.0
   5.999999999999999e-06
   0.0
   2e-06
   0.0
   5.999999999999999e-06
   0.0
   5.999999999999999e-06
   4e-06
   2e-06
   0.0
   5.999999999999999e-06
   0.0
   0.0
   2e-06
   0.0
   2e-06
   8e-06
   0.0
   0.0
   0.0
   0.0
   0.0
   2e-06
   2e-06
   0.0
   2e-06
   0.0
   0.0
   0.0
   0.0
   0.0
   0.0
   8e-06
   0.0
   0.0
   0.0
   0.0
   0.0
   0.0
   0.0
   0.0
   0.0
   2e-06
   0.0
   0.0
   0.0
   2e-06
   0.0
   0.0
   0.0
   0.0
   0.0
   0.0
   0.0
   0.0
   0.0
   0.0
   0.0
   0.0
   0.0
   0.0
   0.0
   0.0
   0.0
   0.0
   0.0
   0.0
   0.0
   0.0
   0.0
   0.0
   0.0
   0.0
   0.0
   0.0
   0.0
   0.0
   0.0
   2e-06
