   0.0
   0.0
   0.0
   0.0
   0.0
   0.0
   0.0
   0.0
   0.0
   0.0
   0.0
   0.0
   0.0
   0.0
   0.0
   0.0
   0.0
   0.0
   0.0
   0.0
   0.0
   0.0
   0.0
   0.0
   0.0
   0.0
   0.0
   0.0
   0.0
   0.0
   0.0
   0.0
   0.0
   0.0
   0.0
   0.0
   0.0
   0.0
   0.0
   0.0
   0.0
   0.0
   0.0
   0.0
   0.0
   0.0
   0.0
   0.0
   0.0
   0.0
   0.0
   0.0
   0.0
   0.0
   0.0
   0.0
   0.0
   0.0
   0.0
   0.0
   0.0
   0.0
   0.0
   0.0
   0.0
   0.0
   0.0
   0.0
   0.0
   0.0
   0.0
   0.0
   0.0
   0.0
   0.0
   0.0
   0.0
   0.0
   0.0
   0.0
   0.0
   0.0
   0.0
   0.0
   0.0
   0.0
   0.0
   0.0
   0.0
   0.0
   0.0
   0.0
   0.0
   0.0
   0.0
   0.0
   0.0
   0.0
   0.0
   0.0
   0.0
   0.0
   0.0
   0.0
   0.0
   0.0
   0.0
   0.0
   0.0
   0.0
   0.0
   0.0
   0.0
   0.0
   0.0
   0.0
   0.0
   0.0
   0.0
   0.0
   0.0
   0.0
   0.0
   0.0
   0.0
   0.0
   0.0
   0.0
   0.0
   0.0
   0.0
   0.0
   0.0
   0.0
   0.0
   0.0
   0.0
   0.0
   0.0
   0.0
   0.0
   0.0
   0.0
   0.0
   0.0
   0.0
   0.0
   0.0
   0.0
   0.0
   0.0
   0.0
   0.0
   0.0
   0.0
   0.0
   0.0
   0.0
   0.0
   0.0
   0.0
   0.0
   0.0
   0.0
   0.0
   0.0
   0.0
   2e-06
   2e-06
   2e-06
   0.0
   0.0
   0.0
   0.0
   0.0
   2e-06
   0.0
   2e-06
   2e-06
   2e-06
   2e-06
   2e-06
   0.0
   0.0
   0.0
   0.0
   2e-06
   2e-06
   2e-06
   0.0
   0.0
   0.0
   2e-06
   0.0
   0.0
   0.0
   4e-06
   4e-06
   2e-06
   5.999999999999999e-06
   5.999999999999999e-06
   2e-06
   0.0
   2e-06
   2e-06
   0.0
   4e-06
   2e-06
   2e-06
   9.999999999999999e-06
   4e-06
   2e-06
   9.999999999999999e-06
   9.999999999999999e-06
   5.999999999999999e-06
   2e-06
   1.3999999999999998e-05
   5.999999999999999e-06
   1.1999999999999999e-05
   1.1999999999999999e-05
   9.999999999999999e-06
   8e-06
   8e-06
   1.1999999999999999e-05
   1.3999999999999998e-05
   1.1999999999999999e-05
   9.999999999999999e-06
   1.9999999999999998e-05
   9.999999999999999e-06
   1.6e-05
   2.7999999999999996e-05
   2.2e-05
   2.6e-05
   3.9999999999999996e-05
   2.2e-05
   3.2e-05
   4.199999999999999e-05
   2.3999999999999997e-05
   3.2e-05
   5e-05
   3.7999999999999995e-05
   3.7999999999999995e-05
   5e-05
   5.4e-05
   6e-05
   8.8e-05
   7.199999999999999e-05
   4.7999999999999994e-05
   4.7999999999999994e-05
   7.199999999999999e-05
   5e-05
   6.4e-05
   8.199999999999999e-05
   6.8e-05
   0.000104
   0.00015
   0.000134
   0.000126
   0.000126
   0.000138
   0.000154
   0.000156
   0.000154
   0.000204
   0.000206
   0.000208
   0.00026
   0.00021399999999999997
   0.000236
   0.000278
   0.00030599999999999996
   0.000294
   0.0004
   0.000312
   0.00036999999999999994
   0.00041999999999999996
   0.000412
   0.00045599999999999997
   0.00045999999999999996
   0.00044799999999999994
   0.000468
   0.000548
   0.0006
   0.0005979999999999999
   0.0006519999999999999
   0.0006739999999999999
   0.0007239999999999999
   0.0007779999999999999
   0.000822
   0.0009199999999999999
   0.001078
   0.0010479999999999999
   0.001016
   0.001156
   0.0012439999999999999
   0.001336
   0.0014379999999999998
   0.001496
   0.0015699999999999998
   0.0017459999999999997
   0.00183
   0.002
   0.00219
   0.002258
   0.00245
   0.002568
   0.002728
   0.002862
   0.0032319999999999996
   0.0032059999999999996
   0.0035379999999999995
   0.003794
   0.004064
   0.00433
   0.004534
   0.004836
   0.0052439999999999995
   0.005689999999999999
   0.005599999999999999
   0.00635
   0.006593999999999999
   0.0070339999999999995
   0.00756
   0.00809
   0.00843
   0.009326
   0.009933999999999998
   0.01031
   0.011157999999999998
   0.011935999999999999
   0.012735999999999999
   0.01378
   0.014262
   0.015196
   0.016566
   0.017588
   0.018588
   0.0197
   0.021383999999999997
   0.023038
   0.024204
   0.025498
   0.027478
   0.02889
   0.031273999999999996
   0.033229999999999996
   0.035584
   0.037616
   0.04021399999999999
   0.043248
   0.04551999999999999
   0.048161999999999996
   0.052034000000000004
   0.055414
   0.058679999999999996
   0.062572
   0.066782
   0.071992
   0.07614199999999999
   0.08119599999999999
   0.08713
   0.092166
   0.098192
   0.10463399999999999
   0.111832
   0.119208
   0.12781399999999998
   0.13418
   0.14509
   0.15539199999999997
   0.164258
   0.17477199999999998
   0.18675199999999997
   0.198956
   0.21224799999999996
   0.22460999999999998
   0.239946
   0.2576
   0.273202
   0.29259599999999997
   0.310344
   0.33289399999999997
   0.353498
   0.37800399999999995
   0.40199199999999996
   0.428518
   0.45764399999999994
   0.487978
   0.519952
   0.554276
   0.5918399999999999
   0.6287280000000001
   0.6720859999999999
   0.71507
   0.762802
   0.812132
   0.8531139999999999
   0.8818239999999999
   0.902502
   0.9124259999999998
   0.911554
   0.8990539999999999
   0.880544
   0.8522540000000001
   0.813326
   0.762232
   0.716012
   0.672316
   0.628514
   0.59217
   0.554476
   0.521102
   0.48863599999999996
   0.45822799999999997
   0.431114
   0.40265
   0.37789599999999995
   0.35302399999999995
   0.33292799999999995
   0.31067799999999995
   0.29136399999999996
   0.27486
   0.256926
   0.24101199999999998
   0.227176
   0.212016
   0.19877999999999998
   0.18605
   0.175514
   0.16411399999999998
   0.154014
   0.144332
   0.13527999999999998
   0.12806199999999998
   0.119506
   0.11141599999999999
   0.104764
   0.09875999999999999
   0.09229599999999999
   0.08681799999999999
   0.081426
   0.07596
   0.07134399999999999
   0.067174
   0.06271399999999999
   0.058797999999999996
   0.055029999999999996
   0.051354
   0.048798
   0.045734
   0.04256
   0.04074
   0.037772
   0.035561999999999996
   0.033086
   0.031115999999999998
   0.029204
   0.027474
   0.025925999999999998
   0.024031999999999998
   0.022834
   0.021404
   0.01975
   0.018634
   0.017669999999999998
   0.016867999999999998
   0.015265999999999998
   0.014402
   0.013472
   0.012750000000000001
   0.011826
   0.011516
   0.010364
   0.009863999999999998
   0.009137999999999999
   0.008796
   0.008147999999999999
   0.007477999999999999
   0.007304
   0.006622
   0.006174
   0.005889999999999999
   0.005379999999999999
   0.00531
   0.004716
   0.004549999999999999
   0.004298
   0.0040219999999999995
   0.003908
   0.00356
   0.003208
   0.0030559999999999997
   0.0029639999999999996
   0.0027579999999999996
   0.002496
   0.00242
   0.00229
   0.002088
   0.001976
   0.0018799999999999997
   0.0018139999999999999
   0.0015379999999999999
   0.001584
   0.00147
   0.0013880000000000001
   0.0013579999999999998
   0.001228
   0.001194
   0.0010459999999999998
   0.0009919999999999998
   0.00096
   0.000872
   0.00081
   0.0007019999999999999
   0.000736
   0.000654
   0.000616
   0.000606
   0.0005539999999999999
   0.00046999999999999993
   0.000452
   0.000486
   0.00038399999999999996
   0.000412
   0.00036199999999999996
   0.00035999999999999997
   0.00036199999999999996
   0.00031399999999999993
   0.00030399999999999996
   0.00028399999999999996
   0.00024199999999999997
   0.000258
   0.000216
   0.00021399999999999997
   0.000222
   0.00017399999999999997
   0.00019
   0.000146
   0.000132
   0.00016999999999999999
   0.000122
   0.000132
   0.00011399999999999999
   0.000122
   9.4e-05
   0.00012
   7.999999999999999e-05
   8.8e-05
   7.599999999999999e-05
   5.2e-05
   8.399999999999998e-05
   7e-05
   4.7999999999999994e-05
   5.599999999999999e-05
   4.199999999999999e-05
   4.7999999999999994e-05
   4.4e-05
   3e-05
   4.7999999999999994e-05
   1.7999999999999997e-05
   2.2e-05
   1.7999999999999997e-05
   2.2e-05
   3.4e-05
   2.3999999999999997e-05
   1.6e-05
   2.7999999999999996e-05
   2.6e-05
   2.7999999999999996e-05
   1.6e-05
   1.3999999999999998e-05
   1.7999999999999997e-05
   2.3999999999999997e-05
   5.999999999999999e-06
   1.3999999999999998e-05
   1.7999999999999997e-05
   8e-06
   2e-06
   9.999999999999999e-06
   5.999999999999999e-06
   8e-06
   5.999999999999999e-06
   5.999999999999999e-06
   4e-06
   8e-06
   5.999999999999999e-06
   5.999999999999999e-06
   4e-06
   2e-06
   2e-06
   4e-06
   5.999999999999999e-06
   1.1999999999999999e-05
   4e-06
   2e-06
   5.999999999999999e-06
   2e-06
   2e-06
   2e-06
   2e-06
   4e-06
   0.0
   4e-06
   0.0
   2e-06
   4e-06
   0.0
   0.0
   2e-06
   0.0
   0.0
   0.0
   0.0
   0.0
   0.0
   0.0
   0.0
   0.0
   0.0
   0.0
   0.0
   0.0
   0.0
   0.0
   0.0
   0.0
   0.0
   0.0
   0.0
   0.0
   0.0
   2e-06
   0.0
   0.0
   0.0
   0.0
   0.0
   2e-06
   2e-06
   0.0
   0.0
   0.0
   0.0
   0.0
   0.0
   0.0
   0.0
   0.0
   2e-06
   0.0
   0.0
   2e-06
   0.0
   0.0
   0.0
   0.0
   0.0
   0.0
   0.0
   0.0
   0.0
   0.0
   0.0
   0.0
   0.0
   0.0
   0.0
   0.0
   0.0
   0.0
   0.0
   0.0
   0.0
   0.0
   0.0
   0.0
   0.0
   0.0
   0.0
   0.0
   0.0
   0.0
   0.0
   0.0
   0.0
   0.0
   0.0
   0.0
   0.0
   0.0
   0.0
   0.0
   0.0
   0.0
   0.0
   0.0
   0.0
   0.0
   0.0
   0.0
   0.0
   0.0
   0.0
   0.0
   0.0
   0.0
   0.0
   0.0
   0.0
   0.0
   0.0
   0.0
   0.0
   0.0
   0.0
   0.0
   0.0
   0.0
   0.0
   0.0
   0.0
   0.0
   0.0
   0.0
   0.0
   0.0
   0.0
   0.0
   0.0
   0.0
   0.0
   0.0
   0.0
   0.0
   0.0
   0.0
   0.0
   0.0
   0.0
   0.0
   0.0
   0.0
   0.0
   0.0
   0.0
   0.0
   0.0
   0.0
   0.0
   0.0
   0.0
   0.0
   0.0
   0.0
   0.0
   0.0
   0.0
   0.0
   0.0
   0.0
   0.0
   0.0
   0.0
   0.0
   0.0
   0.0
   0.0
   0.0
   0.0
   0.0
   0.0
   0.0
   0.0
   0.0
   0.0
   0.0
   0.0
   0.0
   0.0
   0.0
   0.0
   0.0
   0.0
   0.0
   0.0
   0.0
   0.0
   0.0
   0.0
   0.0
   0.0
   0.0
   0.0
   0.0
   0.0
   0.0
   0.0
   0.0
   0.0
   0.0
