   1.69996
   1.9384
   2.0790200000000003
   2.12316
   2.1715999999999998
   2.1925
   2.20952
   2.2127399999999997
   2.21532
   2.21576
   2.2138999999999998
   2.22476
   2.22314
   2.2229200000000002
   2.2207999999999997
   2.2211600000000002
   2.23118
   2.22892
   2.2248799999999997
   2.21458
   2.22534
   2.21538
   2.2273
   2.2229
   2.2283399999999998
   2.22718
   2.23194
   2.2199199999999997
   2.22504
   2.22708
   2.21968
   2.21264
   2.2190399999999997
   2.21638
   2.21714
   2.21372
   2.2118800000000003
   2.22412
   2.2199
   2.23616
   2.22508
   2.23476
   2.22464
   2.22254
   2.2289
   2.22158
   2.22078
   2.22358
   2.2206
   2.21386
   2.22332
   2.2227
   2.21232
   2.22022
   2.21284
   2.2211600000000002
   2.23422
   2.2266399999999997
   2.2304399999999998
   2.22724
   2.2219200000000003
   2.21502
   2.23602
   2.2204800000000002
   2.21552
   2.22182
   2.22974
   2.2275199999999997
   2.20884
   2.2335000000000003
   2.21594
   2.22646
   2.21724
   2.2329000000000003
   2.2273
   2.21728
   2.21664
   2.2219800000000003
   2.22428
   2.22386
   2.22264
   2.22974
   2.22418
   2.2198200000000003
   2.2177800000000003
   2.22446
   2.2248400000000004
   2.2297000000000002
   2.21552
   2.21412
   2.2140199999999997
   2.21568
   2.1959
   2.22172
   2.1938
   2.1767000000000003
   2.11748
   2.07498
   1.9383000000000001
   1.7000000000000002
