   0.0
   0.0
   0.0
   0.0
   0.0
   0.0
   0.0
   0.0
   0.0
   0.0
   0.0
   0.0
   0.0
   0.0
   0.0
   0.0
   0.0
   0.0
   0.0
   0.0
   0.0
   0.0
   0.0
   0.0
   0.0
   0.0
   0.0
   0.0
   0.0
   0.0
   0.0
   2e-06
   0.0
   0.0
   0.0
   0.0
   0.0
   0.0
   0.0
   0.0
   0.0
   2e-06
   0.0
   0.0
   0.0
   0.0
   0.0
   0.0
   2e-06
   2e-06
   0.0
   0.0
   2e-06
   0.0
   0.0
   2e-06
   0.0
   0.0
   2e-06
   2e-06
   2e-06
   2e-06
   0.0
   2e-06
   0.0
   0.0
   2e-06
   2e-06
   2e-06
   0.0
   0.0
   2e-06
   4e-06
   2e-06
   2e-06
   2e-06
   0.0
   8e-06
   0.0
   4e-06
   0.0
   2e-06
   2e-06
   8e-06
   4e-06
   5.999999999999999e-06
   2e-06
   8e-06
   5.999999999999999e-06
   2e-06
   4e-06
   4e-06
   4e-06
   9.999999999999999e-06
   1.3999999999999998e-05
   4e-06
   9.999999999999999e-06
   1.3999999999999998e-05
   1.1999999999999999e-05
   1.3999999999999998e-05
   1.7999999999999997e-05
   1.7999999999999997e-05
   8e-06
   3.7999999999999995e-05
   2.2e-05
   1.3999999999999998e-05
   1.1999999999999999e-05
   2.7999999999999996e-05
   2.6e-05
   3.2e-05
   2.6e-05
   3.7999999999999995e-05
   2.7999999999999996e-05
   2.7999999999999996e-05
   4.4e-05
   5.8e-05
   6.199999999999999e-05
   5.2e-05
   5.599999999999999e-05
   6.8e-05
   7.199999999999999e-05
   7.599999999999999e-05
   7e-05
   8.6e-05
   9.2e-05
   9.4e-05
   0.00012399999999999998
   9.599999999999999e-05
   0.00011199999999999998
   0.00012399999999999998
   0.000136
   0.000148
   0.000186
   0.000158
   0.00018199999999999998
   0.00016799999999999996
   0.000232
   0.000212
   0.000276
   0.00026199999999999997
   0.000316
   0.000296
   0.000316
   0.00040599999999999995
   0.000354
   0.000376
   0.00048
   0.0005179999999999999
   0.0005179999999999999
   0.000574
   0.0005899999999999999
   0.000708
   0.0007019999999999999
   0.000726
   0.0008119999999999999
   0.000932
   0.000908
   0.00109
   0.0010639999999999998
   0.00113
   0.0012339999999999999
   0.001428
   0.001418
   0.001652
   0.001742
   0.001898
   0.001964
   0.002106
   0.002332
   0.00245
   0.002584
   0.0028919999999999996
   0.0031179999999999997
   0.003308
   0.003598
   0.00392
   0.004202
   0.004468
   0.0049499999999999995
   0.005201999999999999
   0.005536
   0.005842
   0.00647
   0.006893999999999999
   0.007106
   0.008103999999999998
   0.008622
   0.009349999999999999
   0.010024
   0.010862
   0.011687999999999999
   0.012508
   0.013604
   0.014364
   0.015733999999999998
   0.016839999999999997
   0.018316
   0.019402
   0.021037999999999998
   0.022372
   0.024174
   0.026581999999999998
   0.028734
   0.029818
   0.032867999999999994
   0.035716
   0.038508
   0.040496000000000004
   0.04351599999999999
   0.047434
   0.050598
   0.055082
   0.059068
   0.062994
   0.06841599999999999
   0.07404799999999999
   0.079736
   0.08569399999999999
   0.09163199999999999
   0.09839999999999999
   0.10745199999999999
   0.114842
   0.123692
   0.13385
   0.14351799999999998
   0.153742
   0.166596
   0.17901199999999998
   0.191654
   0.20782599999999998
   0.22445199999999998
   0.24137599999999998
   0.25893
   0.278618
   0.29958799999999997
   0.324284
   0.348576
   0.37628799999999996
   0.404078
   0.433548
   0.468506
   0.5041199999999999
   0.5440919999999999
   0.585568
   0.6305339999999999
   0.674496
   0.712328
   0.7408679999999999
   0.762882
   0.77277
   0.769158
   0.76279
   0.743432
   0.713058
   0.674468
   0.6279779999999999
   0.585706
   0.5427479999999999
   0.504514
   0.46883199999999997
   0.43581
   0.40319
   0.37629999999999997
   0.3489479999999999
   0.32370799999999994
   0.30071
   0.278974
   0.259686
   0.243004
   0.224914
   0.208362
   0.193872
   0.1795
   0.16544999999999999
   0.153652
   0.142824
   0.133212
   0.12416999999999999
   0.11513
   0.10637999999999999
   0.099322
   0.09194799999999999
   0.085644
   0.07958599999999999
   0.072958
   0.0681
   0.063786
   0.059331999999999996
   0.055018
   0.050724
   0.04763
   0.04380799999999999
   0.041158
   0.037472
   0.034826
   0.033148
   0.03076
   0.028357999999999998
   0.026454
   0.024321999999999996
   0.022315999999999996
   0.020825999999999997
   0.019543999999999995
   0.018199999999999997
   0.017008
   0.015778
   0.014724
   0.013649999999999999
   0.012447999999999999
   0.011571999999999999
   0.010885999999999998
   0.010041999999999999
   0.009179999999999999
   0.008553999999999999
   0.007923999999999999
   0.007405999999999999
   0.007029999999999999
   0.006547999999999999
   0.006086
   0.0055179999999999995
   0.005234
   0.00475
   0.004373999999999999
   0.004202
   0.0038020000000000003
   0.003508
   0.0031439999999999997
   0.0030679999999999995
   0.002852
   0.00261
   0.00241
   0.002172
   0.0021019999999999997
   0.00195
   0.0017519999999999999
   0.0017459999999999997
   0.001686
   0.0015019999999999999
   0.001362
   0.001274
   0.001194
   0.00104
   0.0010659999999999999
   0.000938
   0.000906
   0.000826
   0.0007419999999999999
   0.000704
   0.000632
   0.0005979999999999999
   0.0005239999999999999
   0.000516
   0.00048399999999999995
   0.000452
   0.00038
   0.000498
   0.000394
   0.00036399999999999996
   0.000324
   0.000252
   0.000274
   0.000222
   0.000212
   0.000216
   0.000206
   0.00016999999999999999
   0.00018199999999999998
   0.000158
   0.00018199999999999998
   0.000138
   0.000148
   0.000128
   0.000116
   0.000104
   9.599999999999999e-05
   8.8e-05
   8.6e-05
   7.4e-05
   8.999999999999999e-05
   6e-05
   5.2e-05
   7.599999999999999e-05
   7.8e-05
   5.599999999999999e-05
   5.599999999999999e-05
   4.199999999999999e-05
   6.6e-05
   3.5999999999999994e-05
   4.199999999999999e-05
   3e-05
   2.7999999999999996e-05
   1.7999999999999997e-05
   1.7999999999999997e-05
   2.3999999999999997e-05
   1.9999999999999998e-05
   1.7999999999999997e-05
   1.1999999999999999e-05
   1.1999999999999999e-05
   1.7999999999999997e-05
   9.999999999999999e-06
   9.999999999999999e-06
   1.1999999999999999e-05
   1.6e-05
   1.6e-05
   1.1999999999999999e-05
   8e-06
   8e-06
   4e-06
   2e-06
   1.1999999999999999e-05
   4e-06
   4e-06
   8e-06
   5.999999999999999e-06
   2e-06
   0.0
   4e-06
   4e-06
   8e-06
   5.999999999999999e-06
   0.0
   2e-06
   4e-06
   5.999999999999999e-06
   2e-06
   4e-06
   0.0
   0.0
   5.999999999999999e-06
   4e-06
   0.0
   0.0
   0.0
   0.0
   0.0
   2e-06
   0.0
   0.0
   2e-06
   2e-06
   0.0
   0.0
   0.0
   0.0
   0.0
   2e-06
   0.0
   0.0
   0.0
   2e-06
   2e-06
   0.0
   0.0
   0.0
   0.0
   0.0
   0.0
   0.0
   0.0
   0.0
   0.0
   0.0
   0.0
   0.0
   0.0
   0.0
   0.0
   0.0
   0.0
   0.0
   0.0
   0.0
   0.0
   0.0
   0.0
   0.0
   0.0
   0.0
   0.0
   0.0
   0.0
   0.0
   0.0
   0.0
   0.0
   0.0
   0.0
   0.0
   0.0
   0.0
   0.0
   0.0
   0.0
   0.0
   0.0
   0.0
   0.0
   0.0
   0.0
   0.0
