   122.71399999999998
   252.23399999999998
   376.576
   492.55199999999996
   596.242
   697.932
   796.564
   886.0419999999999
   966.204
   1034.994
   1101.686
   1162.592
   1222.186
   1274.974
   1326.612
   1372.846
   1418.04
   1467.606
   1502.1219999999998
   1526.5420000000001
   1560.956
   1584.558
   1617.998
   1639.6740000000002
   1659.006
   1677.714
   1706.0420000000001
   1731.626
   1754.608
   1767.498
   1786.4740000000002
   1801.614
   1810.3960000000002
   1825.362
   1838.7
   1848.554
   1854.344
   1864.7079999999999
   1881.0379999999998
   1880.808
   1888.7899999999997
   1893.26
   1900.656
   1916.748
   1915.194
   1907.5320000000002
   1909.6319999999998
   1912.7359999999999
   1920.672
   1918.1560000000002
   1916.574
   1915.8819999999998
   1915.748
   1912.542
   1903.046
   1902.6879999999999
   1901.3580000000002
   1902.694
   1899.86
   1898.434
   1889.096
   1878.3120000000001
   1867.4479999999999
   1857.9699999999998
   1849.736
   1834.9499999999998
   1814.028
   1800.904
   1789.348
   1774.8020000000001
   1758.94
   1739.52
   1725.938
   1707.116
   1681.118
   1657.346
   1627.5480000000002
   1604.2359999999999
   1576.0
   1545.22
   1510.914
   1488.2759999999998
   1457.3919999999998
   1417.54
   1373.996
   1328.568
   1276.0059999999999
   1211.036
   1156.348
   1091.384
   1020.26
   948.602
   872.9200000000001
   790.6419999999999
   697.38
   598.908
   492.972
   377.432
   252.41600000000003
   122.026
