   16.4214
   29.6207
   40.8691
   50.3505
   58.281499999999994
   64.715
   70.13329999999999
   75.0778
   78.8281
   82.5376
   85.6213
   88.4484
   90.5191
   92.2313
   93.0358
   93.80659999999999
   94.8564
   95.7449
   96.2846
   96.6643
   96.61659999999999
   97.1471
   97.6351
   97.80109999999999
   98.4286
   99.044
   99.17519999999999
   99.355
   99.2133
   99.2663
   99.7252
   99.3846
   99.4513
   99.6494
   99.58709999999999
   99.5997
   99.7238
   99.41929999999999
   99.0598
   99.4572
   99.5498
   99.59949999999999
   99.1471
   99.5668
   99.5478
   99.5497
   99.5545
   99.8375
   100.03999999999999
   100.0846
   100.1963
   100.4529
   100.4728
   100.2101
   100.3301
   100.44470000000001
   100.3632
   100.2579
   100.18180000000001
   99.9252
   100.1557
   100.0156
   99.7542
   99.16239999999999
   99.4036
   99.3426
   99.5642
   99.6246
   99.8978
   99.7021
   99.56970000000001
   99.5287
   99.5298
   99.5377
   99.3986
   99.27
   98.7714
   98.4721
   97.9554
   97.58449999999999
   97.0802
   96.00880000000001
   95.0298
   94.3917
   93.5794
   92.5185
   90.9993
   89.5745
   87.6478
   85.05080000000001
   82.34179999999999
   79.1396
   75.0835
   70.4082
   64.7185
   58.0785
   50.5016
   41.0363
   29.7898
   16.6328
