   4.879569999999999
   6.9728200000000005
   8.21998
   8.930639999999999
   9.34815
   9.62264
   9.8011
   9.85901
   9.8989
   9.94018
   9.97499
   9.99533
   9.96677
   9.966849999999999
   9.98082
   9.97563
   10.009120000000001
   9.987029999999999
   9.99214
   10.027999999999999
   10.01109
   9.99957
   9.97139
   10.01593
   10.049009999999999
   9.98127
   10.007679999999999
   9.99664
   9.99536
   10.00539
   9.989099999999999
   10.010570000000001
   9.99716
   9.99886
   10.00307
   9.98799
   10.00872
   10.00623
   10.01394
   10.01697
   10.01022
   10.02257
   9.98593
   10.027800000000001
   9.98108
   9.98358
   9.93998
   10.0176
   10.01287
   9.97801
   10.011050000000001
   10.03359
   9.99318
   10.0458
   10.02532
   10.023719999999999
   9.97859
   10.0134
   10.01641
   9.98924
   10.00873
   9.99339
   10.0061
   9.973329999999999
   9.99728
   9.98797
   9.97766
   10.01956
   9.99006
   9.9914
   9.9861
   9.98696
   9.980369999999999
   10.000630000000001
   10.01263
   10.01017
   10.00399
   10.04135
   10.06739
   10.066740000000001
   10.02707
   10.002519999999999
   9.974310000000001
   10.02464
   9.99214
   9.99813
   10.00657
   9.98672
   10.010810000000001
   9.95675
   9.926870000000001
   9.913
   9.834610000000001
   9.80916
   9.6461
   9.39655
   9.00833
   8.25601
   7.01958
   4.8929800000000006
