   1.3306
   1.7095200000000002
   1.8713
   1.96718
   1.9973
   2.00838
   2.01106
   2.0243
   2.02258
   2.0220599999999997
   2.0284199999999997
   2.01152
   2.02142
   2.01426
   2.00994
   2.01374
   2.01348
   2.0169200000000003
   2.0183400000000002
   2.02914
   2.0157000000000003
   2.01594
   2.0163
   2.01724
   2.02682
   2.02406
   2.02174
   2.02482
   2.0284
   2.0227
   2.02208
   2.04166
   2.01812
   2.0244600000000004
   2.0114199999999998
   2.02314
   2.02264
   2.02282
   2.0188
   2.00894
   2.03244
   2.0224200000000003
   2.02562
   2.01872
   2.01504
   2.01784
   2.02506
   2.0251
   2.02502
   2.02676
   2.02672
   2.01374
   2.02302
   2.01012
   2.01662
   2.01508
   2.01914
   2.0136399999999997
   2.0288
   2.02184
   2.02726
   2.02018
   2.01126
   2.0134
   2.02624
   2.02388
   2.01072
   2.02202
   2.00838
   2.0265
   2.02992
   2.02574
   2.02266
   2.02846
   2.0340000000000003
   2.01844
   2.02642
   2.0245599999999997
   2.01468
   2.02024
   2.02354
   2.02946
   2.02682
   2.01524
   2.01418
   2.0113
   2.0131
   2.0217
   2.0151
   2.02772
   2.01138
   2.01904
   2.018
   2.00996
   2.0195000000000003
   1.9828599999999998
   1.9576
   1.89514
   1.70606
   1.33284
