   0.0
   0.0
   0.0
   0.0
   0.0
   0.0
   0.0
   0.0
   0.0
   0.0
   0.0
   0.0
   0.0
   0.0
   0.0
   0.0
   0.0
   0.0
   0.0
   0.0
   0.0
   0.0
   0.0
   0.0
   0.0
   0.0
   0.0
   0.0
   0.0
   0.0
   0.0
   0.0
   0.0
   0.0
   0.0
   0.0
   0.0
   0.0
   0.0
   0.0
   0.0
   0.0
   0.0
   0.0
   0.0
   0.0
   0.0
   2e-06
   0.0
   0.0
   0.0
   0.0
   0.0
   0.0
   0.0
   0.0
   2e-06
   0.0
   0.0
   0.0
   0.0
   0.0
   2e-06
   0.0
   0.0
   0.0
   0.0
   2e-06
   0.0
   5.999999999999999e-06
   0.0
   2e-06
   2e-06
   2e-06
   2e-06
   4e-06
   0.0
   0.0
   2e-06
   2e-06
   0.0
   0.0
   2e-06
   4e-06
   0.0
   2e-06
   0.0
   0.0
   2e-06
   0.0
   4e-06
   0.0
   0.0
   0.0
   0.0
   2e-06
   2e-06
   4e-06
   5.999999999999999e-06
   2e-06
   0.0
   2e-06
   5.999999999999999e-06
   0.0
   4e-06
   4e-06
   0.0
   0.0
   2e-06
   4e-06
   0.0
   2e-06
   4e-06
   2e-06
   5.999999999999999e-06
   2e-06
   2e-06
   0.0
   5.999999999999999e-06
   2e-06
   0.0
   9.999999999999999e-06
   0.0
   4e-06
   8e-06
   4e-06
   4e-06
   5.999999999999999e-06
   1.1999999999999999e-05
   4e-06
   8e-06
   4e-06
   1.3999999999999998e-05
   1.6e-05
   1.3999999999999998e-05
   1.3999999999999998e-05
   1.6e-05
   4e-06
   1.7999999999999997e-05
   1.6e-05
   1.3999999999999998e-05
   2e-06
   1.6e-05
   1.6e-05
   1.7999999999999997e-05
   1.7999999999999997e-05
   1.3999999999999998e-05
   2.7999999999999996e-05
   3e-05
   2.2e-05
   2.6e-05
   1.6e-05
   1.3999999999999998e-05
   1.7999999999999997e-05
   2.3999999999999997e-05
   1.6e-05
   1.9999999999999998e-05
   3.2e-05
   1.9999999999999998e-05
   2.7999999999999996e-05
   2.7999999999999996e-05
   5e-05
   3.5999999999999994e-05
   4.7999999999999994e-05
   2.2e-05
   4.199999999999999e-05
   4.6e-05
   3.9999999999999996e-05
   4.4e-05
   6.4e-05
   5e-05
   4.4e-05
   3.4e-05
   3.9999999999999996e-05
   3.7999999999999995e-05
   5.2e-05
   6.4e-05
   5.2e-05
   4.199999999999999e-05
   6.6e-05
   5.599999999999999e-05
   6.4e-05
   7.4e-05
   7.8e-05
   0.000106
   8.999999999999999e-05
   8.999999999999999e-05
   9.599999999999999e-05
   0.000122
   0.000106
   0.00012399999999999998
   0.00011199999999999998
   0.000116
   0.000132
   0.000148
   0.000146
   0.00012399999999999998
   0.00014
   0.00015199999999999998
   0.000166
   0.000186
   0.00020999999999999998
   0.000206
   0.00019
   0.00024
   0.000244
   0.00024
   0.00025
   0.000254
   0.000254
   0.00033
   0.000296
   0.000286
   0.000334
   0.00036199999999999996
   0.00039
   0.00034199999999999996
   0.000386
   0.00041799999999999997
   0.000478
   0.0005
   0.00043799999999999997
   0.0004959999999999999
   0.0005399999999999999
   0.000544
   0.0006039999999999999
   0.0005539999999999999
   0.000602
   0.0007419999999999999
   0.00067
   0.0006779999999999999
   0.000798
   0.000798
   0.000886
   0.0008559999999999999
   0.0007959999999999999
   0.000948
   0.0009419999999999999
   0.0010179999999999998
   0.0010479999999999999
   0.00106
   0.0011979999999999998
   0.00124
   0.001294
   0.0013039999999999998
   0.0014219999999999999
   0.001444
   0.0015239999999999997
   0.00162
   0.001646
   0.001744
   0.001816
   0.0018859999999999999
   0.002048
   0.002058
   0.002116
   0.0022559999999999998
   0.002472
   0.0025960000000000002
   0.002722
   0.002764
   0.0026879999999999994
   0.00299
   0.003162
   0.0034000000000000002
   0.0035459999999999997
   0.003544
   0.003706
   0.00404
   0.004208
   0.004194
   0.00463
   0.004607999999999999
   0.0049039999999999995
   0.005182
   0.00541
   0.005724
   0.00594
   0.006279999999999999
   0.006526
   0.006744
   0.007128
   0.007358
   0.007756
   0.008164
   0.008346
   0.008982
   0.009174
   0.009899999999999999
   0.010041999999999999
   0.010755999999999998
   0.011211999999999998
   0.011792
   0.012421999999999999
   0.012844
   0.013496
   0.01411
   0.014503999999999998
   0.015134
   0.016124
   0.016804
   0.017807999999999997
   0.018355999999999997
   0.019615999999999998
   0.020144
   0.021158
   0.021947999999999995
   0.023119999999999998
   0.024225999999999998
   0.024932
   0.026143999999999997
   0.027578
   0.029185999999999997
   0.03032
   0.031346
   0.03272
   0.034637999999999995
   0.036407999999999996
   0.037913999999999996
   0.039925999999999996
   0.041772
   0.043932
   0.045258
   0.047147999999999995
   0.049552
   0.05189
   0.054162
   0.057095999999999994
   0.059309999999999995
   0.062776
   0.06536199999999999
   0.06878
   0.07202
   0.07452399999999999
   0.078688
   0.08202999999999999
   0.085558
   0.09082599999999999
   0.09407599999999999
   0.098124
   0.10164799999999999
   0.107854
   0.112272
   0.11867
   0.123768
   0.12833799999999998
   0.13541199999999998
   0.141624
   0.148482
   0.154274
   0.161964
   0.169218
   0.176336
   0.187098
   0.19435399999999997
   0.20368199999999997
   0.212884
   0.22253599999999998
   0.232456
   0.242454
   0.254254
   0.26605599999999996
   0.278008
   0.291948
   0.304104
   0.319942
   0.33536799999999994
   0.349768
   0.3663219999999999
   0.38142
   0.401972
   0.41892999999999997
   0.43845599999999996
   0.458904
   0.479898
   0.5004419999999999
   0.527412
   0.5482619999999999
   0.574494
   0.600388
   0.630714
   0.6580579999999999
   0.687316
   0.7224559999999999
   0.7537119999999999
   0.7901579999999999
   0.82427
   0.862458
   0.903348
   0.944084
   0.98719
   1.036606
   1.084782
   1.1349539999999998
   1.1876019999999998
   1.238864
   1.28062
   1.3146959999999999
   1.338136
   1.3499379999999999
   1.347124
   1.3396
   1.316238
   1.2834400000000001
   1.239768
   1.1837019999999998
   1.133306
   1.084446
   1.0369519999999999
   0.9926999999999999
   0.9470839999999999
   0.903438
   0.863332
   0.8264119999999999
   0.789696
   0.753038
   0.721108
   0.69133
   0.660246
   0.6297759999999999
   0.602004
   0.5735979999999999
   0.550042
   0.527138
   0.498928
   0.4800539999999999
   0.45787399999999995
   0.436374
   0.4194959999999999
   0.40077399999999996
   0.384144
   0.36464
   0.34801199999999993
   0.333748
   0.32006399999999996
   0.306106
   0.292
   0.27799
   0.267742
   0.254816
   0.241888
   0.23272999999999996
   0.222358
   0.212454
   0.203988
   0.194308
   0.184774
   0.177566
   0.1699
   0.16077999999999998
   0.15522799999999998
   0.147976
   0.142092
   0.13525399999999999
   0.12864
   0.12399999999999999
   0.11834
   0.11255599999999999
   0.107968
   0.102476
   0.099282
   0.094874
   0.090566
   0.08625999999999999
   0.081714
   0.079094
   0.074684
   0.072348
   0.068716
   0.06516
   0.062389999999999994
   0.059852
   0.057148
   0.053933999999999996
   0.052379999999999996
   0.05016399999999999
   0.047392
   0.045544
   0.043622
   0.041408
   0.039656
   0.037632
   0.036053999999999996
   0.034676
   0.032864
   0.032094
   0.030346
   0.028606
   0.027352
   0.026638
   0.02513
   0.024061999999999997
   0.023257999999999997
   0.022274
   0.021197999999999998
   0.020349999999999997
   0.019188
   0.018376
   0.018165999999999998
   0.016854
   0.016172
   0.015541999999999999
   0.014381999999999999
   0.014396
   0.01333
   0.012803999999999998
   0.01241
   0.011617999999999998
   0.011122
   0.01052
   0.01031
   0.0098
   0.009347999999999999
   0.009066
   0.008499999999999999
   0.008197999999999999
   0.00801
   0.0073360000000000005
   0.007228
   0.006782
   0.006654
   0.005978
   0.0060880000000000005
   0.005572
   0.005385999999999999
   0.005201999999999999
   0.0050219999999999996
   0.004536
   0.004576
   0.004372
   0.004194
   0.003972
   0.003928
   0.003554
   0.0033659999999999996
   0.0031899999999999997
   0.003058
   0.003208
   0.0028339999999999997
   0.00281
   0.002456
   0.0024379999999999996
   0.002482
   0.0023499999999999997
   0.002116
   0.0019979999999999998
   0.002056
   0.001986
   0.001822
   0.00171
   0.0016719999999999999
   0.001602
   0.001468
   0.001442
   0.001454
   0.001282
   0.001336
   0.001194
   0.0011079999999999998
   0.0011699999999999998
   0.001088
   0.001016
   0.0008799999999999999
   0.0008119999999999999
   0.00086
   0.000824
   0.000772
   0.0007899999999999999
   0.0008119999999999999
   0.0006779999999999999
   0.0006499999999999999
   0.0006799999999999999
   0.000588
   0.000618
   0.000512
   0.000548
   0.0005
   0.00046999999999999993
   0.000416
   0.00041799999999999997
   0.000402
   0.000394
   0.000396
   0.00039199999999999993
   0.00030399999999999996
   0.00032599999999999996
   0.00029
   0.000274
   0.000316
   0.00024199999999999997
   0.000252
   0.00022999999999999998
   0.000244
   0.000234
   0.000256
   0.000218
   0.00025
   0.00017999999999999998
   0.000162
   0.000216
   0.000146
   0.000206
   0.000186
   0.000138
   0.000148
   0.000128
   0.00015
   0.000122
   0.00011399999999999999
   0.000118
   8.399999999999998e-05
   9.2e-05
   8.199999999999999e-05
   8.399999999999998e-05
   7e-05
   6.8e-05
   8.399999999999998e-05
   8.8e-05
   7.8e-05
   7.8e-05
   7.999999999999999e-05
   3.2e-05
   5e-05
   5.2e-05
   5.2e-05
   5.4e-05
   5e-05
   5.8e-05
   6e-05
   5.2e-05
   4.199999999999999e-05
   4.199999999999999e-05
   3.7999999999999995e-05
   4.6e-05
   5.2e-05
   3.2e-05
   3.5999999999999994e-05
   2.3999999999999997e-05
   3e-05
   3.5999999999999994e-05
   2.6e-05
   1.6e-05
   1.9999999999999998e-05
   3.2e-05
   1.6e-05
   1.6e-05
   2.2e-05
   1.7999999999999997e-05
   2.2e-05
   1.1999999999999999e-05
   1.7999999999999997e-05
   9.999999999999999e-06
   2.2e-05
   1.6e-05
   5.999999999999999e-06
   9.999999999999999e-06
   8e-06
   9.999999999999999e-06
   8e-06
   1.3999999999999998e-05
   1.6e-05
   8e-06
   1.3999999999999998e-05
   1.1999999999999999e-05
   9.999999999999999e-06
   1.3999999999999998e-05
   8e-06
   8e-06
   4e-06
   1.1999999999999999e-05
   5.999999999999999e-06
   5.999999999999999e-06
   9.999999999999999e-06
   0.0
   5.999999999999999e-06
   8e-06
   2e-06
   8e-06
   4e-06
   4e-06
   9.999999999999999e-06
   0.0
   2e-06
   4e-06
   2e-06
   2e-06
   2e-06
   4e-06
   2e-06
   5.999999999999999e-06
   2e-06
   2e-06
   2e-06
   0.0
   0.0
   4e-06
   2e-06
   2e-06
   4e-06
   0.0
   2e-06
   0.0
   0.0
   2e-06
   4e-06
   0.0
   2e-06
   2e-06
   2e-06
   2e-06
   0.0
   2e-06
   0.0
   2e-06
   0.0
   0.0
   0.0
   2e-06
   0.0
   0.0
   0.0
   0.0
   4e-06
   0.0
   0.0
   4e-06
   0.0
   0.0
   2e-06
   0.0
   0.0
   0.0
   0.0
   0.0
   0.0
   0.0
   0.0
   0.0
   0.0
   2e-06
   2e-06
   0.0
   2e-06
   0.0
   0.0
   0.0
   0.0
   0.0
   0.0
   0.0
   0.0
   0.0
   2e-06
   0.0
   0.0
   0.0
   0.0
   0.0
   0.0
   0.0
   0.0
   0.0
   0.0
   0.0
   0.0
   0.0
   0.0
   0.0
   0.0
   0.0
   0.0
   0.0
   0.0
   0.0
   0.0
   0.0
   0.0
   0.0
   0.0
   0.0
   0.0
   0.0
   0.0
   0.0
   0.0
   0.0
   0.0
   0.0
   0.0
   0.0
   0.0
   0.0
   0.0
   0.0
   0.0
   0.0
   0.0
   0.0
   0.0
   0.0
