   0.0
   0.0
   0.0
   0.0
   0.0
   0.0
   0.0
   0.0
   0.0
   0.0
   0.0
   0.0
   0.0
   0.0
   0.0
   0.0
   0.0
   0.0
   0.0
   0.0
   0.0
   0.0
   0.0
   0.0
   0.0
   0.0
   0.0
   0.0
   0.0
   0.0
   0.0
   0.0
   0.0
   0.0
   0.0
   0.0
   0.0
   0.0
   0.0
   0.0
   0.0
   0.0
   0.0
   0.0
   0.0
   0.0
   0.0
   0.0
   0.0
   0.0
   0.0
   0.0
   0.0
   0.0
   0.0
   0.0
   0.0
   0.0
   0.0
   0.0
   0.0
   0.0
   0.0
   0.0
   0.0
   0.0
   0.0
   0.0
   0.0
   0.0
   0.0
   0.0
   0.0
   0.0
   0.0
   0.0
   0.0
   0.0
   0.0
   0.0
   0.0
   0.0
   0.0
   0.0
   0.0
   0.0
   0.0
   0.0
   0.0
   0.0
   0.0
   0.0
   0.0
   0.0
   0.0
   0.0
   0.0
   0.0
   0.0
   0.0
   0.0
   0.0
   0.0
   0.0
   0.0
   0.0
   0.0
   0.0
   0.0
   0.0
   0.0
   0.0
   0.0
   0.0
   0.0
   0.0
   0.0
   0.0
   0.0
   0.0
   0.0
   0.0
   0.0
   0.0
   0.0
   0.0
   0.0
   0.0
   0.0
   0.0
   0.0
   0.0
   0.0
   0.0
   0.0
   0.0
   0.0
   0.0
   0.0
   0.0
   0.0
   0.0
   0.0
   0.0
   0.0
   0.0
   0.0
   0.0
   0.0
   0.0
   0.0
   0.0
   0.0
   0.0
   0.0
   0.0
   0.0
   0.0
   0.0
   0.0
   0.0
   0.0
   0.0
   0.0
   0.0
   0.0
   0.0
   0.0
   0.0
   0.0
   0.0
   0.0
   0.0
   0.0
   0.0
   0.0
   0.0
   0.0
   0.0
   0.0
   0.0
   0.0
   0.0
   0.0
   0.0
   0.0
   0.0
   0.0
   0.0
   0.0
   0.0
   0.0
   0.0
   0.0
   0.0
   0.0
   0.0
   0.0
   0.0
   0.0
   0.0
   0.0
   0.0
   0.0
   0.0
   0.0
   0.0
   0.0
   0.0
   0.0
   0.0
   0.0
   0.0
   0.0
   0.0
   0.0
   0.0
   0.0
   0.0
   0.0
   0.0
   0.0
   0.0
   0.0
   0.0
   0.0
   0.0
   0.0
   0.0
   0.0
   0.0
   0.0
   0.0
   0.0
   0.0
   0.0
   0.0
   0.0
   0.0
   0.0
   0.0
   0.0
   0.0
   0.0
   0.0
   0.0
   0.0
   0.0
   0.0
   0.0
   0.0
   0.0
   0.0
   0.0
   0.0
   0.0
   0.0
   0.0
   0.0
   0.0
   0.0
   0.0
   0.0
   0.0
   0.0
   0.0
   0.0
   0.0
   0.0
   0.0
   0.0
   1.9999999999999998e-05
   1.9999999999999998e-05
   0.0
   3.9999999999999996e-05
   0.0
   0.0
   1.9999999999999998e-05
   1.9999999999999998e-05
   0.0
   6e-05
   0.0
   0.0
   0.0
   0.0
   0.0
   0.0
   1.9999999999999998e-05
   0.0
   6e-05
   0.0
   0.0
   0.0
   0.0
   0.0
   0.0
   0.0
   0.0
   0.0
   0.0
   0.0
   0.0
   0.0
   0.0
   0.0
   0.0
   0.0
   1.9999999999999998e-05
   0.0
   0.0
   0.0
   0.0
   0.0
   0.0
   0.0
   0.0
   1.9999999999999998e-05
   0.0
   3.9999999999999996e-05
   3.9999999999999996e-05
   1.9999999999999998e-05
   0.0
   7.999999999999999e-05
   1.9999999999999998e-05
   0.0
   0.0
   6e-05
   6e-05
   0.0
   0.0
   0.0
   0.0
   0.0
   0.0
   1.9999999999999998e-05
   0.0
   6e-05
   0.0
   1.9999999999999998e-05
   0.0
   0.0
   3.9999999999999996e-05
   1.9999999999999998e-05
   0.0
   3.9999999999999996e-05
   1.9999999999999998e-05
   1.9999999999999998e-05
   1.9999999999999998e-05
   1.9999999999999998e-05
   0.0
   0.0
   1.9999999999999998e-05
   3.9999999999999996e-05
   1.9999999999999998e-05
   1.9999999999999998e-05
   3.9999999999999996e-05
   7.999999999999999e-05
   1.9999999999999998e-05
   1.9999999999999998e-05
   7.999999999999999e-05
   0.0
   0.0
   3.9999999999999996e-05
   0.0001
   0.0
   0.0
   6e-05
   0.0001
   1.9999999999999998e-05
   0.0001
   0.0
   0.0
   3.9999999999999996e-05
   1.9999999999999998e-05
   3.9999999999999996e-05
   0.0
   0.00012
   0.0
   0.0
   0.0
   1.9999999999999998e-05
   1.9999999999999998e-05
   1.9999999999999998e-05
   3.9999999999999996e-05
   0.0
   0.0
   3.9999999999999996e-05
   7.999999999999999e-05
   0.0001
   0.00012
   0.00012
   0.0001
   3.9999999999999996e-05
   0.0
   1.9999999999999998e-05
   1.9999999999999998e-05
   0.0
   6e-05
   0.00024
   1.9999999999999998e-05
   0.0001
   1.9999999999999998e-05
   0.0001
   0.0
   1.9999999999999998e-05
   0.0001
   0.0
   0.0001
   0.0001
   0.00012
   3.9999999999999996e-05
   3.9999999999999996e-05
   3.9999999999999996e-05
   3.9999999999999996e-05
   1.9999999999999998e-05
   0.00014
   3.9999999999999996e-05
   1.9999999999999998e-05
   0.0001
   3.9999999999999996e-05
   0.00015999999999999999
   1.9999999999999998e-05
   6e-05
   0.0001
   0.0001
   1.9999999999999998e-05
   7.999999999999999e-05
   0.00017999999999999998
   6e-05
   3.9999999999999996e-05
   0.00028
   0.00024
   7.999999999999999e-05
   0.0001
   0.00014
   7.999999999999999e-05
   0.0002
   0.0
   0.0001
   6e-05
   0.0002
   0.00012
   0.00017999999999999998
   0.00014
   0.00024
   0.0001
   0.00031999999999999997
   0.0001
   0.00014
   7.999999999999999e-05
   0.00017999999999999998
   0.00015999999999999999
   0.00033999999999999997
   0.00028
   0.00014
   6e-05
   0.0
   0.00028
   0.00012
   0.00014
   0.00035999999999999997
   0.0001
   0.00021999999999999998
   0.00017999999999999998
   0.0002
   0.0002
   0.00014
   0.00033999999999999997
   0.0002
   0.00026
   0.00031999999999999997
   0.00031999999999999997
   0.00035999999999999997
   7.999999999999999e-05
   0.00035999999999999997
   0.0001
   0.00015999999999999999
   0.0002
   0.00024
   0.00041999999999999996
   0.00012
   0.00026
   0.00017999999999999998
   0.00031999999999999997
   0.00031999999999999997
   0.0004
   0.0006999999999999999
   0.0002
   0.00024
   0.00041999999999999996
   0.0005
   0.00012
   0.00024
   0.00052
   0.00045999999999999996
   0.0003
   0.00048
   0.0002
   0.0003
   0.0004
   0.0003
   0.0003
   0.00031999999999999997
   0.00043999999999999996
   0.00045999999999999996
   0.00038
   0.0005
   0.00058
   0.00098
   0.00052
   0.00035999999999999997
   0.00056
   0.0006399999999999999
   0.0005
   0.00086
   0.0003
   0.00028
   0.00048
   0.0003
   0.0008799999999999999
   0.00096
   0.0007399999999999999
   0.0008399999999999999
   0.0009
   0.00096
   0.0006
   0.00066
   0.0005
   0.00058
   0.0008
   0.0010799999999999998
   0.00114
   0.0007399999999999999
   0.0009
   0.00104
   0.0007199999999999999
   0.0007399999999999999
   0.0008799999999999999
   0.0008399999999999999
   0.00112
   0.0008
   0.0008399999999999999
   0.0010799999999999998
   0.0007199999999999999
   0.0012999999999999997
   0.00112
   0.0009399999999999999
   0.00076
   0.00106
   0.00098
   0.0006999999999999999
   0.00112
   0.00112
   0.00114
   0.00104
   0.00112
   0.00114
   0.0012999999999999997
   0.0018
   0.00086
   0.0009399999999999999
   0.0011
   0.00124
   0.00146
   0.0006
   0.00116
   0.00154
   0.00134
   0.00146
   0.00138
   0.0017599999999999998
   0.00174
   0.00152
   0.00114
   0.0017599999999999998
   0.00182
   0.0016799999999999999
   0.00156
   0.0018799999999999997
   0.0014399999999999999
   0.00162
   0.0017000000000000001
   0.0017599999999999998
   0.00146
   0.0014999999999999998
   0.0015799999999999998
   0.0018399999999999998
   0.00228
   0.00164
   0.0018
   0.0020399999999999997
   0.0018
   0.0022199999999999998
   0.00226
   0.0025399999999999997
   0.00282
   0.0023
   0.0025399999999999997
   0.00228
   0.00226
   0.0029799999999999996
   0.00238
   0.0023599999999999997
   0.0031
   0.00264
   0.00312
   0.00284
   0.0027199999999999998
   0.0031
   0.0026999999999999997
   0.0029599999999999995
   0.0031799999999999997
   0.0027799999999999995
   0.0032
   0.00324
   0.0033399999999999997
   0.0033
   0.00344
   0.00356
   0.00348
   0.0036999999999999997
   0.0036999999999999997
   0.0044399999999999995
   0.00414
   0.0036799999999999997
   0.0033799999999999998
   0.00492
   0.00436
   0.004059999999999999
   0.0035799999999999994
   0.005299999999999999
   0.00454
   0.0055
   0.00458
   0.00458
   0.00436
   0.00462
   0.0046
   0.00456
   0.005339999999999999
   0.00564
   0.006679999999999999
   0.00614
   0.005599999999999999
   0.00554
   0.005999999999999999
   0.00564
   0.006579999999999999
   0.00514
   0.0065
   0.00738
   0.0062
   0.00686
   0.00684
   0.00718
   0.007039999999999999
   0.00662
   0.007299999999999999
   0.00798
   0.00614
   0.00764
   0.007299999999999999
   0.00718
   0.00796
   0.00834
   0.008119999999999999
   0.00732
   0.0077599999999999995
   0.0095
   0.008839999999999999
   0.00872
   0.009399999999999999
   0.00946
   0.00908
   0.00972
   0.01
   0.010839999999999999
   0.009559999999999999
   0.010039999999999999
   0.009359999999999999
   0.010239999999999999
   0.011559999999999999
   0.010079999999999999
   0.009859999999999999
   0.010859999999999998
   0.011519999999999999
   0.013279999999999998
   0.01182
   0.01222
   0.01312
   0.01232
   0.01332
   0.011919999999999998
   0.014259999999999998
   0.01536
   0.013019999999999999
   0.013699999999999999
   0.015059999999999999
   0.01568
   0.014799999999999999
   0.013999999999999999
   0.014719999999999999
   0.01774
   0.01822
   0.017279999999999997
   0.015479999999999999
   0.0172
   0.01782
   0.01928
   0.017839999999999998
   0.017279999999999997
   0.0203
   0.01778
   0.01904
   0.019880000000000002
   0.0201
   0.02138
   0.021079999999999998
   0.022279999999999998
   0.023059999999999997
   0.02318
   0.02268
   0.023299999999999998
   0.02402
   0.023059999999999997
   0.0248
   0.025679999999999998
   0.02624
   0.02638
   0.0251
   0.025699999999999997
   0.026299999999999997
   0.02684
   0.02792
   0.02788
   0.03052
   0.03102
   0.029759999999999998
   0.030539999999999998
   0.0332
   0.03282
   0.033479999999999996
   0.03342
   0.034659999999999996
   0.03618
   0.034319999999999996
   0.03346
   0.03754
   0.037399999999999996
   0.03786
   0.036939999999999994
   0.03786
   0.04076
   0.04069999999999999
   0.0434
   0.043379999999999995
   0.043859999999999996
   0.0442
   0.047439999999999996
   0.04584
   0.047819999999999994
   0.048339999999999994
   0.0487
   0.04551999999999999
   0.0498
   0.04942
   0.05046
   0.05214
   0.054599999999999996
   0.054439999999999995
   0.05234
   0.0538
   0.0587
   0.061079999999999995
   0.05634
   0.06156
   0.06248
   0.06133999999999999
   0.06838
   0.06374
   0.06668
   0.06686
   0.06695999999999999
   0.06867999999999999
   0.07246
   0.07032
   0.07708
   0.0782
   0.07782
   0.07866
   0.07908
   0.0812
   0.08883999999999999
   0.08582
   0.08782
   0.08632000000000001
   0.09262
   0.09226
   0.09004
   0.09246
   0.09731999999999999
   0.09634
   0.09934
   0.09999999999999999
   0.09824
   0.10028
   0.1099
   0.10923999999999999
   0.11273999999999999
   0.11103999999999999
   0.11806
   0.11298
   0.11747999999999999
   0.11918
   0.1256
   0.12449999999999999
   0.12636
   0.13155999999999998
   0.1314
   0.13482
   0.13546
   0.13962
   0.1386
   0.13996
   0.14437999999999998
   0.1518
   0.15331999999999998
   0.15303999999999998
   0.15877999999999998
   0.16212
   0.16351999999999997
   0.16389999999999996
   0.16813999999999998
   0.17057999999999998
   0.17378
   0.17456
   0.18066
   0.18422
   0.18454
   0.19227999999999998
   0.18725999999999998
   0.1956
   0.19938
   0.20789999999999997
   0.20228
   0.21298
   0.22065999999999997
   0.22741999999999998
   0.22898000000000002
   0.22616
   0.23671999999999999
   0.2347
   0.23834
   0.25222
   0.25022
   0.25433999999999996
   0.25795999999999997
   0.26617999999999997
   0.26905999999999997
   0.27471999999999996
   0.28628
   0.27696
   0.28872
   0.30006
   0.2945
   0.30416
   0.31113999999999997
   0.31479999999999997
   0.32136
   0.33033999999999997
   0.33512
   0.33565999999999996
   0.34703999999999996
   0.35466
   0.36158
   0.36828
   0.36852
   0.38236
   0.38611999999999996
   0.39128
   0.39402
   0.40273999999999993
   0.41548
   0.4202199999999999
   0.42388
   0.43434
   0.44294
   0.45131999999999994
   0.46512
   0.47064
   0.47461999999999993
   0.4898
   0.49818
   0.5095999999999999
   0.51384
   0.5226999999999999
   0.53814
   0.5477799999999999
   0.55336
   0.5699
   0.57382
   0.5896199999999999
   0.6023599999999999
   0.60136
   0.62184
   0.63268
   0.6388
   0.6568599999999999
   0.6584199999999999
   0.6890799999999999
   0.68692
   0.70814
   0.7183199999999998
   0.7394599999999999
   0.73522
   0.75688
   0.76838
   0.7896
   0.7960399999999999
   0.80434
   0.8233199999999999
   0.84536
   0.86442
   0.87286
   0.88464
   0.9117
   0.9243399999999999
   0.95294
   0.9611999999999999
   0.98496
   0.99018
   1.01344
   1.03392
   1.05662
   1.0813
   1.1010799999999998
   1.1121599999999998
   1.12214
   1.1479
   1.16386
   1.19994
   1.21864
   1.2409599999999998
   1.262
   1.28724
   1.31172
   1.3278400000000001
   1.3436
   1.38926
   1.4075399999999998
   1.4302599999999999
   1.46654
   1.4898
   1.5118999999999998
   1.5449399999999998
   1.55542
   1.57504
   1.62834
   1.6481799999999998
   1.69076
   1.70938
   1.75324
   1.77296
   1.81656
   1.8558199999999998
   1.8846599999999998
   1.92054
   1.94294
   1.9909199999999998
   2.02298
   2.04914
   2.0941
   2.1344399999999997
   2.1625799999999997
   2.2083
   2.23746
   2.2821
   2.32538
   2.37466
   2.4227999999999996
   2.46154
   2.51524
   2.5528399999999998
   2.6069199999999997
   2.65
   2.6943799999999998
   2.75102
   2.79872
   2.85258
   2.9122399999999997
   2.9774
   3.03642
   3.08566
   3.11896
   3.17512
   4.6263
   4.668919999999999
   4.69396
   4.72476
   4.71252
   4.7009
   4.70726
   4.712479999999999
   4.675739999999999
   4.5877799999999995
   3.16614
   3.1319
   3.0570999999999997
   3.00642
   2.9390799999999997
   2.91152
   2.8445599999999995
   2.77374
   2.77316
   2.69176
   2.6440599999999996
   2.59728
   2.5432599999999996
   2.5097399999999994
   2.47368
   2.4234199999999997
   2.38368
   2.33334
   2.2847799999999996
   2.26498
   2.20786
   2.17338
   2.13488
   2.09996
   2.0586599999999997
   2.0195399999999997
   1.97276
   1.9473599999999998
   1.92334
   1.88948
   1.85048
   1.80662
   1.7813399999999997
   1.751
   1.72372
   1.694
   1.6515199999999999
   1.6116199999999998
   1.5959400000000001
   1.58062
   1.5445999999999998
   1.5248999999999997
   1.48936
   1.4580799999999998
   1.43046
   1.4096199999999999
   1.3769799999999999
   1.3586599999999998
   1.3259599999999998
   1.30046
   1.2748399999999998
   1.2665199999999999
   1.23784
   1.22478
   1.20726
   1.17666
   1.16678
   1.1310399999999998
   1.11394
   1.10628
   1.0731799999999998
   1.05204
   1.0288
   1.0183
   1.00316
   0.9731399999999999
   0.9665799999999999
   0.94078
   0.9323199999999999
   0.9281399999999999
   0.89162
   0.8799399999999999
   0.8676599999999999
   0.84982
   0.82974
   0.8066399999999999
   0.80266
   0.78872
   0.77486
   0.76138
   0.74806
   0.7324799999999999
   0.7170799999999999
   0.71466
   0.6817399999999999
   0.68486
   0.66654
   0.6539599999999999
   0.6411999999999999
   0.63328
   0.6233
   0.60314
   0.60022
   0.5831999999999999
   0.57856
   0.55988
   0.55638
   0.5519
   0.52926
   0.52272
   0.51344
   0.50542
   0.49926
   0.48435999999999996
   0.48045999999999994
   0.47168
   0.46305999999999997
   0.45574000000000003
   0.43978
   0.431
   0.42035999999999996
   0.4256
   0.4238
   0.40162000000000003
   0.40191999999999994
   0.3907
   0.38208
   0.38783999999999996
   0.36891999999999997
   0.36824
   0.36285999999999996
   0.35104
   0.34703999999999996
   0.33537999999999996
   0.32981999999999995
   0.33332
   0.32517999999999997
   0.31727999999999995
   0.30311999999999995
   0.311
   0.30038
   0.29729999999999995
   0.28703999999999996
   0.28328
   0.27798
   0.28063999999999995
   0.26749999999999996
   0.26611999999999997
   0.26117999999999997
   0.25726
   0.24618
   0.24874
   0.23964
   0.23424
   0.23385999999999998
   0.23002
   0.23256
   0.2248
   0.2128
   0.2099
   0.21073999999999998
   0.20586
   0.20578
   0.19835999999999998
   0.19536
   0.19036
   0.18724
   0.18204
   0.17846
   0.17638
   0.17564
   0.16984
   0.16648
   0.16556
   0.16113999999999998
   0.1625
   0.15792
   0.15138
   0.14614
   0.15067999999999998
   0.14146
   0.14506
   0.13742
   0.13636
   0.1339
   0.12866
   0.13216
   0.13058
   0.12586
   0.12465999999999999
   0.12347999999999999
   0.11896
   0.11438
   0.1167
   0.11524
   0.11157999999999998
   0.10855999999999999
   0.11034
   0.10484
   0.10212
   0.10434
   0.09956
   0.09999999999999999
   0.09861999999999999
   0.0935
   0.09318
   0.0939
   0.09428
   0.09011999999999999
   0.08819999999999999
   0.08324
   0.08318
   0.08548
   0.08104
   0.07798
   0.07715999999999999
   0.07378
   0.075
   0.07343999999999999
   0.07093999999999999
   0.06974
   0.07132
   0.06714
   0.0691
   0.06473999999999999
   0.06536
   0.06352
   0.05988
   0.061419999999999995
   0.060099999999999994
   0.05824
   0.05585999999999999
   0.055459999999999995
   0.05484
   0.05178
   0.05424
   0.05178
   0.05126
   0.05096
   0.04888
   0.04864
   0.04776
   0.048999999999999995
   0.04694
   0.04452
   0.046119999999999994
   0.045279999999999994
   0.04322
   0.04418
   0.0426
   0.04314
   0.044559999999999995
   0.03854
   0.0421
   0.0369
   0.03852
   0.038619999999999995
   0.03422
   0.036019999999999996
   0.03272
   0.03386
   0.03496
   0.03304
   0.0338
   0.031139999999999998
   0.027659999999999997
   0.0314
   0.029079999999999998
   0.02932
   0.029439999999999997
   0.028519999999999997
   0.02954
   0.02702
   0.02902
   0.02658
   0.02582
   0.02548
   0.0269
   0.02216
   0.0232
   0.023019999999999995
   0.023379999999999998
   0.02314
   0.021079999999999998
   0.02222
   0.02256
   0.022379999999999997
   0.01944
   0.02294
   0.0185
   0.019659999999999997
   0.017279999999999997
   0.0192
   0.019799999999999998
   0.01908
   0.01944
   0.0185
   0.017019999999999997
   0.017159999999999998
   0.01638
   0.01664
   0.01582
   0.01578
   0.01652
   0.015399999999999999
   0.01384
   0.01394
   0.013699999999999999
   0.01372
   0.014199999999999999
   0.014979999999999999
   0.01096
   0.013519999999999999
   0.012719999999999999
   0.013279999999999998
   0.01124
   0.0119
   0.01338
   0.011219999999999999
   0.01018
   0.012299999999999998
   0.00938
   0.01078
   0.01078
   0.00992
   0.00976
   0.01002
   0.01012
   0.008679999999999998
   0.009479999999999999
   0.0101
   0.009779999999999999
   0.00924
   0.009479999999999999
   0.00832
   0.0084
   0.008419999999999999
   0.00886
   0.00798
   0.008459999999999999
   0.00826
   0.00722
   0.0075
   0.0072
   0.00796
   0.00784
   0.00802
   0.006999999999999999
   0.007159999999999999
   0.0063
   0.0064199999999999995
   0.007039999999999999
   0.00644
   0.00662
   0.006279999999999999
   0.0059
   0.0055
   0.00616
   0.006539999999999999
   0.00604
   0.0051
   0.0049
   0.00564
   0.0050799999999999994
   0.005339999999999999
   0.00522
   0.00448
   0.00476
   0.00438
   0.00464
   0.00462
   0.005
   0.00394
   0.00402
   0.0036999999999999997
   0.00452
   0.004679999999999999
   0.0045
   0.0045
   0.00414
   0.00428
   0.0038799999999999998
   0.0038799999999999998
   0.00366
   0.00362
   0.00402
   0.00382
   0.0035799999999999994
   0.0033
   0.00294
   0.00346
   0.00226
   0.00284
   0.0036
   0.00304
   0.0029999999999999996
   0.0031599999999999996
   0.00266
   0.00276
   0.00302
   0.0031
   0.0027799999999999995
   0.00262
   0.0031399999999999996
   0.0023599999999999997
   0.00292
   0.00262
   0.00196
   0.0029599999999999995
   0.0019
   0.00214
   0.0022199999999999998
   0.00258
   0.0017599999999999998
   0.00162
   0.00214
   0.0019799999999999996
   0.0018
   0.0014799999999999998
   0.0018599999999999999
   0.0019
   0.00162
   0.0020599999999999998
   0.00192
   0.00196
   0.00178
   0.00106
   0.0012
   0.0016799999999999999
   0.00134
   0.00116
   0.0012
   0.0012799999999999999
   0.00154
   0.0011799999999999998
   0.0010799999999999998
   0.00154
   0.0012999999999999997
   0.00138
   0.00116
   0.0016
   0.00114
   0.00124
   0.0010799999999999998
   0.00142
   0.0009399999999999999
   0.0012
   0.0012
   0.0011
   0.00086
   0.001
   0.00066
   0.00082
   0.00076
   0.0008
   0.00056
   0.0009199999999999999
   0.0006
   0.001
   0.0007399999999999999
   0.00078
   0.00106
   0.00082
   0.00052
   0.0007399999999999999
   0.0006399999999999999
   0.0010199999999999999
   0.00066
   0.00104
   0.00086
   0.0006999999999999999
   0.00058
   0.001
   0.00076
   0.001
   0.0006
   0.0005
   0.0008
   0.00082
   0.0005399999999999999
   0.00056
   0.00033999999999999997
   0.00045999999999999996
   0.00031999999999999997
   0.00058
   0.00076
   0.00041999999999999996
   0.00043999999999999996
   0.00045999999999999996
   0.0004
   0.00033999999999999997
   0.0008
   0.00043999999999999996
   0.00026
   0.00033999999999999997
   0.00041999999999999996
   0.00045999999999999996
   0.00052
   0.00043999999999999996
   0.00043999999999999996
   0.00058
   0.0003
   0.00043999999999999996
   0.00052
   0.00058
   0.00038
   0.0006999999999999999
   0.00021999999999999998
   0.00033999999999999997
   0.00045999999999999996
   0.00026
   0.00038
   0.00033999999999999997
   0.00028
   0.00043999999999999996
   0.00028
   0.00045999999999999996
   0.00017999999999999998
   0.00026
   0.00017999999999999998
   0.0005399999999999999
   0.00028
   0.00041999999999999996
   0.00043999999999999996
   0.00026
   0.0004
   0.0005
   0.00028
   0.0005399999999999999
   0.00038
   0.00017999999999999998
   0.0002
   0.00017999999999999998
   0.00021999999999999998
   0.0002
   0.0001
   0.00035999999999999997
   0.0004
   0.00017999999999999998
   0.00038
   0.00021999999999999998
   0.0003
   0.00014
   0.00014
   0.00038
   7.999999999999999e-05
   0.0001
   0.0002
   0.00048
   0.0001
   7.999999999999999e-05
   0.00014
   0.00015999999999999999
   0.0002
   0.00015999999999999999
   0.00012
   0.00024
   0.00028
   0.0003
   0.00035999999999999997
   0.00015999999999999999
   6e-05
   0.00024
   0.00035999999999999997
   0.0003
   0.00031999999999999997
   0.0002
   0.00028
   0.0001
   0.00017999999999999998
   7.999999999999999e-05
   0.00017999999999999998
   1.9999999999999998e-05
   0.0001
   0.00014
   0.00028
   0.00012
   7.999999999999999e-05
   0.00021999999999999998
   0.00026
   6e-05
   7.999999999999999e-05
   0.0002
   0.0001
   0.00014
   0.00038
   6e-05
   7.999999999999999e-05
   0.00014
   0.0002
   7.999999999999999e-05
   0.00012
   6e-05
   0.0002
   6e-05
   6e-05
   0.00017999999999999998
   6e-05
   0.00012
   6e-05
   0.0
   7.999999999999999e-05
   0.0
   0.0
   0.00026
   0.00012
   3.9999999999999996e-05
   1.9999999999999998e-05
   0.0
   0.00012
   0.0001
   1.9999999999999998e-05
   1.9999999999999998e-05
   3.9999999999999996e-05
   0.00024
   3.9999999999999996e-05
   0.00014
   0.0
   0.00014
   0.00014
   0.0001
   3.9999999999999996e-05
   0.00017999999999999998
   0.00015999999999999999
   6e-05
   3.9999999999999996e-05
   0.00012
   6e-05
   1.9999999999999998e-05
   1.9999999999999998e-05
   0.00012
   7.999999999999999e-05
   3.9999999999999996e-05
   3.9999999999999996e-05
   0.0003
   0.0
   1.9999999999999998e-05
   0.0
   6e-05
   3.9999999999999996e-05
   7.999999999999999e-05
   0.0
   1.9999999999999998e-05
   1.9999999999999998e-05
   0.00012
   6e-05
   0.0001
   6e-05
   0.0
   3.9999999999999996e-05
   0.0
   0.0
   6e-05
   0.0
   0.0
   6e-05
   7.999999999999999e-05
   1.9999999999999998e-05
   0.0
   1.9999999999999998e-05
   0.0
   6e-05
   6e-05
   0.0
   0.0
   1.9999999999999998e-05
   0.0
   0.0
   0.0
   0.0
   0.0
   0.0
   3.9999999999999996e-05
   3.9999999999999996e-05
   0.0
   0.0
   0.0
   3.9999999999999996e-05
   0.0
   0.0
   0.0
   0.0
   0.0
   0.0
   0.0
   1.9999999999999998e-05
   0.0
   0.0
   0.0
   0.0
   0.0
   0.0
   0.0
   1.9999999999999998e-05
   0.0
   0.0
   0.0
   0.0
   0.0
   0.0
   0.0
   0.0
   0.0
   0.0
   0.0
   0.0
   0.0
   0.0
   0.0
   0.0
   0.0
   1.9999999999999998e-05
   0.0
   0.0
   1.9999999999999998e-05
   0.0
   0.0
   1.9999999999999998e-05
   3.9999999999999996e-05
   1.9999999999999998e-05
   0.0
   0.0
   0.0
   0.0
   0.0
   0.0
   0.0
   0.0
   0.0
   0.0
   0.0
   0.0
   0.0
   0.0
   1.9999999999999998e-05
   0.0
   0.0
   0.0
   0.0
   0.0
   0.0
   0.0
   0.0
   0.0
   0.0
   0.0
   0.0
   0.0
   0.0
   0.0
   0.0
   3.9999999999999996e-05
   0.0
   0.0
   0.0
   0.0
   0.0
   3.9999999999999996e-05
   0.0
   0.0
   0.0
   0.0
   0.0
   0.0
   0.0
   0.0
   0.0
   0.0
   0.0
   0.0
   0.0
   0.0
   0.0
   1.9999999999999998e-05
   0.0
   0.0
   0.0
   0.0
   0.0
   0.0
   0.0
   0.0
   0.0
   0.0
   0.0
   0.0
   0.0
   0.0
   0.0
   0.0
   0.0
   0.0
   0.0
   0.0
   0.0
   0.0
   0.0
   0.0
   0.0
   0.0
   0.0
   0.0
   0.0
   0.0
   0.0
   0.0
   0.0
   0.0
   0.0
   0.0
   0.0
   0.0
   0.0
   0.0
   0.0
   0.0
   0.0
   0.0
   0.0
   1.9999999999999998e-05
   0.0
   0.0
   0.0
   0.0
   0.0
   0.0
   0.0
   0.0
   0.0
   0.0
   0.0
   0.0
   0.0
   0.0
   0.0
   0.0
   0.0
   0.0
   0.0
   0.0
   1.9999999999999998e-05
   0.0
   0.0
   0.0
   0.0
   0.0
   0.0
   0.0
   0.0
   0.0
   1.9999999999999998e-05
   0.0
   0.0
   1.9999999999999998e-05
   0.0
   1.9999999999999998e-05
   0.0
   0.0
   1.9999999999999998e-05
   0.0
   0.0
   0.0
   0.0
   1.9999999999999998e-05
   0.0
   1.9999999999999998e-05
   0.0
   0.0
   0.0
   0.0
   0.0
   0.0
   0.0
   0.0
   0.0
   0.0
   0.0
   0.0
   0.0
   0.0
   0.0
   0.0
   0.0
   0.0
   0.0
   0.0
   0.0
   0.0
   0.0
   0.0
   0.0
   0.0
   0.0
   0.0
   0.0
   0.0
   0.0
   0.0
   0.0
   0.0
   0.0
   0.0
   0.0
   0.0
   0.0
   0.0
   0.0
   0.0
   0.0
   0.0
   0.0
   0.0
   0.0
   0.0
   0.0
   0.0
   0.0
   0.0
   0.0
   0.0
   0.0
   0.0
   0.0
   0.0
   0.0
   0.0
   0.0
   0.0
   0.0
   0.0
   0.0
   0.0
   0.0
   0.0
   0.0
   0.0
   0.0
   0.0
   0.0
   0.0
   0.0
   0.0
   0.0
   0.0
   0.0
   0.0
   0.0
   0.0
   0.0
   0.0
   0.0
   0.0
   0.0
   0.0
   0.0
   0.0
   0.0
   0.0
   0.0
   0.0
   0.0
   0.0
   0.0
   0.0
   0.0
   0.0
   0.0
   0.0
   0.0
   0.0
   0.0
   0.0
   0.0
   0.0
   0.0
   0.0
   0.0
   0.0
   0.0
   0.0
   0.0
   0.0
   0.0
   0.0
   0.0
   0.0
   0.0
   0.0
   0.0
   0.0
   0.0
   0.0
   0.0
   0.0
   0.0
   0.0
   0.0
   0.0
   0.0
   0.0
   0.0
   0.0
   0.0
   0.0
   0.0
