   2.74036
   4.007610000000001
   4.52348
   4.74242
   4.8731
   4.95703
   4.94901
   4.97067
   5.00298
   5.0157300000000005
   5.00969
   5.006130000000001
   5.0155199999999995
   5.00752
   5.013179999999999
   5.01574
   5.00141
   5.00136
   4.99681
   4.97909
   4.98905
   4.976089999999999
   4.99862
   4.99911
   4.99641
   5.00066
   4.9952499999999995
   5.0049
   5.00115
   4.9948
   5.002949999999999
   4.9838000000000005
   4.99453
   4.9966099999999996
   5.00109
   4.99893
   4.98484
   5.01623
   5.0084
   4.9998000000000005
   5.0121
   4.99922
   4.99517
   4.99092
   5.021
   5.02113
   4.9886
   4.999230000000001
   4.98055
   4.975849999999999
   4.99462
   4.99211
   5.0201
   4.98745
   4.98464
   5.02549
   4.99893
   4.99627
   4.98928
   4.99927
   5.00523
   4.991099999999999
   4.99014
   4.99898
   5.02527
   5.03657
   5.02707
   5.039890000000001
   5.01703
   5.00688
   4.994549999999999
   5.00786
   5.00995
   4.9853000000000005
   4.98475
   4.9732400000000005
   4.98293
   4.99273
   4.97532
   4.97651
   4.95951
   4.97583
   4.99877
   4.98963
   4.98947
   5.00194
   5.00781
   4.9924
   4.98604
   5.00891
   5.01559
   4.99768
   5.00003
   4.95294
   4.93895
   4.88741
   4.7663400000000005
   4.50189
   3.97598
   2.7397899999999997
