   0.0
   0.0
   0.0
   0.0
   0.0
   0.0
   0.0
   0.0
   0.0
   0.0
   0.0
   0.0
   0.0
   0.0
   0.0
   0.0
   0.0
   0.0
   0.0
   0.0
   0.0
   0.0
   0.0
   0.0
   0.0
   0.0
   0.0
   0.0
   0.0
   0.0
   0.0
   0.0
   0.0
   0.0
   0.0
   0.0
   0.0
   0.0
   0.0
   0.0
   0.0
   0.0
   0.0
   0.0
   0.0
   0.0
   0.0
   0.0
   0.0
   0.0
   0.0
   0.0
   0.0
   0.0
   0.0
   0.0
   0.0
   0.0
   0.0
   0.0
   0.0
   0.0
   0.0
   0.0
   0.0
   0.0
   0.0
   0.0
   0.0
   0.0
   0.0
   0.0
   0.0
   0.0
   0.0
   0.0
   0.0
   0.0
   0.0
   0.0
   0.0
   0.0
   0.0
   0.0
   0.0
   0.0
   0.0
   0.0
   0.0
   0.0
   0.0
   0.0
   0.0
   0.0
   0.0
   0.0
   0.0
   0.0
   0.0
   0.0
   0.0
   0.0
   0.0
   0.0
   0.0
   0.0
   0.0
   0.0
   0.0
   0.0
   0.0
   0.0
   0.0
   0.0
   0.0
   0.0
   0.0
   0.0
   0.0
   0.0
   0.0
   0.0
   0.0
   0.0
   0.0
   0.0
   0.0
   0.0
   0.0
   0.0
   0.0
   0.0
   0.0
   0.0
   0.0
   0.0
   0.0
   0.0
   0.0
   0.0
   0.0
   0.0
   0.0
   0.0
   0.0
   2e-06
   0.0
   0.0
   0.0
   0.0
   0.0
   0.0
   0.0
   0.0
   0.0
   0.0
   0.0
   0.0
   0.0
   0.0
   0.0
   0.0
   0.0
   0.0
   0.0
   0.0
   0.0
   0.0
   0.0
   0.0
   0.0
   0.0
   0.0
   2e-06
   0.0
   0.0
   0.0
   0.0
   0.0
   2e-06
   0.0
   0.0
   0.0
   0.0
   0.0
   4e-06
   0.0
   2e-06
   0.0
   0.0
   0.0
   0.0
   0.0
   2e-06
   0.0
   2e-06
   4e-06
   0.0
   4e-06
   0.0
   2e-06
   4e-06
   0.0
   4e-06
   0.0
   4e-06
   0.0
   2e-06
   4e-06
   2e-06
   4e-06
   5.999999999999999e-06
   2e-06
   4e-06
   4e-06
   2e-06
   4e-06
   2e-06
   5.999999999999999e-06
   2e-06
   2e-06
   2e-06
   8e-06
   4e-06
   2e-06
   4e-06
   5.999999999999999e-06
   4e-06
   1.1999999999999999e-05
   8e-06
   1.6e-05
   4e-06
   1.6e-05
   1.3999999999999998e-05
   4e-06
   1.6e-05
   9.999999999999999e-06
   1.3999999999999998e-05
   1.1999999999999999e-05
   4e-06
   1.3999999999999998e-05
   1.6e-05
   2.6e-05
   1.9999999999999998e-05
   1.1999999999999999e-05
   1.3999999999999998e-05
   3.2e-05
   3.2e-05
   2.2e-05
   3.2e-05
   2.6e-05
   3e-05
   2.6e-05
   4.199999999999999e-05
   5.4e-05
   3.9999999999999996e-05
   5.8e-05
   5.599999999999999e-05
   6.8e-05
   5.2e-05
   6.4e-05
   6e-05
   7.599999999999999e-05
   6.8e-05
   0.00011199999999999998
   9.599999999999999e-05
   9.2e-05
   0.000118
   0.00011399999999999999
   0.000126
   0.00012
   0.000148
   0.000162
   0.00020199999999999998
   0.000146
   0.000184
   0.000186
   0.00022399999999999997
   0.00024199999999999997
   0.000244
   0.00024799999999999996
   0.00030199999999999997
   0.00026
   0.00031399999999999993
   0.00034199999999999996
   0.000366
   0.000436
   0.000412
   0.000466
   0.000474
   0.00043
   0.0005619999999999999
   0.000588
   0.00066
   0.000626
   0.0006619999999999999
   0.0008299999999999999
   0.0009019999999999999
   0.000892
   0.001014
   0.001026
   0.001122
   0.001142
   0.0012219999999999998
   0.001376
   0.00141
   0.001586
   0.0015359999999999998
   0.001832
   0.0018939999999999999
   0.001974
   0.00227
   0.002506
   0.002484
   0.002634
   0.0027999999999999995
   0.00312
   0.003286
   0.003576
   0.0037159999999999997
   0.004064
   0.004298
   0.0048
   0.005134
   0.005475999999999999
   0.005574
   0.006056
   0.006702
   0.00706
   0.00793
   0.008327999999999999
   0.008964
   0.009502
   0.010034
   0.010934
   0.011692
   0.012516
   0.013715999999999999
   0.014611999999999998
   0.015545999999999999
   0.016572
   0.017456
   0.019074
   0.020287999999999997
   0.021879999999999997
   0.023226
   0.024783999999999997
   0.026894
   0.028925999999999997
   0.030314
   0.032625999999999995
   0.034966
   0.038279999999999995
   0.040514
   0.043252
   0.047023999999999996
   0.05026
   0.05248
   0.056912000000000004
   0.06067999999999999
   0.065826
   0.070848
   0.075072
   0.080446
   0.08656199999999999
   0.092592
   0.100008
   0.106814
   0.114504
   0.12219799999999999
   0.13041
   0.140948
   0.14965199999999998
   0.16181999999999996
   0.17161200000000001
   0.18467399999999998
   0.199482
   0.212048
   0.22769799999999998
   0.244832
   0.261932
   0.28080399999999994
   0.300266
   0.32266999999999996
   0.345398
   0.36925600000000003
   0.3962
   0.422958
   0.454
   0.487836
   0.522744
   0.5601659999999999
   0.6006859999999999
   0.644474
   0.688564
   0.738222
   0.7751779999999999
   0.801604
   0.821366
   0.8352299999999999
   0.832212
   0.8248519999999999
   0.8046599999999999
   0.7764319999999999
   0.737952
   0.6896140000000001
   0.64307
   0.5986899999999999
   0.5599459999999999
   0.522446
   0.487108
   0.452902
   0.424396
   0.39617199999999997
   0.370472
   0.3447
   0.32133599999999996
   0.300294
   0.280402
   0.26162799999999997
   0.24412999999999999
   0.22694999999999999
   0.212416
   0.198178
   0.18572399999999997
   0.17301199999999997
   0.160968
   0.150172
   0.140902
   0.131302
   0.12255999999999999
   0.11479400000000001
   0.10683599999999999
   0.09962399999999999
   0.09272799999999999
   0.08660599999999999
   0.080672
   0.076164
   0.07052199999999999
   0.06576399999999999
   0.06119
   0.05727999999999999
   0.053238
   0.049817999999999994
   0.046827999999999995
   0.043579999999999994
   0.04048999999999999
   0.038189999999999995
   0.035218
   0.03342
   0.030864
   0.028912
   0.026854
   0.025079999999999998
   0.022975999999999996
   0.021741999999999997
   0.020465999999999998
   0.019232
   0.017974
   0.016668
   0.015536
   0.014381999999999999
   0.013262
   0.012467999999999998
   0.011772
   0.01095
   0.010258
   0.009505999999999999
   0.00896
   0.008608
   0.007772
   0.007129999999999999
   0.006906
   0.00629
   0.0058
   0.005515999999999999
   0.004885999999999999
   0.004836
   0.004456
   0.0041519999999999994
   0.003967999999999999
   0.003794
   0.0034539999999999996
   0.0032239999999999994
   0.0029559999999999994
   0.002842
   0.0025759999999999997
   0.00238
   0.002182
   0.002012
   0.0019459999999999998
   0.0016799999999999999
   0.001552
   0.0014559999999999998
   0.0013999999999999998
   0.0013779999999999999
   0.00123
   0.0012679999999999998
   0.001132
   0.001058
   0.000938
   0.000978
   0.00078
   0.000774
   0.0007179999999999999
   0.000712
   0.000614
   0.0006
   0.000556
   0.0005239999999999999
   0.00045999999999999996
   0.000466
   0.000422
   0.000376
   0.000388
   0.00039
   0.000316
   0.000308
   0.00029
   0.00029
   0.000258
   0.000186
   0.000198
   0.000172
   0.000172
   0.00016999999999999999
   0.00015
   0.000166
   0.00016999999999999999
   0.00011199999999999998
   0.000116
   0.000106
   9.799999999999998e-05
   7.599999999999999e-05
   0.0001
   8.8e-05
   6.6e-05
   5.599999999999999e-05
   8.199999999999999e-05
   6.4e-05
   6e-05
   7.199999999999999e-05
   3.9999999999999996e-05
   2.7999999999999996e-05
   3.7999999999999995e-05
   3.5999999999999994e-05
   4.6e-05
   3.4e-05
   2.6e-05
   3.9999999999999996e-05
   3.2e-05
   2.2e-05
   3.2e-05
   3e-05
   2.7999999999999996e-05
   8e-06
   8e-06
   9.999999999999999e-06
   2.6e-05
   2.2e-05
   2.2e-05
   1.7999999999999997e-05
   9.999999999999999e-06
   1.3999999999999998e-05
   1.6e-05
   9.999999999999999e-06
   5.999999999999999e-06
   2e-06
   9.999999999999999e-06
   2e-06
   4e-06
   9.999999999999999e-06
   2e-06
   4e-06
   4e-06
   0.0
   4e-06
   8e-06
   0.0
   2e-06
   2e-06
   5.999999999999999e-06
   2e-06
   9.999999999999999e-06
   5.999999999999999e-06
   0.0
   2e-06
   5.999999999999999e-06
   0.0
   2e-06
   0.0
   4e-06
   0.0
   4e-06
   0.0
   0.0
   4e-06
   0.0
   0.0
   0.0
   0.0
   2e-06
   0.0
   0.0
   0.0
   0.0
   0.0
   0.0
   0.0
   2e-06
   0.0
   0.0
   0.0
   0.0
   0.0
   0.0
   2e-06
   0.0
   0.0
   0.0
   0.0
   0.0
   2e-06
   0.0
   0.0
   0.0
   0.0
   0.0
   0.0
   0.0
   0.0
   0.0
   2e-06
   0.0
   0.0
   2e-06
   0.0
   0.0
   0.0
   0.0
   0.0
   0.0
   0.0
   0.0
   0.0
   0.0
   0.0
   0.0
   0.0
   0.0
   0.0
   0.0
   0.0
   0.0
   0.0
   0.0
   0.0
   0.0
   0.0
   0.0
   0.0
   0.0
   0.0
   0.0
   0.0
   0.0
   0.0
   0.0
   0.0
   0.0
   0.0
   0.0
   0.0
   0.0
   0.0
   0.0
   0.0
   0.0
   0.0
   0.0
   0.0
   0.0
   0.0
   0.0
   0.0
   0.0
   0.0
   0.0
   0.0
   0.0
   0.0
   0.0
   0.0
   0.0
   0.0
   0.0
   0.0
   0.0
   0.0
   0.0
   0.0
   0.0
   0.0
   0.0
   0.0
   0.0
   0.0
   0.0
   0.0
   0.0
   0.0
   0.0
   0.0
   0.0
   0.0
   0.0
   0.0
   0.0
   0.0
   0.0
   0.0
   0.0
   0.0
   0.0
   0.0
   0.0
   0.0
   0.0
   0.0
   0.0
   0.0
   0.0
   0.0
   0.0
   0.0
   0.0
   0.0
   0.0
   0.0
   0.0
   0.0
   0.0
   0.0
   0.0
   0.0
   0.0
   0.0
   0.0
   0.0
   0.0
   0.0
   0.0
   0.0
   0.0
   0.0
   0.0
   0.0
   0.0
   0.0
   0.0
   0.0
   0.0
   0.0
   0.0
   0.0
   0.0
   0.0
   0.0
   0.0
   0.0
   0.0
   0.0
   0.0
   0.0
   0.0
   0.0
   0.0
   0.0
   0.0
   0.0
   0.0
   0.0
   0.0
   0.0
   0.0
   0.0
   0.0
   0.0
   0.0
   0.0
   0.0
   0.0
   0.0
   0.0
   0.0
   0.0
   0.0
   0.0
   0.0
   0.0
