   58.884
   111.207
   158.109
   202.76399999999998
   244.759
   283.527
   321.24
   357.577
   391.027
   420.078
   449.98699999999997
   476.797
   504.011
   532.086
   558.375
   581.269
   601.6510000000001
   618.4789999999999
   641.4159999999999
   658.067
   676.9300000000001
   693.501
   710.566
   725.963
   739.279
   749.765
   761.088
   771.277
   783.255
   795.597
   804.547
   813.721
   817.8330000000001
   823.82
   831.377
   837.9630000000001
   840.467
   842.8979999999999
   849.041
   849.21
   852.4800000000001
   852.105
   851.5040000000001
   859.235
   862.7470000000001
   864.475
   869.4699999999999
   870.308
   875.412
   871.1510000000001
   876.0989999999999
   870.3530000000001
   870.941
   872.688
   869.337
   868.6709999999999
   866.737
   868.371
   859.6560000000001
   852.4530000000001
   849.432
   837.885
   837.471
   831.652
   827.4660000000001
   823.622
   813.674
   803.759
   796.519
   787.7710000000001
   774.08
   767.356
   759.446
   746.699
   733.524
   719.865
   708.974
   697.12
   684.83
   670.8960000000001
   653.9830000000001
   639.1569999999999
   618.395
   596.298
   576.349
   553.812
   532.852
   507.417
   482.01099999999997
   456.056
   429.7
   395.965
   363.485
   326.569
   288.213
   247.328
   205.728
   161.316
   112.307
   60.812999999999995
