   19.753899999999998
   32.3724
   43.1989
   52.083800000000004
   59.75240000000001
   66.14189999999999
   71.4481
   76.0697
   79.6157
   82.4821
   85.2651
   87.72109999999999
   89.71329999999999
   91.4195
   92.7688
   93.9423
   94.6634
   95.368
   96.02810000000001
   96.5345
   97.4508
   97.5996
   98.46770000000001
   98.58930000000001
   99.104
   99.23610000000001
   99.1333
   98.81790000000001
   99.2927
   99.7634
   99.7457
   99.667
   99.6424
   99.4748
   99.2933
   99.1826
   99.4888
   99.3079
   100.0121
   99.66000000000001
   99.5334
   99.5168
   99.4839
   99.7815
   99.8503
   99.4771
   99.62180000000001
   99.5463
   99.8009
   99.8443
   99.77319999999999
   100.0225
   100.3938
   100.4486
   100.4092
   100.52810000000001
   100.46969999999999
   100.24519999999998
   100.2029
   100.2521
   100.72000000000001
   100.61880000000001
   100.24409999999999
   100.1983
   99.6375
   99.3005
   99.6657
   99.6136
   99.4977
   99.61290000000001
   99.3171
   99.1613
   99.7359
   99.0836
   98.5738
   98.4374
   98.4028
   98.32570000000001
   97.84909999999999
   97.14930000000001
   96.7409
   96.16890000000001
   95.80499999999999
   94.9685
   94.4739
   93.2581
   91.5378
   89.6995
   87.7074
   85.3614
   83.0658
   79.66159999999999
   75.97890000000001
   71.7019
   66.2252
   59.8718
   52.0753
   42.9602
   32.0591
   19.642699999999998
