   0.0
   0.0
   0.0
   0.0
   0.0
   0.0
   0.0
   0.0
   0.0
   0.0
   0.0
   0.0
   0.0
   0.0
   0.0
   0.0
   0.0
   0.0
   0.0
   0.0
   0.0
   0.0
   0.0
   0.0
   0.0
   0.0
   0.0
   0.0
   0.0
   0.0
   0.0
   0.0
   0.0
   0.0
   0.0
   0.0
   0.0
   0.0
   0.0
   0.0
   0.0
   0.0
   0.0
   0.0
   0.0
   0.0
   0.0
   0.0
   0.0
   0.0
   0.0
   0.0
   0.0
   0.0
   0.0
   0.0
   0.0
   0.0
   0.0
   0.0
   0.0
   0.0
   0.0
   0.0
   0.0
   0.0
   0.0
   0.0
   0.0
   0.0
   0.0
   0.0
   0.0
   0.0
   0.0
   0.0
   0.0
   0.0
   0.0
   0.0
   0.0
   0.0
   0.0
   0.0
   0.0
   0.0
   0.0
   0.0
   2e-06
   2e-06
   4e-06
   2e-06
   0.0
   0.0
   4e-06
   0.0
   0.0
   0.0
   4e-06
   0.0
   2e-06
   0.0
   2e-06
   0.0
   0.0
   0.0
   0.0
   2e-06
   0.0
   0.0
   0.0
   0.0
   0.0
   0.0
   2e-06
   4e-06
   2e-06
   4e-06
   4e-06
   0.0
   0.0
   0.0
   0.0
   2e-06
   9.999999999999999e-06
   0.0
   2e-06
   9.999999999999999e-06
   0.0
   0.0
   4e-06
   2e-06
   4e-06
   9.999999999999999e-06
   4e-06
   0.0
   9.999999999999999e-06
   4e-06
   2e-06
   5.999999999999999e-06
   2e-06
   2e-06
   5.999999999999999e-06
   4e-06
   0.0
   0.0
   4e-06
   2e-06
   0.0
   4e-06
   2e-06
   8e-06
   2e-06
   4e-06
   2e-06
   8e-06
   0.0
   8e-06
   5.999999999999999e-06
   4e-06
   0.0
   9.999999999999999e-06
   1.3999999999999998e-05
   5.999999999999999e-06
   5.999999999999999e-06
   5.999999999999999e-06
   2.2e-05
   5.999999999999999e-06
   1.1999999999999999e-05
   1.7999999999999997e-05
   1.3999999999999998e-05
   1.3999999999999998e-05
   1.6e-05
   4e-06
   1.1999999999999999e-05
   1.1999999999999999e-05
   9.999999999999999e-06
   2.3999999999999997e-05
   5.999999999999999e-06
   1.1999999999999999e-05
   8e-06
   5.999999999999999e-06
   2.2e-05
   1.6e-05
   1.9999999999999998e-05
   1.1999999999999999e-05
   2.2e-05
   2.6e-05
   1.6e-05
   1.9999999999999998e-05
   2.2e-05
   1.7999999999999997e-05
   2.7999999999999996e-05
   3e-05
   1.9999999999999998e-05
   1.7999999999999997e-05
   2.7999999999999996e-05
   2.3999999999999997e-05
   3e-05
   3.2e-05
   1.9999999999999998e-05
   2.7999999999999996e-05
   3.5999999999999994e-05
   3.2e-05
   3.9999999999999996e-05
   3.9999999999999996e-05
   3e-05
   2.2e-05
   3.9999999999999996e-05
   5.8e-05
   5.2e-05
   4.199999999999999e-05
   3.2e-05
   6e-05
   4.199999999999999e-05
   6.199999999999999e-05
   3.9999999999999996e-05
   8.399999999999998e-05
   5.599999999999999e-05
   7e-05
   5.4e-05
   5.8e-05
   6.6e-05
   6.199999999999999e-05
   6.6e-05
   7.199999999999999e-05
   5e-05
   5.599999999999999e-05
   6.8e-05
   6e-05
   0.000102
   7.4e-05
   0.000136
   0.000116
   0.00011399999999999999
   0.000106
   0.000108
   0.000126
   0.00011199999999999998
   0.000138
   0.00015199999999999998
   0.000126
   0.00014399999999999998
   0.00016999999999999999
   0.00015199999999999998
   0.000128
   0.00017399999999999997
   0.000172
   0.00022799999999999999
   0.00021999999999999998
   0.000146
   0.000212
   0.000198
   0.00017399999999999997
   0.000208
   0.000218
   0.00024
   0.000286
   0.00028
   0.00026599999999999996
   0.00028799999999999995
   0.000278
   0.00031999999999999997
   0.00030199999999999997
   0.000334
   0.00032799999999999995
   0.00032599999999999996
   0.00031399999999999993
   0.00034999999999999994
   0.00036199999999999996
   0.000394
   0.00039
   0.00045599999999999997
   0.00044799999999999994
   0.000422
   0.000474
   0.00046999999999999993
   0.000526
   0.000534
   0.000538
   0.0005859999999999999
   0.0005899999999999999
   0.000592
   0.00066
   0.000602
   0.0006940000000000001
   0.000704
   0.0007059999999999999
   0.0007179999999999999
   0.0008139999999999999
   0.000826
   0.0008079999999999999
   0.000888
   0.0009
   0.0009919999999999998
   0.0009419999999999999
   0.0010659999999999999
   0.001094
   0.001134
   0.0011719999999999999
   0.0011719999999999999
   0.0012339999999999999
   0.001238
   0.001364
   0.0013499999999999999
   0.001398
   0.0014899999999999998
   0.001576
   0.001606
   0.001548
   0.001718
   0.001644
   0.0018039999999999998
   0.001864
   0.0019619999999999998
   0.0019259999999999998
   0.002018
   0.0022259999999999997
   0.0022059999999999996
   0.002358
   0.002446
   0.0026119999999999997
   0.0025099999999999996
   0.002638
   0.002702
   0.0029999999999999996
   0.0030919999999999997
   0.0030759999999999997
   0.0033359999999999996
   0.003286
   0.0036339999999999996
   0.003616
   0.0039
   0.0038719999999999996
   0.0040279999999999995
   0.004206
   0.004255999999999999
   0.004561999999999999
   0.00471
   0.004895999999999999
   0.0052899999999999996
   0.0053939999999999995
   0.005572
   0.005697999999999999
   0.0057280000000000005
   0.006195999999999999
   0.0064
   0.006554
   0.006928
   0.007123999999999999
   0.007297999999999999
   0.007427999999999999
   0.007862
   0.008204
   0.008414
   0.008768
   0.008966
   0.009657999999999998
   0.010136
   0.010127999999999998
   0.010856
   0.011118
   0.011322
   0.012112
   0.012248
   0.012873999999999998
   0.013343999999999998
   0.013898
   0.014427999999999998
   0.014799999999999999
   0.015536
   0.015903999999999998
   0.016638
   0.017206
   0.017738
   0.018634
   0.019562
   0.019965999999999998
   0.020631999999999998
   0.021332
   0.022430000000000002
   0.023333999999999997
   0.02428
   0.025372
   0.026184
   0.02716
   0.028402
   0.028866
   0.029865999999999997
   0.03154
   0.032682
   0.03367799999999999
   0.034912
   0.036576
   0.037947999999999996
   0.039062
   0.040434
   0.041861999999999996
   0.043974
   0.045568
   0.047478
   0.048443999999999994
   0.050248
   0.05231999999999999
   0.054422
   0.05693
   0.05894
   0.060752
   0.063028
   0.06526399999999999
   0.06766399999999999
   0.07060399999999999
   0.073224
   0.07662
   0.078438
   0.08227
   0.085468
   0.08843999999999999
   0.092166
   0.09441599999999999
   0.09860999999999999
   0.10177
   0.106552
   0.109864
   0.114434
   0.11834399999999999
   0.12295
   0.127706
   0.13365
   0.13779599999999997
   0.142394
   0.14851999999999999
   0.152462
   0.159324
   0.165038
   0.17100400000000002
   0.1788
   0.184126
   0.19104
   0.199
   0.207386
   0.21386599999999997
   0.22199199999999997
   0.230316
   0.23862399999999998
   0.24784599999999998
   0.25762599999999997
   0.266626
   0.276034
   0.287346
   0.298418
   0.310174
   0.32079
   0.33305
   0.34365399999999996
   0.357012
   0.37233
   0.386118
   0.399746
   0.416782
   0.431258
   0.44844599999999996
   0.464702
   0.48237399999999997
   0.5015139999999999
   0.5192859999999999
   0.539072
   0.559628
   0.57888
   0.602464
   0.627238
   0.6485539999999999
   0.670632
   0.697774
   0.721594
   0.7497579999999999
   0.781
   0.809702
   0.840592
   0.870628
   0.9041159999999999
   0.9361139999999999
   0.972018
   1.0099239999999998
   1.04791
   1.087646
   1.131006
   1.171028
   1.21542
   1.258064
   1.3071840000000001
   1.3576659999999998
   1.4071439999999997
   1.463414
   1.514876
   1.5712739999999998
   1.6145999999999998
   1.6517519999999999
   1.6760279999999999
   1.6859099999999998
   1.685962
   1.6708059999999998
   1.650908
   1.6175439999999999
   1.572798
   1.51592
   1.457674
   1.4094239999999998
   1.361294
   1.311616
   1.260386
   1.214368
   1.170988
   1.131526
   1.0873359999999999
   1.048692
   1.0068139999999999
   0.97414
   0.938808
   0.90526
   0.86982
   0.839286
   0.811244
   0.7802739999999999
   0.7522059999999999
   0.72399
   0.6974779999999999
   0.6707179999999999
   0.6496839999999999
   0.6237699999999999
   0.60087
   0.57999
   0.558728
   0.53934
   0.519694
   0.49901199999999996
   0.48259399999999997
   0.46438199999999996
   0.44805999999999996
   0.429272
   0.41623399999999994
   0.401116
   0.38682399999999995
   0.373068
   0.35924799999999996
   0.345796
   0.33344199999999996
   0.32050799999999996
   0.308596
   0.29825799999999997
   0.28808199999999995
   0.27727
   0.266422
   0.257868
   0.248436
   0.23961199999999996
   0.229814
   0.223742
   0.21273799999999998
   0.20596199999999998
   0.198594
   0.19247599999999998
   0.1847
   0.17690799999999998
   0.17146799999999998
   0.16597399999999998
   0.158772
   0.15312199999999998
   0.14878
   0.14228
   0.136868
   0.13233599999999998
   0.127156
   0.12188399999999999
   0.118814
   0.113464
   0.109496
   0.105584
   0.10249599999999999
   0.09899599999999999
   0.09575999999999998
   0.091552
   0.087946
   0.08533
   0.081756
   0.08018199999999999
   0.076124
   0.07309
   0.07113399999999999
   0.068414
   0.06573599999999999
   0.06280999999999999
   0.060292
   0.059286
   0.056468000000000004
   0.05446999999999999
   0.052517999999999995
   0.050406
   0.04849799999999999
   0.047001999999999995
   0.045196
   0.042776
   0.042284
   0.04048
   0.038898
   0.037934
   0.036076
   0.034724
   0.033378
   0.032916
   0.030955999999999997
   0.030216
   0.028522
   0.027884
   0.02706
   0.025776
   0.025013999999999998
   0.024128
   0.023444
   0.022306
   0.021453999999999997
   0.020752
   0.019865999999999998
   0.019577999999999998
   0.018412
   0.017708
   0.017018
   0.016696
   0.015856
   0.01549
   0.014868
   0.014538
   0.013882
   0.013413999999999999
   0.012757999999999999
   0.012499999999999999
   0.011822
   0.011513999999999998
   0.011186
   0.010716
   0.010277999999999999
   0.009899999999999999
   0.009428
   0.009242
   0.009132
   0.008601999999999999
   0.008308
   0.008048
   0.007728
   0.007292
   0.007343999999999999
   0.00682
   0.00683
   0.006186
   0.0062
   0.005992
   0.005664
   0.005404
   0.005328
   0.005044
   0.004804
   0.004692
   0.004641999999999999
   0.004549999999999999
   0.0043879999999999995
   0.00416
   0.00402
   0.003858
   0.003664
   0.0034039999999999995
   0.003464
   0.003284
   0.0030679999999999995
   0.0029999999999999996
   0.003028
   0.002774
   0.0026919999999999995
   0.002626
   0.00266
   0.002414
   0.002228
   0.002238
   0.0022819999999999997
   0.0021219999999999998
   0.002056
   0.002088
   0.00191
   0.0018499999999999999
   0.0018379999999999998
   0.001684
   0.0016139999999999998
   0.001576
   0.00156
   0.0015119999999999999
   0.001384
   0.0013219999999999998
   0.001246
   0.001228
   0.0012699999999999999
   0.001156
   0.001096
   0.001098
   0.000986
   0.000996
   0.0009639999999999999
   0.000936
   0.000938
   0.0009179999999999999
   0.000866
   0.000802
   0.0008139999999999999
   0.000726
   0.000744
   0.0006799999999999999
   0.0006559999999999999
   0.000638
   0.0006619999999999999
   0.0006039999999999999
   0.0005819999999999999
   0.000646
   0.00057
   0.00049
   0.0005
   0.00049
   0.00047599999999999997
   0.00047599999999999997
   0.000416
   0.00041999999999999996
   0.000352
   0.00036999999999999994
   0.00041
   0.000374
   0.00032199999999999997
   0.00033
   0.000338
   0.00033599999999999993
   0.00033599999999999993
   0.000312
   0.000252
   0.00026599999999999996
   0.000252
   0.000258
   0.000276
   0.000218
   0.000194
   0.00022799999999999999
   0.000222
   0.00019199999999999998
   0.000198
   0.000194
   0.00020999999999999998
   0.00016799999999999996
   0.000136
   0.000176
   0.000158
   0.00015199999999999998
   0.000162
   0.000154
   0.000134
   0.000136
   0.000126
   0.00012
   0.000128
   9.799999999999998e-05
   0.00010999999999999999
   8.999999999999999e-05
   9.799999999999998e-05
   7.4e-05
   0.000108
   7.599999999999999e-05
   7.599999999999999e-05
   6.8e-05
   7.4e-05
   7.8e-05
   9.799999999999998e-05
   6.8e-05
   8.199999999999999e-05
   6.4e-05
   7e-05
   7.999999999999999e-05
   7.999999999999999e-05
   4.199999999999999e-05
   7e-05
   6.199999999999999e-05
   6e-05
   5.599999999999999e-05
   7.999999999999999e-05
   6e-05
   6.199999999999999e-05
   4.6e-05
   3.5999999999999994e-05
   5.8e-05
   3.7999999999999995e-05
   5e-05
   3.5999999999999994e-05
   3.7999999999999995e-05
   3.9999999999999996e-05
   3e-05
   2.7999999999999996e-05
   1.7999999999999997e-05
   1.6e-05
   1.9999999999999998e-05
   1.9999999999999998e-05
   3.5999999999999994e-05
   2.7999999999999996e-05
   2.7999999999999996e-05
   2.3999999999999997e-05
   2.6e-05
   3e-05
   1.9999999999999998e-05
   1.9999999999999998e-05
   3.4e-05
   2.3999999999999997e-05
   2.2e-05
   1.3999999999999998e-05
   2.7999999999999996e-05
   8e-06
   8e-06
   4e-06
   9.999999999999999e-06
   2.6e-05
   1.9999999999999998e-05
   1.6e-05
   4e-06
   9.999999999999999e-06
   1.3999999999999998e-05
   1.6e-05
   9.999999999999999e-06
   8e-06
   1.3999999999999998e-05
   8e-06
   1.3999999999999998e-05
   5.999999999999999e-06
   5.999999999999999e-06
   4e-06
   1.3999999999999998e-05
   8e-06
   1.1999999999999999e-05
   8e-06
   2e-06
   8e-06
   5.999999999999999e-06
   5.999999999999999e-06
   8e-06
   4e-06
   2e-06
   8e-06
   4e-06
   0.0
   5.999999999999999e-06
   1.1999999999999999e-05
   2e-06
   8e-06
   5.999999999999999e-06
   4e-06
   2e-06
   2e-06
   2e-06
   4e-06
   2e-06
   4e-06
   2e-06
   5.999999999999999e-06
   8e-06
   9.999999999999999e-06
   0.0
   5.999999999999999e-06
   0.0
   4e-06
   2e-06
   2e-06
   2e-06
   2e-06
   0.0
   0.0
   0.0
   2e-06
   2e-06
   0.0
   0.0
   2e-06
   2e-06
   0.0
   4e-06
   0.0
   0.0
   0.0
   0.0
   0.0
   0.0
   0.0
   2e-06
   0.0
   0.0
   0.0
   2e-06
   0.0
   4e-06
   2e-06
   0.0
   2e-06
   0.0
   0.0
   0.0
   0.0
   0.0
   0.0
   0.0
   0.0
   2e-06
   0.0
   0.0
   0.0
   0.0
   0.0
   0.0
   0.0
   0.0
   0.0
   2e-06
   0.0
   0.0
   0.0
   0.0
   0.0
   0.0
   0.0
   0.0
   0.0
   0.0
   0.0
   0.0
   0.0
   0.0
   0.0
   0.0
   0.0
   0.0
   0.0
   0.0
   0.0
   0.0
   0.0
   0.0
   0.0
   0.0
   0.0
   0.0
   0.0
   0.0
   0.0
   0.0
   0.0
   0.0
   0.0
   0.0
   0.0
   0.0
   0.0
   0.0
   0.0
   0.0
   0.0
   0.0
   0.0
   0.0
   0.0
   0.0
   0.0
   0.0
   0.0
   0.0
   0.0
   0.0
   0.0
   0.0
   0.0
   0.0
   0.0
   0.0
   0.0
   0.0
   0.0
   0.0
   0.0
   0.0
   0.0
   0.0
   0.0
   0.0
   0.0
   0.0
   0.0
   0.0
   0.0
   0.0
   0.0
   0.0
   0.0
   0.0
