   0.0
   0.0
   0.0
   0.0
   0.0
   0.0
   0.0
   0.0
   0.0
   0.0
   0.0
   0.0
   0.0
   0.0
   0.0
   0.0
   0.0
   0.0
   0.0
   0.0
   0.0
   0.0
   0.0
   0.0
   0.0
   0.0
   0.0
   0.0
   0.0
   0.0
   0.0
   0.0
   0.0
   0.0
   0.0
   0.0
   0.0
   0.0
   0.0
   0.0
   0.0
   0.0
   0.0
   0.0
   0.0
   0.0
   0.0
   0.0
   0.0
   0.0
   0.0
   0.0
   0.0
   0.0
   0.0
   0.0
   0.0
   0.0
   0.0
   0.0
   0.0
   0.0
   0.0
   0.0
   0.0
   0.0
   0.0
   0.0
   0.0
   0.0
   0.0
   0.0
   0.0
   0.0
   0.0
   0.0
   0.0
   0.0
   0.0
   0.0
   0.0
   0.0
   0.0
   0.0
   0.0
   0.0
   0.0
   0.0
   0.0
   0.0
   0.0
   0.0
   0.0
   0.0
   0.0
   0.0
   0.0
   0.0
   0.0
   0.0
   0.0
   0.0
   0.0
   0.0
   0.0
   0.0
   0.0
   0.0
   0.0
   0.0
   0.0
   0.0
   0.0
   0.0
   0.0
   0.0
   0.0
   0.0
   0.0
   0.0
   0.0
   0.0
   0.0
   0.0
   0.0
   0.0
   0.0
   0.0
   0.0
   0.0
   0.0
   0.0
   0.0
   0.0
   0.0
   0.0
   0.0
   0.0
   0.0
   0.0
   0.0
   0.0
   0.0
   0.0
   0.0
   0.0
   0.0
   0.0
   0.0
   0.0
   0.0
   0.0
   0.0
   0.0
   0.0
   0.0
   0.0
   0.0
   0.0
   0.0
   0.0
   0.0
   0.0
   0.0
   0.0
   0.0
   0.0
   0.0
   0.0
   0.0
   0.0
   0.0
   0.0
   0.0
   0.0
   0.0
   0.0
   0.0
   0.0
   0.0
   0.0
   0.0
   0.0
   0.0
   0.0
   0.0
   0.0
   0.0
   0.0
   0.0
   0.0
   0.0
   0.0
   0.0
   0.0
   0.0
   0.0
   0.0
   0.0
   0.0
   0.0
   0.0
   0.0
   0.0
   0.0
   0.0
   0.0
   0.0
   0.0
   0.0
   0.0
   0.0
   0.0
   0.0
   0.0
   0.0
   0.0
   0.0
   0.0
   0.0
   0.0
   0.0
   0.0
   0.0
   0.0
   0.0
   0.0
   0.0
   0.0
   0.0
   0.0
   0.0
   0.0
   0.0
   0.0
   0.0
   0.0
   0.0
   0.0
   0.0
   0.0
   0.0
   0.0
   0.0
   0.0
   0.0
   0.0
   0.0
   0.0
   0.0
   0.0
   0.0
   0.0
   0.0
   0.0
   0.0
   0.0
   0.0
   0.0
   0.0
   0.0
   0.0
   0.0
   0.0
   0.0
   0.0
   0.0
   0.0
   0.0
   0.0
   0.0
   0.0
   0.0
   0.0
   0.0
   0.0
   0.0
   0.0
   0.0
   0.0
   0.0
   0.0
   0.0
   0.0
   0.0
   0.0
   0.0
   0.0
   0.0
   0.0
   0.0
   0.0
   0.0
   0.0
   0.0
   0.0
   0.0
   0.0
   0.0
   0.0
   0.0
   0.0
   0.0
   0.0
   0.0
   0.0
   0.0
   0.0
   0.0
   0.0
   0.0
   0.0
   0.0
   0.0
   0.0
   0.0
   0.0
   0.0
   0.0
   0.0
   0.0
   0.0
   0.0
   0.0
   0.0
   0.0
   0.0
   0.0
   0.0
   0.0
   0.0
   0.0
   0.0
   0.0
   0.0
   0.0
   0.0
   0.0
   0.0
   0.0
   0.0
   0.0
   0.0
   0.0
   0.0
   0.0
   0.0
   0.0
   0.0
   0.0
   0.0
   0.0
   0.0
   0.0
   0.0
   0.0
   0.0
   0.0
   0.0
   0.0
   0.0
   0.0
   0.0
   0.0
   0.0
   0.0
   0.0
   0.0
   0.0
   0.0
   0.0
   0.0
   0.0
   0.0
   0.0
   0.0
   0.0
   0.0
   0.0
   0.0
   0.0
   0.0
   0.0
   0.0
   0.0
   0.0
   0.0
   0.0
   0.0
   0.0
   0.0
   0.0
   0.0
   0.0
   0.0
   0.0
   0.0
   0.0
   0.0
   0.0
   0.0
   0.0
   0.0
   0.0
   0.0
   0.0
   0.0
   0.0
   0.0
   0.0
   4e-06
   0.0
   2e-06
   0.0
   5.999999999999999e-06
   0.0
   0.0
   0.0
   5.999999999999999e-06
   0.0
   4e-06
   0.0
   4e-06
   2e-06
   2e-06
   4e-06
   2e-06
   0.0
   0.0
   4e-06
   5.999999999999999e-06
   0.0
   2e-06
   2e-06
   2e-06
   0.0
   8e-06
   4e-06
   4e-06
   0.0
   2e-06
   4e-06
   0.0
   0.0
   5.999999999999999e-06
   2e-06
   2e-06
   4e-06
   2e-06
   2e-06
   2e-06
   4e-06
   4e-06
   0.0
   0.0
   4e-06
   4e-06
   2e-06
   2e-06
   2e-06
   4e-06
   0.0
   4e-06
   2e-06
   2e-06
   0.0
   0.0
   0.0
   4e-06
   4e-06
   5.999999999999999e-06
   0.0
   4e-06
   0.0
   2e-06
   0.0
   4e-06
   2e-06
   5.999999999999999e-06
   5.999999999999999e-06
   2e-06
   4e-06
   2e-06
   2e-06
   2e-06
   4e-06
   4e-06
   9.999999999999999e-06
   8e-06
   5.999999999999999e-06
   2e-06
   8e-06
   4e-06
   9.999999999999999e-06
   8e-06
   4e-06
   4e-06
   5.999999999999999e-06
   4e-06
   5.999999999999999e-06
   5.999999999999999e-06
   5.999999999999999e-06
   9.999999999999999e-06
   4e-06
   4e-06
   4e-06
   8e-06
   2e-06
   4e-06
   8e-06
   1.6e-05
   5.999999999999999e-06
   1.1999999999999999e-05
   1.3999999999999998e-05
   5.999999999999999e-06
   1.7999999999999997e-05
   2e-06
   8e-06
   8e-06
   1.3999999999999998e-05
   5.999999999999999e-06
   5.999999999999999e-06
   5.999999999999999e-06
   5.999999999999999e-06
   1.1999999999999999e-05
   5.999999999999999e-06
   1.1999999999999999e-05
   1.9999999999999998e-05
   8e-06
   1.1999999999999999e-05
   1.6e-05
   5.999999999999999e-06
   9.999999999999999e-06
   1.6e-05
   1.9999999999999998e-05
   9.999999999999999e-06
   1.6e-05
   4e-06
   1.1999999999999999e-05
   1.9999999999999998e-05
   3.2e-05
   1.9999999999999998e-05
   3e-05
   1.9999999999999998e-05
   1.6e-05
   2.6e-05
   1.9999999999999998e-05
   1.1999999999999999e-05
   1.7999999999999997e-05
   2.6e-05
   2.2e-05
   2.2e-05
   2.2e-05
   1.6e-05
   2.3999999999999997e-05
   2.7999999999999996e-05
   3.4e-05
   2.7999999999999996e-05
   3.5999999999999994e-05
   3e-05
   1.7999999999999997e-05
   3e-05
   2.6e-05
   3.4e-05
   2.3999999999999997e-05
   2.7999999999999996e-05
   1.9999999999999998e-05
   3.9999999999999996e-05
   3.4e-05
   5.2e-05
   4.4e-05
   3.9999999999999996e-05
   4.4e-05
   2.7999999999999996e-05
   2.7999999999999996e-05
   4.4e-05
   3.9999999999999996e-05
   4.199999999999999e-05
   3.4e-05
   6e-05
   5.2e-05
   7.4e-05
   4.6e-05
   5.599999999999999e-05
   2.6e-05
   5.2e-05
   4.4e-05
   6.199999999999999e-05
   4.7999999999999994e-05
   4.4e-05
   7.4e-05
   6.199999999999999e-05
   4.199999999999999e-05
   6e-05
   7.199999999999999e-05
   6.8e-05
   5.4e-05
   6.4e-05
   8.399999999999998e-05
   6.4e-05
   6.6e-05
   7.599999999999999e-05
   7.999999999999999e-05
   6.8e-05
   5.4e-05
   8.399999999999998e-05
   0.0001
   9.799999999999998e-05
   8.199999999999999e-05
   0.00011199999999999998
   0.000108
   9.799999999999998e-05
   7.8e-05
   0.000108
   0.00011399999999999999
   0.0001
   0.000118
   0.00014199999999999998
   0.000126
   0.000122
   0.00014199999999999998
   0.000138
   9.4e-05
   0.000136
   0.00015999999999999999
   0.000118
   0.000158
   0.000166
   0.00015999999999999999
   0.000166
   0.000194
   0.00016399999999999997
   0.000158
   0.0002
   0.000198
   0.00020999999999999998
   0.000194
   0.00019199999999999998
   0.000194
   0.00024
   0.00022799999999999999
   0.00022999999999999998
   0.00021399999999999997
   0.00024
   0.00026599999999999996
   0.000246
   0.00026199999999999997
   0.00028399999999999996
   0.000264
   0.00026199999999999997
   0.000246
   0.000272
   0.000312
   0.0003
   0.00030199999999999997
   0.00038
   0.000294
   0.00032599999999999996
   0.000352
   0.000294
   0.000354
   0.00036999999999999994
   0.00036399999999999996
   0.000388
   0.00039799999999999997
   0.00042799999999999994
   0.00040399999999999995
   0.00046999999999999993
   0.000472
   0.000424
   0.00043
   0.000548
   0.000498
   0.000516
   0.000472
   0.000504
   0.000566
   0.000566
   0.00062
   0.0006279999999999999
   0.000616
   0.0006719999999999999
   0.000606
   0.0007160000000000001
   0.00067
   0.0006979999999999999
   0.000668
   0.0006959999999999999
   0.0007499999999999999
   0.000824
   0.000832
   0.000752
   0.000842
   0.000928
   0.000922
   0.0009299999999999999
   0.00098
   0.000966
   0.001026
   0.0010919999999999999
   0.001032
   0.001162
   0.0011699999999999998
   0.0011179999999999999
   0.001134
   0.001204
   0.001192
   0.0012439999999999999
   0.001242
   0.001364
   0.001316
   0.00137
   0.001424
   0.001442
   0.001476
   0.00153
   0.001602
   0.0016
   0.001622
   0.0017899999999999997
   0.001742
   0.0017459999999999997
   0.001744
   0.001816
   0.0018819999999999998
   0.001956
   0.001966
   0.002018
   0.0020859999999999997
   0.002126
   0.0022819999999999997
   0.002538
   0.002546
   0.00243
   0.002568
   0.0025239999999999998
   0.00268
   0.0028219999999999994
   0.002764
   0.0028339999999999997
   0.0030679999999999995
   0.003104
   0.003146
   0.003348
   0.003296
   0.00339
   0.003484
   0.003596
   0.003644
   0.003928
   0.0038939999999999995
   0.0038299999999999996
   0.003915999999999999
   0.003994
   0.004384
   0.004482
   0.004586
   0.004641999999999999
   0.00479
   0.0050739999999999995
   0.005054
   0.005398
   0.005498
   0.00563
   0.005705999999999999
   0.0058779999999999995
   0.0057599999999999995
   0.005992
   0.0062699999999999995
   0.006728
   0.0065639999999999995
   0.0068059999999999996
   0.006906
   0.00718
   0.00751
   0.0075580000000000005
   0.0075179999999999995
   0.008182
   0.008076
   0.008461999999999999
   0.008596
   0.009101999999999999
   0.00902
   0.009682
   0.00967
   0.009921999999999999
   0.009825999999999998
   0.010434
   0.010775999999999999
   0.010702
   0.010931999999999999
   0.011418000000000001
   0.01185
   0.011817999999999999
   0.012417999999999998
   0.012620000000000001
   0.012822
   0.013203999999999999
   0.013868
   0.014128
   0.014277999999999999
   0.014824
   0.015146
   0.015461999999999998
   0.015903999999999998
   0.016416
   0.016846
   0.017424
   0.017776
   0.018274
   0.018427999999999996
   0.019058
   0.020038
   0.020082
   0.020585999999999997
   0.021344
   0.022217999999999998
   0.022364
   0.023082
   0.023257999999999997
   0.024529999999999996
   0.024802
   0.025907999999999997
   0.026217999999999998
   0.026514
   0.02771
   0.028310000000000002
   0.028998
   0.029984
   0.030677999999999997
   0.031965999999999994
   0.032575999999999994
   0.033218
   0.034142
   0.034968
   0.03572
   0.036764
   0.037742
   0.039004
   0.039452
   0.040676
   0.041358
   0.04314199999999999
   0.043826000000000004
   0.04506399999999999
   0.046161999999999995
   0.047548
   0.04862
   0.050008
   0.05171799999999999
   0.05352
   0.05431799999999999
   0.056268
   0.056658
   0.058578
   0.06040399999999999
   0.0615
   0.062956
   0.065094
   0.066176
   0.068912
   0.069784
   0.07239
   0.07367599999999999
   0.076448
   0.07807599999999999
   0.08046199999999999
   0.082632
   0.08435399999999998
   0.08651199999999999
   0.0885
   0.091984
   0.09388
   0.095262
   0.09804999999999998
   0.101448
   0.10399399999999999
   0.10650799999999999
   0.10925199999999999
   0.112144
   0.11489799999999999
   0.118522
   0.122062
   0.125608
   0.127874
   0.13183399999999998
   0.134632
   0.13738599999999998
   0.142364
   0.146978
   0.150208
   0.15411
   0.158412
   0.16233399999999998
   0.16549799999999998
   0.169982
   0.17478
   0.180548
   0.18538599999999997
   0.190348
   0.193414
   0.200066
   0.204862
   0.21067599999999997
   0.217082
   0.22239799999999998
   0.22843599999999997
   0.233052
   0.240006
   0.246854
   0.253342
   0.259576
   0.265732
   0.27258999999999994
   0.281286
   0.28823
   0.29474
   0.30537
   0.3130899999999999
   0.32040399999999997
   0.32848599999999994
   0.338062
   0.345836
   0.35541799999999996
   0.36518
   0.37372599999999995
   0.385408
   0.393268
   0.403666
   0.41602399999999995
   0.42627199999999993
   0.438722
   0.45125199999999993
   0.460292
   0.47424
   0.487292
   0.500004
   0.5132599999999999
   0.527384
   0.539326
   0.553258
   0.571114
   0.5836399999999999
   0.598334
   0.61556
   0.6326299999999999
   0.6469719999999999
   0.66538
   0.6825100000000001
   0.7009759999999999
   0.7178819999999999
   0.737614
   0.756914
   0.7791319999999999
   0.7981659999999999
   0.817872
   0.840302
   0.8608499999999999
   0.883944
   0.9098459999999999
   0.934156
   0.9565199999999999
   0.982824
   1.012464
   1.0348739999999998
   1.0634759999999999
   1.090134
   1.1216739999999998
   1.148374
   1.17916
   1.209156
   1.2447179999999998
   1.279752
   1.311462
   1.3466099999999999
   1.3832959999999999
   1.4154439999999997
   1.4529859999999999
   1.495334
   1.53361
   1.5722859999999999
   1.61794
   1.6561899999999998
   1.6996459999999998
   1.7460519999999997
   1.7935019999999997
   1.841056
   1.8925759999999998
   1.9416259999999999
   1.9922339999999998
   2.049314
   2.1007279999999997
   2.154206
   2.21025
   2.2672999999999996
   2.324748
   2.375822
   2.4131679999999998
   2.4376339999999996
   2.4481659999999996
   2.44233
   2.437272
   2.41171
   2.37612
   2.3274239999999997
   2.268674
   2.210318
   2.1564059999999996
   2.099602
   2.04127
   1.9895619999999998
   1.938706
   1.890942
   1.8364639999999999
   1.79259
   1.74596
   1.702794
   1.6575419999999998
   1.6188099999999999
   1.573964
   1.5344360000000001
   1.492422
   1.454718
   1.4185379999999999
   1.3806379999999998
   1.34274
   1.312432
   1.277336
   1.2443319999999998
   1.212616
   1.1797779999999998
   1.148278
   1.123066
   1.090512
   1.065418
   1.03558
   1.008388
   0.9870019999999999
   0.9627479999999999
   0.9346599999999999
   0.913592
   0.887088
   0.865292
   0.8434579999999999
   0.8198239999999999
   0.8008299999999999
   0.7786919999999999
   0.758254
   0.7390399999999999
   0.719514
   0.702656
   0.6825939999999999
   0.667244
   0.64626
   0.631512
   0.616942
   0.598996
   0.586804
   0.568352
   0.5549219999999999
   0.5407839999999999
   0.526048
   0.5135
   0.498988
   0.485988
   0.474016
   0.46055999999999997
   0.45039999999999997
   0.43829199999999996
   0.428266
   0.41636399999999996
   0.405034
   0.39441999999999994
   0.38393799999999995
   0.375228
   0.36596599999999996
   0.354772
   0.34599599999999997
   0.336406
   0.328388
   0.319098
   0.311606
   0.303566
   0.29770199999999997
   0.287898
   0.27911199999999997
   0.273076
   0.267042
   0.26111399999999996
   0.252084
   0.24649
   0.24065599999999998
   0.23393199999999997
   0.22788599999999998
   0.222116
   0.21562399999999998
   0.211548
   0.20497999999999997
   0.20039
   0.193766
   0.190084
   0.18433399999999997
   0.17965399999999998
   0.17531
   0.171422
   0.16657999999999998
   0.16187799999999997
   0.15808599999999998
   0.15322799999999998
   0.14959599999999998
   0.146668
   0.14397
   0.138924
   0.13577199999999998
   0.131132
   0.12817599999999998
   0.12514999999999998
   0.12166199999999999
   0.118838
   0.11494
   0.112326
   0.10911
   0.10592199999999999
   0.10393599999999999
   0.101352
   0.098358
   0.09582999999999998
   0.093928
   0.09155999999999999
   0.088996
   0.08671
   0.084224
   0.082494
   0.08014999999999999
   0.07855999999999999
   0.07632599999999999
   0.074334
   0.072568
   0.07001399999999999
   0.068634
   0.066574
   0.06487
   0.06335
   0.06134599999999999
   0.06007799999999999
   0.058852
   0.057558
   0.05550399999999999
   0.054102000000000004
   0.053536
   0.051843999999999994
   0.049822
   0.04868599999999999
   0.047566
   0.046155999999999996
   0.045264
   0.043595999999999996
   0.04316999999999999
   0.042052
   0.040976
   0.039324
   0.03874
   0.037762
   0.037003999999999995
   0.035702
   0.034915999999999996
   0.033875999999999996
   0.033077999999999996
   0.03245
   0.031104
   0.030247999999999997
   0.029821999999999998
   0.029249999999999998
   0.02785
   0.027336
   0.026698
   0.026056
   0.025171999999999996
   0.024668
   0.024496
   0.023313999999999998
   0.02268
   0.022261999999999997
   0.021825999999999998
   0.021058
   0.020812
   0.0201
   0.019592
   0.018864
   0.018382
   0.018383999999999998
   0.017482
   0.017162
   0.016526
   0.01626
   0.015833999999999997
   0.015353999999999998
   0.015042
   0.014411999999999998
   0.014116
   0.013974
   0.013576
   0.013073999999999999
   0.012742
   0.012532
   0.01229
   0.012044
   0.011684
   0.011096
   0.01105
   0.011002
   0.010579999999999999
   0.010067999999999999
   0.009749999999999998
   0.00934
   0.00937
   0.009094
   0.008865999999999999
   0.008492
   0.008105999999999999
   0.008141999999999998
   0.008067999999999999
   0.007757999999999999
   0.007397999999999999
   0.007288
   0.007205999999999999
   0.007058
   0.0069099999999999995
   0.006614
   0.0065379999999999995
   0.006371999999999999
   0.006036
   0.006019999999999999
   0.005865999999999999
   0.005682
   0.005553999999999999
   0.005448
   0.005429999999999999
   0.005117999999999999
   0.0049299999999999995
   0.0049
   0.004788
   0.0046
   0.0044599999999999996
   0.004382
   0.004254
   0.004042
   0.003966
   0.003958
   0.003824
   0.0036220000000000002
   0.003512
   0.0034699999999999996
   0.0034699999999999996
   0.0032979999999999997
   0.003388
   0.003194
   0.00299
   0.0030459999999999997
   0.0028499999999999997
   0.0028799999999999997
   0.0028039999999999996
   0.0026039999999999995
   0.002522
   0.0026019999999999997
   0.002402
   0.00246
   0.002348
   0.0023439999999999997
   0.002238
   0.0021699999999999996
   0.002054
   0.0020359999999999996
   0.001996
   0.00201
   0.00202
   0.0019019999999999998
   0.001888
   0.001944
   0.0018379999999999998
   0.0017159999999999999
   0.001764
   0.0015259999999999998
   0.0015660000000000001
   0.00152
   0.0015239999999999997
   0.001444
   0.001462
   0.001476
   0.0013059999999999999
   0.001284
   0.0013599999999999999
   0.0012159999999999999
   0.0012779999999999998
   0.0011079999999999998
   0.001212
   0.0011099999999999999
   0.001184
   0.0011259999999999998
   0.001148
   0.0009639999999999999
   0.0010199999999999999
   0.001072
   0.000944
   0.000966
   0.00086
   0.000932
   0.0008399999999999999
   0.0008179999999999999
   0.000792
   0.0008559999999999999
   0.0007459999999999999
   0.000744
   0.0006839999999999999
   0.00067
   0.000738
   0.0006499999999999999
   0.0006279999999999999
   0.000626
   0.0005319999999999999
   0.000606
   0.0005639999999999999
   0.000626
   0.00045599999999999997
   0.00055
   0.0005459999999999999
   0.000508
   0.000458
   0.000472
   0.00040399999999999995
   0.000492
   0.000454
   0.00038
   0.00039799999999999997
   0.00048
   0.000386
   0.00040599999999999995
   0.00040399999999999995
   0.00033999999999999997
   0.000316
   0.00028799999999999995
   0.000354
   0.000316
   0.000276
   0.00030599999999999996
   0.0003
   0.00028799999999999995
   0.000318
   0.000276
   0.00026999999999999995
   0.00030399999999999996
   0.00025
   0.00024799999999999996
   0.00020999999999999998
   0.000216
   0.000276
   0.00018199999999999998
   0.00020199999999999998
   0.00019199999999999998
   0.00020199999999999998
   0.00016799999999999996
   0.00019
   0.000156
   0.00018199999999999998
   0.000194
   0.000172
   0.00016799999999999996
   0.00018199999999999998
   0.00018199999999999998
   0.00017399999999999997
   0.00015199999999999998
   0.00015
   0.00014
   0.00013
   0.000138
   0.000108
   0.000108
   0.000116
   0.000136
   0.00012399999999999998
   0.000118
   0.000132
   0.000106
   0.000146
   0.000102
   0.000106
   0.0001
   7.4e-05
   9.599999999999999e-05
   0.000104
   8.8e-05
   9.599999999999999e-05
   6.6e-05
   7.599999999999999e-05
   6.6e-05
   9.4e-05
   5e-05
   8.399999999999998e-05
   8.6e-05
   6.8e-05
   8.399999999999998e-05
   9.599999999999999e-05
   7.199999999999999e-05
   7.599999999999999e-05
   6.199999999999999e-05
   7.199999999999999e-05
   5.2e-05
   5e-05
   5.599999999999999e-05
   5e-05
   5.2e-05
   7.199999999999999e-05
   6e-05
   5.4e-05
   5e-05
   3.7999999999999995e-05
   3.7999999999999995e-05
   5e-05
   3.7999999999999995e-05
   3.7999999999999995e-05
   4.199999999999999e-05
   4.6e-05
   6e-05
   3.5999999999999994e-05
   5e-05
   2.7999999999999996e-05
   4.6e-05
   4.199999999999999e-05
   6.4e-05
   2.7999999999999996e-05
   3.4e-05
   3.5999999999999994e-05
   3.2e-05
   1.9999999999999998e-05
   1.6e-05
   3.7999999999999995e-05
   3.2e-05
   3.4e-05
   3.7999999999999995e-05
   3.2e-05
   2.7999999999999996e-05
   3e-05
   3.4e-05
   3.5999999999999994e-05
   3.5999999999999994e-05
   2.3999999999999997e-05
   3.5999999999999994e-05
   1.7999999999999997e-05
   1.6e-05
   1.6e-05
   1.7999999999999997e-05
   3.7999999999999995e-05
   3e-05
   2.2e-05
   1.9999999999999998e-05
   2.7999999999999996e-05
   2.7999999999999996e-05
   2.2e-05
   1.6e-05
   1.3999999999999998e-05
   2.2e-05
   2.3999999999999997e-05
   1.9999999999999998e-05
   1.7999999999999997e-05
   1.6e-05
   1.9999999999999998e-05
   1.3999999999999998e-05
   5.999999999999999e-06
   2.2e-05
   2.6e-05
   1.3999999999999998e-05
   1.9999999999999998e-05
   1.6e-05
   8e-06
   5.999999999999999e-06
   1.6e-05
   8e-06
   4e-06
   4e-06
   9.999999999999999e-06
   5.999999999999999e-06
   8e-06
   8e-06
   4e-06
   1.1999999999999999e-05
   2e-06
   5.999999999999999e-06
   8e-06
   1.1999999999999999e-05
   2e-06
   4e-06
   8e-06
   5.999999999999999e-06
   1.1999999999999999e-05
   4e-06
   4e-06
   1.1999999999999999e-05
   4e-06
   5.999999999999999e-06
   5.999999999999999e-06
   0.0
   4e-06
   4e-06
   4e-06
   2e-06
   4e-06
   0.0
   0.0
   2e-06
   2e-06
   8e-06
   0.0
   2e-06
   0.0
   0.0
   5.999999999999999e-06
   0.0
   2e-06
   0.0
   0.0
   2e-06
   0.0
   0.0
   2e-06
   4e-06
   0.0
   2e-06
   2e-06
   0.0
   2e-06
   0.0
   0.0
   2e-06
   2e-06
   0.0
   2e-06
   0.0
   2e-06
   2e-06
   4e-06
   0.0
   2e-06
   0.0
   0.0
   0.0
   0.0
   4e-06
   0.0
   0.0
   0.0
   0.0
   0.0
   2e-06
   2e-06
   2e-06
   0.0
   2e-06
   2e-06
   2e-06
   2e-06
   0.0
   0.0
   2e-06
   0.0
   4e-06
   2e-06
   0.0
   0.0
   0.0
   0.0
   2e-06
   0.0
   0.0
   0.0
   0.0
   0.0
   0.0
   0.0
   0.0
   0.0
   0.0
   0.0
   0.0
   0.0
   0.0
   0.0
   0.0
   0.0
   0.0
   0.0
   0.0
   0.0
   0.0
   0.0
   0.0
   0.0
   0.0
   0.0
   0.0
   0.0
   0.0
   0.0
   0.0
   0.0
   0.0
   0.0
   0.0
   0.0
   0.0
   0.0
   0.0
   0.0
   0.0
   0.0
   0.0
   0.0
   0.0
   0.0
   0.0
   0.0
   0.0
   0.0
   0.0
   0.0
   0.0
   0.0
   0.0
   0.0
   0.0
   0.0
   0.0
   0.0
   0.0
   0.0
   0.0
   0.0
   0.0
   0.0
   0.0
   0.0
   0.0
   0.0
   0.0
   0.0
   0.0
   0.0
   0.0
   0.0
   0.0
   0.0
   0.0
   0.0
   0.0
   0.0
   0.0
   0.0
   0.0
   0.0
   0.0
   0.0
   0.0
   0.0
   0.0
   0.0
   0.0
   0.0
   0.0
   0.0
   0.0
   0.0
   0.0
   0.0
   0.0
   0.0
   0.0
   0.0
   0.0
   0.0
   0.0
   0.0
   0.0
   0.0
   0.0
   0.0
   0.0
   0.0
   0.0
   0.0
   0.0
   0.0
   0.0
   0.0
   0.0
   0.0
   0.0
   0.0
   0.0
   0.0
   0.0
   0.0
   0.0
   0.0
   0.0
   0.0
   0.0
   0.0
   0.0
   0.0
   0.0
   0.0
   0.0
   0.0
   0.0
   0.0
   0.0
   0.0
   0.0
   0.0
   0.0
   0.0
   0.0
   0.0
   0.0
   0.0
   0.0
   0.0
   0.0
   0.0
   0.0
   0.0
   0.0
   0.0
   0.0
   0.0
   0.0
   0.0
   0.0
   0.0
   0.0
   0.0
   0.0
   0.0
   0.0
   0.0
   0.0
   0.0
   0.0
   0.0
   0.0
   0.0
   0.0
   0.0
   0.0
   0.0
   0.0
   0.0
   0.0
   0.0
   0.0
   0.0
   0.0
   0.0
   0.0
   0.0
   0.0
   0.0
   0.0
   0.0
   0.0
   0.0
   0.0
   0.0
   0.0
   0.0
   0.0
   0.0
   0.0
   0.0
   0.0
   0.0
   0.0
   0.0
   0.0
   0.0
   0.0
   0.0
   0.0
   0.0
   0.0
   0.0
   0.0
   0.0
   0.0
   0.0
   0.0
   0.0
   0.0
   0.0
   0.0
   0.0
   0.0
   0.0
   0.0
   0.0
   0.0
   0.0
   0.0
   0.0
   0.0
   0.0
   0.0
   0.0
   0.0
   0.0
   0.0
   0.0
   0.0
   0.0
   0.0
   0.0
   0.0
   0.0
   0.0
   0.0
   0.0
   0.0
   0.0
   0.0
   0.0
   0.0
   0.0
   0.0
   0.0
   0.0
   0.0
   0.0
   0.0
   0.0
   0.0
   0.0
   0.0
   0.0
   0.0
   0.0
   0.0
   0.0
   0.0
   0.0
   0.0
   0.0
   0.0
   0.0
   0.0
   0.0
   0.0
   0.0
   0.0
   0.0
   0.0
   0.0
   0.0
   0.0
   0.0
   0.0
   0.0
   0.0
   0.0
   0.0
   0.0
   0.0
   0.0
   0.0
   0.0
   0.0
   0.0
   0.0
   0.0
   0.0
   0.0
   0.0
   0.0
   0.0
   0.0
   0.0
   0.0
   0.0
   0.0
   0.0
   0.0
   0.0
   0.0
   0.0
   0.0
   0.0
   0.0
   0.0
   0.0
   0.0
   0.0
   0.0
   0.0
   0.0
   0.0
   0.0
   0.0
   0.0
   0.0
   0.0
   0.0
   0.0
   0.0
   0.0
   0.0
   0.0
   0.0
   0.0
   0.0
   0.0
   0.0
   0.0
   0.0
   0.0
   0.0
   0.0
   0.0
   0.0
   0.0
   0.0
   0.0
   0.0
   0.0
   0.0
   0.0
   0.0
   0.0
   0.0
   0.0
   0.0
   0.0
   0.0
   0.0
   0.0
   0.0
   0.0
   0.0
   0.0
   0.0
   0.0
   0.0
   0.0
   0.0
   0.0
   0.0
   0.0
   0.0
   0.0
   0.0
   0.0
   0.0
   0.0
   0.0
   0.0
   0.0
   0.0
   0.0
   0.0
   0.0
   0.0
   0.0
   0.0
   0.0
   0.0
   0.0
   0.0
   0.0
   0.0
   0.0
   0.0
   0.0
   0.0
   0.0
   0.0
   0.0
   0.0
   0.0
   0.0
   0.0
   0.0
   0.0
   0.0
   0.0
   0.0
   0.0
   0.0
   0.0
   0.0
   0.0
   0.0
   0.0
   0.0
