   35.1384
   68.822
   96.3296
   116.90780000000001
   133.9874
   148.02960000000002
   158.232
   166.8274
   174.75320000000002
   179.6964
   183.3922
   186.25959999999998
   188.896
   191.0518
   193.097
   194.525
   195.4786
   197.2952
   198.4138
   198.239
   197.42159999999998
   197.96800000000002
   198.64759999999998
   199.307
   199.3584
   199.23839999999998
   198.9848
   198.4726
   198.86520000000002
   198.422
   198.72220000000002
   198.8794
   199.6364
   199.2338
   199.34019999999998
   199.3616
   200.65460000000002
   200.6682
   201.4332
   202.0524
   201.125
   200.183
   199.8444
   200.1242
   200.5708
   200.22060000000002
   201.23540000000003
   201.5222
   200.6466
   200.62359999999998
   200.1924
   199.4162
   199.4202
   198.575
   198.7922
   198.2628
   198.027
   197.9204
   198.8022
   198.9656
   198.2096
   198.47639999999998
   198.48399999999998
   198.388
   198.9276
   198.6036
   198.872
   198.1144
   199.3132
   199.9072
   200.2082
   200.30239999999998
   200.26039999999998
   200.6526
   200.9078
   200.62959999999998
   200.46240000000003
   199.8658
   199.09799999999998
   198.3058
   198.8308
   198.6518
   197.672
   196.2788
   196.0708
   195.018
   192.5906
   191.02360000000002
   187.6748
   184.1174
   179.8354
   173.7412
   167.07760000000002
   158.56799999999998
   148.125
   134.805
   117.9284
   96.64160000000001
   69.234
   35.1888
