   1.31958
   1.80677
   1.9372
   1.9911999999999999
   1.9954
   2.00066
   2.00108
   2.00402
   2.01067
   1.99072
   2.00614
   2.0090500000000002
   2.00787
   2.00008
   2.00078
   2.01032
   1.9947599999999999
   1.9959999999999998
   2.00073
   1.99761
   2.00756
   1.9944799999999998
   1.9954800000000001
   2.00902
   2.00244
   2.01067
   1.9933800000000002
   2.004
   2.0051300000000003
   2.00515
   2.00832
   1.99258
   2.01025
   1.9937799999999999
   2.00179
   2.00284
   2.00123
   2.007
   1.9959600000000002
   1.99725
   1.9990899999999998
   1.9943300000000002
   1.9948299999999999
   1.9984700000000002
   1.99738
   2.00069
   2.00733
   1.9969899999999998
   1.9990500000000002
   1.9979299999999998
   1.99904
   2.00752
   2.00461
   1.99309
   1.9949000000000001
   2.0025
   1.99855
   2.00439
   1.99258
   2.00243
   2.00943
   2.00634
   1.9994999999999998
   2.00108
   2.0015
   1.9994399999999999
   1.9949000000000001
   1.99449
   1.9993400000000001
   2.00143
   1.9830899999999998
   1.99071
   1.9996900000000002
   2.00245
   1.9992400000000001
   1.9959600000000002
   2.01916
   2.01342
   2.00951
   2.00941
   2.0113700000000003
   1.9945399999999998
   1.99486
   2.00325
   1.9965400000000002
   1.99679
   1.9988800000000002
   1.9905
   2.00722
   1.99833
   2.00742
   1.98915
   1.99295
   1.99071
   1.98616
   1.99438
   1.97535
   1.9333
   1.79852
   1.3264500000000001
