   6.4613000000000005
   10.7712
   13.766700000000002
   15.6362
   17.098
   18.066399999999998
   18.689600000000002
   19.0837
   19.3946
   19.628300000000003
   19.7559
   20.014499999999998
   20.194799999999997
   20.1491
   20.119400000000002
   19.9437
   19.978
   19.9321
   19.950100000000003
   20.1244
   20.0178
   20.025000000000002
   20.019000000000002
   20.0109
   20.1936
   20.0107
   20.111
   20.0703
   20.006
   19.8541
   19.8824
   19.9522
   19.9993
   20.0202
   20.0401
   19.9795
   20.106299999999997
   20.2183
   20.2651
   20.2044
   20.1787
   20.1998
   19.9887
   20.079
   20.0526
   19.920099999999998
   19.8949
   20.0172
   19.9738
   20.0686
   20.1327
   20.008200000000002
   19.9408
   19.8027
   19.7639
   19.9126
   19.9184
   19.7223
   19.802400000000002
   19.801299999999998
   19.7269
   19.6043
   19.6079
   19.7423
   19.938200000000002
   19.9246
   19.920199999999998
   20.0329
   20.1053
   20.1131
   20.1794
   20.1111
   20.0527
   20.1058
   20.221600000000002
   20.3008
   20.3921
   20.3602
   20.1066
   20.0389
   20.0441
   20.0603
   20.0348
   19.9403
   19.983999999999998
   19.9242
   20.0274
   20.058799999999998
   19.8706
   19.7932
   19.8219
   19.6848
   19.3047
   18.834200000000003
   18.1388
   17.146
   15.6282
   13.6917
   10.7638
   6.439100000000001
