   1.39789
   1.83096
   1.94389
   1.97126
   2.00155
   1.99623
   2.0001700000000002
   1.99083
   2.00094
   2.00116
   2.00481
   1.9930400000000001
   1.9981900000000001
   1.98593
   1.98724
   2.00482
   1.99871
   2.00461
   1.9978200000000002
   1.99972
   2.00704
   2.00507
   1.98567
   2.00556
   1.9931299999999998
   2.00574
   2.0043100000000003
   2.00375
   1.99134
   2.00329
   1.9992800000000002
   1.9940900000000001
   1.9897999999999998
   1.9946599999999999
   2.0037800000000003
   1.99663
   1.98735
   1.99873
   2.00696
   2.00001
   1.9918600000000002
   1.9975300000000002
   1.99271
   2.00033
   2.00394
   1.99672
   1.9956399999999999
   2.00875
   2.00451
   2.00875
   1.9923099999999998
   1.98978
   1.99874
   2.00965
   2.00083
   1.99419
   1.99973
   2.00233
   2.00196
   2.00095
   1.99567
   1.9898200000000001
   2.01059
   2.00407
   1.9972699999999999
   1.9890100000000002
   1.9917500000000001
   1.9951
   1.9967700000000002
   2.0043100000000003
   1.99445
   1.9966000000000002
   2.00555
   2.00305
   2.00338
   2.00355
   2.00325
   2.00688
   1.9940900000000001
   2.00443
   1.9973299999999998
   2.00732
   2.0037599999999998
   1.9912699999999999
   1.99295
   1.99912
   1.9948000000000001
   1.99534
   2.00115
   2.01042
   1.9959500000000001
   2.00416
   1.9860900000000001
   2.00904
   2.0042299999999997
   1.98926
   1.9780699999999998
   1.9418600000000001
   1.83324
   1.39326
