   0.0
   0.0
   0.0
   4e-06
   0.0
   2e-06
   0.0
   0.0
   2e-06
   0.0
   2e-06
   0.0
   0.0
   0.0
   0.0
   4e-06
   2e-06
   2e-06
   0.0
   4e-06
   2e-06
   2e-06
   0.0
   0.0
   8e-06
   0.0
   0.0
   0.0
   0.0
   0.0
   5.999999999999999e-06
   5.999999999999999e-06
   0.0
   0.0
   0.0
   5.999999999999999e-06
   0.0
   2e-06
   0.0
   4e-06
   2e-06
   4e-06
   0.0
   4e-06
   4e-06
   2e-06
   2e-06
   2e-06
   0.0
   5.999999999999999e-06
   4e-06
   2e-06
   2e-06
   4e-06
   4e-06
   4e-06
   5.999999999999999e-06
   4e-06
   1.3999999999999998e-05
   0.0
   8e-06
   9.999999999999999e-06
   9.999999999999999e-06
   4e-06
   1.1999999999999999e-05
   1.6e-05
   8e-06
   5.999999999999999e-06
   8e-06
   1.6e-05
   8e-06
   1.7999999999999997e-05
   1.6e-05
   2.2e-05
   3.5999999999999994e-05
   1.9999999999999998e-05
   1.3999999999999998e-05
   2.6e-05
   3e-05
   3.7999999999999995e-05
   1.9999999999999998e-05
   2.6e-05
   3e-05
   3.4e-05
   2.6e-05
   3.2e-05
   4.6e-05
   3.9999999999999996e-05
   3.7999999999999995e-05
   3.5999999999999994e-05
   4.7999999999999994e-05
   5.4e-05
   4.6e-05
   6.199999999999999e-05
   6.8e-05
   6.8e-05
   8.999999999999999e-05
   6e-05
   6.8e-05
   8.999999999999999e-05
   8.6e-05
   0.000102
   9.799999999999998e-05
   8.399999999999998e-05
   7e-05
   0.00012399999999999998
   0.00010999999999999999
   0.00014
   0.00011399999999999999
   9.4e-05
   0.000148
   0.00019
   0.000138
   0.000166
   0.000176
   0.00024
   0.000198
   0.000216
   0.00020199999999999998
   0.00023799999999999998
   0.00028399999999999996
   0.000264
   0.000318
   0.000338
   0.000338
   0.000298
   0.00039
   0.00042599999999999995
   0.000436
   0.00044199999999999996
   0.00042599999999999995
   0.00053
   0.00055
   0.000588
   0.000626
   0.000642
   0.000646
   0.0007619999999999999
   0.000774
   0.000804
   0.0008959999999999999
   0.000892
   0.001044
   0.001054
   0.001134
   0.001176
   0.0011819999999999999
   0.001252
   0.0014019999999999998
   0.00141
   0.0014399999999999999
   0.00171
   0.001652
   0.0018859999999999999
   0.001764
   0.0020039999999999997
   0.0021639999999999997
   0.002358
   0.002322
   0.002528
   0.00276
   0.002936
   0.0030499999999999998
   0.0032819999999999998
   0.003376
   0.003598
   0.0037419999999999997
   0.003992
   0.004298
   0.00469
   0.004938
   0.005076
   0.005428
   0.005578
   0.006183999999999999
   0.00624
   0.006817999999999999
   0.007267999999999999
   0.007611999999999999
   0.007951999999999999
   0.008752
   0.009358
   0.009359999999999999
   0.010246
   0.010686
   0.011398
   0.012114
   0.012823999999999999
   0.013362
   0.014281999999999998
   0.014896
   0.015795999999999998
   0.016989999999999998
   0.018217999999999998
   0.019355999999999998
   0.02033
   0.021692
   0.022907999999999998
   0.024069999999999998
   0.025744
   0.027034
   0.028652
   0.030669999999999996
   0.031908
   0.034109999999999994
   0.035246
   0.038371999999999996
   0.04069999999999999
   0.04294799999999999
   0.045447999999999995
   0.047524000000000004
   0.050131999999999996
   0.05439
   0.056541999999999995
   0.06023599999999999
   0.06334
   0.06742999999999999
   0.07149599999999999
   0.07658999999999999
   0.080678
   0.08502199999999999
   0.090112
   0.09488399999999998
   0.10070199999999999
   0.106876
   0.112916
   0.12063
   0.127716
   0.13497
   0.14279999999999998
   0.150354
   0.160144
   0.16922399999999999
   0.17937
   0.190596
   0.202618
   0.21384799999999998
   0.226202
   0.23894599999999996
   0.253146
   0.269204
   0.28443999999999997
   0.302004
   0.31852199999999997
   0.33943399999999996
   1.2650719999999998
   1.280186
   1.2933919999999999
   1.3013599999999999
   1.3018579999999997
   1.3046019999999998
   1.299062
   1.2922
   1.2804280000000001
   1.265518
   0.338282
   0.32067199999999996
   0.302332
   0.285142
   0.268642
   0.254934
   0.239032
   0.22633199999999998
   0.21380199999999996
   0.200512
   0.19071999999999997
   0.179084
   0.170012
   0.16000799999999998
   0.15114999999999998
   0.14177
   0.13572199999999998
   0.127106
   0.12099399999999999
   0.11299999999999999
   0.106912
   0.100892
   0.09552
   0.089604
   0.084962
   0.08035999999999999
   0.076
   0.07120399999999999
   0.06742599999999999
   0.064052
   0.06
   0.057555999999999996
   0.053706
   0.051146000000000004
   0.048069999999999995
   0.045450000000000004
   0.042541999999999996
   0.04019799999999999
   0.038472
   0.03632
   0.034148
   0.03245
   0.030155999999999995
   0.02843
   0.026993999999999997
   0.025785999999999996
   0.024231999999999997
   0.023138
   0.021148
   0.020111999999999998
   0.019237999999999998
   0.018286
   0.017203999999999997
   0.016184
   0.014989999999999998
   0.014591999999999999
   0.013338
   0.012623999999999998
   0.012107999999999999
   0.01121
   0.01052
   0.010022
   0.009656
   0.009394
   0.008668
   0.008294
   0.007435999999999999
   0.007174
   0.00679
   0.00657
   0.006024
   0.0057599999999999995
   0.00545
   0.005199999999999999
   0.004802
   0.004422
   0.00433
   0.004059999999999999
   0.003836
   0.003846
   0.0033659999999999996
   0.003296
   0.002974
   0.002832
   0.0026420000000000003
   0.002388
   0.002476
   0.0022359999999999997
   0.0021019999999999997
   0.00199
   0.0019
   0.0018059999999999999
   0.0018139999999999999
   0.001642
   0.001586
   0.0013459999999999998
   0.0013779999999999999
   0.001352
   0.0011539999999999999
   0.0012219999999999998
   0.001094
   0.001032
   0.000904
   0.000864
   0.000864
   0.00077
   0.000726
   0.0007559999999999999
   0.000688
   0.000638
   0.0005399999999999999
   0.000578
   0.00055
   0.000512
   0.0004959999999999999
   0.000432
   0.000434
   0.0004139999999999999
   0.00039199999999999993
   0.00037799999999999997
   0.00032199999999999997
   0.00032199999999999997
   0.00029
   0.00024
   0.00026999999999999995
   0.000254
   0.000244
   0.000234
   0.00021399999999999997
   0.00024
   0.000232
   0.00015
   0.000206
   0.000178
   0.00016799999999999996
   0.00016799999999999996
   0.00015
   0.00012
   0.00012
   0.00014
   8.999999999999999e-05
   8.999999999999999e-05
   9.4e-05
   8.199999999999999e-05
   8.6e-05
   8.399999999999998e-05
   0.000106
   9.2e-05
   8.399999999999998e-05
   5.4e-05
   5.599999999999999e-05
   3.4e-05
   5.2e-05
   5.4e-05
   3.4e-05
   6.4e-05
   5.4e-05
   4.4e-05
   3.9999999999999996e-05
   4.7999999999999994e-05
   3e-05
   3.4e-05
   1.6e-05
   2.7999999999999996e-05
   3.9999999999999996e-05
   1.6e-05
   3e-05
   1.9999999999999998e-05
   1.7999999999999997e-05
   1.7999999999999997e-05
   1.7999999999999997e-05
   1.3999999999999998e-05
   1.1999999999999999e-05
   2.2e-05
   2.3999999999999997e-05
   1.9999999999999998e-05
   1.7999999999999997e-05
   8e-06
   1.7999999999999997e-05
   2.2e-05
   1.6e-05
   4e-06
   1.3999999999999998e-05
   9.999999999999999e-06
   5.999999999999999e-06
   1.1999999999999999e-05
   4e-06
   2e-06
   8e-06
   4e-06
   8e-06
   2e-06
   8e-06
   4e-06
   4e-06
   8e-06
   2e-06
   5.999999999999999e-06
   0.0
   2e-06
   2e-06
   4e-06
   0.0
   8e-06
   4e-06
   0.0
   0.0
   0.0
   2e-06
   1.1999999999999999e-05
   4e-06
   0.0
   0.0
   2e-06
   0.0
   0.0
   0.0
   0.0
   0.0
   4e-06
   2e-06
   0.0
   0.0
   2e-06
   0.0
   0.0
   0.0
   0.0
   0.0
   0.0
   0.0
   2e-06
   2e-06
   0.0
   0.0
   0.0
   0.0
   0.0
   0.0
   2e-06
   0.0
   0.0
   0.0
   0.0
   0.0
