   0.0
   0.0
   0.0
   0.0
   0.0
   0.0
   0.0
   0.0
   0.0
   0.0
   0.0
   0.0
   0.0
   0.0
   0.0
   0.0
   0.0
   0.0
   0.0
   0.0
   0.0
   0.0
   0.0
   0.0
   0.0
   0.0
   0.0
   0.0
   0.0
   0.0
   0.0
   0.0
   0.0
   0.0
   0.0
   0.0
   0.0
   0.0
   0.0
   0.0
   0.0
   0.0
   0.0
   0.0
   0.0
   0.0
   0.0
   0.0
   0.0
   0.0
   0.0
   0.0
   0.0
   0.0
   0.0
   0.0
   0.0
   0.0
   0.0
   0.0
   0.0
   0.0
   0.0
   0.0
   0.0
   0.0
   0.0
   0.0
   0.0
   0.0
   0.0
   0.0
   0.0
   0.0
   0.0
   0.0
   0.0
   0.0
   0.0
   0.0
   0.0
   0.0
   0.0
   0.0
   0.0
   0.0
   0.0
   0.0
   0.0
   0.0
   0.0
   2e-06
   0.0
   0.0
   0.0
   0.0
   0.0
   0.0
   0.0
   2e-06
   0.0
   0.0
   0.0
   0.0
   0.0
   0.0
   0.0
   0.0
   0.0
   0.0
   0.0
   0.0
   0.0
   0.0
   0.0
   0.0
   0.0
   0.0
   0.0
   0.0
   2e-06
   0.0
   0.0
   2e-06
   0.0
   0.0
   0.0
   0.0
   0.0
   2e-06
   0.0
   2e-06
   0.0
   2e-06
   0.0
   0.0
   0.0
   2e-06
   0.0
   2e-06
   2e-06
   0.0
   2e-06
   2e-06
   2e-06
   4e-06
   0.0
   4e-06
   0.0
   2e-06
   4e-06
   2e-06
   4e-06
   2e-06
   0.0
   0.0
   2e-06
   0.0
   4e-06
   4e-06
   2e-06
   2e-06
   0.0
   4e-06
   2e-06
   8e-06
   5.999999999999999e-06
   2e-06
   2.3999999999999997e-05
   9.999999999999999e-06
   9.999999999999999e-06
   1.1999999999999999e-05
   9.999999999999999e-06
   9.999999999999999e-06
   9.999999999999999e-06
   9.999999999999999e-06
   1.1999999999999999e-05
   9.999999999999999e-06
   1.3999999999999998e-05
   1.9999999999999998e-05
   9.999999999999999e-06
   1.7999999999999997e-05
   2.6e-05
   1.3999999999999998e-05
   9.999999999999999e-06
   1.7999999999999997e-05
   1.9999999999999998e-05
   2.6e-05
   2.3999999999999997e-05
   1.3999999999999998e-05
   1.6e-05
   3.7999999999999995e-05
   1.6e-05
   2.3999999999999997e-05
   1.7999999999999997e-05
   3.4e-05
   3.2e-05
   1.3999999999999998e-05
   3.9999999999999996e-05
   3.4e-05
   4.6e-05
   4.6e-05
   4.4e-05
   5.4e-05
   7.199999999999999e-05
   3e-05
   4.6e-05
   5e-05
   5.599999999999999e-05
   6.6e-05
   7.8e-05
   6.8e-05
   7.599999999999999e-05
   6.8e-05
   8.6e-05
   6.4e-05
   6.199999999999999e-05
   6.8e-05
   7.4e-05
   0.000108
   8.199999999999999e-05
   0.000128
   0.000132
   0.00010999999999999999
   0.00012399999999999998
   0.00010999999999999999
   0.00015999999999999999
   0.000176
   0.000162
   0.000176
   0.000136
   0.00016799999999999996
   0.000188
   0.00020999999999999998
   0.00019599999999999997
   0.00021999999999999998
   0.000276
   0.000258
   0.00026199999999999997
   0.00028399999999999996
   0.000272
   0.000256
   0.00030399999999999996
   0.000294
   0.00034799999999999995
   0.00033599999999999993
   0.00036399999999999996
   0.000366
   0.00033
   0.00041999999999999996
   0.000494
   0.000516
   0.0005099999999999999
   0.000526
   0.0005459999999999999
   0.00062
   0.000544
   0.0006439999999999999
   0.000646
   0.0006979999999999999
   0.00078
   0.000802
   0.000816
   0.000958
   0.001014
   0.001014
   0.001088
   0.0010919999999999999
   0.0010799999999999998
   0.001088
   0.00125
   0.0012239999999999998
   0.001308
   0.001462
   0.001332
   0.001516
   0.00164
   0.001742
   0.0018579999999999998
   0.001876
   0.002042
   0.0021139999999999996
   0.0021639999999999997
   0.0021379999999999997
   0.002464
   0.0025859999999999998
   0.0025080000000000002
   0.0028339999999999997
   0.0031399999999999996
   0.003208
   0.003308
   0.003544
   0.0037219999999999996
   0.003858
   0.004064
   0.004248
   0.004476
   0.0047279999999999996
   0.004954
   0.005036
   0.005437999999999999
   0.005528
   0.006102
   0.0067540000000000005
   0.006826
   0.0072239999999999995
   0.0073219999999999995
   0.00771
   0.007958
   0.008419999999999999
   0.008766
   0.009432
   0.009978
   0.010511999999999999
   0.010853999999999999
   0.01113
   0.012267999999999998
   0.012891999999999999
   0.013493999999999999
   0.014029999999999999
   0.01479
   0.014871999999999998
   0.01596
   0.016773999999999997
   0.017844
   0.018605999999999998
   0.019683999999999997
   0.020489999999999998
   0.021862
   0.022524
   0.024193999999999997
   0.025125999999999996
   0.026083999999999996
   0.027598
   0.029114
   0.030463999999999998
   0.031925999999999996
   0.033762
   0.035108
   0.037219999999999996
   0.039285999999999995
   0.040394
   0.042938000000000004
   0.04492
   0.04701999999999999
   0.049968
   0.052772
   0.054667999999999994
   0.057909999999999996
   0.05993799999999999
   0.06321199999999999
   0.066102
   0.07092
   0.073962
   0.077832
   0.08057999999999998
   0.0846
   0.090796
   0.096124
   0.098764
   0.10462799999999998
   0.109878
   0.11459
   0.121084
   0.12725399999999998
   0.132874
   0.140626
   0.147198
   0.155206
   0.16263799999999998
   0.17171599999999998
   0.18069999999999997
   0.188766
   0.199368
   0.209358
   0.219464
   0.231232
   0.24272599999999997
   0.254378
   0.26778199999999996
   0.28048199999999995
   0.29478
   0.309012
   0.32702
   0.342244
   0.36128
   0.378366
   0.39402
   0.415614
   0.43780199999999997
   0.460812
   0.48271
   0.506204
   0.534874
   0.561916
   1.636774
   1.660046
   1.679122
   1.6902239999999997
   1.6949859999999999
   1.693822
   1.687336
   1.6764419999999998
   1.6624679999999998
   1.6368279999999997
   0.5607139999999999
   0.53212
   0.508248
   0.483412
   0.459288
   0.43875200000000003
   0.41701
   0.39601200000000003
   0.375954
   0.3614379999999999
   0.34451
   0.32648799999999994
   0.311214
   0.295908
   0.28130599999999994
   0.26745199999999997
   0.25543799999999994
   0.242338
   0.23217000000000002
   0.218944
   0.208078
   0.19907
   0.19081999999999996
   0.180358
   0.170784
   0.16283599999999998
   0.15478199999999998
   0.14692
   0.141194
   0.13388
   0.127966
   0.12080999999999999
   0.115898
   0.110278
   0.10412199999999999
   0.099642
   0.09482600000000001
   0.08940999999999999
   0.08609599999999999
   0.081964
   0.077254
   0.074006
   0.07105
   0.067382
   0.063606
   0.061098
   0.058219999999999994
   0.055636
   0.052969999999999996
   0.050048
   0.047346
   0.044882
   0.043454
   0.04079
   0.039268
   0.03697
   0.034948
   0.034178
   0.032437999999999995
   0.030523999999999996
   0.028976000000000002
   0.027276
   0.026695999999999998
   0.025019999999999997
   0.024061999999999997
   0.022797999999999995
   0.021108
   0.019995999999999996
   0.019802
   0.018581999999999998
   0.017508
   0.01694
   0.015938
   0.015347999999999999
   0.014995999999999999
   0.013745999999999998
   0.013191999999999999
   0.012681999999999999
   0.011969999999999998
   0.01167
   0.011012000000000001
   0.010303999999999999
   0.009774
   0.009217999999999999
   0.008744
   0.008124
   0.008298
   0.00768
   0.007422
   0.007077999999999999
   0.006612
   0.006273999999999999
   0.006057999999999999
   0.005605999999999999
   0.005375999999999999
   0.004854
   0.004952
   0.004546
   0.00466
   0.0041519999999999994
   0.004142
   0.0037219999999999996
   0.003796
   0.0035379999999999995
   0.003142
   0.0032259999999999997
   0.003062
   0.002728
   0.002656
   0.002702
   0.002548
   0.002422
   0.00228
   0.0020399999999999997
   0.002204
   0.0020599999999999998
   0.0018139999999999999
   0.001698
   0.0015819999999999999
   0.001652
   0.001496
   0.001498
   0.0012339999999999999
   0.0013219999999999998
   0.001294
   0.00123
   0.001162
   0.0009939999999999999
   0.0009699999999999999
   0.000966
   0.0008979999999999999
   0.0009519999999999999
   0.000792
   0.000802
   0.000798
   0.0006959999999999999
   0.00067
   0.000606
   0.000648
   0.000516
   0.000638
   0.00055
   0.00053
   0.000374
   0.000508
   0.00043
   0.000388
   0.00036199999999999996
   0.000412
   0.000352
   0.00038399999999999996
   0.000294
   0.000338
   0.00033
   0.00026199999999999997
   0.00025
   0.000222
   0.000234
   0.00020999999999999998
   0.000252
   0.000212
   0.0002
   0.000208
   0.0002
   0.000158
   0.00016999999999999999
   0.00011199999999999998
   0.00015
   0.000116
   0.00012
   0.000108
   0.00011399999999999999
   0.000106
   8.999999999999999e-05
   9.2e-05
   9.799999999999998e-05
   0.000106
   9.599999999999999e-05
   7.999999999999999e-05
   7e-05
   8.399999999999998e-05
   9.2e-05
   8.6e-05
   4.7999999999999994e-05
   6e-05
   6.6e-05
   7.999999999999999e-05
   7.199999999999999e-05
   7e-05
   4.199999999999999e-05
   3.7999999999999995e-05
   3.9999999999999996e-05
   2.6e-05
   4.199999999999999e-05
   5.4e-05
   5e-05
   5e-05
   2.6e-05
   1.6e-05
   3e-05
   2.7999999999999996e-05
   2.7999999999999996e-05
   3.5999999999999994e-05
   2.3999999999999997e-05
   1.9999999999999998e-05
   1.6e-05
   2.2e-05
   3.4e-05
   2.2e-05
   3.4e-05
   1.1999999999999999e-05
   2.3999999999999997e-05
   1.3999999999999998e-05
   1.1999999999999999e-05
   2.6e-05
   4e-06
   1.3999999999999998e-05
   2.2e-05
   5.999999999999999e-06
   9.999999999999999e-06
   1.6e-05
   1.1999999999999999e-05
   1.7999999999999997e-05
   5.999999999999999e-06
   5.999999999999999e-06
   9.999999999999999e-06
   1.9999999999999998e-05
   1.3999999999999998e-05
   8e-06
   0.0
   4e-06
   1.9999999999999998e-05
   5.999999999999999e-06
   4e-06
   5.999999999999999e-06
   0.0
   9.999999999999999e-06
   4e-06
   2e-06
   9.999999999999999e-06
   8e-06
   8e-06
   2e-06
   2e-06
   0.0
   0.0
   2e-06
   0.0
   0.0
   0.0
   5.999999999999999e-06
   2e-06
   2e-06
   4e-06
   2e-06
   2e-06
   0.0
   4e-06
   0.0
   5.999999999999999e-06
   4e-06
   4e-06
   0.0
   2e-06
   0.0
   0.0
   0.0
   2e-06
   0.0
   0.0
   0.0
   0.0
   0.0
   0.0
   0.0
   0.0
   0.0
   2e-06
   2e-06
   0.0
   0.0
   4e-06
   0.0
   0.0
   2e-06
   0.0
   0.0
   0.0
   0.0
   0.0
   4e-06
   0.0
   0.0
   0.0
   0.0
   0.0
   0.0
   2e-06
   0.0
   0.0
   0.0
   0.0
   0.0
   0.0
   0.0
   0.0
   0.0
   0.0
   0.0
   0.0
   0.0
   0.0
   0.0
   0.0
   0.0
   2e-06
   0.0
   0.0
   0.0
   0.0
   0.0
   0.0
   0.0
   0.0
   0.0
   0.0
   0.0
   0.0
   0.0
   0.0
   0.0
   0.0
   0.0
   0.0
   0.0
   0.0
   0.0
   0.0
   2e-06
   0.0
   0.0
   0.0
   0.0
   0.0
   0.0
   0.0
   0.0
   0.0
   0.0
   0.0
   0.0
   0.0
   0.0
   0.0
   0.0
   0.0
   0.0
   0.0
   0.0
   0.0
   0.0
   0.0
   0.0
   0.0
   0.0
   0.0
   0.0
   0.0
   0.0
   0.0
   0.0
   0.0
   0.0
   0.0
   0.0
   0.0
   0.0
   0.0
   0.0
   0.0
   0.0
   0.0
   0.0
   0.0
   0.0
   0.0
   0.0
   0.0
   0.0
   0.0
   0.0
   0.0
   0.0
   0.0
   0.0
