   0.0
   0.0
   0.0
   0.0
   0.0
   0.0
   0.0
   0.0
   0.0
   0.0
   0.0
   0.0
   0.0
   0.0
   0.0
   0.0
   0.0
   0.0
   0.0
   0.0
   0.0
   0.0
   0.0
   0.0
   0.0
   0.0
   0.0
   0.0
   0.0
   0.0
   0.0
   0.0
   0.0
   0.0
   0.0
   0.0
   0.0
   0.0
   0.0
   0.0
   0.0
   0.0
   0.0
   0.0
   0.0
   4e-06
   0.0
   0.0
   0.0
   0.0
   0.0
   0.0
   0.0
   0.0
   0.0
   0.0
   0.0
   0.0
   0.0
   0.0
   0.0
   0.0
   0.0
   0.0
   0.0
   0.0
   0.0
   2e-06
   0.0
   0.0
   0.0
   0.0
   0.0
   0.0
   0.0
   0.0
   0.0
   0.0
   2e-06
   2e-06
   0.0
   0.0
   0.0
   0.0
   0.0
   0.0
   0.0
   0.0
   0.0
   0.0
   0.0
   2e-06
   0.0
   0.0
   4e-06
   0.0
   2e-06
   2e-06
   2e-06
   0.0
   4e-06
   0.0
   0.0
   9.999999999999999e-06
   2e-06
   2e-06
   4e-06
   4e-06
   8e-06
   0.0
   0.0
   0.0
   0.0
   8e-06
   1.1999999999999999e-05
   0.0
   2e-06
   1.1999999999999999e-05
   2e-06
   2e-06
   0.0
   5.999999999999999e-06
   2e-06
   8e-06
   5.999999999999999e-06
   9.999999999999999e-06
   5.999999999999999e-06
   4e-06
   8e-06
   8e-06
   8e-06
   4e-06
   0.0
   8e-06
   0.0
   4e-06
   2e-06
   4e-06
   4e-06
   9.999999999999999e-06
   8e-06
   1.3999999999999998e-05
   5.999999999999999e-06
   4e-06
   1.1999999999999999e-05
   8e-06
   9.999999999999999e-06
   1.3999999999999998e-05
   9.999999999999999e-06
   2e-06
   1.7999999999999997e-05
   8e-06
   1.3999999999999998e-05
   2.2e-05
   9.999999999999999e-06
   1.1999999999999999e-05
   1.9999999999999998e-05
   1.7999999999999997e-05
   1.9999999999999998e-05
   1.7999999999999997e-05
   3e-05
   2.6e-05
   1.9999999999999998e-05
   2.7999999999999996e-05
   4e-06
   2.3999999999999997e-05
   2.6e-05
   3.2e-05
   2.6e-05
   1.9999999999999998e-05
   1.6e-05
   2.2e-05
   1.9999999999999998e-05
   2.6e-05
   4.199999999999999e-05
   3.5999999999999994e-05
   2.3999999999999997e-05
   3.7999999999999995e-05
   2.6e-05
   4.199999999999999e-05
   2.3999999999999997e-05
   6.6e-05
   3.9999999999999996e-05
   6.8e-05
   5.2e-05
   5.4e-05
   5.2e-05
   5.599999999999999e-05
   5.599999999999999e-05
   6.8e-05
   7.599999999999999e-05
   5.8e-05
   8.6e-05
   8.6e-05
   5.4e-05
   9.599999999999999e-05
   7.599999999999999e-05
   7.4e-05
   0.000102
   9.4e-05
   9.799999999999998e-05
   0.000138
   0.00013
   0.000134
   0.000126
   0.000172
   0.00011399999999999999
   0.000178
   0.000148
   0.000132
   0.000172
   0.000206
   0.000146
   0.00016399999999999997
   0.000178
   0.000208
   0.00024799999999999996
   0.00023799999999999998
   0.000254
   0.00020199999999999998
   0.00033999999999999997
   0.00028399999999999996
   0.000294
   0.000292
   0.00031999999999999997
   0.000444
   0.000292
   0.00036199999999999996
   0.000368
   0.000422
   0.00042799999999999994
   0.000402
   0.00047599999999999997
   0.000452
   0.000508
   0.00055
   0.0004959999999999999
   0.000538
   0.000502
   0.000504
   0.000584
   0.000602
   0.0007619999999999999
   0.0007179999999999999
   0.0006719999999999999
   0.0008359999999999999
   0.000788
   0.0007419999999999999
   0.0008979999999999999
   0.0010379999999999999
   0.001006
   0.000958
   0.0010819999999999998
   0.0012159999999999999
   0.0012239999999999998
   0.0012259999999999999
   0.0013439999999999997
   0.001416
   0.0013019999999999998
   0.001414
   0.0015339999999999998
   0.001496
   0.0016679999999999998
   0.0018780000000000001
   0.0019839999999999997
   0.0018239999999999999
   0.00196
   0.002078
   0.002356
   0.002454
   0.0024259999999999998
   0.00255
   0.0028499999999999997
   0.002852
   0.002966
   0.0033439999999999998
   0.0033439999999999998
   0.0032939999999999996
   0.00343
   0.0039019999999999997
   0.0039059999999999997
   0.004292
   0.004268
   0.004522
   0.004676
   0.004928
   0.00528
   0.005206
   0.005676
   0.005796
   0.006149999999999999
   0.00643
   0.0067659999999999994
   0.007029999999999999
   0.007456
   0.0075899999999999995
   0.0078119999999999995
   0.008206
   0.008852
   0.0096
   0.010066
   0.010181999999999998
   0.010542
   0.011142
   0.011323999999999999
   0.012152
   0.012882
   0.013571999999999999
   0.013738
   0.014577999999999999
   0.014813999999999999
   0.015894
   0.016721999999999997
   0.017342
   0.018015999999999997
   0.018858
   0.020065999999999997
   0.020891999999999997
   0.021840000000000002
   0.023197999999999996
   0.024229999999999998
   0.025216
   0.026413999999999997
   0.027566
   0.028676
   0.030282
   0.031599999999999996
   0.033209999999999996
   0.033985999999999995
   0.036664
   0.038092
   0.040038
   0.041038
   0.04319
   0.044981999999999994
   0.047942
   0.049648
   0.051906
   0.05453999999999999
   0.057356000000000004
   0.058614
   0.062416
   0.06547399999999999
   0.067794
   0.07234399999999999
   0.07435
   0.07825599999999999
   0.080902
   0.08545399999999999
   0.08971599999999999
   0.09333599999999999
   0.09864599999999998
   0.10295399999999999
   0.10831199999999999
   0.11246
   0.118184
   0.12380999999999999
   0.128968
   0.135258
   0.14134
   0.14818199999999998
   0.15461799999999998
   0.16374799999999998
   0.16921399999999998
   0.177332
   0.186716
   0.19435999999999998
   0.20425599999999997
   0.21491799999999997
   0.22360999999999998
   0.234254
   0.24466000000000002
   0.255196
   0.267306
   0.27931
   0.293326
   0.307156
   0.322438
   0.33555
   0.35095
   0.368758
   0.383932
   0.4001239999999999
   0.4204419999999999
   0.441312
   0.462264
   0.482298
   0.5044719999999999
   0.532836
   0.5525739999999999
   0.5794779999999999
   0.6078939999999999
   0.6357219999999999
   0.6649339999999999
   0.6938619999999999
   1.831452
   1.86441
   1.87477
   1.897194
   1.902172
   1.899278
   1.895598
   1.8805319999999999
   1.864828
   1.8361659999999997
   0.697734
   0.6614680000000001
   0.6343219999999999
   0.606988
   0.58251
   0.553696
   0.5262039999999999
   0.505732
   0.483806
   0.462552
   0.439586
   0.42132000000000003
   0.403104
   0.384486
   0.36740799999999996
   0.353132
   0.334274
   0.32007599999999997
   0.307272
   0.29212599999999994
   0.281348
   0.26660799999999996
   0.25479399999999996
   0.24420399999999998
   0.233602
   0.22350799999999998
   0.212722
   0.20376399999999997
   0.194
   0.186218
   0.17856
   0.169178
   0.16199399999999997
   0.154648
   0.149476
   0.140476
   0.135838
   0.12939
   0.122532
   0.116842
   0.112618
   0.108184
   0.10348199999999999
   0.09853799999999999
   0.09418599999999999
   0.08943799999999999
   0.085248
   0.081922
   0.078092
   0.074918
   0.071808
   0.06863
   0.064922
   0.063372
   0.059877999999999994
   0.05721999999999999
   0.055021999999999995
   0.05209
   0.05013
   0.047358
   0.045335999999999994
   0.042901999999999996
   0.041274
   0.039774
   0.037913999999999996
   0.036174
   0.034485999999999996
   0.033035999999999996
   0.031962
   0.030802
   0.028626
   0.026794000000000002
   0.026164
   0.025493999999999996
   0.02404
   0.023465999999999997
   0.021549999999999996
   0.02085
   0.0201
   0.019208
   0.01788
   0.01739
   0.016949999999999996
   0.016055999999999997
   0.015231999999999999
   0.014427999999999998
   0.013656
   0.013203999999999999
   0.012578
   0.012103999999999998
   0.011763999999999998
   0.011276
   0.010369999999999999
   0.009854
   0.009361999999999999
   0.009408
   0.008832
   0.008496
   0.007958
   0.007724
   0.007253999999999999
   0.007148
   0.006549999999999999
   0.006535999999999999
   0.005946
   0.00573
   0.00567
   0.005109999999999999
   0.005058
   0.0046879999999999995
   0.004719999999999999
   0.0044659999999999995
   0.004084
   0.004105999999999999
   0.00391
   0.0035859999999999998
   0.003552
   0.003342
   0.0030719999999999996
   0.003174
   0.002874
   0.00304
   0.0027379999999999995
   0.002526
   0.002504
   0.0024319999999999997
   0.002312
   0.002224
   0.002
   0.0020139999999999997
   0.00189
   0.0018239999999999999
   0.001688
   0.0016719999999999999
   0.001764
   0.0015679999999999997
   0.0014320000000000001
   0.001316
   0.0013899999999999997
   0.0011979999999999998
   0.0012239999999999998
   0.00107
   0.001004
   0.001008
   0.000976
   0.0008619999999999999
   0.0008799999999999999
   0.000948
   0.0008579999999999999
   0.000726
   0.0006959999999999999
   0.0007859999999999999
   0.000708
   0.000738
   0.000646
   0.0006039999999999999
   0.00056
   0.0005099999999999999
   0.000566
   0.000536
   0.000548
   0.000494
   0.00044799999999999994
   0.00032799999999999995
   0.000388
   0.0004139999999999999
   0.000446
   0.000294
   0.00031399999999999993
   0.00035800000000000003
   0.000316
   0.00026
   0.00028399999999999996
   0.00025
   0.000252
   0.000252
   0.000198
   0.00020999999999999998
   0.000166
   0.00021399999999999997
   0.00021399999999999997
   0.000206
   0.00020999999999999998
   0.000148
   0.00017999999999999998
   0.00012399999999999998
   0.000146
   0.00015199999999999998
   0.000162
   0.000178
   8.399999999999998e-05
   0.00010999999999999999
   0.000102
   7.8e-05
   7.4e-05
   6e-05
   9.799999999999998e-05
   0.00011399999999999999
   8.6e-05
   7.199999999999999e-05
   5.8e-05
   0.000106
   6.199999999999999e-05
   5.4e-05
   8.6e-05
   5.2e-05
   6.6e-05
   6e-05
   5.2e-05
   4.4e-05
   6e-05
   5e-05
   5.8e-05
   4.7999999999999994e-05
   3.2e-05
   3e-05
   3.9999999999999996e-05
   4.199999999999999e-05
   3.4e-05
   3.5999999999999994e-05
   2.2e-05
   5.8e-05
   2.6e-05
   3e-05
   9.999999999999999e-06
   1.7999999999999997e-05
   2.7999999999999996e-05
   4.4e-05
   2.2e-05
   1.3999999999999998e-05
   2.2e-05
   2.3999999999999997e-05
   8e-06
   9.999999999999999e-06
   9.999999999999999e-06
   1.6e-05
   9.999999999999999e-06
   1.3999999999999998e-05
   8e-06
   2.6e-05
   9.999999999999999e-06
   2e-06
   1.6e-05
   1.7999999999999997e-05
   1.9999999999999998e-05
   1.9999999999999998e-05
   1.3999999999999998e-05
   2.2e-05
   8e-06
   1.6e-05
   1.3999999999999998e-05
   4e-06
   1.3999999999999998e-05
   4e-06
   2e-06
   4e-06
   0.0
   4e-06
   1.3999999999999998e-05
   8e-06
   4e-06
   1.3999999999999998e-05
   1.1999999999999999e-05
   4e-06
   4e-06
   5.999999999999999e-06
   0.0
   5.999999999999999e-06
   2e-06
   5.999999999999999e-06
   0.0
   0.0
   2e-06
   0.0
   2e-06
   0.0
   0.0
   4e-06
   2e-06
   4e-06
   0.0
   0.0
   0.0
   0.0
   0.0
   0.0
   0.0
   0.0
   0.0
   0.0
   2e-06
   5.999999999999999e-06
   0.0
   0.0
   5.999999999999999e-06
   2e-06
   0.0
   0.0
   0.0
   0.0
   2e-06
   0.0
   0.0
   0.0
   0.0
   0.0
   0.0
   0.0
   0.0
   0.0
   0.0
   2e-06
   0.0
   0.0
   0.0
   0.0
   0.0
   0.0
   0.0
   0.0
   0.0
   0.0
   0.0
   0.0
   0.0
   0.0
   0.0
   0.0
   0.0
   2e-06
   0.0
   0.0
   0.0
   0.0
   0.0
   0.0
   0.0
   0.0
   0.0
   0.0
   0.0
   0.0
   0.0
   0.0
   0.0
   0.0
   0.0
   0.0
   0.0
   0.0
   0.0
   0.0
   0.0
   0.0
   0.0
   0.0
   0.0
   0.0
   0.0
   0.0
   0.0
   0.0
   0.0
   0.0
   0.0
   0.0
   0.0
   0.0
   0.0
   0.0
   0.0
   0.0
   0.0
   0.0
   0.0
   0.0
   0.0
   0.0
   0.0
   0.0
   0.0
   0.0
   0.0
   0.0
   0.0
   0.0
   0.0
   0.0
   0.0
   0.0
   0.0
   0.0
   0.0
   0.0
   0.0
