   1.50278
   1.8296
   1.9451900000000002
   1.9816299999999998
   1.9923799999999998
   1.98668
   1.9951400000000001
   2.0026100000000002
   1.9902099999999998
   1.99537
   2.0025500000000003
   1.9878300000000002
   2.00203
   2.00693
   1.9921399999999998
   2.00204
   2.00572
   1.99895
   1.99031
   1.99971
   1.9999200000000001
   1.9959399999999998
   1.99914
   2.0005800000000002
   1.99891
   1.9923799999999998
   2.0051699999999997
   1.9950599999999998
   2.0017
   1.99805
   1.9961699999999998
   1.99579
   2.00413
   2.00074
   1.9878799999999999
   2.0018000000000002
   2.00038
   1.9916699999999998
   2.0008399999999997
   2.00265
   2.00982
   2.00447
   2.01573
   2.00624
   2.00836
   2.01172
   1.99891
   2.00412
   1.99408
   2.00135
   1.99826
   1.99335
   1.9999900000000002
   1.9986899999999999
   1.98866
   1.9932600000000003
   1.99848
   1.99391
   1.9936700000000003
   2.00041
   1.9965199999999999
   1.99726
   1.99838
   2.00025
   1.99786
   1.9918399999999998
   2.00449
   1.9996
   1.99421
   2.00876
   2.00061
   1.9968599999999999
   1.99569
   1.99714
   1.9937699999999998
   2.00357
   2.01073
   2.00334
   2.00038
   1.99943
   2.0065
   1.98385
   1.9991600000000003
   2.0013900000000002
   1.99616
   1.9937799999999999
   2.0127699999999997
   2.00103
   2.011
   1.99415
   1.9982199999999999
   1.99424
   1.99091
   1.9847299999999999
   1.99625
   1.9986199999999998
   1.98417
   1.9425000000000001
   1.8277100000000002
   1.5012400000000001
