   1.06127
   1.33511
   1.40633
   1.42347
   1.4229
   1.4283000000000001
   1.42728
   1.428
   1.42629
   1.42343
   1.41993
   1.43561
   1.42901
   1.431
   1.42508
   1.42062
   1.42669
   1.4341599999999999
   1.4304000000000001
   1.43003
   1.42416
   1.42839
   1.42736
   1.43263
   1.42566
   1.42663
   1.4306299999999998
   1.43446
   1.42886
   1.42981
   1.4257900000000001
   1.42604
   1.4303700000000001
   1.42787
   1.42221
   1.43024
   1.43438
   1.43217
   1.4289100000000001
   1.43547
   1.4278300000000002
   1.4225700000000001
   1.4215200000000001
   1.43162
   1.42517
   1.42656
   1.43127
   1.4289
   1.43533
   1.43123
   1.4276499999999999
   1.41943
   1.42758
   1.42592
   1.4232699999999998
   1.4346599999999998
   1.42251
   1.4253
   1.42561
   1.43367
   1.42795
   1.42919
   1.42781
   1.41911
   1.42463
   1.42748
   1.4305
   1.42595
   1.43795
   1.43179
   1.42969
   1.43088
   1.4214600000000002
   1.41989
   1.42657
   1.428
   1.4246999999999999
   1.4356799999999998
   1.42881
   1.42952
   1.41584
   1.43497
   1.4235
   1.42016
   1.42825
   1.42983
   1.4276799999999998
   1.4239899999999999
   1.43503
   1.43303
   1.42992
   1.4242299999999999
   1.42816
   1.42617
   1.42669
   1.43152
   1.417
   1.40357
   1.3449300000000002
   1.0638999999999998
