   3.2076399999999996
   4.46142
   5.27292
   5.7648600000000005
   6.10222
   6.322279999999999
   6.4315
   6.50674
   6.5915
   6.6083799999999995
   6.63846
   6.65626
   6.65418
   6.64536
   6.6555
   6.651
   6.66326
   6.65974
   6.681719999999999
   6.65674
   6.667439999999999
   6.69378
   6.68634
   6.685779999999999
   6.69908
   6.67484
   6.66658
   6.6667000000000005
   6.64194
   6.629599999999999
   6.6527199999999995
   6.649960000000001
   6.6501
   6.666320000000001
   6.6893400000000005
   6.649140000000001
   6.650780000000001
   6.65082
   6.68126
   6.67978
   6.66006
   6.632879999999999
   6.63444
   6.63002
   6.650720000000001
   6.66388
   6.6530000000000005
   6.6605
   6.64546
   6.67196
   6.667339999999999
   6.66018
   6.673659999999999
   6.65474
   6.652819999999999
   6.6811
   6.67212
   6.677700000000001
   6.67558
   6.67556
   6.6800999999999995
   6.66524
   6.67288
   6.66442
   6.674779999999999
   6.68726
   6.66822
   6.653879999999999
   6.65494
   6.69768
   6.6974800000000005
   6.6927200000000004
   6.668019999999999
   6.6369
   6.653420000000001
   6.64922
   6.63478
   6.662120000000001
   6.644220000000001
   6.65858
   6.6665
   6.66942
   6.67132
   6.655819999999999
   6.65804
   6.67576
   6.660019999999999
   6.649439999999999
   6.64694
   6.64184
   6.6063
   6.5786
   6.502479999999999
   6.40916
   6.28498
   6.0785
   5.77886
   5.26046
   4.46646
   3.19138
