   1.9448
   2.60364
   2.9508
   3.1151
   3.20912
   3.2709799999999998
   3.29286
   3.32888
   3.3150399999999998
   3.33824
   3.32516
   3.3253
   3.3214599999999996
   3.3401599999999996
   3.3326599999999997
   3.32958
   3.34096
   3.32804
   3.33346
   3.3312399999999998
   3.32734
   3.32856
   3.3506800000000005
   3.35108
   3.33178
   3.33322
   3.3124399999999996
   3.31184
   3.3192600000000003
   3.33854
   3.3269800000000003
   3.32332
   3.3200800000000004
   3.3282399999999996
   3.3295199999999996
   3.3361
   3.34314
   3.3386
   3.3123199999999997
   3.3292599999999997
   3.3174200000000003
   3.33242
   3.34284
   3.3300799999999997
   3.32772
   3.3251799999999996
   3.33924
   3.31636
   3.34712
   3.32718
   3.3390000000000004
   3.3404200000000004
   3.32676
   3.3372400000000004
   3.3232600000000003
   3.32718
   3.3336200000000002
   3.3441199999999998
   3.3301200000000004
   3.3484
   3.33766
   3.33812
   3.34764
   3.35456
   3.3306000000000004
   3.31226
   3.3286200000000004
   3.32724
   3.3228800000000005
   3.33004
   3.3291
   3.34454
   3.33114
   3.3306799999999996
   3.3215399999999997
   3.33666
   3.3388800000000005
   3.3422599999999996
   3.3486000000000002
   3.3441199999999998
   3.33346
   3.3331199999999996
   3.3367
   3.3429399999999996
   3.3360399999999997
   3.3345399999999996
   3.3316
   3.3261
   3.3290800000000003
   3.33108
   3.3414
   3.3195200000000002
   3.31646
   3.29836
   3.28618
   3.2283199999999996
   3.1300000000000003
   2.9631600000000002
   2.59808
   1.9470999999999998
