   3.20436
   3.8120000000000003
   4.26026
   4.5427
   4.70462
   4.82896
   4.86898
   4.907920000000001
   4.9625200000000005
   4.96908
   4.99008
   5.00056
   4.9776
   4.99666
   4.98792
   4.9876
   5.0135
   5.01226
   5.018800000000001
   4.9993
   4.98646
   5.016360000000001
   5.0189200000000005
   4.9887
   5.0097000000000005
   4.98528
   5.02358
   4.99026
   5.0079400000000005
   5.00774
   4.9873
   5.03418
   5.01368
   5.02414
   4.98386
   5.00056
   5.00472
   5.006
   5.0009999999999994
   5.0149
   4.9807999999999995
   5.01604
   4.99752
   4.97802
   4.98848
   4.99296
   5.00288
   5.02522
   5.01206
   5.00682
   4.9992
   4.99036
   5.00022
   5.008859999999999
   4.97888
   5.01352
   4.97454
   5.0155400000000006
   4.9844
   5.020779999999999
   5.01026
   4.9852
   4.9673799999999995
   5.00064
   4.98658
   4.9869200000000005
   4.98792
   5.0067
   5.0222999999999995
   5.02618
   4.98262
   5.01316
   4.98408
   5.014939999999999
   4.98434
   5.02364
   4.9725
   5.01488
   5.00026
   4.98752
   4.99362
   4.98428
   5.005459999999999
   4.9843
   5.00786
   4.99046
   5.00496
   5.01152
   4.987
   5.00252
   4.99478
   4.95918
   4.9149400000000005
   4.88186
   4.80548
   4.7283800000000005
   4.55896
   4.302700000000001
   3.8663999999999996
   3.19342
