   12.422
   16.9186
   21.0082
   24.1182
   26.877000000000002
   29.0792
   30.9628
   32.318200000000004
   33.6688
   34.8696
   35.653400000000005
   36.5906
   37.103199999999994
   37.7076
   37.891799999999996
   38.25
   38.7552
   38.9768
   39.2874
   39.0706
   39.4432
   39.5608
   39.6626
   39.379999999999995
   39.724199999999996
   39.7396
   39.596399999999996
   39.641999999999996
   39.5648
   39.513999999999996
   39.7948
   39.7956
   40.061600000000006
   39.8808
   39.617000000000004
   39.7556
   39.8434
   39.53
   39.9052
   39.5132
   39.6138
   39.8964
   39.8294
   39.9384
   39.658
   39.7222
   39.495200000000004
   39.708
   39.7558
   39.8572
   39.7768
   39.617599999999996
   40.1712
   39.8444
   39.763999999999996
   39.8006
   39.618199999999995
   39.8268
   39.7922
   39.7992
   39.6928
   40.2238
   40.235
   39.9838
   40.3424
   40.237
   40.134
   40.0814
   40.0674
   40.093
   39.8812
   39.899
   40.0286
   39.5852
   39.3238
   39.0976
   39.1612
   39.1176
   39.1614
   39.0766
   38.7034
   38.3814
   38.331199999999995
   38.217
   38.1222
   37.7376
   37.2854
   36.858000000000004
   36.2684
   35.5102
   34.9026
   33.6758
   32.367200000000004
   30.853199999999998
   28.883799999999997
   26.687
   24.0472
   20.885
   16.983999999999998
   12.528400000000001
