   3.0319
   4.05127
   4.54653
   4.75894
   4.83571
   4.94303
   4.98035
   4.96613
   4.9976199999999995
   4.98182
   5.00267
   5.00583
   4.98826
   4.99951
   4.99207
   5.0217600000000004
   5.01871
   5.00614
   5.0220899999999995
   4.99451
   4.98119
   5.00701
   4.96622
   4.99161
   4.99379
   4.98987
   5.01227
   4.99688
   4.98122
   4.9797
   5.00049
   5.00814
   5.01807
   4.99284
   4.997179999999999
   5.01223
   5.0205
   4.99306
   4.995369999999999
   4.99512
   4.9995400000000005
   4.989339999999999
   4.98611
   4.98947
   4.9987200000000005
   4.989339999999999
   4.97617
   4.985379999999999
   5.01925
   5.00215
   4.99533
   5.00014
   5.01627
   4.99106
   5.00664
   4.99906
   4.97156
   4.999350000000001
   4.99955
   4.98326
   5.005
   5.0011600000000005
   5.02058
   4.9858199999999995
   5.00458
   5.00829
   4.99404
   4.9898
   4.99663
   4.99979
   5.00462
   4.98834
   4.9848
   4.98647
   4.979229999999999
   4.99175
   4.99353
   4.97902
   5.01516
   5.00319
   5.00532
   4.98757
   5.01321
   5.01035
   4.9861
   5.0103599999999995
   5.0107
   4.99611
   5.00618
   5.01487
   4.98729
   5.00418
   5.01095
   4.982559999999999
   4.94746
   4.882070000000001
   4.76384
   4.53338
   4.06387
   3.03775
