   6.9487
   11.309800000000001
   14.1031
   16.1041
   17.4472
   18.2589
   18.73
   19.0156
   19.2422
   19.4221
   19.5608
   19.7725
   19.8226
   20.005200000000002
   20.089199999999998
   20.0371
   20.051099999999998
   20.1368
   20.1688
   20.1635
   19.9571
   19.9395
   19.9862
   19.921
   19.9964
   20.133599999999998
   20.136100000000003
   20.0974
   19.9522
   19.808500000000002
   19.8414
   19.8702
   20.0054
   19.8341
   19.8203
   19.6581
   19.8824
   20.0152
   20.1463
   20.0259
   20.1293
   20.166
   20.0891
   19.9499
   19.9983
   19.890900000000002
   19.9383
   19.944
   19.9526
   19.916
   19.869300000000003
   19.8962
   20.147599999999997
   19.889799999999997
   20.0143
   20.0674
   19.984299999999998
   19.941200000000002
   20.0474
   19.9767
   20.0831
   20.2983
   20.2008
   20.0956
   20.234199999999998
   20.130200000000002
   20.064999999999998
   20.1036
   19.9372
   19.8513
   19.9715
   20.041
   20.013
   20.1438
   20.2151
   20.1479
   20.1986
   20.189
   20.2181
   20.261100000000003
   20.2786
   20.211000000000002
   20.0962
   19.9301
   19.9512
   20.0437
   20.0514
   19.851399999999998
   19.700100000000003
   19.5166
   19.5353
   19.387
   19.175
   18.5487
   17.9456
   16.9815
   15.6029
   13.969500000000002
   11.2061
   6.7664
