   67.125
   116.12899999999999
   162.873
   206.207
   248.01799999999997
   287.60699999999997
   324.301
   361.791
   393.138
   425.193
   456.253
   484.023
   508.55100000000004
   535.497
   560.121
   584.407
   607.252
   626.39
   645.7080000000001
   663.922
   682.558
   696.851
   710.3710000000001
   726.189
   741.078
   753.45
   765.6220000000001
   777.257
   785.3919999999999
   795.838
   802.927
   810.2700000000001
   818.947
   823.029
   831.8199999999999
   834.8890000000001
   836.515
   848.9499999999999
   852.037
   860.344
   861.54
   867.736
   866.437
   866.338
   869.142
   875.015
   872.244
   877.507
   872.629
   873.7180000000001
   874.343
   879.7829999999999
   872.072
   866.526
   868.8399999999999
   867.127
   866.622
   861.5740000000001
   859.437
   862.686
   860.886
   853.333
   844.908
   843.143
   838.6089999999999
   833.3199999999999
   819.7850000000001
   816.253
   808.839
   802.712
   790.7149999999999
   783.418
   772.203
   762.032
   746.447
   736.597
   723.56
   706.981
   692.419
   676.6560000000001
   657.281
   645.148
   626.525
   604.764
   585.715
   564.428
   541.226
   515.499
   488.626
   459.58
   429.84999999999997
   395.983
   364.074
   327.65
   290.77099999999996
   251.94299999999998
   208.311
   164.006
   117.07600000000001
   67.92399999999999
