   1.6691999999999998
   2.1881399999999998
   2.21212
   2.21918
   2.2222399999999998
   2.20424
   2.2372199999999998
   2.2245
   2.20528
   2.23264
   2.21252
   2.21032
   2.22322
   2.23022
   2.2219599999999997
   2.2246200000000003
   2.2228600000000003
   2.2258400000000003
   2.2216
   2.22866
   2.2194599999999998
   2.22784
   2.22612
   2.2199199999999997
   2.2275400000000003
   2.22528
   2.22842
   2.2324
   2.22014
   2.2302
   2.21664
   2.2346600000000003
   2.22332
   2.21428
   2.22904
   2.2159999999999997
   2.21178
   2.23292
   2.22268
   2.22554
   2.2199400000000002
   2.2105
   2.22644
   2.21664
   2.2202800000000003
   2.22796
   2.2275400000000003
   2.2236
   2.2248
   2.22628
   2.2092
   2.22486
   2.22588
   2.2308600000000003
   2.2278200000000004
   2.21786
   2.22656
   2.21568
   2.2269
   2.23184
   2.22632
   2.22954
   2.21644
   2.21586
   2.2161
   2.22122
   2.2163
   2.22328
   2.21948
   2.21088
   2.21816
   2.21458
   2.2126799999999998
   2.2194599999999998
   2.2314
   2.23282
   2.22062
   2.21666
   2.21824
   2.23524
   2.22238
   2.23268
   2.21312
   2.2190399999999997
   2.21452
   2.21726
   2.22022
   2.2365
   2.22872
   2.23128
   2.21494
   2.22498
   2.2228600000000003
   2.2199199999999997
   2.21754
   2.21008
   2.22238
   2.22986
   2.18098
   1.67178
