   1.9464100000000002
   2.7971
   3.1422899999999996
   3.2720800000000003
   3.30583
   3.30511
   3.31647
   3.3276399999999997
   3.3258099999999997
   3.31843
   3.33089
   3.33168
   3.33387
   3.3296699999999997
   3.3369400000000002
   3.3274900000000005
   3.32717
   3.31931
   3.3183499999999997
   3.32996
   3.33378
   3.3205
   3.3149400000000004
   3.3285099999999996
   3.3203700000000005
   3.3296399999999995
   3.32265
   3.32542
   3.32977
   3.3178
   3.3309100000000003
   3.33584
   3.3286000000000002
   3.34475
   3.33625
   3.34176
   3.32526
   3.3159599999999996
   3.31373
   3.3135900000000005
   3.33626
   3.31163
   3.32523
   3.32627
   3.3283300000000002
   3.3573
   3.33936
   3.3180500000000004
   3.3205600000000004
   3.33735
   3.3230999999999997
   3.33114
   3.3442600000000002
   3.33288
   3.32891
   3.3318
   3.32673
   3.3274999999999997
   3.32738
   3.32534
   3.32403
   3.3154700000000004
   3.3238999999999996
   3.3344699999999996
   3.34385
   3.3452599999999997
   3.3392199999999996
   3.3477699999999997
   3.32043
   3.33404
   3.34355
   3.32163
   3.33587
   3.33528
   3.33433
   3.33179
   3.3307999999999995
   3.3297800000000004
   3.32635
   3.3403500000000004
   3.34165
   3.3645500000000004
   3.3505100000000003
   3.31902
   3.33849
   3.33224
   3.341
   3.33984
   3.35165
   3.3288100000000003
   3.34535
   3.34287
   3.3533800000000005
   3.34708
   3.32439
   3.2999300000000003
   3.2625599999999997
   3.11386
   2.77891
   1.95335
