   1.5771400000000002
   1.7782
   1.8908600000000002
   1.9488599999999998
   1.97938
   1.99202
   2.00228
   2.00916
   2.02312
   2.0196
   2.0153
   2.0124400000000002
   2.01798
   2.01874
   2.01812
   2.01964
   2.02462
   2.02396
   2.0243
   2.01642
   2.02814
   2.0138599999999998
   2.01698
   2.01764
   2.021
   2.0136600000000002
   2.0207800000000002
   2.01872
   2.0241599999999997
   2.031
   2.01706
   2.017
   2.0253799999999997
   2.01588
   2.02016
   2.0258000000000003
   2.01858
   2.02178
   2.01928
   2.01174
   2.0215
   2.0195000000000003
   2.01802
   2.01404
   2.02256
   2.02122
   2.02604
   2.02208
   2.01822
   2.01704
   2.01584
   2.01604
   2.01966
   2.03088
   2.0091
   2.0191
   2.01328
   2.02012
   2.0253
   2.0138
   2.01506
   2.02304
   2.02762
   2.01968
   2.02808
   2.0116
   2.02192
   2.0339
   2.01606
   2.0219
   2.0233600000000003
   2.01758
   2.026
   2.02318
   2.0262599999999997
   2.0079599999999997
   2.02558
   2.0088399999999997
   2.03058
   2.0235
   2.02502
   2.02654
   2.01844
   2.02418
   2.0256
   2.0231
   2.0271399999999997
   2.0161599999999997
   2.01812
   2.02002
   2.02332
   2.02548
   2.01018
   2.0087
   1.9953599999999998
   1.97272
   1.9549400000000001
   1.88592
   1.77852
   1.56958
