   74.81400000000001
   118.19599999999998
   159.90800000000002
   200.95200000000003
   239.77400000000003
   278.03200000000004
   314.034
   349.966
   383.068
   415.116
   447.60200000000003
   474.87000000000006
   505.492
   532.728
   559.158
   589.008
   614.546
   639.152
   663.666
   687.004
   709.52
   731.76
   747.894
   771.4780000000001
   789.72
   808.6740000000001
   824.386
   839.822
   852.806
   868.532
   881.252
   894.36
   908.746
   922.3140000000001
   933.4580000000001
   948.626
   955.498
   965.3420000000001
   970.4459999999999
   980.9599999999999
   991.59
   995.918
   999.9019999999999
   1003.7699999999999
   1012.316
   1012.3820000000001
   1017.22
   1024.8319999999999
   1025.964
   1027.6999999999998
   1027.578
   1026.04
   1023.7159999999999
   1020.8119999999999
   1016.3779999999999
   1014.6000000000001
   1012.048
   1005.162
   1000.5100000000001
   994.482
   986.362
   978.0060000000001
   971.1639999999999
   961.9540000000001
   948.9060000000001
   939.29
   928.846
   916.006
   901.178
   890.826
   874.8699999999999
   859.208
   841.2879999999999
   824.7220000000001
   807.358
   789.292
   773.7059999999999
   751.714
   731.73
   711.932
   686.48
   663.712
   637.6039999999999
   613.716
   589.922
   565.074
   537.174
   507.87399999999997
   478.394
   448.06800000000004
   415.63
   382.984
   348.326
   313.59
   278.67
   239.59199999999998
   200.74800000000002
   160.07
   119.204
   75.916
