   0.80141
   0.9669000000000001
   0.99933
   1.01027
   1.01379
   1.0078
   1.0165199999999999
   1.00811
   1.01485
   1.0032599999999998
   1.01277
   1.00991
   1.0106499999999998
   1.00708
   1.00419
   1.00948
   1.00908
   1.01034
   1.00763
   1.00778
   1.00769
   1.00587
   1.00839
   1.00807
   1.01146
   1.01097
   1.01288
   1.01155
   1.01315
   1.00772
   1.01215
   1.0137099999999999
   1.01438
   1.0108300000000001
   1.00938
   1.00451
   1.00778
   1.01117
   1.0070000000000001
   1.01026
   1.00949
   1.0107700000000002
   1.00816
   1.01205
   1.0147599999999999
   1.0069
   1.01139
   1.01743
   1.00629
   1.01034
   1.0194
   1.01499
   1.01253
   1.00854
   1.0152400000000001
   1.01276
   1.0079799999999999
   1.0102099999999998
   1.01494
   1.01118
   1.01293
   1.01271
   1.00727
   1.0057500000000001
   1.01271
   1.01196
   1.0091899999999998
   1.0097200000000002
   1.00404
   1.00607
   1.01383
   1.0084600000000001
   1.01289
   1.01156
   1.01456
   1.0085600000000001
   1.00743
   1.01074
   1.0116800000000001
   1.00868
   1.0102
   1.01025
   1.00711
   1.00817
   1.00851
   1.00671
   1.01069
   1.01057
   1.00967
   1.0123
   1.00835
   1.01243
   1.0101
   1.0055100000000001
   1.01006
   1.00458
   1.0063600000000001
   0.9959000000000001
   0.9678300000000001
   0.80211
