   0.0
   0.0
   0.0
   0.0
   0.0
   2e-06
   0.0
   0.0
   0.0
   0.0
   0.0
   0.0
   2e-06
   0.0
   0.0
   0.0
   0.0
   0.0
   0.0
   0.0
   0.0
   0.0
   0.0
   0.0
   0.0
   2e-06
   0.0
   0.0
   2e-06
   0.0
   2e-06
   0.0
   2e-06
   2e-06
   0.0
   0.0
   0.0
   0.0
   0.0
   0.0
   0.0
   2e-06
   0.0
   2e-06
   5.999999999999999e-06
   0.0
   0.0
   2e-06
   2e-06
   2e-06
   0.0
   2e-06
   0.0
   0.0
   4e-06
   2e-06
   4e-06
   4e-06
   0.0
   0.0
   2e-06
   2e-06
   4e-06
   9.999999999999999e-06
   2e-06
   9.999999999999999e-06
   4e-06
   9.999999999999999e-06
   4e-06
   9.999999999999999e-06
   5.999999999999999e-06
   2e-06
   4e-06
   9.999999999999999e-06
   9.999999999999999e-06
   5.999999999999999e-06
   1.3999999999999998e-05
   5.999999999999999e-06
   1.3999999999999998e-05
   9.999999999999999e-06
   1.1999999999999999e-05
   1.3999999999999998e-05
   1.1999999999999999e-05
   1.1999999999999999e-05
   1.3999999999999998e-05
   1.9999999999999998e-05
   1.9999999999999998e-05
   2.2e-05
   1.3999999999999998e-05
   9.999999999999999e-06
   3.2e-05
   2.7999999999999996e-05
   3.4e-05
   2.7999999999999996e-05
   3.9999999999999996e-05
   4.199999999999999e-05
   2.2e-05
   3e-05
   3e-05
   3.7999999999999995e-05
   5.8e-05
   3.4e-05
   5.2e-05
   3e-05
   5.8e-05
   5.4e-05
   5e-05
   7.199999999999999e-05
   5.4e-05
   6.6e-05
   8.8e-05
   9.4e-05
   9.4e-05
   9.4e-05
   8.6e-05
   0.0001
   0.000102
   9.799999999999998e-05
   0.000176
   0.000138
   0.000102
   0.00016399999999999997
   0.00016399999999999997
   0.00018199999999999998
   0.00017999999999999998
   0.00014
   0.000216
   0.00021399999999999997
   0.00022999999999999998
   0.000212
   0.00022999999999999998
   0.00026
   0.00030399999999999996
   0.000372
   0.000316
   0.0003
   0.000402
   0.00036399999999999996
   0.00038
   0.00042799999999999994
   0.000502
   0.000486
   0.0005099999999999999
   0.00053
   0.000572
   0.000646
   0.0006299999999999999
   0.000704
   0.000752
   0.0008179999999999999
   0.0008959999999999999
   0.001004
   0.001054
   0.001056
   0.001114
   0.001112
   0.0011959999999999998
   0.0013479999999999998
   0.00142
   0.0014379999999999998
   0.001486
   0.001682
   0.00195
   0.001966
   0.001996
   0.002162
   0.002326
   0.0022359999999999997
   0.0024659999999999994
   0.002772
   0.0029139999999999995
   0.002932
   0.003276
   0.0034459999999999994
   0.003702
   0.003836
   0.0041979999999999995
   0.004392
   0.004771999999999999
   0.005071999999999999
   0.005314
   0.005718
   0.006051999999999999
   0.00665
   0.0067540000000000005
   0.007278
   0.007716
   0.008306
   0.008638
   0.009266
   0.009892
   0.010164
   0.010846
   0.011533999999999999
   0.012482
   0.013159999999999998
   0.014197999999999999
   0.015097999999999999
   0.016021999999999998
   0.016794
   0.0179
   0.019116
   0.020314
   0.021294
   0.02259
   0.024034
   0.025679999999999998
   0.027896
   0.02945
   0.031128
   0.033208
   0.035019999999999996
   0.037016
   0.039588
   0.042471999999999996
   0.04537399999999999
   0.047358
   0.050145999999999996
   0.053816
   0.057434
   0.060379999999999996
   0.06441
   0.068078
   0.07311
   0.076372
   0.082786
   0.08742
   0.092994
   0.098886
   0.105506
   0.11126399999999999
   0.11869199999999999
   0.126184
   0.134256
   0.14330199999999998
   0.151694
   0.16025799999999998
   0.17117799999999997
   0.182686
   0.193184
   0.205286
   0.21864999999999998
   0.23238799999999998
   0.246426
   0.263184
   1.115378
   1.1237419999999998
   1.1340999999999999
   1.143634
   1.1465999999999998
   1.1455279999999999
   1.1408459999999998
   1.136938
   1.128272
   1.1123939999999999
   0.261856
   0.246588
   0.231938
   0.219292
   0.20673799999999998
   0.19216199999999997
   0.18287799999999999
   0.171118
   0.16006599999999999
   0.15184599999999998
   0.142904
   0.134158
   0.125792
   0.11912
   0.11220000000000001
   0.105296
   0.098948
   0.09337399999999998
   0.08725999999999999
   0.082368
   0.077388
   0.07214999999999999
   0.068244
   0.06430999999999999
   0.060838
   0.05719799999999999
   0.053543999999999994
   0.051196
   0.047508
   0.044652
   0.042518
   0.039953999999999996
   0.03718
   0.03512
   0.033297999999999994
   0.031572
   0.029272
   0.027856
   0.025768
   0.024589999999999997
   0.022729999999999997
   0.021338
   0.020494
   0.018688
   0.018024
   0.016739999999999998
   0.016035999999999998
   0.015014
   0.014292
   0.013378000000000001
   0.012683999999999999
   0.011798
   0.011234000000000001
   0.01038
   0.009724
   0.009179999999999999
   0.008454
   0.008195999999999998
   0.0073999999999999995
   0.007102
   0.006792
   0.006422
   0.005804
   0.005624
   0.005474
   0.005206
   0.004822
   0.004411999999999999
   0.0041659999999999996
   0.0038939999999999995
   0.0037839999999999996
   0.003484
   0.003286
   0.003176
   0.0030059999999999996
   0.0027619999999999997
   0.002506
   0.002302
   0.002188
   0.002144
   0.001954
   0.0018780000000000001
   0.00181
   0.001696
   0.001486
   0.001406
   0.001376
   0.00129
   0.001308
   0.0011279999999999999
   0.001106
   0.000986
   0.000956
   0.000944
   0.0008399999999999999
   0.0008399999999999999
   0.0007639999999999999
   0.000752
   0.0006739999999999999
   0.0006739999999999999
   0.0006039999999999999
   0.000556
   0.000522
   0.0005059999999999999
   0.00042799999999999994
   0.00045599999999999997
   0.00041
   0.000388
   0.00032599999999999996
   0.000344
   0.000338
   0.00031399999999999993
   0.000318
   0.000244
   0.000256
   0.00025
   0.000216
   0.000204
   0.000194
   0.000172
   0.000176
   0.000206
   0.00014
   0.000134
   0.000126
   9.599999999999999e-05
   0.000126
   0.000106
   0.000106
   0.000122
   9.599999999999999e-05
   0.000102
   8.199999999999999e-05
   5.599999999999999e-05
   8.199999999999999e-05
   9.4e-05
   6.4e-05
   5.8e-05
   6.4e-05
   8.399999999999998e-05
   4.4e-05
   3.2e-05
   5e-05
   4.4e-05
   6e-05
   3e-05
   2.6e-05
   2.2e-05
   3.7999999999999995e-05
   4.199999999999999e-05
   2.2e-05
   1.9999999999999998e-05
   1.3999999999999998e-05
   1.9999999999999998e-05
   1.9999999999999998e-05
   1.3999999999999998e-05
   1.7999999999999997e-05
   1.3999999999999998e-05
   1.1999999999999999e-05
   2.2e-05
   2.3999999999999997e-05
   2.6e-05
   8e-06
   1.3999999999999998e-05
   1.3999999999999998e-05
   1.6e-05
   1.7999999999999997e-05
   9.999999999999999e-06
   8e-06
   4e-06
   4e-06
   8e-06
   0.0
   8e-06
   1.3999999999999998e-05
   5.999999999999999e-06
   5.999999999999999e-06
   9.999999999999999e-06
   4e-06
   0.0
   5.999999999999999e-06
   2e-06
   8e-06
   5.999999999999999e-06
   4e-06
   2e-06
   5.999999999999999e-06
   2e-06
   2e-06
   4e-06
   2e-06
   2e-06
   0.0
   4e-06
   2e-06
   2e-06
   2e-06
   2e-06
   2e-06
   4e-06
   4e-06
   0.0
   0.0
   0.0
   2e-06
   0.0
   2e-06
   0.0
   2e-06
   0.0
   0.0
   0.0
   0.0
   0.0
   0.0
   2e-06
   0.0
   0.0
   2e-06
   0.0
   0.0
   0.0
   0.0
   0.0
   0.0
   0.0
   0.0
   0.0
   0.0
   0.0
   0.0
   0.0
   0.0
   0.0
   0.0
   0.0
   0.0
   0.0
   0.0
   0.0
   0.0
   0.0
   0.0
   0.0
   0.0
