   0.76724
   0.97009
   1.00158
   1.00729
   1.0047499999999998
   1.01221
   1.0072299999999998
   1.01071
   1.00914
   1.01602
   1.01004
   1.0091599999999998
   1.00997
   1.00567
   1.01453
   1.01132
   1.00783
   1.01217
   1.01341
   1.00555
   1.00986
   1.0118
   1.01154
   1.00788
   1.0097399999999999
   1.0131
   1.00999
   1.01149
   1.00711
   1.01216
   1.0161399999999998
   1.0036399999999999
   1.00538
   1.0144
   1.0081200000000001
   1.0128
   1.01072
   1.00935
   1.00922
   1.00742
   1.0085
   1.01287
   1.01158
   1.00716
   1.0132
   1.00552
   1.01068
   1.00908
   1.0098799999999999
   1.01239
   1.0153699999999999
   1.0053299999999998
   1.00634
   1.01159
   1.0103900000000001
   1.01201
   1.0116399999999999
   1.00853
   1.0161
   1.00439
   1.01221
   1.01166
   1.00479
   1.01007
   1.0124
   1.0088400000000002
   1.0052999999999999
   1.01227
   1.0100500000000001
   1.00388
   1.00617
   1.008
   1.00871
   1.00708
   1.00778
   1.00599
   1.01056
   1.00967
   1.01399
   1.0064899999999999
   1.01586
   1.01597
   1.0047199999999998
   1.00687
   1.01344
   1.0107700000000002
   1.0088700000000002
   1.00758
   1.01224
   1.00923
   1.0113
   1.01308
   1.01159
   1.01852
   1.0116399999999999
   1.01362
   1.01222
   1.00529
   0.96417
   0.76735
