   2.21622
   3.0154400000000003
   3.44446
   3.7046200000000002
   3.82428
   3.92468
   3.94784
   3.97636
   3.9797800000000003
   3.99336
   4.00368
   3.9838999999999998
   3.99104
   4.01036
   3.9741600000000004
   3.9973
   4.00984
   4.00216
   4.01616
   4.01834
   4.022139999999999
   4.02164
   4.00646
   4.00038
   3.99428
   3.9836799999999997
   4.01078
   4.00282
   4.01224
   4.01322
   4.00092
   4.02652
   3.98546
   4.00914
   3.99428
   3.99794
   4.0147
   3.98822
   3.99022
   3.99532
   3.98486
   3.9797399999999996
   3.99302
   3.9909600000000003
   3.9950399999999995
   4.0011
   4.00902
   3.98388
   3.9882800000000005
   4.01852
   3.9998
   3.9883599999999997
   4.00474
   3.98426
   4.0008799999999995
   3.99686
   4.0061
   3.9985
   3.9856000000000003
   4.0006
   3.9809200000000002
   3.9789
   3.9961200000000003
   4.0136199999999995
   4.00162
   3.9957
   4.01908
   4.01972
   4.0069
   4.00108
   3.99384
   3.9863000000000004
   4.00584
   4.00042
   3.97662
   3.98426
   4.00436
   4.0077
   4.01902
   4.01126
   4.0000599999999995
   3.99078
   3.9964399999999998
   4.01144
   3.9896399999999996
   4.00376
   3.99082
   3.9788799999999998
   4.0059
   3.97606
   3.9846399999999997
   3.97464
   3.9568399999999997
   3.9376800000000003
   3.92176
   3.8276999999999997
   3.6826
   3.4422599999999997
   3.0053
   2.21056
