   4.3730400000000005
   6.87239
   8.18841
   8.96251
   9.37126
   9.66075
   9.806370000000001
   9.89954
   9.957699999999999
   9.928230000000001
   9.9978
   9.99273
   10.01311
   9.99844
   10.016319999999999
   10.015979999999999
   10.02793
   9.99554
   10.01357
   9.99361
   10.00412
   10.00652
   9.995239999999999
   9.992320000000001
   9.99329
   10.0033
   10.010349999999999
   9.97255
   9.98248
   9.95955
   9.99931
   10.031030000000001
   10.03235
   10.0148
   10.05002
   10.0272
   10.01928
   9.97443
   9.95406
   9.990789999999999
   10.020719999999999
   10.02477
   9.99648
   9.99143
   10.00582
   9.972209999999999
   9.990499999999999
   9.99974
   10.008980000000001
   10.02305
   9.99559
   10.030650000000001
   10.017009999999999
   10.01486
   10.01829
   10.01655
   9.984350000000001
   9.993409999999999
   9.99064
   10.00505
   9.992700000000001
   9.99147
   9.98288
   9.98489
   10.03054
   10.00819
   9.9872
   9.99643
   9.98705
   9.990739999999999
   9.974810000000002
   10.01496
   9.99395
   9.97389
   10.00365
   10.017149999999999
   10.000960000000001
   10.00751
   10.009170000000001
   10.00486
   10.031329999999999
   10.01277
   9.97501
   9.975430000000001
   9.99676
   9.98146
   9.99628
   9.98694
   9.99902
   9.978489999999999
   9.97291
   9.922889999999999
   9.84254
   9.7991
   9.62071
   9.36084
   8.92548
   8.18055
   6.868150000000001
   4.41572
