   3.20188
   4.617439999999999
   4.95182
   5.00206
   5.01444
   4.993539999999999
   4.99554
   4.9820400000000005
   4.99538
   4.98626
   5.00026
   5.0043999999999995
   5.0206599999999995
   4.9776
   4.99698
   5.00412
   5.0063
   5.0127999999999995
   5.01766
   5.00154
   5.00544
   5.0083
   4.99664
   5.0072
   5.0107
   4.98722
   4.974880000000001
   4.98562
   4.98698
   4.9844800000000005
   4.9765
   4.98776
   4.9890799999999995
   5.01612
   4.98644
   4.9868999999999994
   4.9866399999999995
   5.00154
   5.0045
   5.00334
   5.02192
   4.9677
   4.97154
   4.97656
   5.00912
   5.0156600000000005
   4.98892
   4.96944
   5.015639999999999
   5.031680000000001
   5.01302
   4.98838
   4.9785200000000005
   4.986079999999999
   5.00598
   5.0087
   5.00218
   4.9837
   5.02156
   5.02096
   5.00404
   4.98654
   4.99734
   4.98236
   5.01106
   5.0080800000000005
   5.00004
   5.013
   4.97958
   5.01022
   4.98112
   4.97536
   4.9773
   4.96616
   5.01852
   4.990060000000001
   5.00144
   5.01484
   5.02324
   5.00194
   5.0131000000000006
   4.98424
   4.992719999999999
   4.9782399999999996
   4.99548
   5.01978
   4.9951
   4.99374
   5.00102
   5.00124
   5.0059
   5.02338
   5.00464
   5.0331399999999995
   5.0202
   5.0075
   4.9854
   4.89998
   4.62064
   3.19844
