   0.9535699999999999
   1.18668
   1.2363300000000002
   1.2422900000000001
   1.24721
   1.25374
   1.25358
   1.25416
   1.24661
   1.2517099999999999
   1.24891
   1.2519
   1.25184
   1.24746
   1.2534699999999999
   1.24642
   1.24665
   1.24559
   1.24538
   1.2475399999999999
   1.24894
   1.24935
   1.25212
   1.24706
   1.24452
   1.2445
   1.24786
   1.2504
   1.2462499999999999
   1.24692
   1.25357
   1.25103
   1.2506599999999999
   1.2467300000000001
   1.25271
   1.2542
   1.25322
   1.24642
   1.25492
   1.25227
   1.25574
   1.25089
   1.2550999999999999
   1.25224
   1.24885
   1.24784
   1.24857
   1.2515
   1.25065
   1.24694
   1.24897
   1.24868
   1.24928
   1.25247
   1.25217
   1.25389
   1.24658
   1.24873
   1.24888
   1.2456399999999999
   1.25325
   1.2466
   1.24787
   1.24764
   1.26228
   1.25425
   1.24856
   1.25244
   1.24901
   1.24276
   1.24247
   1.24894
   1.25938
   1.25062
   1.25089
   1.25651
   1.24858
   1.25162
   1.24651
   1.25501
   1.24745
   1.25046
   1.25092
   1.24993
   1.24708
   1.25244
   1.25034
   1.24425
   1.2473400000000001
   1.25126
   1.25233
   1.25765
   1.25103
   1.24821
   1.24725
   1.24422
   1.24054
   1.22667
   1.1889800000000001
   0.94806
