   5.34602
   8.3549
   9.4719
   9.8317
   9.9533
   9.96492
   9.969619999999999
   9.97596
   10.04228
   10.02742
   10.01208
   9.9962
   10.00694
   9.96528
   9.9735
   10.01694
   9.9946
   9.99684
   9.96376
   9.98762
   9.97488
   9.99776
   10.01172
   10.012
   10.02694
   10.018699999999999
   9.97146
   9.989099999999999
   9.976980000000001
   9.958459999999999
   9.97768
   9.982280000000001
   9.96328
   9.97628
   10.00916
   9.97802
   9.99006
   9.98816
   10.0144
   10.03892
   10.03492
   9.993680000000001
   10.0099
   10.003720000000001
   9.98068
   9.96414
   9.9794
   9.98964
   9.97948
   9.99992
   10.003960000000001
   9.9861
   9.98756
   10.01546
   10.008659999999999
   9.9877
   9.99424
   9.99602
   10.005279999999999
   10.036340000000001
   10.03154
   10.02212
   10.0147
   10.02048
   9.97424
   9.95002
   9.96798
   10.02814
   9.97814
   9.95022
   9.94974
   9.94854
   9.98184
   9.998460000000001
   9.983559999999999
   9.98382
   10.02604
   10.01456
   10.02852
   10.0009
   9.97124
   9.95472
   9.99498
   9.985
   9.99698
   10.0338
   10.04558
   9.997119999999999
   9.9813
   10.0024
   10.00944
   9.999139999999999
   10.00702
   9.96748
   9.9585
   9.9318
   9.8163
   9.482240000000001
   8.37028
   5.34152
