   0.0
   0.0
   0.0
   0.0
   0.0
   0.0
   0.0
   0.0
   0.0
   0.0
   0.0
   0.0
   0.0
   0.0
   0.0
   0.0
   0.0
   0.0
   0.0
   0.0
   0.0
   0.0
   0.0
   0.0
   0.0
   0.0
   0.0
   0.0
   0.0
   0.0
   0.0
   0.0
   0.0
   0.0
   0.0
   0.0
   0.0
   0.0
   0.0
   0.0
   0.0
   0.0
   0.0
   0.0
   0.0
   0.0
   0.0
   0.0
   0.0
   0.0
   0.0
   0.0
   0.0
   0.0
   0.0
   0.0
   0.0
   0.0
   0.0
   0.0
   0.0
   0.0
   0.0
   0.0
   0.0
   0.0
   0.0
   0.0
   0.0
   0.0
   0.0
   0.0
   0.0
   0.0
   0.0
   0.0
   0.0
   0.0
   0.0
   0.0
   0.0
   0.0
   0.0
   0.0
   0.0
   0.0
   0.0
   0.0
   0.0
   0.0
   0.0
   0.0
   0.0
   0.0
   0.0
   0.0
   0.0
   0.0
   0.0
   0.0
   0.0
   0.0
   0.0
   0.0
   0.0
   0.0
   0.0
   0.0
   0.0
   0.0
   0.0
   0.0
   0.0
   0.0
   0.0
   0.0
   0.0
   0.0
   0.0
   0.0
   0.0
   0.0
   0.0
   0.0
   0.0
   0.0
   0.0
   0.0
   0.0
   0.0
   0.0
   0.0
   0.0
   0.0
   0.0
   0.0
   0.0
   0.0
   0.0
   0.0
   0.0
   0.0
   0.0
   0.0
   0.0
   0.0
   0.0
   0.0
   0.0
   0.0
   0.0
   0.0
   0.0
   0.0
   0.0
   0.0
   0.0
   0.0
   0.0
   0.0
   0.0
   0.0
   0.0
   0.0
   0.0
   0.0
   0.0
   0.0
   0.0
   0.0
   0.0
   0.0
   0.0
   0.0
   0.0
   0.0
   0.0
   0.0
   0.0
   0.0
   0.0
   0.0
   0.0
   0.0
   0.0
   0.0
   0.0
   0.0
   0.0
   0.0
   0.0
   0.0
   0.0
   0.0
   0.0
   0.0
   0.0
   0.0
   0.0
   0.0
   0.0
   0.0
   0.0
   0.0
   0.0
   0.0
   0.0
   0.0
   0.0
   0.0
   0.0
   0.0
   0.0
   0.0
   0.0
   0.0
   0.0
   0.0
   0.0
   0.0
   0.0
   0.0
   0.0
   0.0
   0.0
   0.0
   0.0
   0.0
   0.0
   0.0
   0.0
   0.0
   0.0
   0.0
   0.0
   0.0
   0.0
   0.0
   0.0
   0.0
   0.0
   0.0
   0.0
   0.0
   0.0
   0.0
   0.0
   0.0
   0.0
   0.0
   0.0
   0.0
   0.0
   0.0
   0.0
   0.0
   2e-06
   0.0
   4e-06
   0.0
   1.1999999999999999e-05
   0.0
   0.0
   0.0
   0.0
   0.0
   2e-06
   0.0
   0.0
   0.0
   2e-06
   0.0
   2e-06
   0.0
   0.0
   0.0
   2e-06
   4e-06
   2e-06
   0.0
   0.0
   0.0
   0.0
   0.0
   0.0
   0.0
   0.0
   0.0
   0.0
   0.0
   0.0
   0.0
   0.0
   0.0
   0.0
   0.0
   0.0
   0.0
   0.0
   0.0
   0.0
   0.0
   0.0
   0.0
   0.0
   0.0
   0.0
   4e-06
   0.0
   0.0
   0.0
   0.0
   0.0
   2e-06
   0.0
   2e-06
   0.0
   0.0
   0.0
   5.999999999999999e-06
   0.0
   0.0
   0.0
   4e-06
   0.0
   0.0
   0.0
   0.0
   2e-06
   0.0
   0.0
   8e-06
   0.0
   0.0
   0.0
   0.0
   0.0
   0.0
   0.0
   2e-06
   2e-06
   0.0
   0.0
   0.0
   0.0
   0.0
   0.0
   0.0
   0.0
   0.0
   0.0
   0.0
   0.0
   0.0
   0.0
   0.0
   0.0
   0.0
   0.0
   0.0
   0.0
   5.999999999999999e-06
   0.0
   0.0
   0.0
   0.0
   4e-06
   0.0
   0.0
   4e-06
   0.0
   0.0
   0.0
   0.0
   2e-06
   0.0
   0.0
   0.0
   0.0
   5.999999999999999e-06
   0.0
   2e-06
   0.0
   0.0
   0.0
   0.0
   0.0
   0.0
   0.0
   0.0
   0.0
   4e-06
   0.0
   2e-06
   0.0
   0.0
   0.0
   0.0
   0.0
   0.0
   0.0
   0.0
   2e-06
   5.999999999999999e-06
   0.0
   0.0
   0.0
   0.0
   0.0
   4e-06
   0.0
   1.3999999999999998e-05
   2e-06
   0.0
   0.0
   0.0
   4e-06
   0.0
   5.999999999999999e-06
   0.0
   0.0
   8e-06
   0.0
   5.999999999999999e-06
   4e-06
   4e-06
   4e-06
   5.999999999999999e-06
   4e-06
   0.0
   5.999999999999999e-06
   5.999999999999999e-06
   0.0
   8e-06
   0.0
   2e-06
   1.3999999999999998e-05
   2e-06
   0.0
   8e-06
   0.0
   0.0
   0.0
   0.0
   4e-06
   2e-06
   0.0
   2e-06
   2.7999999999999996e-05
   5.999999999999999e-06
   5.999999999999999e-06
   1.3999999999999998e-05
   2e-06
   4e-06
   4e-06
   4e-06
   0.0
   2e-06
   8e-06
   1.6e-05
   5.999999999999999e-06
   0.0
   5.999999999999999e-06
   5.999999999999999e-06
   2e-06
   0.0
   0.0
   4e-06
   9.999999999999999e-06
   4e-06
   9.999999999999999e-06
   4e-06
   1.1999999999999999e-05
   5.999999999999999e-06
   9.999999999999999e-06
   2e-06
   2e-06
   0.0
   9.999999999999999e-06
   1.9999999999999998e-05
   4e-06
   1.7999999999999997e-05
   5.999999999999999e-06
   4e-06
   8e-06
   0.0
   8e-06
   5.999999999999999e-06
   1.1999999999999999e-05
   2e-06
   5.999999999999999e-06
   1.9999999999999998e-05
   2e-06
   1.1999999999999999e-05
   2e-06
   1.3999999999999998e-05
   5.999999999999999e-06
   2e-06
   1.1999999999999999e-05
   1.3999999999999998e-05
   1.6e-05
   8e-06
   9.999999999999999e-06
   4e-06
   5.999999999999999e-06
   1.6e-05
   4e-06
   1.1999999999999999e-05
   8e-06
   1.6e-05
   5.999999999999999e-06
   2e-06
   8e-06
   1.9999999999999998e-05
   1.7999999999999997e-05
   1.9999999999999998e-05
   1.6e-05
   1.9999999999999998e-05
   1.3999999999999998e-05
   1.6e-05
   1.3999999999999998e-05
   1.9999999999999998e-05
   1.6e-05
   3.4e-05
   2.7999999999999996e-05
   1.1999999999999999e-05
   2.6e-05
   9.999999999999999e-06
   3.2e-05
   4.199999999999999e-05
   3.7999999999999995e-05
   1.6e-05
   1.7999999999999997e-05
   2.7999999999999996e-05
   8e-06
   3.4e-05
   1.3999999999999998e-05
   9.999999999999999e-06
   1.6e-05
   1.6e-05
   3.2e-05
   1.3999999999999998e-05
   2.6e-05
   1.7999999999999997e-05
   2.3999999999999997e-05
   5.2e-05
   3.4e-05
   2.7999999999999996e-05
   3.7999999999999995e-05
   2.7999999999999996e-05
   2.6e-05
   3.7999999999999995e-05
   2.3999999999999997e-05
   2.6e-05
   1.6e-05
   3.7999999999999995e-05
   2.7999999999999996e-05
   4.199999999999999e-05
   2.7999999999999996e-05
   2.6e-05
   2.6e-05
   3e-05
   3.2e-05
   2.2e-05
   4.7999999999999994e-05
   2.7999999999999996e-05
   2.3999999999999997e-05
   3.9999999999999996e-05
   4.199999999999999e-05
   3.2e-05
   5e-05
   6.4e-05
   3.7999999999999995e-05
   5.8e-05
   5.2e-05
   4.6e-05
   4.6e-05
   2.7999999999999996e-05
   3.5999999999999994e-05
   7e-05
   3.9999999999999996e-05
   5.8e-05
   6e-05
   8.6e-05
   6e-05
   7e-05
   4.7999999999999994e-05
   7.4e-05
   9.599999999999999e-05
   8.6e-05
   9.2e-05
   9.599999999999999e-05
   0.00011199999999999998
   6.6e-05
   9.4e-05
   0.000126
   8.199999999999999e-05
   9.2e-05
   8.6e-05
   8.399999999999998e-05
   9.799999999999998e-05
   0.000108
   0.000104
   0.000138
   0.000136
   0.00013
   0.00015999999999999999
   0.0001
   0.00010999999999999999
   0.000106
   0.000188
   0.000162
   0.00015
   0.000136
   0.00016799999999999996
   0.000132
   0.00016999999999999999
   0.00019199999999999998
   0.00019199999999999998
   0.000156
   0.00021399999999999997
   0.000226
   0.000172
   0.00019599999999999997
   0.00017999999999999998
   0.000186
   0.000184
   0.000178
   0.000206
   0.00016799999999999996
   0.00020999999999999998
   0.000166
   0.000258
   0.00028799999999999995
   0.000212
   0.00021399999999999997
   0.00024199999999999997
   0.00028199999999999997
   0.00028
   0.000308
   0.000296
   0.00028399999999999996
   0.00029
   0.00028799999999999995
   0.00028199999999999997
   0.000324
   0.000372
   0.00031999999999999997
   0.000286
   0.00033999999999999997
   0.00032199999999999997
   0.00038199999999999996
   0.000332
   0.000376
   0.00039
   0.00046199999999999995
   0.000388
   0.000412
   0.000464
   0.00046199999999999995
   0.000468
   0.000464
   0.000594
   0.0005059999999999999
   0.00053
   0.000556
   0.000508
   0.000526
   0.000556
   0.0006039999999999999
   0.000472
   0.000578
   0.000584
   0.000632
   0.0006219999999999999
   0.00067
   0.000616
   0.000686
   0.000738
   0.0007179999999999999
   0.000736
   0.000688
   0.0006559999999999999
   0.0008759999999999999
   0.0009339999999999999
   0.0008139999999999999
   0.000928
   0.000928
   0.000956
   0.0008579999999999999
   0.001062
   0.000978
   0.001088
   0.001016
   0.001072
   0.00114
   0.00116
   0.0010819999999999998
   0.0011819999999999999
   0.00137
   0.0013139999999999998
   0.001296
   0.001366
   0.001162
   0.0013459999999999998
   0.0014039999999999999
   0.0015019999999999999
   0.0014320000000000001
   0.001398
   0.0015379999999999999
   0.001452
   0.0015679999999999997
   0.001728
   0.0017259999999999999
   0.001722
   0.001888
   0.0018679999999999999
   0.001918
   0.001876
   0.002044
   0.00208
   0.002044
   0.002244
   0.002134
   0.0021699999999999996
   0.002414
   0.002388
   0.0024879999999999998
   0.00241
   0.0025
   0.0025659999999999997
   0.002482
   0.0027879999999999997
   0.003038
   0.002996
   0.0029259999999999998
   0.0029100000000000003
   0.0030139999999999998
   0.003308
   0.0032660000000000002
   0.003426
   0.00353
   0.0038259999999999995
   0.003644
   0.00375
   0.004082
   0.004004
   0.0041459999999999995
   0.0044599999999999996
   0.0044399999999999995
   0.0045839999999999995
   0.0045899999999999995
   0.00467
   0.00464
   0.004935999999999999
   0.004935999999999999
   0.0051979999999999995
   0.0051519999999999995
   0.005391999999999999
   0.00559
   0.005607999999999999
   0.005337999999999999
   0.006084
   0.005944
   0.006394
   0.00617
   0.006451999999999999
   0.0070339999999999995
   0.006763999999999999
   0.006882
   0.007029999999999999
   0.007234
   0.0076359999999999996
   0.007672
   0.008268
   0.008182
   0.008424
   0.00886
   0.008784
   0.009374
   0.009775999999999998
   0.009787999999999998
   0.00968
   0.010098
   0.010528
   0.010533999999999998
   0.011227999999999998
   0.011215999999999999
   0.011776
   0.0115
   0.012334
   0.011976
   0.013022
   0.01287
   0.01324
   0.013574
   0.014167999999999998
   0.014243999999999998
   0.015081999999999998
   0.015508
   0.0156
   0.015545999999999999
   0.01653
   0.01696
   0.017714
   0.018008
   0.018146
   0.018958
   0.018888
   0.01981
   0.020509999999999997
   0.020673999999999998
   0.021052
   0.021572
   0.021946
   0.022274
   0.02311
   0.023868
   0.024345999999999996
   0.024848
   0.025688
   0.027034
   0.026404
   0.026901999999999995
   0.028519999999999997
   0.028586
   0.029348
   0.030684
   0.031366
   0.032306
   0.033532
   0.034786
   0.034721999999999996
   0.034892
   0.036925999999999994
   0.03732
   0.038532
   0.03995
   0.040651999999999994
   0.041718
   0.04221199999999999
   0.04387
   0.04447
   0.04513999999999999
   0.046877999999999996
   0.048521999999999996
   0.04916399999999999
   0.05047399999999999
   0.05248
   0.053144000000000004
   0.054223999999999994
   0.055411999999999996
   0.05694
   0.059753999999999995
   0.06062599999999999
   0.06291
   0.06453199999999999
   0.065398
   0.066632
   0.068672
   0.070974
   0.072988
   0.07449399999999999
   0.07526999999999999
   0.077306
   0.079548
   0.08164599999999998
   0.084476
   0.086172
   0.08712199999999999
   0.09171399999999999
   0.093924
   0.09523999999999999
   0.098052
   0.100274
   0.10270599999999999
   0.105194
   0.10678
   0.11051399999999999
   0.114468
   0.115978
   0.120002
   0.12151199999999998
   0.126152
   0.12947999999999998
   0.132306
   0.135638
   0.13848
   0.141788
   0.14610599999999999
   0.149086
   0.15381
   0.156404
   0.16236199999999998
   0.16514999999999996
   0.16961400000000001
   0.17349599999999998
   0.178918
   0.181968
   0.18800399999999998
   0.192652
   0.199274
   0.202656
   0.20818799999999998
   0.21218199999999998
   0.21834399999999998
   0.22567199999999998
   0.230114
   0.234088
   0.241608
   0.247502
   0.25465
   0.25912199999999996
   0.266798
   0.274052
   0.28130599999999994
   0.287856
   0.296406
   0.302938
   0.309428
   0.31988799999999995
   0.325074
   0.335594
   0.34306000000000003
   0.352712
   0.36235
   0.37180599999999997
   0.379146
   0.39100399999999996
   0.398548
   0.40946799999999994
   0.419134
   0.430756
   0.437996
   0.451772
   0.46638999999999997
   0.47697799999999996
   0.48828799999999994
   0.5014339999999999
   0.5173
   0.52555
   0.539412
   0.55451
   0.568584
   0.581652
   0.59509
   0.6112799999999999
   0.627806
   0.642238
   0.6606099999999999
   0.679266
   0.69359
   0.7138220000000001
   0.73382
   0.7477119999999999
   0.771252
   0.782396
   0.8091139999999999
   0.830932
   0.849724
   0.8744540000000001
   0.894972
   0.91611
   0.941256
   0.9639639999999999
   0.990042
   1.011814
   1.0398599999999998
   1.067844
   1.0924719999999999
   1.121236
   1.149492
   1.177236
   1.212488
   1.241892
   1.2745419999999998
   1.3034119999999998
   1.333508
   1.364204
   1.407042
   1.443472
   1.477314
   1.520216
   1.5532979999999998
   1.5948
   1.634838
   1.6820479999999998
   1.72128
   1.762212
   1.808168
   1.848582
   1.901132
   1.9456599999999997
   1.99752
   2.0481979999999997
   3.4300199999999994
   3.471542
   3.49934
   3.52752
   3.5349599999999994
   3.5300279999999997
   3.520322
   3.497732
   3.476282
   3.4259699999999995
   2.051144
   1.9984399999999998
   1.944856
   1.8969359999999997
   1.857508
   1.808902
   1.760732
   1.716996
   1.6772259999999999
   1.6353019999999998
   1.5952479999999998
   1.5485099999999998
   1.514584
   1.478794
   1.446908
   1.4034879999999998
   1.3747319999999998
   1.3379579999999998
   1.304536
   1.2737619999999998
   1.238882
   1.212242
   1.175772
   1.15055
   1.121958
   1.096516
   1.063388
   1.03969
   1.015358
   0.9865219999999999
   0.9679719999999999
   0.9406499999999999
   0.921584
   0.8938559999999999
   0.871804
   0.8509519999999999
   0.8294219999999999
   0.8116479999999999
   0.7900659999999999
   0.767828
   0.7499
   0.7311099999999999
   0.712488
   0.6961539999999999
   0.678294
   0.659976
   0.644612
   0.630142
   0.615806
   0.598052
   0.5842539999999999
   0.567322
   0.5588019999999999
   0.5403
   0.530648
   0.5151039999999999
   0.500736
   0.48955199999999993
   0.476492
   0.466492
   0.454076
   0.44302800000000003
   0.432854
   0.421344
   0.411846
   0.40018
   0.390302
   0.379388
   0.371036
   0.361434
   0.35438200000000003
   0.34327399999999997
   0.337054
   0.32852
   0.31826399999999994
   0.31201199999999996
   0.303836
   0.296252
   0.28781199999999996
   0.28226199999999996
   0.274554
   0.265092
   0.260938
   0.253322
   0.247584
   0.24260199999999998
   0.23698199999999997
   0.22938
   0.22338799999999998
   0.22002799999999997
   0.21281
   0.20737599999999998
   0.204006
   0.198106
   0.19259199999999999
   0.18863999999999997
   0.18362599999999998
   0.17890199999999998
   0.173692
   0.170808
   0.16469799999999998
   0.16201
   0.157628
   0.15261
   0.150908
   0.146562
   0.143014
   0.139098
   0.135486
   0.132276
   0.12935
   0.125848
   0.12177
   0.118118
   0.11619600000000001
   0.113188
   0.111314
   0.10761599999999999
   0.10615799999999999
   0.10201999999999999
   0.101264
   0.09738999999999999
   0.095302
   0.09274199999999999
   0.090816
   0.087936
   0.08626999999999999
   0.083406
   0.08178599999999998
   0.08005
   0.077808
   0.07538399999999999
   0.07422999999999999
   0.07139
   0.07044399999999999
   0.068198
   0.06742599999999999
   0.06515
   0.06332399999999999
   0.062596
   0.061348
   0.058742
   0.05877
   0.056254
   0.054514
   0.052666
   0.052551999999999995
   0.050505999999999995
   0.048658
   0.048364
   0.046821999999999996
   0.04513999999999999
   0.044688
   0.043935999999999996
   0.04308
   0.041162000000000004
   0.040605999999999996
   0.040125999999999995
   0.03847999999999999
   0.03739
   0.03729999999999999
   0.035808
   0.034573999999999994
   0.034887999999999995
   0.033414
   0.032279999999999996
   0.031892
   0.030904
   0.030347999999999997
   0.029058
   0.028592
   0.027093999999999997
   0.027044
   0.026661999999999998
   0.025566
   0.025112
   0.024727999999999997
   0.023299999999999998
   0.023579999999999997
   0.022556
   0.022109999999999998
   0.021523999999999998
   0.020725999999999998
   0.020457999999999997
   0.020366
   0.019543999999999995
   0.018994
   0.018814
   0.01797
   0.017792
   0.017164
   0.016128
   0.016073999999999998
   0.015586
   0.015826
   0.015142
   0.015261999999999998
   0.01457
   0.013841999999999998
   0.013776
   0.013321999999999999
   0.012807999999999998
   0.012865999999999999
   0.012298
   0.012058
   0.011579999999999998
   0.011386
   0.010948
   0.010948
   0.011054
   0.010518
   0.010169999999999998
   0.010066
   0.009618
   0.009476
   0.009083999999999998
   0.008756
   0.008754
   0.008248
   0.008331999999999999
   0.008128
   0.008187999999999999
   0.00767
   0.007324
   0.007443999999999999
   0.007048
   0.006999999999999999
   0.007045999999999999
   0.006579999999999999
   0.006436
   0.005988
   0.006225999999999999
   0.00599
   0.005797999999999999
   0.0059819999999999995
   0.005808
   0.005467999999999999
   0.005324
   0.0053879999999999996
   0.005157999999999999
   0.004962
   0.0049759999999999995
   0.00479
   0.004497999999999999
   0.0043939999999999995
   0.004434
   0.0043939999999999995
   0.004378
   0.003938
   0.003959999999999999
   0.003938
   0.003396
   0.003568
   0.0034579999999999997
   0.003544
   0.003468
   0.0034519999999999998
   0.0034279999999999996
   0.0034959999999999995
   0.0029679999999999997
   0.0030219999999999995
   0.0028959999999999997
   0.002838
   0.002686
   0.002816
   0.002678
   0.002662
   0.0024059999999999997
   0.002546
   0.002482
   0.0021839999999999997
   0.002316
   0.002312
   0.0021599999999999996
   0.002214
   0.0018679999999999999
   0.002002
   0.0018059999999999999
   0.00181
   0.001976
   0.001742
   0.001734
   0.001778
   0.0017019999999999997
   0.0016699999999999998
   0.0015239999999999997
   0.00163
   0.0015220000000000001
   0.001544
   0.0014339999999999997
   0.001544
   0.0014579999999999999
   0.00137
   0.001466
   0.00129
   0.001294
   0.0011959999999999998
   0.0014119999999999998
   0.001276
   0.001184
   0.001246
   0.001156
   0.0010299999999999999
   0.001024
   0.0008979999999999999
   0.000944
   0.000998
   0.000838
   0.00096
   0.000906
   0.000982
   0.0007779999999999999
   0.000798
   0.000752
   0.000848
   0.0008119999999999999
   0.0008059999999999999
   0.000822
   0.0007859999999999999
   0.0008079999999999999
   0.0007679999999999999
   0.0007459999999999999
   0.00062
   0.0006999999999999999
   0.000688
   0.0006219999999999999
   0.000572
   0.00062
   0.000572
   0.000512
   0.000558
   0.00046199999999999995
   0.000512
   0.000474
   0.00045
   0.000474
   0.000412
   0.000468
   0.00039799999999999997
   0.000436
   0.000444
   0.000394
   0.00030599999999999996
   0.00036999999999999994
   0.00048
   0.00039
   0.00036399999999999996
   0.00044199999999999996
   0.00030599999999999996
   0.000332
   0.00033
   0.000264
   0.00032599999999999996
   0.00033599999999999993
   0.000272
   0.000332
   0.00024199999999999997
   0.00031
   0.00022799999999999999
   0.00028399999999999996
   0.00028799999999999995
   0.00026
   0.00022799999999999999
   0.000206
   0.000254
   0.00025
   0.000212
   0.00016799999999999996
   0.000236
   0.000148
   0.00019599999999999997
   0.00024799999999999996
   0.000172
   0.00019199999999999998
   0.000162
   0.00015999999999999999
   0.000132
   0.00015199999999999998
   0.00015199999999999998
   0.00015199999999999998
   0.000122
   0.00014
   0.000126
   0.00012399999999999998
   0.000138
   0.000122
   0.000118
   0.000106
   0.0001
   0.0001
   0.00011399999999999999
   9.599999999999999e-05
   7.4e-05
   0.000108
   8.199999999999999e-05
   0.000116
   7e-05
   7e-05
   7.4e-05
   0.000106
   0.00011199999999999998
   5.4e-05
   8.6e-05
   5.599999999999999e-05
   8.399999999999998e-05
   7e-05
   7.199999999999999e-05
   6e-05
   7e-05
   6.6e-05
   9.599999999999999e-05
   3.2e-05
   6.199999999999999e-05
   4.6e-05
   6.8e-05
   6e-05
   3.9999999999999996e-05
   5.4e-05
   4.7999999999999994e-05
   6.6e-05
   6.4e-05
   4.4e-05
   4.7999999999999994e-05
   4.6e-05
   3.5999999999999994e-05
   5e-05
   3.7999999999999995e-05
   4.199999999999999e-05
   3e-05
   4.6e-05
   4.199999999999999e-05
   4.7999999999999994e-05
   6.199999999999999e-05
   3.2e-05
   2.7999999999999996e-05
   7e-05
   2.3999999999999997e-05
   1.6e-05
   5e-05
   2.6e-05
   3.4e-05
   2.7999999999999996e-05
   1.6e-05
   2.6e-05
   2.7999999999999996e-05
   3e-05
   1.9999999999999998e-05
   8e-06
   2.3999999999999997e-05
   2.2e-05
   3e-05
   4.6e-05
   1.9999999999999998e-05
   2.2e-05
   1.6e-05
   2.3999999999999997e-05
   1.6e-05
   1.6e-05
   2.3999999999999997e-05
   1.1999999999999999e-05
   2.3999999999999997e-05
   1.6e-05
   2.2e-05
   2.6e-05
   5.999999999999999e-06
   1.7999999999999997e-05
   5.999999999999999e-06
   9.999999999999999e-06
   1.1999999999999999e-05
   8e-06
   2e-06
   1.3999999999999998e-05
   3.9999999999999996e-05
   8e-06
   5.999999999999999e-06
   1.7999999999999997e-05
   9.999999999999999e-06
   2e-06
   2e-06
   2.2e-05
   2e-06
   4e-06
   2e-06
   5.999999999999999e-06
   8e-06
   8e-06
   5.999999999999999e-06
   2e-06
   4e-06
   5.999999999999999e-06
   1.1999999999999999e-05
   9.999999999999999e-06
   1.3999999999999998e-05
   8e-06
   8e-06
   2e-06
   9.999999999999999e-06
   0.0
   1.1999999999999999e-05
   4e-06
   0.0
   2e-06
   9.999999999999999e-06
   5.999999999999999e-06
   9.999999999999999e-06
   2e-06
   2e-06
   0.0
   0.0
   4e-06
   0.0
   0.0
   0.0
   0.0
   0.0
   0.0
   0.0
   0.0
   2e-06
   0.0
   0.0
   0.0
   0.0
   0.0
   0.0
   1.1999999999999999e-05
   0.0
   4e-06
   2e-06
   2e-06
   0.0
   0.0
   4e-06
   0.0
   0.0
   0.0
   4e-06
   0.0
   0.0
   4e-06
   0.0
   0.0
   0.0
   5.999999999999999e-06
   0.0
   0.0
   4e-06
   0.0
   0.0
   2e-06
   2e-06
   0.0
   0.0
   0.0
   0.0
   9.999999999999999e-06
   0.0
   0.0
   0.0
   5.999999999999999e-06
   0.0
   0.0
   2e-06
   0.0
   0.0
   0.0
   0.0
   0.0
   0.0
   2e-06
   0.0
   2e-06
   0.0
   0.0
   0.0
   0.0
   2e-06
   0.0
   0.0
   0.0
   0.0
   0.0
   0.0
   0.0
   4e-06
   0.0
   0.0
   0.0
   0.0
   2e-06
   0.0
   0.0
   0.0
   1.1999999999999999e-05
   0.0
   0.0
   0.0
   0.0
   8e-06
   0.0
   0.0
   0.0
   0.0
   5.999999999999999e-06
   0.0
   0.0
   4e-06
   0.0
   0.0
   0.0
   0.0
   0.0
   0.0
   0.0
   0.0
   0.0
   0.0
   0.0
   0.0
   0.0
   0.0
   0.0
   0.0
   0.0
   0.0
   0.0
   0.0
   0.0
   0.0
   0.0
   0.0
   0.0
   0.0
   0.0
   0.0
   0.0
   0.0
   0.0
   0.0
   0.0
   0.0
   0.0
   0.0
   0.0
   0.0
   0.0
   0.0
   0.0
   0.0
   0.0
   0.0
   0.0
   0.0
   0.0
   0.0
   0.0
   0.0
   0.0
   0.0
   0.0
   0.0
   0.0
   0.0
   0.0
   0.0
   0.0
   0.0
   0.0
   0.0
   0.0
   0.0
   0.0
   0.0
   0.0
   0.0
   0.0
   0.0
   0.0
   0.0
   0.0
   0.0
   0.0
   0.0
   0.0
   0.0
   0.0
   0.0
   0.0
   0.0
   0.0
   0.0
   0.0
   0.0
   0.0
   0.0
   0.0
   0.0
   0.0
   0.0
   0.0
   0.0
   0.0
   0.0
   0.0
   0.0
   0.0
   0.0
   0.0
   0.0
   0.0
   0.0
   0.0
   0.0
   0.0
   0.0
   0.0
   0.0
   0.0
   0.0
   0.0
   0.0
   0.0
   0.0
   0.0
   0.0
   0.0
   0.0
   0.0
   0.0
   0.0
   0.0
   0.0
   0.0
   0.0
   0.0
   0.0
   0.0
   0.0
   0.0
   0.0
   0.0
   0.0
   0.0
   0.0
   0.0
   0.0
   0.0
   0.0
   0.0
   0.0
   0.0
   0.0
   0.0
   0.0
   0.0
   0.0
   0.0
   0.0
   0.0
   0.0
   0.0
   0.0
   0.0
   0.0
   0.0
   0.0
   0.0
   0.0
   0.0
   0.0
   0.0
   0.0
   0.0
   0.0
   0.0
   0.0
   0.0
   0.0
   0.0
   0.0
   0.0
   0.0
   0.0
   0.0
   0.0
   0.0
   0.0
   0.0
   0.0
   0.0
   0.0
   0.0
   0.0
   0.0
   0.0
   0.0
   0.0
   0.0
   0.0
   0.0
   0.0
   0.0
   0.0
   0.0
   0.0
   0.0
   0.0
   0.0
   0.0
   0.0
   0.0
   0.0
   0.0
   0.0
   0.0
   0.0
   0.0
   0.0
   0.0
   0.0
   0.0
   0.0
   0.0
   0.0
   0.0
   0.0
   0.0
   0.0
   0.0
   0.0
   0.0
   0.0
   0.0
   0.0
   0.0
   0.0
   0.0
   0.0
   0.0
   0.0
   0.0
   0.0
   0.0
   0.0
   0.0
   0.0
   0.0
   0.0
   0.0
   0.0
   0.0
   0.0
   0.0
   0.0
   0.0
   0.0
   0.0
   0.0
   0.0
   0.0
   0.0
   0.0
   0.0
   0.0
   0.0
   0.0
   0.0
   0.0
   0.0
   0.0
   0.0
   0.0
   0.0
   0.0
   0.0
   0.0
   0.0
   0.0
   0.0
   0.0
   0.0
   0.0
   0.0
   0.0
   0.0
   0.0
   0.0
   0.0
   0.0
   0.0
   0.0
   0.0
   0.0
   0.0
   0.0
   0.0
   0.0
   0.0
   0.0
   0.0
   0.0
   0.0
   0.0
   0.0
   0.0
   0.0
   0.0
   0.0
   0.0
   0.0
   0.0
   0.0
   0.0
   0.0
   0.0
   0.0
   0.0
   0.0
   0.0
   0.0
   0.0
   0.0
   0.0
   0.0
   0.0
   0.0
   0.0
   0.0
   0.0
   0.0
   0.0
   0.0
   0.0
   0.0
   0.0
   0.0
   0.0
   0.0
   0.0
   0.0
   0.0
   0.0
   0.0
   0.0
   0.0
   0.0
   0.0
   0.0
   0.0
   0.0
   0.0
   0.0
   0.0
   0.0
   0.0
   0.0
   0.0
   0.0
   0.0
   0.0
   0.0
   0.0
   0.0
   0.0
   0.0
   0.0
   0.0
   0.0
   0.0
   0.0
   0.0
   0.0
   0.0
   0.0
   0.0
   0.0
   0.0
   0.0
   0.0
   0.0
   0.0
   0.0
   0.0
   0.0
   0.0
   0.0
   0.0
   0.0
   0.0
   0.0
   0.0
   0.0
   0.0
   0.0
   0.0
