   1.13618
   1.34216
   1.4043999999999999
   1.41486
   1.42025
   1.4209
   1.43172
   1.43638
   1.42109
   1.43269
   1.42489
   1.4335900000000001
   1.424
   1.42059
   1.42991
   1.43559
   1.43531
   1.43337
   1.43185
   1.43265
   1.43352
   1.42223
   1.42226
   1.42897
   1.4218700000000002
   1.42475
   1.42881
   1.4191799999999999
   1.4232399999999998
   1.42862
   1.43465
   1.43105
   1.42638
   1.43236
   1.43236
   1.43176
   1.4200300000000001
   1.4287400000000001
   1.43193
   1.4308400000000001
   1.4272399999999998
   1.43129
   1.43065
   1.43071
   1.42686
   1.4293
   1.4234200000000001
   1.43097
   1.42114
   1.43071
   1.4258899999999999
   1.42353
   1.4227999999999998
   1.42837
   1.4287100000000001
   1.4352500000000001
   1.42363
   1.42901
   1.41773
   1.42652
   1.42893
   1.42754
   1.42807
   1.43045
   1.42661
   1.42404
   1.42282
   1.4246999999999999
   1.42752
   1.4247299999999998
   1.43159
   1.43208
   1.44153
   1.42542
   1.43136
   1.43238
   1.43597
   1.43644
   1.43489
   1.43494
   1.43021
   1.4308100000000001
   1.43534
   1.42685
   1.42734
   1.42483
   1.4276799999999998
   1.42937
   1.4272399999999998
   1.42851
   1.43261
   1.431
   1.42125
   1.43515
   1.42712
   1.42796
   1.4179199999999998
   1.40328
   1.3384
   1.14094
