   2.6863
   3.77098
   3.97282
   3.99056
   3.9926999999999997
   3.9978
   4.00874
   4.00528
   3.97946
   3.9973599999999996
   3.9939799999999996
   4.011279999999999
   3.9952
   3.9873600000000002
   3.9837
   3.9923800000000003
   4.01062
   3.9992199999999998
   3.99842
   3.9978399999999996
   3.96928
   3.9822
   3.9916
   3.9996400000000003
   4.00364
   4.00748
   3.99006
   3.9866400000000004
   4.014
   4.0056
   3.9899999999999998
   4.0103
   3.98076
   4.00406
   3.9962
   4.007079999999999
   4.0018199999999995
   3.99246
   3.99864
   4.00892
   4.03178
   4.00076
   4.00856
   3.9897799999999997
   4.0301
   4.02422
   4.00896
   4.01306
   4.00632
   4.0273
   3.9995000000000003
   4.00998
   3.99786
   4.01818
   4.00706
   3.9917599999999998
   3.99622
   3.9929399999999995
   3.99328
   4.00634
   4.00822
   4.00156
   3.99876
   3.9916600000000004
   3.9972
   3.9892999999999996
   4.00558
   4.00652
   4.01584
   3.9931599999999996
   3.99594
   4.00722
   4.00358
   4.00048
   3.9850999999999996
   3.9969200000000003
   4.00804
   4.01632
   4.02018
   3.9916600000000004
   3.98482
   3.98842
   3.99954
   4.0075199999999995
   3.9993800000000004
   4.0095600000000005
   4.0088
   4.0000800000000005
   3.9949600000000003
   4.00004
   4.00952
   4.015280000000001
   4.009
   4.02842
   4.00634
   3.9981000000000004
   3.9973
   3.97574
   3.7782799999999996
   2.68764
