   4.16291
   6.63955
   8.04918
   8.86139
   9.32968
   9.596680000000001
   9.723650000000001
   9.865300000000001
   9.92618
   9.95954
   9.99578
   9.9892
   9.98994
   9.98714
   9.96805
   9.963809999999999
   9.98441
   10.02362
   10.03754
   10.000589999999999
   9.97798
   9.98458
   9.9748
   9.982090000000001
   10.014240000000001
   9.997580000000001
   10.03233
   10.04529
   9.997259999999999
   9.98999
   9.99043
   10.02685
   9.9922
   10.05055
   9.99926
   10.0643
   10.01244
   10.020719999999999
   10.035639999999999
   10.01252
   10.009220000000001
   10.01187
   9.9937
   10.01296
   10.00206
   10.02966
   10.02173
   10.00338
   10.00422
   10.0071
   10.00746
   10.0121
   10.02599
   9.99349
   9.98188
   10.01165
   10.0333
   10.02556
   9.9671
   9.9587
   9.95071
   10.01488
   10.02171
   10.00673
   10.02494
   10.01872
   10.0027
   10.01162
   10.00796
   10.00608
   10.04813
   10.04679
   10.04897
   10.03541
   10.00854
   9.96982
   9.98575
   9.980419999999999
   10.00916
   10.00067
   10.00507
   9.97488
   10.000390000000001
   9.99614
   9.975670000000001
   9.96066
   9.97477
   9.985090000000001
   10.00731
   9.99062
   9.97418
   9.929649999999999
   9.8733
   9.76111
   9.650079999999999
   9.392949999999999
   8.880780000000001
   8.04361
   6.64328
   4.15465
