   2.60284
   3.5979799999999997
   4.13176
   4.48756
   4.6832199999999995
   4.828799999999999
   4.92224
   4.95346
   4.967160000000001
   4.9828600000000005
   4.98098
   4.98776
   4.98806
   5.01522
   4.99528
   4.99414
   4.99374
   5.00654
   5.0011399999999995
   5.00488
   5.00312
   5.007700000000001
   5.0193
   5.00226
   5.0316399999999994
   5.0085
   4.9855
   4.98968
   4.98962
   4.99132
   4.98578
   5.02094
   5.02524
   5.004519999999999
   5.00418
   5.01172
   5.00056
   5.01334
   4.99284
   5.005459999999999
   5.0053399999999995
   5.01356
   4.98696
   5.01292
   4.98986
   5.00824
   5.00348
   5.0025
   4.98888
   4.99972
   5.00168
   4.983
   4.9876
   5.00328
   4.99958
   5.01992
   5.01438
   5.02552
   5.0084
   5.02788
   4.98874
   4.99978
   4.9801
   5.00724
   4.9942
   5.01114
   5.02704
   4.99306
   5.003839999999999
   5.00054
   4.9943599999999995
   4.99652
   4.97818
   4.97706
   4.99618
   5.00194
   4.9900199999999995
   5.008640000000001
   4.9977800000000006
   5.0107
   4.98726
   5.01266
   5.02048
   5.02338
   5.00284
   4.99946
   4.9922
   4.9852
   4.9856
   4.991700000000001
   4.9805399999999995
   4.97716
   4.94456
   4.9122
   4.81262
   4.6953000000000005
   4.4896199999999995
   4.15566
   3.58062
   2.62166
