   90.608
   131.874
   173.37800000000001
   212.71399999999997
   253.868
   289.73
   325.68199999999996
   361.504
   394.094
   428.628
   459.33799999999997
   492.53400000000005
   524.96
   552.63
   578.766
   605.15
   632.6279999999999
   660.8340000000001
   679.664
   703.104
   723.762
   747.888
   764.4540000000001
   783.5
   804.5939999999999
   817.9159999999999
   837.878
   852.998
   870.718
   887.1840000000001
   899.3600000000001
   909.418
   925.394
   936.7620000000001
   938.856
   952.112
   966.594
   978.81
   986.316
   992.606
   998.652
   1005.5680000000001
   1016.3199999999999
   1019.8539999999999
   1022.494
   1027.276
   1026.308
   1031.2900000000002
   1035.774
   1035.558
   1031.7
   1028.06
   1031.174
   1022.696
   1024.512
   1020.27
   1010.2499999999999
   1008.268
   999.338
   989.3000000000001
   984.7060000000001
   976.746
   971.8059999999999
   957.1239999999999
   950.704
   942.36
   930.9879999999999
   920.7860000000001
   905.9240000000001
   894.73
   885.334
   865.4680000000001
   851.7760000000001
   838.04
   821.2059999999999
   800.224
   788.4739999999999
   768.218
   744.598
   723.71
   702.59
   676.906
   655.202
   630.684
   604.14
   578.392
   550.852
   520.764
   493.968
   459.852
   430.82599999999996
   398.646
   362.012
   329.64000000000004
   291.94599999999997
   253.704
   213.802
   174.352
   135.74200000000002
   92.80000000000001
