   1.53062
   1.9851
   2.0233
   2.0254600000000003
   2.02612
   2.01014
   2.00716
   2.03334
   2.02556
   2.01796
   2.02974
   2.01724
   2.01
   2.0202999999999998
   2.0181
   2.0255
   2.01664
   2.02712
   2.0212
   2.01282
   2.02294
   2.02602
   2.0189
   2.0136399999999997
   2.01632
   2.0138
   2.01414
   2.01932
   2.01612
   2.02892
   2.0304599999999997
   2.0133
   2.02812
   2.03066
   2.0212399999999997
   2.0313000000000003
   2.0216600000000002
   2.03076
   2.00722
   2.0259
   1.99616
   2.02814
   2.0072799999999997
   2.01964
   2.01852
   2.01548
   2.02494
   2.0312799999999998
   2.03156
   2.02442
   2.02048
   2.0236
   2.02002
   2.02412
   2.02226
   2.0148800000000002
   2.02454
   2.0126399999999998
   2.00926
   2.03206
   2.02022
   2.02074
   2.0294800000000004
   2.0105999999999997
   2.02812
   2.0151
   2.02276
   2.01794
   2.02148
   2.0233
   2.0215400000000003
   2.03402
   2.00692
   2.03112
   2.01978
   2.02022
   2.01798
   2.02156
   2.02314
   2.0174600000000003
   2.02548
   2.02366
   2.02188
   2.01876
   2.01506
   2.02232
   2.02062
   2.01168
   2.0097400000000003
   2.0235800000000004
   2.01992
   2.0244600000000004
   2.01342
   2.01782
   2.0171200000000002
   2.01844
   2.0135400000000003
   2.01598
   1.9888200000000003
   1.5334
