   1.1500700000000001
   1.52756
   1.63645
   1.65625
   1.65945
   1.66409
   1.67346
   1.6679099999999998
   1.66585
   1.6623599999999998
   1.6611799999999999
   1.67015
   1.6684899999999998
   1.6782100000000002
   1.66546
   1.6731200000000002
   1.6697799999999998
   1.6756900000000001
   1.66702
   1.6697199999999999
   1.67285
   1.67284
   1.6699700000000002
   1.66607
   1.6528999999999998
   1.6558300000000001
   1.67241
   1.67197
   1.66233
   1.6671600000000002
   1.66831
   1.66265
   1.6635400000000002
   1.66538
   1.66753
   1.6629
   1.6740899999999999
   1.66723
   1.66805
   1.6692599999999997
   1.66256
   1.67103
   1.67204
   1.6708500000000002
   1.6677600000000001
   1.6625299999999998
   1.66687
   1.67016
   1.66522
   1.6642000000000001
   1.66812
   1.65796
   1.6632399999999998
   1.66713
   1.6741099999999998
   1.6702100000000002
   1.65844
   1.66426
   1.6699100000000002
   1.6644599999999998
   1.6739600000000001
   1.66666
   1.67372
   1.67179
   1.66533
   1.6663299999999999
   1.66568
   1.67063
   1.66468
   1.66284
   1.66975
   1.6696699999999998
   1.66567
   1.6602100000000002
   1.6714699999999998
   1.6676
   1.65788
   1.66286
   1.6675200000000001
   1.65763
   1.66199
   1.6638400000000002
   1.66782
   1.6563999999999999
   1.66872
   1.66452
   1.6619
   1.67121
   1.6681700000000002
   1.6649500000000002
   1.66557
   1.6588399999999999
   1.65603
   1.6613699999999998
   1.66806
   1.6609800000000001
   1.65169
   1.6291799999999999
   1.5379800000000001
   1.15089
