   0.0
   0.0
   0.0
   0.0
   0.0
   0.0
   0.0
   0.0
   0.0
   0.0
   0.0
   0.0
   0.0
   0.0
   0.0
   0.0
   0.0
   0.0
   0.0
   0.0
   0.0
   0.0
   0.0
   0.0
   0.0
   0.0
   0.0
   0.0
   0.0
   0.0
   0.0
   0.0
   0.0
   0.0
   0.0
   0.0
   0.0
   0.0
   0.0
   0.0
   0.0
   0.0
   0.0
   0.0
   0.0
   0.0
   0.0
   0.0
   0.0
   0.0
   0.0
   0.0
   0.0
   0.0
   0.0
   0.0
   0.0
   0.0
   0.0
   0.0
   0.0
   0.0
   0.0
   0.0
   0.0
   0.0
   0.0
   0.0
   0.0
   0.0
   0.0
   0.0
   0.0
   0.0
   0.0
   0.0
   0.0
   0.0
   0.0
   0.0
   0.0
   0.0
   0.0
   0.0
   0.0
   0.0
   0.0
   0.0
   0.0
   0.0
   0.0
   0.0
   0.0
   0.0
   0.0
   0.0
   0.0
   0.0
   0.0
   0.0
   0.0
   0.0
   0.0
   0.0
   0.0
   0.0
   0.0
   0.0
   0.0
   0.0
   0.0
   0.0
   0.0
   0.0
   0.0
   0.0
   0.0
   0.0
   0.0
   0.0
   0.0
   0.0
   0.0
   0.0
   0.0
   0.0
   0.0
   0.0
   0.0
   0.0
   0.0
   0.0
   0.0
   0.0
   0.0
   0.0
   0.0
   0.0
   0.0
   0.0
   0.0
   0.0
   0.0
   0.0
   0.0
   0.0
   0.0
   0.0
   0.0
   0.0
   0.0
   0.0
   0.0
   0.0
   0.0
   0.0
   0.0
   0.0
   0.0
   0.0
   0.0
   0.0
   0.0
   0.0
   0.0
   0.0
   0.0
   0.0
   0.0
   0.0
   0.0
   0.0
   0.0
   0.0
   0.0
   0.0
   0.0
   0.0
   0.0
   0.0
   0.0
   0.0
   0.0
   0.0
   0.0
   0.0
   0.0
   0.0
   0.0
   0.0
   0.0
   0.0
   0.0
   0.0
   0.0
   0.0
   0.0
   0.0
   0.0
   0.0
   0.0
   0.0
   0.0
   0.0
   0.0
   0.0
   0.0
   0.0
   0.0
   0.0
   0.0
   0.0
   0.0
   0.0
   0.0
   0.0
   0.0
   0.0
   0.0
   0.0
   0.0
   0.0
   0.0
   0.0
   0.0
   0.0
   0.0
   1.9999999999999998e-05
   0.0
   0.0
   0.0
   0.0
   0.0
   0.0
   0.0
   0.0
   0.0
   0.0
   0.0
   0.0
   0.0
   0.0
   0.0
   0.0
   0.0
   0.0
   1.9999999999999998e-05
   0.0
   0.0
   0.0
   0.0
   0.0
   0.0
   0.0
   0.0
   0.0
   0.0
   0.0
   0.0
   1.9999999999999998e-05
   0.0
   0.0
   0.0
   1.9999999999999998e-05
   0.0
   1.9999999999999998e-05
   0.0
   1.9999999999999998e-05
   1.9999999999999998e-05
   0.0
   0.0
   0.0
   1.9999999999999998e-05
   1.9999999999999998e-05
   0.0
   1.9999999999999998e-05
   1.9999999999999998e-05
   0.0
   0.0
   0.0
   1.9999999999999998e-05
   1.9999999999999998e-05
   6e-05
   1.9999999999999998e-05
   0.0
   0.0
   1.9999999999999998e-05
   1.9999999999999998e-05
   3.9999999999999996e-05
   1.9999999999999998e-05
   0.0
   6e-05
   1.9999999999999998e-05
   0.0
   1.9999999999999998e-05
   0.0
   1.9999999999999998e-05
   1.9999999999999998e-05
   1.9999999999999998e-05
   1.9999999999999998e-05
   0.0
   1.9999999999999998e-05
   0.0
   0.0
   1.9999999999999998e-05
   1.9999999999999998e-05
   0.0
   1.9999999999999998e-05
   0.0
   1.9999999999999998e-05
   0.0
   0.0
   3.9999999999999996e-05
   0.0
   0.0
   3.9999999999999996e-05
   3.9999999999999996e-05
   0.0
   0.0
   1.9999999999999998e-05
   3.9999999999999996e-05
   1.9999999999999998e-05
   3.9999999999999996e-05
   3.9999999999999996e-05
   6e-05
   1.9999999999999998e-05
   1.9999999999999998e-05
   1.9999999999999998e-05
   7.999999999999999e-05
   3.9999999999999996e-05
   1.9999999999999998e-05
   1.9999999999999998e-05
   1.9999999999999998e-05
   6e-05
   0.0001
   0.0
   0.0
   0.0
   0.0001
   6e-05
   3.9999999999999996e-05
   1.9999999999999998e-05
   0.0
   3.9999999999999996e-05
   0.0
   6e-05
   3.9999999999999996e-05
   0.0
   6e-05
   6e-05
   1.9999999999999998e-05
   6e-05
   7.999999999999999e-05
   6e-05
   6e-05
   3.9999999999999996e-05
   3.9999999999999996e-05
   3.9999999999999996e-05
   1.9999999999999998e-05
   1.9999999999999998e-05
   3.9999999999999996e-05
   3.9999999999999996e-05
   1.9999999999999998e-05
   0.0
   6e-05
   7.999999999999999e-05
   0.0001
   6e-05
   0.0
   3.9999999999999996e-05
   0.00012
   3.9999999999999996e-05
   6e-05
   0.0001
   6e-05
   0.00012
   3.9999999999999996e-05
   3.9999999999999996e-05
   6e-05
   6e-05
   0.0001
   1.9999999999999998e-05
   0.00015999999999999999
   6e-05
   3.9999999999999996e-05
   6e-05
   0.00012
   0.00014
   6e-05
   7.999999999999999e-05
   6e-05
   0.00015999999999999999
   0.0001
   0.00012
   0.00015999999999999999
   3.9999999999999996e-05
   3.9999999999999996e-05
   7.999999999999999e-05
   0.0001
   0.0001
   3.9999999999999996e-05
   6e-05
   7.999999999999999e-05
   7.999999999999999e-05
   1.9999999999999998e-05
   0.00012
   1.9999999999999998e-05
   7.999999999999999e-05
   6e-05
   3.9999999999999996e-05
   6e-05
   7.999999999999999e-05
   7.999999999999999e-05
   6e-05
   1.9999999999999998e-05
   3.9999999999999996e-05
   0.0001
   6e-05
   1.9999999999999998e-05
   7.999999999999999e-05
   7.999999999999999e-05
   0.00017999999999999998
   3.9999999999999996e-05
   7.999999999999999e-05
   1.9999999999999998e-05
   6e-05
   1.9999999999999998e-05
   6e-05
   0.00012
   0.00012
   0.00017999999999999998
   0.00012
   0.00015999999999999999
   0.0002
   0.0001
   0.00014
   7.999999999999999e-05
   0.00014
   0.00026
   0.00012
   6e-05
   0.0001
   6e-05
   6e-05
   6e-05
   6e-05
   7.999999999999999e-05
   0.00012
   7.999999999999999e-05
   0.00015999999999999999
   0.00014
   7.999999999999999e-05
   0.00012
   0.00021999999999999998
   0.00024
   0.00017999999999999998
   0.00017999999999999998
   3.9999999999999996e-05
   0.00028
   7.999999999999999e-05
   0.00017999999999999998
   0.00024
   0.00014
   0.00038
   0.00021999999999999998
   0.00021999999999999998
   0.00026
   0.00024
   0.00045999999999999996
   0.0002
   0.00012
   0.00021999999999999998
   0.0002
   0.00031999999999999997
   0.00024
   0.00021999999999999998
   0.00021999999999999998
   0.00033999999999999997
   0.00028
   0.00017999999999999998
   0.00014
   0.00024
   0.0003
   0.00026
   0.00017999999999999998
   0.00021999999999999998
   0.0004
   0.00026
   0.0002
   0.0003
   0.0004
   0.00045999999999999996
   0.00031999999999999997
   0.00035999999999999997
   0.00038
   0.00038
   0.00026
   0.00031999999999999997
   0.00035999999999999997
   0.00024
   0.00043999999999999996
   0.00038
   0.00045999999999999996
   0.00033999999999999997
   0.00031999999999999997
   0.00031999999999999997
   0.00031999999999999997
   0.00043999999999999996
   0.0006999999999999999
   0.0005399999999999999
   0.00052
   0.00052
   0.00056
   0.00045999999999999996
   0.00056
   0.00045999999999999996
   0.00066
   0.00048
   0.00066
   0.0005
   0.00078
   0.0005399999999999999
   0.0007399999999999999
   0.0006399999999999999
   0.0004
   0.0006999999999999999
   0.00076
   0.0008
   0.0006399999999999999
   0.0006999999999999999
   0.00066
   0.0008399999999999999
   0.001
   0.00058
   0.0008
   0.00076
   0.0007399999999999999
   0.00076
   0.00076
   0.00086
   0.0009
   0.00076
   0.0012
   0.00104
   0.0008399999999999999
   0.00106
   0.00098
   0.0010199999999999999
   0.0006999999999999999
   0.0008399999999999999
   0.00098
   0.00116
   0.0009
   0.001
   0.0011
   0.0012799999999999999
   0.00122
   0.0012799999999999999
   0.00134
   0.00122
   0.00142
   0.00124
   0.0013999999999999998
   0.0012799999999999999
   0.0014999999999999998
   0.00142
   0.00134
   0.00134
   0.00116
   0.0013999999999999998
   0.00138
   0.0015799999999999998
   0.00134
   0.00138
   0.00174
   0.0014399999999999999
   0.00142
   0.0012599999999999998
   0.0017000000000000001
   0.0012799999999999999
   0.0016
   0.0016799999999999999
   0.00156
   0.0018599999999999999
   0.00212
   0.002
   0.00174
   0.0021
   0.00196
   0.00214
   0.00218
   0.00244
   0.0021599999999999996
   0.0020599999999999998
   0.00248
   0.0025199999999999997
   0.00214
   0.00248
   0.00218
   0.0023399999999999996
   0.0025399999999999997
   0.0029999999999999996
   0.00228
   0.0025599999999999998
   0.00238
   0.00292
   0.00268
   0.0027799999999999995
   0.00232
   0.0025
   0.0028799999999999997
   0.00324
   0.00324
   0.0029799999999999996
   0.0025999999999999994
   0.0031
   0.00322
   0.00302
   0.00306
   0.0035199999999999997
   0.00392
   0.0029599999999999995
   0.003959999999999999
   0.00356
   0.0037199999999999998
   0.0037599999999999995
   0.00382
   0.00378
   0.0037199999999999998
   0.0043
   0.0038
   0.00452
   0.00414
   0.0048
   0.0044199999999999995
   0.00454
   0.00454
   0.0046
   0.0046
   0.00466
   0.00422
   0.005299999999999999
   0.0054399999999999995
   0.0054399999999999995
   0.00448
   0.00514
   0.00558
   0.005039999999999999
   0.006059999999999999
   0.0059
   0.00612
   0.005959999999999999
   0.006019999999999999
   0.005379999999999999
   0.00666
   0.006639999999999999
   0.0066
   0.006539999999999999
   0.00644
   0.00662
   0.0068000000000000005
   0.007299999999999999
   0.0067
   0.0070999999999999995
   0.00706
   0.00794
   0.00806
   0.00804
   0.00848
   0.00814
   0.00802
   0.008239999999999999
   0.008159999999999999
   0.00852
   0.008419999999999999
   0.00904
   0.0096
   0.009439999999999999
   0.009359999999999999
   0.009879999999999998
   0.00974
   0.01078
   0.010079999999999999
   0.0109
   0.0116
   0.010499999999999999
   0.01168
   0.011519999999999999
   0.01268
   0.01258
   0.01162
   0.0127
   0.01288
   0.013279999999999998
   0.012499999999999999
   0.01326
   0.013079999999999998
   0.01396
   0.01462
   0.01398
   0.0157
   0.01482
   0.01522
   0.0157
   0.016239999999999997
   0.0161
   0.017179999999999997
   0.0168
   0.01766
   0.01654
   0.01724
   0.017419999999999998
   0.0169
   0.0177
   0.01882
   0.01886
   0.01922
   0.020699999999999996
   0.02024
   0.0205
   0.02124
   0.02236
   0.022399999999999996
   0.023039999999999998
   0.02314
   0.02308
   0.022799999999999997
   0.02344
   0.02592
   0.025079999999999998
   0.02388
   0.025179999999999998
   0.026199999999999998
   0.026619999999999998
   0.027039999999999998
   0.02772
   0.027039999999999998
   0.027999999999999997
   0.02856
   0.02978
   0.028939999999999997
   0.03092
   0.03252
   0.03276
   0.03334
   0.0336
   0.03428
   0.034859999999999995
   0.03468
   0.0355
   0.03748
   0.03718
   0.0378
   0.0392
   0.038579999999999996
   0.04028
   0.040679999999999994
   0.0419
   0.042019999999999995
   0.04342
   0.0447
   0.04516
   0.045559999999999996
   0.04734
   0.04876
   0.0486
   0.04989999999999999
   0.05266
   0.050899999999999994
   0.05116
   0.053439999999999994
   0.05568
   0.05654
   0.05744
   0.05648
   0.05786
   0.05911999999999999
   0.05998
   0.060020000000000004
   0.06256
   0.06296
   0.06423999999999999
   0.06566
   0.06745999999999999
   0.0691
   0.07147999999999999
   0.07057999999999999
   0.07364
   0.07496
   0.07311999999999999
   0.074
   0.0781
   0.08002
   0.07976
   0.08506
   0.0861
   0.08614
   0.08777999999999998
   0.0911
   0.08998
   0.09195999999999999
   0.09409999999999999
   0.09616
   0.09734
   0.10044
   0.1026
   0.1055
   0.10479999999999999
   0.10540000000000001
   0.10937999999999999
   0.11469999999999998
   0.11412
   0.11693999999999999
   0.11615999999999999
   0.11915999999999999
   0.12148
   0.1201
   0.12684
   0.13097999999999999
   0.1306
   0.13363999999999998
   0.13685999999999998
   0.13716
   0.14176
   0.14171999999999998
   0.14309999999999998
   0.149
   0.15232
   0.15188
   0.158
   0.15718
   0.16491999999999998
   0.17042000000000002
   0.17052
   0.17601999999999998
   0.1755
   0.18244
   0.18286
   0.18547999999999998
   0.19382
   0.19665999999999997
   0.19651999999999997
   0.1994
   0.20828
   0.20663999999999996
   0.20775999999999997
   0.21714
   0.22163999999999998
   0.22349999999999998
   0.22885999999999998
   0.23132
   0.23514
   0.23869999999999997
   0.24922
   0.24974
   0.25382
   0.26377999999999996
   0.26555999999999996
   0.26986
   0.27806
   0.2815
   0.28686
   0.29118
   0.29803999999999997
   0.30308
   0.3067
   0.31348
   0.31542
   0.32358
   0.33526
   0.33149999999999996
   0.34236
   0.35054
   0.35326
   0.36322
   0.37102
   0.37858
   0.38399999999999995
   0.38775999999999994
   0.39768
   0.40773999999999994
   0.41984
   0.42245999999999995
   0.4290999999999999
   0.4379799999999999
   0.44952
   0.45299999999999996
   0.46353999999999995
   0.47422
   0.48191999999999996
   0.49169999999999997
   0.49372
   0.5068799999999999
   0.5194799999999999
   0.52508
   0.5325799999999999
   0.5427799999999999
   0.5613199999999999
   0.5645
   0.5810799999999999
   0.58522
   0.60652
   0.6010599999999999
   0.6167999999999999
   0.6323799999999999
   0.64656
   0.6563199999999999
   0.66528
   0.6802199999999999
   0.6984799999999999
   0.7006199999999999
   0.72364
   0.7294799999999999
   0.75356
   0.7633199999999999
   0.7788200000000001
   0.79404
   0.8036
   0.81972
   0.8339599999999999
   0.8539399999999999
   0.86476
   0.8899799999999999
   0.90088
   0.9160799999999999
   0.93672
   0.9539
   0.9720399999999999
   0.9921399999999999
   1.0046
   1.01982
   1.0447199999999999
   1.06808
   1.08348
   1.10062
   1.1228799999999999
   1.1369999999999998
   1.17064
   1.1922199999999998
   1.21176
   1.24076
   1.25624
   1.28056
   1.30584
   1.32028
   1.3501599999999998
   1.3841999999999999
   1.39872
   1.4317399999999998
   1.4555999999999998
   1.48372
   1.5147
   1.5350599999999999
   1.57246
   1.607
   1.6284599999999998
   1.6441
   1.6858799999999998
   1.72102
   1.7621999999999998
   1.7858999999999998
   1.81456
   1.8558199999999998
   1.88622
   1.9157399999999998
   1.95048
   1.98796
   2.02794
   2.06828
   2.1191799999999996
   2.15984
   2.18986
   2.22788
   2.27218
   2.30908
   2.35496
   2.39426
   2.4297199999999997
   2.47884
   2.5425199999999997
   2.58054
   2.61992
   2.6797799999999996
   2.71894
   2.7872599999999994
   2.8323799999999997
   2.88794
   2.92088
   2.99658
   3.0448199999999996
   3.1101
   3.1710599999999998
   3.2319199999999997
   3.2796999999999996
   3.35596
   3.4139
   3.45826
   3.49518
   3.52128
   3.52806
   3.5372999999999997
   3.5299799999999997
   3.4900399999999996
   3.4544
   3.39266
   3.34928
   3.2755
   3.22612
   3.1771599999999998
   3.1165599999999998
   3.0396
   2.98864
   2.9372199999999995
   2.89038
   2.8345599999999997
   2.7781599999999997
   2.7402399999999996
   2.68864
   2.62736
   2.5866599999999997
   2.53672
   2.49598
   2.43078
   2.3932999999999995
   2.35662
   2.3104199999999997
   2.2601799999999996
   2.22722
   2.18864
   2.15378
   2.10222
   2.06624
   2.02458
   2.00434
   1.9597999999999998
   1.9341199999999998
   1.8788799999999999
   1.85514
   1.8157599999999998
   1.78118
   1.7548
   1.7215399999999998
   1.6894
   1.6638
   1.6276599999999999
   1.59032
   1.5737
   1.53786
   1.5183399999999998
   1.49012
   1.4547599999999998
   1.4267199999999998
   1.3978799999999998
   1.3778399999999997
   1.35188
   1.3353599999999999
   1.3056799999999997
   1.27786
   1.25482
   1.2342199999999999
   1.2124
   1.18838
   1.16658
   1.14612
   1.12764
   1.1092799999999998
   1.0915599999999999
   1.0644799999999999
   1.04026
   1.0279399999999999
   1.00464
   0.9854799999999999
   0.96906
   0.94956
   0.9349399999999999
   0.91744
   0.9031999999999999
   0.8874
   0.87186
   0.8497399999999999
   0.82928
   0.82056
   0.8010799999999999
   0.7954
   0.7788399999999999
   0.76128
   0.7420599999999999
   0.72144
   0.7197
   0.70588
   0.69322
   0.68048
   0.6621
   0.65492
   0.64446
   0.63442
   0.6168399999999999
   0.60686
   0.59616
   0.5873999999999999
   0.5785399999999999
   0.5640799999999999
   0.56346
   0.54094
   0.53376
   0.52586
   0.51216
   0.501
   0.49792000000000003
   0.48779999999999996
   0.48191999999999996
   0.47353999999999996
   0.4658
   0.45893999999999996
   0.44974
   0.43986
   0.42958
   0.42034
   0.42051999999999995
   0.4054
   0.39919999999999994
   0.39156
   0.39022
   0.37879999999999997
   0.37262
   0.36805999999999994
   0.36075999999999997
   0.35686
   0.34675999999999996
   0.33638
   0.3341
   0.33177999999999996
   0.31714
   0.31705999999999995
   0.30572
   0.30882
   0.29798
   0.29756
   0.29063999999999995
   0.27949999999999997
   0.2767
   0.27466
   0.2673
   0.26338
   0.25801999999999997
   0.25786
   0.2445
   0.24322
   0.23731999999999998
   0.23301999999999998
   0.2309
   0.22696
   0.22191999999999998
   0.21808
   0.21394
   0.21072
   0.20284
   0.20358
   0.20261999999999997
   0.1955
   0.19426
   0.18744
   0.18606
   0.18117999999999998
   0.18051999999999999
   0.17629999999999998
   0.1727
   0.17256
   0.16363999999999998
   0.16676
   0.15977999999999998
   0.1573
   0.15386
   0.14982
   0.14734
   0.14387999999999998
   0.14248
   0.14185999999999999
   0.13982
   0.13641999999999999
   0.13319999999999999
   0.13077999999999998
   0.12836
   0.12526
   0.12432
   0.12241999999999999
   0.12068
   0.11778
   0.11306
   0.11289999999999999
   0.11018
   0.10998000000000001
   0.10828
   0.10472
   0.10302
   0.09953999999999999
   0.09875999999999999
   0.09728
   0.0967
   0.09535999999999999
   0.09152
   0.0904
   0.0897
   0.08578
   0.08682
   0.08411999999999999
   0.0813
   0.0804
   0.07818
   0.0782
   0.07872
   0.07574
   0.07306
   0.07336
   0.0725
   0.06848
   0.0706
   0.06966
   0.06721999999999999
   0.0638
   0.06258
   0.06273999999999999
   0.06098
   0.06036
   0.06178
   0.05995999999999999
   0.055979999999999995
   0.05786
   0.05596
   0.053759999999999995
   0.05354
   0.054
   0.051879999999999996
   0.05032
   0.048799999999999996
   0.048659999999999995
   0.04754
   0.044219999999999995
   0.0457
   0.04414
   0.0446
   0.042839999999999996
   0.04118
   0.0427
   0.04204
   0.04126
   0.0389
   0.03884
   0.03668
   0.03674
   0.0361
   0.03644
   0.0354
   0.034359999999999995
   0.032999999999999995
   0.0329
   0.032959999999999996
   0.03124
   0.03136
   0.0311
   0.02942
   0.0299
   0.02898
   0.02882
   0.029160000000000002
   0.027
   0.02624
   0.024139999999999998
   0.0254
   0.026419999999999996
   0.02548
   0.02318
   0.02288
   0.023979999999999998
   0.02252
   0.02154
   0.02216
   0.022639999999999997
   0.0221
   0.02124
   0.01952
   0.01934
   0.019819999999999997
   0.018979999999999997
   0.01816
   0.01774
   0.01744
   0.0169
   0.017799999999999996
   0.01756
   0.016819999999999998
   0.015839999999999996
   0.0167
   0.01608
   0.015719999999999998
   0.01634
   0.01358
   0.015799999999999998
   0.014499999999999999
   0.014059999999999998
   0.01288
   0.015059999999999999
   0.014059999999999998
   0.013739999999999999
   0.013
   0.012759999999999999
   0.013219999999999999
   0.012899999999999998
   0.01222
   0.01172
   0.0118
   0.011659999999999998
   0.01056
   0.011479999999999999
   0.012719999999999999
   0.010679999999999999
   0.010839999999999999
   0.009899999999999999
   0.009899999999999999
   0.01078
   0.010679999999999999
   0.00924
   0.01018
   0.009559999999999999
   0.00998
   0.0084
   0.00882
   0.00856
   0.008899999999999998
   0.00808
   0.007899999999999999
   0.00856
   0.00804
   0.00782
   0.0075
   0.00806
   0.00768
   0.00754
   0.00722
   0.00712
   0.007519999999999999
   0.0064199999999999995
   0.006899999999999999
   0.0065
   0.00666
   0.00662
   0.00572
   0.0057799999999999995
   0.00682
   0.00616
   0.005959999999999999
   0.0057799999999999995
   0.005199999999999999
   0.005339999999999999
   0.005
   0.0058
   0.0058200000000000005
   0.0054199999999999995
   0.00492
   0.00492
   0.00548
   0.00522
   0.0047799999999999995
   0.0049
   0.00456
   0.004699999999999999
   0.00458
   0.00402
   0.00402
   0.00416
   0.003959999999999999
   0.0038599999999999997
   0.0044399999999999995
   0.0036999999999999997
   0.0035199999999999997
   0.00366
   0.00398
   0.0038599999999999997
   0.0035799999999999994
   0.004
   0.0035399999999999997
   0.00326
   0.0035199999999999997
   0.00348
   0.00292
   0.00308
   0.00276
   0.00308
   0.0027799999999999995
   0.00262
   0.00264
   0.00238
   0.0027799999999999995
   0.00266
   0.0027999999999999995
   0.00286
   0.00226
   0.0019399999999999999
   0.00258
   0.00264
   0.00214
   0.00286
   0.0023399999999999996
   0.00208
   0.00262
   0.0023
   0.0022
   0.00208
   0.00178
   0.0022
   0.00232
   0.0018799999999999997
   0.0023
   0.00142
   0.0016599999999999998
   0.00192
   0.0018
   0.0016
   0.0012799999999999999
   0.0014999999999999998
   0.0014999999999999998
   0.0017000000000000001
   0.0012999999999999997
   0.00172
   0.00154
   0.0014399999999999999
   0.00124
   0.0013599999999999999
   0.0014399999999999999
   0.00138
   0.0013599999999999999
   0.0012999999999999997
   0.00134
   0.00162
   0.00112
   0.00142
   0.00116
   0.0009399999999999999
   0.00106
   0.00124
   0.0012
   0.0009
   0.0010799999999999998
   0.00104
   0.00086
   0.0008399999999999999
   0.0010199999999999999
   0.0008799999999999999
   0.001
   0.0010199999999999999
   0.0009
   0.00086
   0.0008
   0.0008
   0.0008
   0.0006399999999999999
   0.0008399999999999999
   0.0007399999999999999
   0.0006799999999999999
   0.00058
   0.0006799999999999999
   0.0007199999999999999
   0.00062
   0.00062
   0.00062
   0.00066
   0.0005399999999999999
   0.0006799999999999999
   0.00062
   0.00038
   0.00086
   0.00048
   0.0004
   0.00043999999999999996
   0.00038
   0.00038
   0.0005
   0.00062
   0.0005
   0.00058
   0.0005
   0.00062
   0.00045999999999999996
   0.00066
   0.00045999999999999996
   0.00033999999999999997
   0.00062
   0.00052
   0.00056
   0.00041999999999999996
   0.00041999999999999996
   0.0006
   0.00031999999999999997
   0.00038
   0.00038
   0.00045999999999999996
   0.0004
   0.00043999999999999996
   0.0003
   0.0003
   0.00038
   0.00048
   0.00035999999999999997
   0.0005
   0.00033999999999999997
   0.00031999999999999997
   0.0003
   0.00028
   0.00033999999999999997
   0.00024
   0.0002
   0.00026
   0.00012
   0.00017999999999999998
   0.00028
   0.00033999999999999997
   0.0002
   0.00026
   0.0002
   0.00026
   0.00021999999999999998
   0.0001
   0.00014
   0.00021999999999999998
   0.00015999999999999999
   0.00012
   0.00015999999999999999
   7.999999999999999e-05
   0.00024
   0.00014
   0.0001
   0.00012
   0.0001
   0.00012
   0.00017999999999999998
   0.00017999999999999998
   0.0002
   0.00017999999999999998
   7.999999999999999e-05
   0.00021999999999999998
   6e-05
   7.999999999999999e-05
   0.00014
   0.00017999999999999998
   0.00014
   7.999999999999999e-05
   0.00015999999999999999
   0.00014
   0.0001
   0.00017999999999999998
   0.0002
   6e-05
   6e-05
   7.999999999999999e-05
   7.999999999999999e-05
   1.9999999999999998e-05
   0.0001
   7.999999999999999e-05
   0.0001
   0.00021999999999999998
   7.999999999999999e-05
   0.0001
   0.0001
   0.00021999999999999998
   6e-05
   7.999999999999999e-05
   1.9999999999999998e-05
   0.0001
   7.999999999999999e-05
   6e-05
   1.9999999999999998e-05
   3.9999999999999996e-05
   3.9999999999999996e-05
   6e-05
   3.9999999999999996e-05
   1.9999999999999998e-05
   7.999999999999999e-05
   0.0001
   1.9999999999999998e-05
   0.0001
   1.9999999999999998e-05
   7.999999999999999e-05
   3.9999999999999996e-05
   6e-05
   0.0001
   1.9999999999999998e-05
   3.9999999999999996e-05
   6e-05
   6e-05
   3.9999999999999996e-05
   6e-05
   0.0
   6e-05
   6e-05
   1.9999999999999998e-05
   3.9999999999999996e-05
   6e-05
   1.9999999999999998e-05
   3.9999999999999996e-05
   3.9999999999999996e-05
   0.0
   1.9999999999999998e-05
   6e-05
   1.9999999999999998e-05
   0.0
   3.9999999999999996e-05
   1.9999999999999998e-05
   0.0
   1.9999999999999998e-05
   3.9999999999999996e-05
   1.9999999999999998e-05
   3.9999999999999996e-05
   0.0001
   6e-05
   6e-05
   6e-05
   7.999999999999999e-05
   1.9999999999999998e-05
   0.0
   3.9999999999999996e-05
   3.9999999999999996e-05
   0.0
   7.999999999999999e-05
   7.999999999999999e-05
   1.9999999999999998e-05
   3.9999999999999996e-05
   1.9999999999999998e-05
   1.9999999999999998e-05
   0.0
   0.0
   0.0
   0.0
   0.0
   0.0
   1.9999999999999998e-05
   0.0
   1.9999999999999998e-05
   0.0
   3.9999999999999996e-05
   0.0
   0.0
   3.9999999999999996e-05
   1.9999999999999998e-05
   0.0
   3.9999999999999996e-05
   7.999999999999999e-05
   1.9999999999999998e-05
   1.9999999999999998e-05
   1.9999999999999998e-05
   1.9999999999999998e-05
   0.0
   3.9999999999999996e-05
   0.0
   1.9999999999999998e-05
   1.9999999999999998e-05
   0.0
   1.9999999999999998e-05
   1.9999999999999998e-05
   0.0
   0.0
   1.9999999999999998e-05
   1.9999999999999998e-05
   0.0
   0.0
   3.9999999999999996e-05
   0.0
   1.9999999999999998e-05
   0.0
   1.9999999999999998e-05
   3.9999999999999996e-05
   0.0
   0.0
   0.0
   1.9999999999999998e-05
   1.9999999999999998e-05
   0.0
   0.0
   3.9999999999999996e-05
   1.9999999999999998e-05
   0.0
   1.9999999999999998e-05
   0.0
   1.9999999999999998e-05
   1.9999999999999998e-05
   1.9999999999999998e-05
   1.9999999999999998e-05
   0.0
   0.0
   0.0
   1.9999999999999998e-05
   0.0
   0.0
   0.0
   0.0
   1.9999999999999998e-05
   0.0
   0.0
   0.0
   0.0
   0.0
   0.0
   0.0
   0.0
   0.0
   1.9999999999999998e-05
   0.0
   0.0
   0.0
   0.0
   0.0
   0.0
   0.0
   0.0
   0.0
   0.0
   0.0
   0.0
   0.0
   0.0
   0.0
   0.0
   0.0
   0.0
   0.0
   0.0
   0.0
   0.0
   0.0
   0.0
   0.0
   0.0
   0.0
   0.0
   0.0
   0.0
   0.0
   0.0
   0.0
   0.0
   0.0
   0.0
   0.0
   0.0
   0.0
   0.0
   0.0
   0.0
   0.0
   0.0
   0.0
   0.0
   0.0
   0.0
   0.0
   0.0
   0.0
   0.0
   0.0
   0.0
   0.0
   0.0
   0.0
   0.0
   0.0
   0.0
   0.0
   0.0
   0.0
   0.0
   0.0
   0.0
   0.0
   0.0
   0.0
   0.0
   0.0
   0.0
   0.0
   0.0
   0.0
   0.0
   0.0
   0.0
   0.0
   0.0
   0.0
   0.0
   0.0
   0.0
   0.0
   0.0
   0.0
   0.0
   0.0
   0.0
   0.0
   0.0
   0.0
   0.0
   0.0
   0.0
   0.0
   0.0
   0.0
   0.0
   0.0
   0.0
   0.0
   0.0
   0.0
   0.0
   0.0
   0.0
   0.0
   0.0
   0.0
   0.0
   0.0
   0.0
   0.0
   0.0
   0.0
   0.0
   0.0
   0.0
   0.0
   0.0
   0.0
   0.0
   0.0
   0.0
   0.0
   0.0
   0.0
   0.0
   0.0
   0.0
   0.0
   0.0
   0.0
   0.0
   0.0
   0.0
   0.0
   0.0
   0.0
   0.0
   0.0
   0.0
   0.0
   0.0
   0.0
   0.0
   0.0
   0.0
   0.0
   0.0
   0.0
   0.0
   0.0
   0.0
   0.0
   0.0
   0.0
   0.0
   0.0
   0.0
   0.0
   0.0
   0.0
   0.0
   0.0
   0.0
   0.0
   0.0
   0.0
   0.0
   0.0
   0.0
   0.0
   0.0
   0.0
   0.0
   0.0
   0.0
   0.0
   0.0
   0.0
   0.0
   0.0
   0.0
   0.0
   0.0
   0.0
   0.0
   0.0
   0.0
   0.0
   0.0
   0.0
   0.0
   0.0
   0.0
   0.0
   0.0
   0.0
   0.0
   0.0
   0.0
   0.0
   0.0
   0.0
   0.0
   0.0
   0.0
   0.0
   0.0
   0.0
   0.0
   0.0
   0.0
   0.0
   0.0
   0.0
   0.0
   0.0
   0.0
   0.0
   0.0
   0.0
   0.0
   0.0
   0.0
   0.0
   0.0
   0.0
   0.0
   0.0
   0.0
   0.0
   0.0
   0.0
   0.0
   0.0
   0.0
   0.0
   0.0
   0.0
   0.0
   0.0
   0.0
   0.0
   0.0
   0.0
   0.0
   0.0
   0.0
   0.0
   0.0
   0.0
   0.0
   0.0
   0.0
   0.0
   0.0
   0.0
   0.0
   0.0
   0.0
   0.0
   0.0
   0.0
   0.0
   0.0
   0.0
   0.0
   0.0
   0.0
   0.0
   0.0
   0.0
   0.0
   0.0
   0.0
   0.0
   0.0
   0.0
   0.0
   0.0
   0.0
   0.0
   0.0
   0.0
   0.0
   0.0
   0.0
   0.0
   0.0
   0.0
   0.0
