   2.25106
   2.87167
   3.12744
   3.24137
   3.3202599999999998
   3.32103
   3.32965
   3.32256
   3.33879
   3.3355
   3.33952
   3.3442800000000004
   3.34135
   3.3210900000000003
   3.34247
   3.3407
   3.31466
   3.33725
   3.32965
   3.3253699999999995
   3.3201799999999997
   3.3215500000000002
   3.3294799999999998
   3.32835
   3.33175
   3.3051700000000004
   3.32717
   3.33628
   3.3314299999999997
   3.32148
   3.32516
   3.3334799999999998
   3.3444599999999998
   3.33436
   3.31451
   3.31582
   3.3330899999999994
   3.33786
   3.3313200000000003
   3.34027
   3.3313200000000003
   3.33108
   3.32171
   3.3277099999999997
   3.31595
   3.3203400000000003
   3.3024999999999998
   3.31777
   3.33175
   3.34738
   3.33404
   3.33037
   3.3298599999999996
   3.32917
   3.3442
   3.33343
   3.3265599999999997
   3.34454
   3.33537
   3.33407
   3.33138
   3.35236
   3.3270500000000003
   3.3166700000000002
   3.33073
   3.35044
   3.3271
   3.3381399999999997
   3.3364900000000004
   3.33228
   3.33243
   3.33917
   3.3333500000000003
   3.33597
   3.3326000000000002
   3.32736
   3.3316
   3.34379
   3.3302400000000003
   3.33942
   3.3371699999999995
   3.31942
   3.3146
   3.33431
   3.33909
   3.3276399999999997
   3.34157
   3.3553800000000003
   3.35846
   3.35285
   3.3291500000000003
   3.32361
   3.3253199999999996
   3.33272
   3.3297800000000004
   3.30508
   3.2299700000000002
   3.11909
   2.86174
   2.24647
