   2.04924
   2.87114
   3.1348300000000004
   3.24958
   3.30279
   3.3273099999999998
   3.3446999999999996
   3.33961
   3.3286700000000002
   3.3133000000000004
   3.3304199999999997
   3.33783
   3.3382099999999997
   3.32928
   3.3458
   3.32441
   3.33742
   3.3428
   3.33233
   3.32092
   3.3138599999999996
   3.3185100000000003
   3.32432
   3.31897
   3.32031
   3.33641
   3.3303899999999995
   3.3488499999999997
   3.34167
   3.34094
   3.34198
   3.33824
   3.31961
   3.31834
   3.32448
   3.3409
   3.32916
   3.3199600000000005
   3.32501
   3.32108
   3.3284599999999998
   3.3479500000000004
   3.32087
   3.33942
   3.3392600000000003
   3.33032
   3.33831
   3.34693
   3.3416599999999996
   3.3510999999999997
   3.32439
   3.33826
   3.32792
   3.33984
   3.32317
   3.32972
   3.33238
   3.33648
   3.35301
   3.32703
   3.3444700000000003
   3.3460400000000003
   3.33363
   3.3412900000000003
   3.34218
   3.3375500000000002
   3.3149400000000004
   3.32796
   3.3235599999999996
   3.3217499999999998
   3.34554
   3.34227
   3.32421
   3.3277
   3.31906
   3.3358199999999996
   3.327
   3.3349900000000003
   3.32157
   3.3433699999999997
   3.3324800000000003
   3.32212
   3.34138
   3.3439499999999995
   3.33245
   3.3427
   3.3394899999999996
   3.3379899999999996
   3.3495700000000004
   3.33701
   3.3377299999999996
   3.3391900000000003
   3.34921
   3.3270099999999996
   3.3202599999999998
   3.31049
   3.2537599999999998
   3.1415400000000004
   2.86375
   2.05651
