   1.7978
   2.22702
   2.4016200000000003
   2.45724
   2.48379
   2.50251
   2.4874400000000003
   2.4959599999999997
   2.4949
   2.48088
   2.49968
   2.50056
   2.50279
   2.50054
   2.51735
   2.50481
   2.48966
   2.49966
   2.50071
   2.5031399999999997
   2.487
   2.49383
   2.48599
   2.50889
   2.51103
   2.50883
   2.5002199999999997
   2.5
   2.49354
   2.48705
   2.4963699999999998
   2.4930600000000003
   2.49409
   2.50499
   2.505
   2.5100000000000002
   2.4972000000000003
   2.504
   2.5014700000000003
   2.50026
   2.4937500000000004
   2.50071
   2.50756
   2.4943
   2.4926500000000003
   2.50215
   2.48222
   2.4980599999999997
   2.49946
   2.49851
   2.51006
   2.504
   2.49805
   2.51146
   2.50512
   2.49663
   2.49921
   2.50807
   2.50738
   2.49364
   2.48904
   2.50083
   2.5040799999999996
   2.4985
   2.5128999999999997
   2.5019799999999996
   2.49912
   2.50168
   2.49486
   2.5107999999999997
   2.49634
   2.49663
   2.5169
   2.51591
   2.52284
   2.5107399999999997
   2.49466
   2.49378
   2.50672
   2.49834
   2.48843
   2.51231
   2.5081800000000003
   2.49664
   2.48276
   2.4996
   2.49934
   2.49435
   2.48821
   2.49675
   2.50025
   2.4971799999999997
   2.50242
   2.50759
   2.50538
   2.49721
   2.47407
   2.40477
   2.22785
   1.79926
