   17.5879
   31.266
   42.1892
   51.5371
   59.414
   65.6793
   71.27520000000001
   75.7907
   79.544
   82.7982
   85.4518
   87.8271
   89.6633
   91.5888
   93.137
   94.3957
   95.23
   96.1695
   96.7803
   97.3725
   97.3656
   98.21459999999999
   98.5068
   98.583
   99.0129
   98.5954
   98.86
   99.2505
   99.4968
   99.31830000000001
   99.7691
   99.97070000000001
   100.265
   100.14909999999999
   100.4135
   100.36659999999999
   100.2334
   100.3652
   100.6256
   101.10459999999999
   101.2617
   100.9762
   101.1063
   101.0704
   100.9684
   100.4509
   100.54829999999998
   100.62469999999999
   100.3228
   100.5685
   100.783
   100.37
   100.19709999999999
   99.8936
   99.819
   100.19640000000001
   100.4826
   100.0723
   100.04280000000001
   99.8849
   99.5638
   99.1124
   99.2578
   98.8298
   99.1143
   99.32339999999999
   99.43809999999999
   99.4513
   99.6922
   99.81609999999999
   100.06150000000001
   100.0084
   99.9776
   99.6186
   99.4942
   99.4271
   99.157
   98.502
   97.7557
   96.9627
   96.70060000000001
   96.2494
   95.4473
   94.9965
   94.20009999999999
   92.7699
   91.4231
   89.7482
   87.77470000000001
   85.3082
   82.9008
   79.7662
   75.5945
   70.88
   65.6741
   59.3343
   51.6166
   42.1508
   31.0793
   17.4449
