   0.92093
   1.06426
   1.09456
   1.1053199999999999
   1.1071900000000001
   1.10877
   1.1149900000000001
   1.10802
   1.11268
   1.11408
   1.10642
   1.11035
   1.11276
   1.11308
   1.10215
   1.11455
   1.1143699999999999
   1.10682
   1.1086
   1.11359
   1.11007
   1.1109900000000001
   1.11581
   1.11193
   1.11033
   1.1080299999999998
   1.10927
   1.11756
   1.1091
   1.1084800000000001
   1.10976
   1.10998
   1.11416
   1.10862
   1.10774
   1.11206
   1.11006
   1.11269
   1.12129
   1.1071199999999999
   1.11212
   1.1124
   1.1092899999999999
   1.11488
   1.11398
   1.10648
   1.10642
   1.1137700000000001
   1.10724
   1.10961
   1.11318
   1.10769
   1.1073899999999999
   1.11811
   1.10479
   1.11795
   1.10915
   1.1128799999999999
   1.11328
   1.10992
   1.11443
   1.1124500000000002
   1.10439
   1.1116300000000001
   1.11159
   1.10918
   1.1127099999999999
   1.10793
   1.11552
   1.11686
   1.11184
   1.11176
   1.1069499999999999
   1.1081
   1.11575
   1.1122
   1.1103699999999999
   1.10871
   1.11342
   1.11672
   1.10852
   1.11147
   1.11464
   1.11296
   1.11092
   1.1090600000000002
   1.11021
   1.11486
   1.1152600000000001
   1.11494
   1.11727
   1.10839
   1.11329
   1.10849
   1.1065099999999999
   1.10588
   1.10835
   1.08769
   1.05834
   0.9254500000000001
