   8.21706
   10.873439999999999
   12.8664
   14.46442
   15.692139999999998
   16.68278
   17.42852
   17.915680000000002
   18.398880000000002
   18.832440000000002
   19.0353
   19.230059999999998
   19.44206
   19.56354
   19.6664
   19.78598
   19.83064
   19.822219999999998
   19.85278
   19.95266
   19.96326
   19.9744
   19.970019999999998
   19.9391
   19.984579999999998
   19.93656
   19.87148
   19.980159999999998
   19.93834
   19.92746
   19.9532
   20.061
   19.99908
   19.94858
   19.88712
   19.9532
   20.0431
   19.95078
   19.944519999999997
   19.9693
   19.957839999999997
   19.98328
   19.92458
   20.00442
   19.97638
   20.0294
   19.962
   19.909460000000003
   19.949720000000003
   19.932920000000003
   20.004179999999998
   19.98672
   19.9373
   19.93648
   19.975740000000002
   20.00808
   19.9318
   19.91938
   19.963800000000003
   19.96898
   19.96562
   19.95584
   19.97532
   19.936139999999998
   20.0528
   19.95788
   20.03756
   19.9752
   19.99914
   20.0569
   19.998260000000002
   20.03342
   20.031399999999998
   20.011699999999998
   20.004820000000002
   19.93658
   19.92118
   19.90718
   19.920360000000002
   19.8801
   19.83306
   19.83056
   19.86424
   19.79468
   19.71942
   19.65566
   19.50724
   19.37554
   19.20834
   18.96964
   18.71518
   18.421580000000002
   18.046480000000003
   17.42922
   16.66612
   15.6864
   14.50564
   12.90206
   10.84656
   8.22316
