   2.08148
   2.40102
   2.60574
   2.71788
   2.76228
   2.80042
   2.8174799999999998
   2.84324
   2.84214
   2.82294
   2.84784
   2.85634
   2.8633200000000003
   2.86998
   2.84712
   2.86236
   2.86094
   2.8515800000000002
   2.86624
   2.8719200000000003
   2.8594399999999998
   2.85512
   2.87542
   2.8502799999999997
   2.85122
   2.8586
   2.85524
   2.85352
   2.87134
   2.8603199999999998
   2.8488200000000004
   2.85276
   2.84406
   2.8742400000000004
   2.86306
   2.86314
   2.86444
   2.84024
   2.8644
   2.8583000000000003
   2.86774
   2.86326
   2.86102
   2.86334
   2.86062
   2.8705600000000002
   2.8664
   2.84812
   2.85792
   2.8611
   2.8573999999999997
   2.8489400000000002
   2.8705000000000003
   2.8634199999999996
   2.85164
   2.8404599999999998
   2.84104
   2.84494
   2.854
   2.8591800000000003
   2.86054
   2.86
   2.85922
   2.86626
   2.8574599999999997
   2.86314
   2.85988
   2.85554
   2.85172
   2.85456
   2.8528000000000002
   2.88278
   2.84036
   2.84774
   2.86182
   2.86006
   2.85318
   2.85296
   2.84614
   2.85604
   2.86204
   2.86084
   2.8637
   2.84632
   2.85052
   2.8378400000000004
   2.8544
   2.8527400000000003
   2.84322
   2.85386
   2.8573
   2.86076
   2.84412
   2.834
   2.79636
   2.77244
   2.72434
   2.60222
   2.41304
   2.06654
