   8.64562
   14.62554
   17.532220000000002
   18.86544
   19.44934
   19.63664
   19.8016
   19.92344
   19.89036
   19.90326
   19.937079999999998
   19.95814
   20.0353
   19.948179999999997
   20.0006
   20.0349
   19.987759999999998
   19.94456
   19.96824
   19.92654
   19.91818
   20.01228
   20.01586
   19.98038
   20.04578
   19.99968
   19.98348
   19.9958
   19.998920000000002
   20.0194
   19.99786
   20.029320000000002
   19.984099999999998
   20.011860000000002
   20.02038
   20.02028
   20.01598
   20.07414
   20.06422
   19.981579999999997
   20.07664
   20.034840000000003
   20.03212
   19.991120000000002
   20.01112
   19.9409
   19.94074
   19.920579999999998
   19.94886
   19.982120000000002
   19.991300000000003
   20.01578
   19.9861
   19.95416
   20.00662
   20.0277
   20.00944
   19.90722
   19.90126
   19.94472
   19.96562
   19.946720000000003
   19.96544
   20.04882
   20.02864
   20.051379999999998
   19.98488
   19.94834
   19.96416
   19.987659999999998
   19.94398
   19.994780000000002
   20.01618
   20.017979999999998
   20.10472
   20.04592
   20.07372
   20.01996
   20.07616
   20.10086
   20.00478
   19.96334
   20.01328
   20.015240000000002
   19.968320000000002
   20.0212
   20.04554
   20.02038
   20.07486
   20.03764
   20.037959999999998
   20.00206
   20.00328
   19.96594
   19.766000000000002
   19.49764
   18.865280000000002
   17.498839999999998
   14.57278
   8.70374
