   0.8634700000000001
   1.05871
   1.0926500000000001
   1.10911
   1.11706
   1.11432
   1.1143999999999998
   1.11444
   1.1099299999999999
   1.11713
   1.1118700000000001
   1.10863
   1.11111
   1.10541
   1.11354
   1.1153899999999999
   1.11086
   1.11115
   1.11466
   1.1108200000000001
   1.1083
   1.11237
   1.11513
   1.1148399999999998
   1.1139
   1.11
   1.11031
   1.1065099999999999
   1.11199
   1.1096
   1.11103
   1.1104100000000001
   1.1093499999999998
   1.1088900000000002
   1.1158700000000001
   1.10626
   1.10872
   1.10579
   1.11706
   1.11312
   1.11097
   1.11202
   1.11293
   1.11446
   1.11068
   1.10971
   1.1115599999999999
   1.11128
   1.1088900000000002
   1.10725
   1.11229
   1.11193
   1.11237
   1.11106
   1.10527
   1.11002
   1.11241
   1.10744
   1.10851
   1.10971
   1.11401
   1.11423
   1.11199
   1.10542
   1.1110200000000001
   1.10734
   1.11612
   1.1127
   1.1067799999999999
   1.10635
   1.1134899999999999
   1.11075
   1.10843
   1.1099100000000002
   1.10514
   1.1090600000000002
   1.11132
   1.1130900000000001
   1.1050499999999999
   1.1099299999999999
   1.1091
   1.1113899999999999
   1.11579
   1.1119999999999999
   1.11268
   1.11273
   1.11615
   1.10818
   1.1103
   1.11125
   1.1151200000000001
   1.1135300000000001
   1.10175
   1.1158299999999999
   1.11323
   1.10937
   1.11057
   1.09283
   1.06457
   0.86015
