   4.2049
   6.00362
   7.227939999999999
   8.105500000000001
   8.717519999999999
   9.12672
   9.39188
   9.59656
   9.70678
   9.8003
   9.85806
   9.916220000000001
   9.934099999999999
   9.966840000000001
   9.96432
   9.93544
   9.96518
   9.9922
   9.99782
   10.008880000000001
   9.99206
   9.973600000000001
   9.96996
   9.96278
   9.9673
   9.98024
   10.0067
   9.98216
   9.9892
   10.00014
   10.0034
   9.95518
   10.00204
   9.96964
   9.962060000000001
   9.96716
   9.9865
   10.039539999999999
   10.01826
   10.02204
   10.01432
   10.022300000000001
   10.01338
   9.98126
   9.97296
   10.0214
   10.002080000000001
   10.01634
   10.0084
   9.96252
   9.96054
   9.97404
   9.9444
   9.9611
   9.94006
   9.99972
   10.003720000000001
   9.9926
   9.989
   10.016
   10.0287
   10.02698
   10.01648
   10.00046
   10.02728
   10.03656
   10.01858
   9.99864
   10.025
   10.0045
   10.01764
   10.00616
   10.01074
   10.00466
   10.0167
   10.00978
   10.000580000000001
   10.0053
   10.00254
   10.002139999999999
   10.0379
   9.99864
   10.01776
   9.987459999999999
   9.966899999999999
   9.954540000000001
   9.97472
   9.94436
   9.91442
   9.80772
   9.784980000000001
   9.7132
   9.5589
   9.38726
   9.10386
   8.69992
   8.09854
   7.229159999999999
   6.01056
   4.22692
