   0.0
   0.0
   0.0
   0.0
   0.0
   0.0
   0.0
   0.0
   0.0
   0.0
   0.0
   0.0
   0.0
   0.0
   0.0
   0.0
   0.0
   0.0
   0.0
   0.0
   0.0
   0.0
   0.0
   0.0
   0.0
   0.0
   0.0
   0.0
   0.0
   0.0
   0.0
   0.0
   0.0
   0.0
   0.0
   0.0
   0.0
   0.0
   0.0
   0.0
   0.0
   0.0
   0.0
   0.0
   0.0
   0.0
   0.0
   0.0
   0.0
   0.0
   0.0
   0.0
   0.0
   0.0
   0.0
   0.0
   0.0
   0.0
   0.0
   0.0
   0.0
   0.0
   0.0
   0.0
   0.0
   0.0
   0.0
   0.0
   0.0
   0.0
   0.0
   0.0
   0.0
   0.0
   0.0
   0.0
   0.0
   0.0
   0.0
   0.0
   0.0
   0.0
   0.0
   2e-06
   0.0
   0.0
   0.0
   0.0
   0.0
   0.0
   0.0
   0.0
   0.0
   0.0
   0.0
   2e-06
   2e-06
   0.0
   0.0
   0.0
   0.0
   0.0
   0.0
   0.0
   0.0
   0.0
   0.0
   2e-06
   0.0
   0.0
   2e-06
   2e-06
   2e-06
   0.0
   0.0
   0.0
   2e-06
   2e-06
   0.0
   2e-06
   0.0
   0.0
   2e-06
   0.0
   0.0
   0.0
   0.0
   2e-06
   0.0
   0.0
   0.0
   0.0
   2e-06
   0.0
   0.0
   2e-06
   0.0
   0.0
   4e-06
   2e-06
   0.0
   0.0
   0.0
   0.0
   4e-06
   5.999999999999999e-06
   0.0
   0.0
   4e-06
   4e-06
   2e-06
   0.0
   0.0
   0.0
   2e-06
   4e-06
   2e-06
   4e-06
   5.999999999999999e-06
   2e-06
   5.999999999999999e-06
   5.999999999999999e-06
   8e-06
   5.999999999999999e-06
   8e-06
   1.1999999999999999e-05
   5.999999999999999e-06
   4e-06
   1.3999999999999998e-05
   1.3999999999999998e-05
   5.999999999999999e-06
   5.999999999999999e-06
   5.999999999999999e-06
   5.999999999999999e-06
   1.1999999999999999e-05
   1.1999999999999999e-05
   1.9999999999999998e-05
   1.6e-05
   1.3999999999999998e-05
   1.1999999999999999e-05
   1.7999999999999997e-05
   1.6e-05
   1.7999999999999997e-05
   1.9999999999999998e-05
   1.3999999999999998e-05
   1.7999999999999997e-05
   1.7999999999999997e-05
   2.6e-05
   1.6e-05
   1.6e-05
   1.9999999999999998e-05
   1.3999999999999998e-05
   2.6e-05
   2.2e-05
   3.7999999999999995e-05
   3.5999999999999994e-05
   4.6e-05
   2.7999999999999996e-05
   1.7999999999999997e-05
   2.7999999999999996e-05
   3.5999999999999994e-05
   3.7999999999999995e-05
   4.6e-05
   3.4e-05
   4.6e-05
   4.6e-05
   5.4e-05
   6.6e-05
   5.8e-05
   6.4e-05
   6.4e-05
   7e-05
   7.599999999999999e-05
   5.4e-05
   9.4e-05
   0.000104
   9.799999999999998e-05
   0.00012
   9.2e-05
   8.6e-05
   0.000108
   0.000136
   0.000122
   0.00011399999999999999
   0.00015
   0.000146
   0.000156
   0.00015199999999999998
   0.00015999999999999999
   0.00019
   0.000176
   0.000198
   0.00022399999999999997
   0.000208
   0.000236
   0.00020999999999999998
   0.00028
   0.000308
   0.00026199999999999997
   0.000292
   0.000254
   0.00033999999999999997
   0.00036199999999999996
   0.000354
   0.000388
   0.00039199999999999993
   0.00046199999999999995
   0.000424
   0.00045999999999999996
   0.000474
   0.00057
   0.0005679999999999999
   0.0006
   0.000704
   0.000646
   0.0007499999999999999
   0.0007399999999999999
   0.0007839999999999999
   0.0008059999999999999
   0.0008739999999999999
   0.0008759999999999999
   0.000944
   0.001052
   0.001
   0.001098
   0.00112
   0.0012699999999999999
   0.001212
   0.001328
   0.00134
   0.0015119999999999999
   0.00163
   0.0016899999999999999
   0.0017519999999999999
   0.0017699999999999999
   0.0019799999999999996
   0.001966
   0.002192
   0.00219
   0.0023499999999999997
   0.0025539999999999994
   0.0027099999999999997
   0.002888
   0.002906
   0.003074
   0.003192
   0.0034579999999999997
   0.0035399999999999997
   0.003992
   0.004137999999999999
   0.00426
   0.0044859999999999995
   0.004806
   0.004906
   0.005382
   0.00549
   0.00598
   0.0058519999999999996
   0.006584
   0.0068579999999999995
   0.0072699999999999996
   0.0075899999999999995
   0.008086
   0.008473999999999999
   0.008948
   0.009478
   0.009944
   0.010314
   0.011219999999999999
   0.011322
   0.012303999999999999
   0.012596
   0.013657999999999998
   0.014246
   0.014887999999999998
   0.016266
   0.016834
   0.017317999999999997
   0.018723999999999998
   0.019672
   0.02062
   0.021551999999999998
   0.022937999999999997
   0.024116
   0.025898
   0.026878
   0.028498
   0.029699999999999997
   0.031212
   0.032999999999999995
   0.034795999999999994
   0.03673
   0.039028
   0.040416
   0.043486
   0.04543199999999999
   0.047257999999999994
   0.05019
   0.05256399999999999
   0.05588799999999999
   0.058662
   0.06291999999999999
   0.064636
   0.068216
   0.072528
   0.07677199999999999
   0.080562
   0.085342
   0.088362
   0.093392
   0.09917
   0.104888
   0.10939199999999999
   0.116714
   0.12294799999999999
   0.129304
   0.136394
   0.14452399999999999
   0.150582
   0.15839599999999998
   0.1672
   0.176292
   0.185414
   0.19611199999999998
   0.20632199999999998
   0.21702599999999997
   0.228782
   0.24163400000000002
   0.25448
   0.269436
   0.28303999999999996
   0.29881199999999997
   0.31385799999999997
   0.331582
   0.349232
   0.36532
   0.386304
   0.40684
   0.4302099999999999
   0.452184
   0.47814599999999996
   0.502582
   0.528992
   0.557986
   0.587556
   0.6212179999999999
   0.650508
   0.6859099999999999
   0.7233879999999999
   0.76071
   0.804812
   0.8467339999999999
   0.892696
   0.939306
   0.9904379999999999
   1.043108
   1.083934
   1.1158679999999999
   1.1377359999999999
   1.147608
   1.149536
   1.138614
   1.1158819999999998
   1.0837579999999998
   1.04188
   0.989526
   0.942036
   0.8944199999999999
   0.847388
   0.8033759999999999
   0.7620259999999999
   0.7267079999999999
   0.6859379999999999
   0.65194
   0.6169659999999999
   0.587886
   0.559094
   0.5301359999999999
   0.5026719999999999
   0.47676999999999997
   0.45161999999999997
   0.43026799999999993
   0.408926
   0.38645799999999997
   0.366994
   0.34859
   0.331814
   0.313898
   0.298466
   0.283534
   0.268528
   0.25771
   0.24241599999999996
   0.229816
   0.21713199999999996
   0.206946
   0.19675199999999998
   0.186896
   0.177262
   0.16727399999999998
   0.159332
   0.150838
   0.14304199999999997
   0.13674999999999998
   0.12958799999999998
   0.12219999999999999
   0.11631199999999998
   0.110382
   0.10440599999999998
   0.099372
   0.093862
   0.08949599999999999
   0.084682
   0.08208599999999999
   0.076578
   0.07278799999999999
   0.069788
   0.065482
   0.06224999999999999
   0.059074
   0.056724
   0.053274
   0.050277999999999996
   0.048132
   0.04537
   0.042811999999999996
   0.04059
   0.038551999999999996
   0.036598
   0.035128
   0.032898
   0.031556
   0.030355999999999998
   0.028142
   0.02686
   0.025796
   0.023771999999999998
   0.023165999999999996
   0.022054
   0.020742
   0.020178
   0.018636
   0.018002
   0.017051999999999998
   0.016169999999999997
   0.014966
   0.014442
   0.013626
   0.01278
   0.01221
   0.01172
   0.011026
   0.01044
   0.010188
   0.00926
   0.008872
   0.0084
   0.008244
   0.007705999999999999
   0.007255999999999999
   0.006915999999999999
   0.006784
   0.006072
   0.006032
   0.005691999999999999
   0.005566
   0.005117999999999999
   0.0046819999999999995
   0.0045839999999999995
   0.004431999999999999
   0.00405
   0.0038799999999999998
   0.0038799999999999998
   0.0034939999999999997
   0.003354
   0.0031359999999999995
   0.0028459999999999996
   0.002836
   0.0027119999999999996
   0.0025759999999999997
   0.002482
   0.002356
   0.002284
   0.002228
   0.0020499999999999997
   0.001876
   0.0018459999999999998
   0.001674
   0.00171
   0.001506
   0.00142
   0.001338
   0.0012599999999999998
   0.001284
   0.00114
   0.001076
   0.000958
   0.000996
   0.000948
   0.0009339999999999999
   0.0008339999999999999
   0.0008059999999999999
   0.0007279999999999999
   0.0007559999999999999
   0.0006619999999999999
   0.0006279999999999999
   0.0005859999999999999
   0.00057
   0.000578
   0.000544
   0.0004959999999999999
   0.0005
   0.000468
   0.00045
   0.000432
   0.00036399999999999996
   0.000368
   0.00035999999999999997
   0.000354
   0.00032599999999999996
   0.000252
   0.00024199999999999997
   0.00024799999999999996
   0.000216
   0.00022799999999999999
   0.000236
   0.000222
   0.000194
   0.00017999999999999998
   0.00014199999999999998
   0.000172
   0.00020199999999999998
   0.00015199999999999998
   0.000146
   0.00012399999999999998
   0.000108
   0.00015199999999999998
   0.00012399999999999998
   0.000136
   0.000102
   0.00010999999999999999
   9.2e-05
   8.8e-05
   9.599999999999999e-05
   8.8e-05
   7.8e-05
   6.8e-05
   6.8e-05
   9.2e-05
   6.8e-05
   7.4e-05
   6e-05
   5e-05
   6.4e-05
   5.4e-05
   4.199999999999999e-05
   4.199999999999999e-05
   5.2e-05
   4.6e-05
   4.199999999999999e-05
   4.199999999999999e-05
   3.5999999999999994e-05
   4.199999999999999e-05
   2.7999999999999996e-05
   3e-05
   2.3999999999999997e-05
   1.6e-05
   2.2e-05
   3.7999999999999995e-05
   1.1999999999999999e-05
   2.3999999999999997e-05
   1.3999999999999998e-05
   1.1999999999999999e-05
   1.9999999999999998e-05
   1.7999999999999997e-05
   2.7999999999999996e-05
   1.7999999999999997e-05
   1.3999999999999998e-05
   5.999999999999999e-06
   2.2e-05
   1.7999999999999997e-05
   9.999999999999999e-06
   1.3999999999999998e-05
   8e-06
   1.3999999999999998e-05
   1.6e-05
   2e-06
   2e-06
   4e-06
   1.3999999999999998e-05
   4e-06
   9.999999999999999e-06
   5.999999999999999e-06
   2e-06
   2e-06
   5.999999999999999e-06
   4e-06
   5.999999999999999e-06
   8e-06
   5.999999999999999e-06
   4e-06
   4e-06
   4e-06
   5.999999999999999e-06
   4e-06
   4e-06
   2e-06
   8e-06
   5.999999999999999e-06
   4e-06
   2e-06
   0.0
   2e-06
   0.0
   2e-06
   2e-06
   0.0
   2e-06
   2e-06
   2e-06
   2e-06
   2e-06
   0.0
   2e-06
   0.0
   2e-06
   0.0
   0.0
   2e-06
   2e-06
   0.0
   5.999999999999999e-06
   2e-06
   0.0
   0.0
   0.0
   2e-06
   0.0
   0.0
   0.0
   0.0
   0.0
   0.0
   2e-06
   0.0
   0.0
   0.0
   0.0
   2e-06
   4e-06
   2e-06
   2e-06
   0.0
   0.0
   0.0
   0.0
   0.0
   0.0
   0.0
   0.0
   0.0
   0.0
   2e-06
   0.0
   0.0
   2e-06
   0.0
   0.0
   0.0
   0.0
   0.0
   0.0
   0.0
   0.0
   0.0
   0.0
   0.0
   0.0
   0.0
   0.0
   0.0
   0.0
   0.0
   0.0
   0.0
   0.0
   0.0
   0.0
   0.0
   0.0
   0.0
   0.0
   0.0
   0.0
   0.0
   0.0
   0.0
   0.0
   0.0
   0.0
   0.0
   0.0
   0.0
   0.0
   0.0
   0.0
   0.0
   0.0
   0.0
   0.0
   0.0
   0.0
   0.0
   0.0
   0.0
   0.0
   0.0
   0.0
   0.0
   0.0
   0.0
   0.0
   0.0
   0.0
   0.0
   0.0
   0.0
   0.0
   0.0
   0.0
   0.0
   0.0
   0.0
   0.0
   0.0
   0.0
   0.0
   0.0
   0.0
   0.0
   0.0
   0.0
   0.0
   0.0
   0.0
   0.0
   0.0
   0.0
   0.0
   0.0
   0.0
   0.0
   0.0
   0.0
   0.0
   0.0
   0.0
   0.0
   0.0
   0.0
