   56.336
   106.732
   153.207
   198.032
   240.915
   279.605
   317.04699999999997
   350.281
   384.135
   414.586
   444.024
   476.363
   505.073
   528.928
   553.687
   578.2320000000001
   600.198
   621.02
   636.327
   653.87
   675.53
   693.3290000000001
   709.321
   725.346
   739.837
   752.681
   764.227
   776.204
   786.5409999999999
   797.53
   803.9809999999999
   810.7900000000001
   817.151
   826.0640000000001
   832.5509999999999
   841.5169999999999
   846.4689999999999
   850.0970000000001
   856.608
   862.064
   864.3570000000001
   868.704
   873.3340000000001
   873.865
   876.6899999999999
   881.1210000000001
   881.3399999999999
   884.906
   886.962
   884.602
   884.8649999999999
   881.1759999999999
   879.05
   872.1550000000001
   868.8969999999999
   871.1700000000001
   865.8939999999999
   862.2379999999999
   859.005
   853.5880000000001
   851.578
   847.044
   840.649
   833.023
   830.2060000000001
   827.0419999999999
   820.722
   814.469
   807.205
   795.561
   788.635
   781.165
   770.889
   759.951
   745.37
   733.481
   717.306
   702.71
   690.048
   673.013
   655.7579999999999
   635.12
   616.95
   593.45
   571.1
   551.386
   529.361
   503.977
   478.294
   450.063
   422.692
   391.017
   353.918
   318.63800000000003
   281.039
   240.88599999999997
   198.576
   153.338
   105.38499999999999
   56.141
