   25.663999999999998
   39.4402
   52.071
   64.05239999999999
   74.725
   84.859
   94.0686
   102.91239999999999
   110.4454
   117.5752
   123.935
   130.2324
   136.1404
   141.1334
   145.9922
   150.4906
   154.387
   158.4332
   162.1392
   164.6208
   167.27
   169.7654
   172.02519999999998
   174.0362
   176.0944
   178.4926
   180.1418
   181.4592
   182.7314
   183.8406
   184.4956
   185.6778
   186.4546
   186.9984
   187.48579999999998
   189.2104
   189.8522
   190.64600000000002
   191.6016
   192.4316
   192.6702
   192.76059999999998
   193.2302
   193.36599999999999
   193.7144
   193.5616
   193.8112
   193.5376
   193.8558
   194.1884
   194.8192
   194.89700000000002
   194.3938
   194.348
   193.9568
   194.2122
   193.8558
   193.46380000000002
   193.3312
   192.9844
   192.04479999999998
   191.57319999999999
   191.2638
   190.121
   189.375
   188.8458
   188.0596
   187.1826
   186.40779999999998
   185.12820000000002
   184.1056
   182.5176
   181.147
   179.6146
   177.69
   176.22500000000002
   173.7238
   171.3652
   169.4026
   166.8368
   163.0726
   160.1392
   156.7584
   153.4278
   149.715
   145.7416
   140.667
   135.2578
   129.8288
   123.9836
   117.537
   110.0778
   102.32900000000001
   93.7806
   84.7198
   74.478
   64.03219999999999
   52.207800000000006
   39.2444
   25.4326
