   3.94372
   5.90838
   6.506480000000001
   6.62806
   6.65794
   6.67784
   6.68042
   6.665780000000001
   6.67446
   6.65592
   6.65124
   6.6587
   6.66246
   6.6752400000000005
   6.67878
   6.67296
   6.639100000000001
   6.629359999999999
   6.60264
   6.64012
   6.64024
   6.66858
   6.658740000000001
   6.666179999999999
   6.67894
   6.705659999999999
   6.7016800000000005
   6.67272
   6.65442
   6.65086
   6.668839999999999
   6.67198
   6.67946
   6.70794
   6.6635
   6.66786
   6.65436
   6.6587
   6.642480000000001
   6.62746
   6.635679999999999
   6.634460000000001
   6.663380000000001
   6.6979
   6.71524
   6.6927200000000004
   6.676360000000001
   6.63522
   6.66184
   6.6575
   6.67982
   6.656960000000001
   6.63174
   6.651120000000001
   6.65368
   6.665640000000001
   6.657159999999999
   6.6612599999999995
   6.6429
   6.64296
   6.63358
   6.68724
   6.69484
   6.6767199999999995
   6.646380000000001
   6.63932
   6.638199999999999
   6.65444
   6.6317200000000005
   6.6326
   6.65632
   6.6641
   6.696879999999999
   6.64864
   6.63966
   6.66206
   6.65288
   6.691179999999999
   6.65756
   6.673039999999999
   6.6718399999999995
   6.65608
   6.641120000000001
   6.6646
   6.6752199999999995
   6.6592
   6.685879999999999
   6.66702
   6.665939999999999
   6.703099999999999
   6.70964
   6.69892
   6.67834
   6.67788
   6.6754
   6.661160000000001
   6.6163799999999995
   6.487800000000001
   5.93044
   3.97444
