   2.71442
   3.2049000000000003
   3.5126999999999997
   3.70748
   3.8009800000000005
   3.86848
   3.9233
   3.96792
   3.9746799999999998
   3.9967999999999995
   3.9565799999999998
   3.9870799999999997
   3.9866800000000002
   4.0157
   3.9914199999999997
   3.9874199999999997
   3.98678
   4.00848
   3.9786
   3.9954799999999997
   4.0057
   3.99764
   3.98104
   4.00648
   3.99112
   4.02062
   4.00812
   4.009320000000001
   3.9890799999999995
   3.99452
   4.00418
   4.014460000000001
   3.99008
   3.99978
   3.99464
   4.00204
   4.0316600000000005
   3.98892
   3.99918
   3.9804199999999996
   4.006259999999999
   3.99928
   3.99626
   4.0182
   3.9966399999999997
   3.99802
   3.9951800000000004
   3.98538
   3.9928600000000003
   4.00314
   3.9937599999999995
   3.98868
   3.98948
   4.01414
   4.013739999999999
   3.9763800000000002
   3.98902
   3.9895600000000004
   3.98812
   3.99258
   3.9867399999999997
   4.00062
   3.99374
   4.01414
   3.99344
   4.01902
   3.9945399999999998
   3.9970600000000003
   3.99524
   4.008579999999999
   4.02482
   4.00788
   4.00188
   3.99558
   4.01602
   4.009
   4.0068600000000005
   4.0278599999999996
   4.02148
   4.00874
   3.99576
   4.01594
   4.01246
   4.01078
   4.00154
   3.99356
   3.9941400000000002
   4.002
   3.9813599999999996
   3.98794
   3.9741199999999997
   3.98186
   3.9709000000000003
   3.94548
   3.8922199999999996
   3.83022
   3.70268
   3.5091799999999997
   3.20436
   2.7109
