   1.1964000000000001
   1.5506499999999999
   1.63204
   1.65118
   1.6511399999999998
   1.6610699999999998
   1.6698000000000002
   1.66998
   1.66031
   1.66891
   1.67573
   1.65928
   1.65645
   1.66661
   1.66422
   1.6690500000000001
   1.6733399999999998
   1.66251
   1.66836
   1.6723499999999998
   1.67368
   1.66854
   1.6625500000000002
   1.66548
   1.6721199999999998
   1.6779700000000002
   1.66591
   1.6631300000000002
   1.6556499999999998
   1.66552
   1.66443
   1.66134
   1.6651099999999999
   1.6637099999999998
   1.6661599999999999
   1.6631300000000002
   1.66515
   1.6652099999999999
   1.66481
   1.66734
   1.6706599999999998
   1.66257
   1.67292
   1.6687400000000001
   1.67131
   1.66436
   1.66597
   1.6703800000000002
   1.65567
   1.66677
   1.67369
   1.67442
   1.6638400000000002
   1.6667499999999997
   1.66284
   1.66812
   1.66623
   1.6743000000000001
   1.66637
   1.67511
   1.66694
   1.6714699999999998
   1.6611799999999999
   1.66644
   1.6612399999999998
   1.6701400000000002
   1.6690699999999998
   1.66842
   1.67076
   1.6706100000000002
   1.6703200000000002
   1.66584
   1.65971
   1.6719500000000003
   1.6705999999999999
   1.67501
   1.67026
   1.67069
   1.66981
   1.66701
   1.6637099999999998
   1.6555400000000002
   1.6594399999999998
   1.66953
   1.66175
   1.6620800000000002
   1.66833
   1.66484
   1.6638199999999999
   1.66676
   1.6597199999999999
   1.67361
   1.66228
   1.66724
   1.6612600000000002
   1.6741
   1.66204
   1.62262
   1.55626
   1.20795
