   1.64817
   2.22188
   2.39573
   2.46227
   2.4927
   2.5078300000000002
   2.50199
   2.49746
   2.50295
   2.5061400000000003
   2.51948
   2.503
   2.5075
   2.51699
   2.49575
   2.50218
   2.5051799999999997
   2.48717
   2.4996
   2.4888500000000002
   2.49654
   2.50159
   2.49271
   2.49825
   2.49094
   2.49756
   2.49803
   2.49803
   2.49368
   2.48404
   2.48904
   2.48609
   2.5089099999999998
   2.50795
   2.49794
   2.49292
   2.5034199999999998
   2.5078199999999997
   2.50386
   2.50663
   2.48557
   2.48542
   2.49067
   2.50407
   2.49751
   2.4949
   2.49606
   2.50744
   2.50855
   2.50032
   2.4970499999999998
   2.5004399999999998
   2.50263
   2.51548
   2.5085
   2.49427
   2.48808
   2.49745
   2.49985
   2.51462
   2.49279
   2.51309
   2.50848
   2.51056
   2.50309
   2.50452
   2.50202
   2.50209
   2.50534
   2.49701
   2.50499
   2.5045
   2.5133699999999997
   2.50047
   2.4985299999999997
   2.5037
   2.49834
   2.49967
   2.50625
   2.50595
   2.4903399999999998
   2.49146
   2.4972000000000003
   2.49968
   2.49572
   2.49483
   2.50416
   2.50344
   2.50453
   2.5102200000000003
   2.49054
   2.48899
   2.49526
   2.5125100000000002
   2.4991
   2.48955
   2.45994
   2.39928
   2.22821
   1.64742
