   2.05154
   2.77912
   2.86204
   2.86228
   2.84546
   2.8548
   2.8467
   2.85582
   2.8561
   2.85514
   2.8755800000000002
   2.85124
   2.8597
   2.8653999999999997
   2.8813
   2.85656
   2.8517
   2.8549
   2.85794
   2.86078
   2.8629000000000002
   2.84146
   2.8660200000000002
   2.8626
   2.8329
   2.85942
   2.85032
   2.86476
   2.85814
   2.8369999999999997
   2.8641199999999998
   2.8597
   2.84892
   2.85664
   2.86794
   2.86036
   2.84604
   2.8651
   2.86754
   2.86988
   2.8556999999999997
   2.8617
   2.85788
   2.8578200000000002
   2.8437799999999998
   2.86036
   2.86888
   2.8523799999999997
   2.85602
   2.8565199999999997
   2.8594399999999998
   2.84694
   2.8531999999999997
   2.85532
   2.84254
   2.8518000000000003
   2.86544
   2.85854
   2.86874
   2.85928
   2.86994
   2.8547800000000003
   2.85504
   2.85694
   2.86042
   2.8524399999999996
   2.86106
   2.84674
   2.85634
   2.8609
   2.86178
   2.8512
   2.84944
   2.86764
   2.84896
   2.8456200000000003
   2.84496
   2.87778
   2.86392
   2.85174
   2.85298
   2.8625000000000003
   2.87074
   2.84986
   2.8579
   2.86024
   2.8711
   2.85644
   2.84622
   2.87292
   2.84864
   2.843
   2.8544400000000003
   2.84178
   2.86806
   2.85264
   2.86606
   2.84068
   2.75432
   2.0578
