   5.1929799999999995
   6.6023
   7.5834600000000005
   8.25958
   8.7631
   9.1576
   9.39736
   9.59258
   9.71538
   9.77422
   9.84706
   9.86408
   9.96084
   9.928339999999999
   9.94948
   9.93952
   9.9475
   10.012179999999999
   9.984160000000001
   9.98258
   9.98306
   10.00206
   9.94394
   9.96562
   10.01682
   9.989339999999999
   10.01344
   10.01826
   9.97938
   9.989040000000001
   9.99302
   9.97866
   10.01222
   10.01418
   9.98988
   10.00306
   9.978380000000001
   9.9943
   10.032480000000001
   10.02304
   9.991
   9.97402
   9.99686
   9.96584
   10.02744
   9.98034
   10.007159999999999
   10.01744
   9.99454
   9.998
   10.00016
   9.98706
   10.02936
   10.04234
   10.0431
   10.038039999999999
   10.02948
   10.007000000000001
   9.9985
   9.96542
   9.9741
   9.99994
   9.97488
   9.98734
   9.92948
   9.97024
   9.9941
   9.99746
   9.98334
   9.99372
   9.9959
   9.9881
   9.98284
   9.966700000000001
   9.97276
   9.97902
   9.98938
   9.99866
   9.96514
   9.95236
   9.953059999999999
   9.99048
   9.99956
   9.97644
   9.96596
   9.96426
   9.97936
   9.9551
   9.891160000000001
   9.88232
   9.8393
   9.739040000000001
   9.60338
   9.40434
   9.145399999999999
   8.77182
   8.28158
   7.582039999999999
   6.5831
   5.18952
