   31.2108
   44.782
   57.303599999999996
   68.38539999999999
   78.8126
   88.5746
   97.29560000000001
   105.4114
   112.5448
   119.4212
   126.0364
   132.05020000000002
   137.5588
   142.298
   146.9102
   151.60240000000002
   154.55620000000002
   158.2076
   161.5464
   164.11960000000002
   167.3308
   169.6284
   171.9598
   173.82
   175.9402
   177.9528
   178.9838
   180.96699999999998
   181.995
   183.12040000000002
   184.492
   185.8626
   187.323
   187.89499999999998
   188.35399999999998
   189.7426
   190.811
   191.119
   192.43619999999999
   192.49179999999998
   192.15640000000002
   192.8658
   193.2664
   193.1308
   193.6098
   194.43980000000002
   193.9938
   194.8544
   194.3774
   194.5864
   194.129
   194.15800000000002
   194.3546
   194.2728
   193.2358
   193.21759999999998
   193.3738
   192.8164
   192.12720000000002
   191.5516
   191.4948
   191.1916
   190.5318
   190.522
   189.9398
   188.87560000000002
   188.2908
   187.3926
   186.7044
   185.19
   184.0538
   183.1104
   181.0222
   179.875
   177.943
   176.427
   174.8594
   171.9042
   170.175
   167.2852
   164.70860000000002
   161.4418
   158.7298
   154.434
   150.9306
   146.9784
   142.5184
   136.8776
   131.6166
   125.50760000000001
   119.52659999999999
   112.5238
   104.91760000000001
   97.1034
   88.1972
   78.50120000000001
   67.96039999999999
   56.6756
   44.733000000000004
   31.380200000000002
