   1.01368
   1.3360500000000002
   1.3973
   1.4289100000000001
   1.43539
   1.43841
   1.43207
   1.42779
   1.42557
   1.43743
   1.4302300000000001
   1.42991
   1.42459
   1.43115
   1.43442
   1.4273
   1.42819
   1.42953
   1.42906
   1.4221
   1.42412
   1.42245
   1.43939
   1.42685
   1.43499
   1.43076
   1.42143
   1.4339
   1.43451
   1.42712
   1.42732
   1.42469
   1.42378
   1.42326
   1.42345
   1.42381
   1.42408
   1.42943
   1.431
   1.43264
   1.4263
   1.42309
   1.41849
   1.4349
   1.429
   1.41864
   1.43076
   1.43029
   1.4292799999999999
   1.42104
   1.42668
   1.42515
   1.4318300000000002
   1.43101
   1.42125
   1.42496
   1.4325700000000001
   1.42967
   1.4263700000000001
   1.42326
   1.42594
   1.43211
   1.4349
   1.4263700000000001
   1.4321499999999998
   1.42695
   1.42828
   1.4282
   1.43115
   1.42698
   1.4246699999999999
   1.4214499999999999
   1.43421
   1.42814
   1.43172
   1.42679
   1.42763
   1.4381599999999999
   1.4293200000000001
   1.42648
   1.42898
   1.4338
   1.4274200000000001
   1.43161
   1.43479
   1.42766
   1.42061
   1.43536
   1.42898
   1.42609
   1.4272099999999999
   1.4305
   1.42733
   1.43276
   1.42841
   1.42396
   1.4208800000000001
   1.41581
   1.33071
   1.01851
