   13.5316
   24.104200000000002
   30.725
   34.6822
   36.8426
   38.3112
   38.9996
   39.2926
   39.6528
   39.528200000000005
   39.8562
   40.083600000000004
   40.2202
   40.197
   39.791
   39.9248
   40.260400000000004
   40.3042
   40.3728
   40.0398
   40.1096
   39.900400000000005
   39.782000000000004
   39.749
   39.9184
   39.8456
   39.923199999999994
   39.7844
   40.0762
   40.2548
   40.1366
   40.2716
   40.3044
   40.2946
   40.214800000000004
   39.921
   40.0028
   39.971000000000004
   39.81
   39.6812
   39.766200000000005
   39.956
   39.6978
   39.7524
   39.6056
   39.550200000000004
   39.5944
   39.7808
   40.1438
   40.1436
   39.933
   39.9758
   40.242
   40.1348
   39.989599999999996
   39.7478
   39.747
   40.171800000000005
   39.8456
   39.7324
   39.6986
   39.8204
   40.079
   40.117000000000004
   40.054
   40.0542
   39.734199999999994
   39.5504
   39.7152
   39.8436
   39.9594
   39.7704
   39.803
   39.4046
   39.330999999999996
   39.387
   39.895399999999995
   39.767799999999994
   39.449600000000004
   39.532000000000004
   39.625
   39.667
   39.8566
   39.9024
   40.4018
   40.7036
   40.6182
   40.0248
   40.1096
   40.187200000000004
   39.9786
   39.766
   39.3916
   39.273599999999995
   38.229400000000005
   36.8842
   34.7204
   31.279400000000003
   24.5994
   13.766
