   2.30228
   3.1825
   3.33666
   3.3373399999999998
   3.3304
   3.3274999999999997
   3.34902
   3.3387399999999996
   3.3470600000000004
   3.3295600000000003
   3.33246
   3.3428
   3.32294
   3.33258
   3.31612
   3.33366
   3.33436
   3.31898
   3.3332599999999997
   3.3386
   3.34962
   3.33508
   3.34688
   3.3319
   3.33858
   3.3473
   3.32414
   3.31544
   3.3286200000000004
   3.3236799999999995
   3.33996
   3.3406
   3.3162200000000004
   3.3354000000000004
   3.3066199999999997
   3.32822
   3.34674
   3.3529799999999996
   3.3321799999999997
   3.3348799999999996
   3.30518
   3.3280999999999996
   3.32786
   3.3522000000000003
   3.34466
   3.34338
   3.33594
   3.3251799999999996
   3.33134
   3.3280200000000004
   3.3431
   3.3206800000000003
   3.3350999999999997
   3.33276
   3.32954
   3.34052
   3.33876
   3.3365
   3.3265200000000004
   3.3414
   3.33674
   3.3336200000000002
   3.35492
   3.35464
   3.33302
   3.34618
   3.32816
   3.3406
   3.3416599999999996
   3.3381399999999997
   3.33238
   3.32198
   3.3408599999999997
   3.3274199999999996
   3.33834
   3.33478
   3.3352199999999996
   3.3215000000000003
   3.3168
   3.34954
   3.3437
   3.32794
   3.3316600000000003
   3.331
   3.3207599999999995
   3.33206
   3.31862
   3.33138
   3.32774
   3.3249
   3.33402
   3.32676
   3.3529400000000003
   3.33908
   3.3482199999999995
   3.3270800000000005
   3.33344
   3.31526
   3.17648
   2.3133
