   6.64124
   9.73262
   12.07658
   13.90722
   15.29682
   16.372139999999998
   17.22954
   17.87224
   18.35058
   18.73056
   19.01804
   19.23426
   19.42828
   19.551740000000002
   19.61406
   19.69416
   19.7675
   19.867
   19.94196
   19.956760000000003
   19.96278
   20.02476
   20.008480000000002
   19.9696
   20.01902
   20.048579999999998
   20.00564
   20.02198
   19.982
   20.02716
   19.99042
   19.98528
   19.98086
   19.98236
   19.95556
   19.97254
   19.9608
   19.974059999999998
   19.94848
   19.961979999999997
   19.98612
   19.99118
   19.9844
   19.97558
   19.93872
   19.96518
   19.91802
   19.9523
   19.981299999999997
   19.9345
   19.9162
   19.99072
   19.988339999999997
   20.02516
   20.03624
   20.012559999999997
   19.981740000000002
   20.0173
   19.98756
   19.98716
   19.97886
   19.9745
   20.014100000000003
   19.98994
   19.96458
   19.954459999999997
   20.021079999999998
   19.964100000000002
   19.95052
   20.00378
   20.03234
   19.99738
   20.01036
   19.99508
   19.9814
   19.930719999999997
   19.944200000000002
   19.988020000000002
   19.96926
   19.93402
   19.89086
   19.909779999999998
   19.837979999999998
   19.79648
   19.75002
   19.71698
   19.578580000000002
   19.4585
   19.30514
   19.033720000000002
   18.726979999999998
   18.326999999999998
   17.811
   17.22578
   16.37678
   15.301639999999999
   13.879079999999998
   12.04618
   9.68686
   6.6375
