   0.0
   0.0
   0.0
   0.0
   0.0
   0.0
   0.0
   0.0
   0.0
   0.0
   0.0
   0.0
   0.0
   0.0
   0.0
   0.0
   0.0
   0.0
   0.0
   0.0
   0.0
   0.0
   0.0
   0.0
   0.0
   0.0
   0.0
   0.0
   0.0
   0.0
   0.0
   0.0
   0.0
   0.0
   0.0
   0.0
   0.0
   0.0
   0.0
   0.0
   0.0
   0.0
   0.0
   0.0
   0.0
   0.0
   0.0
   0.0
   0.0
   0.0
   0.0
   0.0
   0.0
   0.0
   0.0
   0.0
   0.0
   0.0
   0.0
   0.0
   0.0
   0.0
   0.0
   0.0
   0.0
   0.0
   0.0
   0.0
   0.0
   0.0
   0.0
   0.0
   0.0
   0.0
   0.0
   0.0
   0.0
   0.0
   0.0
   0.0
   0.0
   0.0
   0.0
   0.0
   0.0
   0.0
   0.0
   0.0
   0.0
   0.0
   0.0
   0.0
   0.0
   0.0
   0.0
   0.0
   0.0
   0.0
   0.0
   0.0
   0.0
   0.0
   0.0
   0.0
   0.0
   0.0
   0.0
   0.0
   0.0
   0.0
   0.0
   0.0
   2e-06
   0.0
   0.0
   0.0
   4e-06
   0.0
   0.0
   0.0
   2e-06
   0.0
   0.0
   0.0
   0.0
   0.0
   0.0
   0.0
   0.0
   0.0
   2e-06
   0.0
   0.0
   0.0
   0.0
   0.0
   0.0
   2e-06
   2e-06
   0.0
   0.0
   2e-06
   0.0
   2e-06
   2e-06
   0.0
   0.0
   0.0
   0.0
   2e-06
   4e-06
   4e-06
   0.0
   0.0
   2e-06
   2e-06
   2e-06
   0.0
   0.0
   2e-06
   2e-06
   2e-06
   2e-06
   9.999999999999999e-06
   2e-06
   0.0
   5.999999999999999e-06
   0.0
   2e-06
   8e-06
   2e-06
   2e-06
   2e-06
   2e-06
   8e-06
   5.999999999999999e-06
   1.3999999999999998e-05
   4e-06
   0.0
   4e-06
   4e-06
   2e-06
   8e-06
   9.999999999999999e-06
   4e-06
   2e-06
   1.6e-05
   9.999999999999999e-06
   5.999999999999999e-06
   5.999999999999999e-06
   1.1999999999999999e-05
   5.999999999999999e-06
   2e-06
   2e-06
   1.7999999999999997e-05
   1.6e-05
   2.2e-05
   9.999999999999999e-06
   5.999999999999999e-06
   1.3999999999999998e-05
   8e-06
   3.7999999999999995e-05
   2.2e-05
   3.7999999999999995e-05
   1.3999999999999998e-05
   1.9999999999999998e-05
   3e-05
   1.7999999999999997e-05
   2.6e-05
   3.9999999999999996e-05
   5.2e-05
   4.199999999999999e-05
   3.4e-05
   1.9999999999999998e-05
   3.7999999999999995e-05
   3.2e-05
   6.199999999999999e-05
   5.2e-05
   2.3999999999999997e-05
   5.599999999999999e-05
   1.7999999999999997e-05
   5.2e-05
   7e-05
   6.4e-05
   5.599999999999999e-05
   5.4e-05
   8.6e-05
   7.599999999999999e-05
   8.199999999999999e-05
   9.2e-05
   8.6e-05
   0.0001
   0.000104
   9.2e-05
   0.000106
   0.000108
   0.00012
   0.000116
   0.00012399999999999998
   0.00017399999999999997
   0.00019
   0.00015199999999999998
   0.000148
   0.000178
   0.000194
   0.000154
   0.000194
   0.00024
   0.00026
   0.00022999999999999998
   0.000208
   0.00025
   0.00026599999999999996
   0.000274
   0.000296
   0.00034999999999999994
   0.000334
   0.00033999999999999997
   0.000338
   0.000388
   0.000434
   0.00040599999999999995
   0.000542
   0.000534
   0.000464
   0.0005859999999999999
   0.000632
   0.0006119999999999999
   0.0006439999999999999
   0.000664
   0.00073
   0.0007639999999999999
   0.0007459999999999999
   0.000772
   0.0008739999999999999
   0.000914
   0.000922
   0.001022
   0.001022
   0.001166
   0.0010739999999999999
   0.001294
   0.001332
   0.00134
   0.00138
   0.0017139999999999998
   0.001608
   0.001638
   0.001786
   0.001992
   0.002022
   0.00219
   0.0021939999999999998
   0.002232
   0.00246
   0.002634
   0.0026959999999999996
   0.002994
   0.003142
   0.00323
   0.0033199999999999996
   0.00364
   0.00377
   0.0038299999999999996
   0.004324
   0.00424
   0.0043939999999999995
   0.0047799999999999995
   0.005117999999999999
   0.005523999999999999
   0.0058379999999999994
   0.005915999999999999
   0.006363999999999999
   0.006654
   0.006987999999999999
   0.007292
   0.007818
   0.008442
   0.008551999999999999
   0.009072
   0.009569999999999999
   0.010288
   0.010656
   0.011243999999999999
   0.012191999999999998
   0.012447999999999999
   0.013347999999999999
   0.013958
   0.014719999999999999
   0.01484
   0.01623
   0.017359999999999997
   0.01825
   0.019434
   0.019558
   0.020398
   0.021234
   0.023459999999999998
   0.024842
   0.025736
   0.02711
   0.028555999999999998
   0.029958
   0.03241599999999999
   0.033431999999999996
   0.035434
   0.037242
   0.039622
   0.04182199999999999
   0.043505999999999996
   0.046084
   0.048374
   0.051533999999999996
   0.054257999999999994
   0.057216
   0.059918
   0.063482
   0.066662
   0.070958
   0.073656
   0.078054
   0.082094
   0.086574
   0.09180799999999999
   0.096814
   0.101282
   0.10614599999999999
   0.111946
   0.11900999999999999
   0.12427
   0.131394
   0.13809
   0.147398
   0.15389599999999998
   0.16344799999999998
   0.170906
   0.180442
   0.191236
   0.200532
   0.21015999999999999
   0.22240200000000002
   0.23338799999999998
   0.24922799999999998
   0.26145
   0.2727
   0.29031999999999997
   0.305798
   0.322346
   0.339572
   0.35840799999999995
   0.37564
   0.39681
   0.418132
   0.44227799999999995
   0.463962
   1.488952
   1.5093519999999998
   1.518834
   1.52989
   1.534452
   1.5343219999999997
   1.5319319999999998
   1.5185739999999999
   1.5085339999999998
   1.486934
   0.46538799999999997
   0.4411
   0.41701799999999994
   0.39755799999999997
   0.37568599999999996
   0.35463
   0.33787799999999996
   0.32194199999999995
   0.304048
   0.28965199999999997
   0.273286
   0.26019
   0.24728199999999997
   0.234238
   0.222298
   0.210862
   0.20051
   0.19068000000000002
   0.18145399999999998
   0.171198
   0.162982
   0.155376
   0.145282
   0.13799199999999998
   0.131792
   0.12439399999999999
   0.11893000000000001
   0.11235200000000001
   0.10653199999999999
   0.10116999999999998
   0.096012
   0.09064199999999999
   0.0868
   0.081812
   0.078302
   0.073994
   0.069824
   0.06645
   0.063148
   0.060022
   0.05681
   0.054478
   0.051961999999999994
   0.04812
   0.045694
   0.043991999999999996
   0.04115599999999999
   0.038892
   0.036997999999999996
   0.035174
   0.033656
   0.032054
   0.030663999999999997
   0.029032
   0.027593999999999997
   0.026407999999999997
   0.024542
   0.0237
   0.022156
   0.020985999999999998
   0.019524
   0.019163999999999997
   0.017949999999999997
   0.017279999999999997
   0.015804
   0.015643999999999998
   0.014643999999999999
   0.01366
   0.013332
   0.012638
   0.01159
   0.011337999999999999
   0.010634
   0.010162000000000001
   0.009744
   0.009274
   0.00894
   0.008216
   0.0076679999999999995
   0.007083999999999999
   0.006934
   0.006566
   0.0065899999999999995
   0.006126
   0.00562
   0.005412
   0.005004
   0.004908
   0.004668
   0.004288
   0.004235999999999999
   0.003926
   0.0038
   0.003368
   0.0032019999999999996
   0.003088
   0.00308
   0.00292
   0.0027379999999999995
   0.002542
   0.002362
   0.002204
   0.002046
   0.002008
   0.00195
   0.001828
   0.0018139999999999999
   0.0016679999999999998
   0.0014899999999999998
   0.001532
   0.001316
   0.001326
   0.0013499999999999999
   0.00121
   0.001076
   0.0010179999999999998
   0.0009679999999999999
   0.0010459999999999998
   0.000838
   0.000888
   0.0008500000000000001
   0.00087
   0.000712
   0.0007059999999999999
   0.000632
   0.0006999999999999999
   0.000624
   0.0005899999999999999
   0.000578
   0.000536
   0.000538
   0.000528
   0.0005099999999999999
   0.000444
   0.00038399999999999996
   0.000374
   0.000376
   0.000268
   0.00031
   0.00031399999999999993
   0.00030399999999999996
   0.00028399999999999996
   0.00028
   0.00031999999999999997
   0.00024
   0.00022999999999999998
   0.000216
   0.00019599999999999997
   0.00019199999999999998
   0.000226
   0.000158
   0.000198
   0.00015
   0.000128
   0.000116
   0.000132
   9.799999999999998e-05
   0.00011199999999999998
   8.199999999999999e-05
   8.399999999999998e-05
   7.599999999999999e-05
   7.199999999999999e-05
   0.000104
   7.599999999999999e-05
   6e-05
   8.199999999999999e-05
   8.6e-05
   7.599999999999999e-05
   5.2e-05
   4.4e-05
   4.6e-05
   5.8e-05
   4.4e-05
   4.6e-05
   5e-05
   4.4e-05
   4.4e-05
   3e-05
   3.4e-05
   3.5999999999999994e-05
   2.2e-05
   2.2e-05
   2.6e-05
   2.2e-05
   3e-05
   3.5999999999999994e-05
   3.4e-05
   1.7999999999999997e-05
   1.6e-05
   2.2e-05
   1.3999999999999998e-05
   2.2e-05
   1.9999999999999998e-05
   2.6e-05
   1.9999999999999998e-05
   1.6e-05
   1.1999999999999999e-05
   5.999999999999999e-06
   1.3999999999999998e-05
   2.2e-05
   9.999999999999999e-06
   9.999999999999999e-06
   1.7999999999999997e-05
   4e-06
   5.999999999999999e-06
   8e-06
   8e-06
   8e-06
   2e-06
   1.3999999999999998e-05
   2e-06
   2e-06
   1.3999999999999998e-05
   2e-06
   5.999999999999999e-06
   1.1999999999999999e-05
   8e-06
   0.0
   9.999999999999999e-06
   5.999999999999999e-06
   5.999999999999999e-06
   0.0
   2e-06
   5.999999999999999e-06
   5.999999999999999e-06
   2e-06
   0.0
   5.999999999999999e-06
   2e-06
   2e-06
   0.0
   0.0
   5.999999999999999e-06
   5.999999999999999e-06
   0.0
   2e-06
   5.999999999999999e-06
   0.0
   0.0
   0.0
   0.0
   2e-06
   1.1999999999999999e-05
   0.0
   0.0
   0.0
   0.0
   2e-06
   0.0
   0.0
   2e-06
   0.0
   0.0
   0.0
   0.0
   2e-06
   0.0
   0.0
   0.0
   0.0
   0.0
   2e-06
   0.0
   0.0
   0.0
   0.0
   0.0
   0.0
   0.0
   0.0
   0.0
   0.0
   0.0
   0.0
   0.0
   0.0
   0.0
   0.0
   0.0
   0.0
   0.0
   0.0
   0.0
   0.0
   0.0
   0.0
   0.0
   0.0
   0.0
   0.0
   0.0
   0.0
   0.0
   0.0
   0.0
   0.0
   0.0
   0.0
   0.0
   0.0
   0.0
   0.0
   0.0
   0.0
   0.0
   0.0
   0.0
   0.0
   0.0
   0.0
   0.0
   0.0
   0.0
   0.0
   0.0
   0.0
   0.0
   0.0
   0.0
   0.0
   0.0
   0.0
   0.0
   0.0
   0.0
   0.0
   0.0
   0.0
   0.0
   0.0
   0.0
   0.0
   0.0
   0.0
   0.0
   0.0
   0.0
   0.0
   0.0
   0.0
   0.0
   0.0
   0.0
   0.0
   0.0
   0.0
   0.0
   0.0
   0.0
   0.0
   0.0
   0.0
   0.0
   0.0
   0.0
   0.0
   0.0
   0.0
   0.0
   0.0
   0.0
   0.0
   0.0
   0.0
   0.0
   0.0
   0.0
   0.0
   0.0
   0.0
   0.0
   0.0
   0.0
   0.0
   0.0
   0.0
   0.0
   0.0
   0.0
   0.0
   0.0
   0.0
   0.0
   0.0
   0.0
   0.0
   0.0
   0.0
   0.0
   0.0
   0.0
   0.0
   0.0
   0.0
   0.0
