   0.0
   0.0
   0.0
   0.0
   0.0
   0.0
   0.0
   0.0
   0.0
   0.0
   0.0
   0.0
   0.0
   0.0
   0.0
   0.0
   0.0
   0.0
   0.0
   0.0
   0.0
   0.0
   0.0
   0.0
   0.0
   0.0
   0.0
   0.0
   0.0
   0.0
   0.0
   0.0
   0.0
   0.0
   0.0
   0.0
   0.0
   0.0
   0.0
   0.0
   0.0
   0.0
   0.0
   0.0
   0.0
   0.0
   0.0
   0.0
   2e-06
   0.0
   0.0
   0.0
   0.0
   0.0
   0.0
   0.0
   0.0
   0.0
   0.0
   0.0
   0.0
   2e-06
   0.0
   2e-06
   0.0
   4e-06
   0.0
   2e-06
   0.0
   0.0
   2e-06
   0.0
   0.0
   2e-06
   2e-06
   2e-06
   0.0
   2e-06
   0.0
   8e-06
   4e-06
   2e-06
   2e-06
   2e-06
   4e-06
   2e-06
   2e-06
   0.0
   0.0
   4e-06
   2e-06
   2e-06
   2e-06
   0.0
   2e-06
   5.999999999999999e-06
   4e-06
   4e-06
   5.999999999999999e-06
   5.999999999999999e-06
   9.999999999999999e-06
   1.1999999999999999e-05
   9.999999999999999e-06
   4e-06
   9.999999999999999e-06
   1.1999999999999999e-05
   1.1999999999999999e-05
   1.7999999999999997e-05
   2.2e-05
   1.7999999999999997e-05
   1.9999999999999998e-05
   2.2e-05
   1.3999999999999998e-05
   2.7999999999999996e-05
   2.7999999999999996e-05
   1.6e-05
   3.5999999999999994e-05
   3.2e-05
   3.9999999999999996e-05
   1.9999999999999998e-05
   4.199999999999999e-05
   4.4e-05
   3.9999999999999996e-05
   5.8e-05
   5.599999999999999e-05
   5.4e-05
   6e-05
   6.8e-05
   7e-05
   7e-05
   6.6e-05
   5.599999999999999e-05
   0.000106
   0.00011199999999999998
   0.0001
   9.4e-05
   0.00012
   0.000138
   0.00015
   0.000154
   0.000136
   0.000188
   0.0002
   0.000212
   0.00022999999999999998
   0.00023799999999999998
   0.000246
   0.000276
   0.00031
   0.00032799999999999995
   0.00042599999999999995
   0.000444
   0.00043
   0.000432
   0.000508
   0.0005859999999999999
   0.000614
   0.00067
   0.0006799999999999999
   0.0007419999999999999
   0.0008579999999999999
   0.0009399999999999999
   0.00091
   0.00105
   0.001144
   0.001246
   0.0013479999999999998
   0.0014579999999999999
   0.001452
   0.0016679999999999998
   0.0017599999999999998
   0.001782
   0.002074
   0.0021479999999999997
   0.0022979999999999997
   0.0026219999999999998
   0.002994
   0.0030679999999999995
   0.003306
   0.0035399999999999997
   0.0038599999999999997
   0.00414
   0.004606
   0.00485
   0.005184
   0.005712
   0.006148
   0.006638
   0.0071779999999999995
   0.007816
   0.008378
   0.009087999999999999
   0.010126
   0.010983999999999999
   0.011538
   0.01257
   0.013492
   0.014703999999999998
   0.01579
   0.016819999999999998
   0.018418
   0.020451999999999998
   0.021756
   0.023502000000000002
   0.025539999999999997
   0.027306
   0.029442
   0.032043999999999996
   0.034544
   0.037488
   0.040350000000000004
   0.043455999999999995
   0.047487999999999995
   0.050646
   0.055291999999999994
   0.05977
   0.06474999999999999
   0.06972199999999999
   0.075596
   0.081778
   0.08860799999999999
   0.095796
   0.10245
   0.112122
   0.12075999999999999
   0.131046
   0.141258
   0.153354
   0.165756
   0.178744
   0.19398599999999996
   0.20938199999999998
   0.22588199999999997
   0.244982
   0.265352
   0.28580999999999995
   0.30913199999999996
   0.33499
   0.362166
   0.39175599999999994
   0.42440199999999995
   0.46034400000000003
   0.493846
   0.537776
   0.579256
   0.6262959999999999
   0.663374
   0.6921299999999999
   0.7107140000000001
   0.7177319999999999
   0.720732
   0.70878
   0.6918739999999999
   0.663414
   0.6270319999999999
   0.582002
   0.5388299999999999
   0.497138
   0.457284
   0.42475799999999997
   0.39221999999999996
   0.364186
   0.336686
   0.310328
   0.286244
   0.26540199999999997
   0.24484999999999998
   0.227486
   0.20961
   0.19229199999999996
   0.179348
   0.16546399999999997
   0.15301199999999998
   0.141668
   0.131024
   0.121334
   0.111698
   0.10409399999999999
   0.094992
   0.08876999999999999
   0.081916
   0.075552
   0.06976399999999999
   0.06507399999999999
   0.060281999999999995
   0.055734
   0.050949999999999995
   0.046891999999999996
   0.043972000000000004
   0.040206
   0.03727
   0.034318
   0.031813999999999995
   0.029258
   0.027117999999999996
   0.025265999999999997
   0.023503999999999997
   0.021383999999999997
   0.01994
   0.018246
   0.016739999999999998
   0.015701999999999997
   0.014795999999999998
   0.013295999999999999
   0.012156
   0.011386
   0.010487999999999999
   0.009771999999999998
   0.009061999999999999
   0.008452
   0.007649999999999999
   0.007258
   0.006574
   0.006162
   0.005599999999999999
   0.005408
   0.0049299999999999995
   0.004354
   0.004128
   0.003776
   0.0036259999999999994
   0.0034239999999999995
   0.002996
   0.0028759999999999997
   0.002584
   0.002458
   0.0022919999999999998
   0.002078
   0.0018839999999999998
   0.001734
   0.001718
   0.00146
   0.001332
   0.001228
   0.001192
   0.00114
   0.001162
   0.000872
   0.000846
   0.0008279999999999999
   0.000792
   0.000648
   0.0005759999999999999
   0.000648
   0.000558
   0.000536
   0.000466
   0.000388
   0.000434
   0.000334
   0.000324
   0.00034999999999999994
   0.00028199999999999997
   0.00028399999999999996
   0.000256
   0.00026199999999999997
   0.00026999999999999995
   0.00018199999999999998
   0.00021399999999999997
   0.00017999999999999998
   0.000154
   0.00017399999999999997
   0.000132
   8.8e-05
   0.000122
   0.000118
   9.4e-05
   8.999999999999999e-05
   8.6e-05
   7e-05
   0.0001
   8.399999999999998e-05
   8.199999999999999e-05
   4.7999999999999994e-05
   5.8e-05
   4.199999999999999e-05
   3e-05
   4.7999999999999994e-05
   3.7999999999999995e-05
   4.4e-05
   3.5999999999999994e-05
   3.2e-05
   3.9999999999999996e-05
   2.7999999999999996e-05
   2.3999999999999997e-05
   2.6e-05
   1.7999999999999997e-05
   1.3999999999999998e-05
   1.3999999999999998e-05
   1.7999999999999997e-05
   1.3999999999999998e-05
   1.6e-05
   1.1999999999999999e-05
   4e-06
   9.999999999999999e-06
   4e-06
   1.1999999999999999e-05
   1.1999999999999999e-05
   1.1999999999999999e-05
   8e-06
   1.6e-05
   9.999999999999999e-06
   4e-06
   5.999999999999999e-06
   0.0
   5.999999999999999e-06
   8e-06
   0.0
   2e-06
   2e-06
   9.999999999999999e-06
   5.999999999999999e-06
   0.0
   4e-06
   5.999999999999999e-06
   4e-06
   0.0
   2e-06
   2e-06
   0.0
   2e-06
   4e-06
   0.0
   2e-06
   2e-06
   0.0
   4e-06
   4e-06
   0.0
   2e-06
   0.0
   0.0
   0.0
   2e-06
   2e-06
   0.0
   0.0
   2e-06
   0.0
   0.0
   0.0
   0.0
   0.0
   0.0
   0.0
   0.0
   2e-06
   0.0
   0.0
   0.0
   0.0
   0.0
   2e-06
   0.0
   0.0
   0.0
   0.0
   0.0
   0.0
   0.0
   0.0
   0.0
   0.0
   0.0
   0.0
   0.0
   0.0
   0.0
   0.0
   0.0
   0.0
   0.0
   0.0
   0.0
   0.0
   0.0
   0.0
   0.0
   0.0
   0.0
   0.0
   0.0
   0.0
   0.0
   0.0
   0.0
   0.0
   0.0
   0.0
   0.0
   0.0
   0.0
   0.0
   0.0
   0.0
   0.0
   0.0
   0.0
   0.0
   0.0
