   0.0
   0.0
   0.0
   0.0
   0.0
   0.0
   0.0
   0.0
   0.0
   0.0
   0.0
   0.0
   0.0
   0.0
   0.0
   0.0
   0.0
   0.0
   0.0
   0.0
   0.0
   0.0
   0.0
   0.0
   0.0
   0.0
   0.0
   0.0
   0.0
   0.0
   0.0
   0.0
   0.0
   0.0
   0.0
   0.0
   0.0
   0.0
   0.0
   0.0
   0.0
   0.0
   0.0
   0.0
   0.0
   0.0
   0.0
   0.0
   0.0
   0.0
   0.0
   0.0
   0.0
   0.0
   0.0
   0.0
   0.0
   0.0
   0.0
   0.0
   0.0
   0.0
   0.0
   0.0
   0.0
   0.0
   0.0
   0.0
   0.0
   0.0
   0.0
   0.0
   0.0
   0.0
   0.0
   0.0
   0.0
   0.0
   0.0
   0.0
   0.0
   0.0
   0.0
   0.0
   0.0
   0.0
   0.0
   0.0
   0.0
   0.0
   0.0
   0.0
   0.0
   0.0
   0.0
   0.0
   0.0
   0.0
   0.0
   0.0
   0.0
   0.0
   0.0
   0.0
   0.0
   0.0
   0.0
   0.0
   0.0
   0.0
   0.0
   0.0
   0.0
   0.0
   0.0
   0.0
   0.0
   0.0
   0.0
   0.0
   0.0
   0.0
   0.0
   0.0
   0.0
   0.0
   0.0
   0.0
   0.0
   0.0
   0.0
   0.0
   0.0
   0.0
   0.0
   0.0
   0.0
   0.0
   2e-06
   0.0
   0.0
   0.0
   0.0
   0.0
   0.0
   0.0
   0.0
   0.0
   0.0
   0.0
   0.0
   0.0
   2e-06
   0.0
   0.0
   0.0
   0.0
   0.0
   0.0
   2e-06
   4e-06
   0.0
   2e-06
   0.0
   0.0
   2e-06
   4e-06
   4e-06
   4e-06
   4e-06
   0.0
   2e-06
   0.0
   2e-06
   2e-06
   4e-06
   2e-06
   4e-06
   4e-06
   4e-06
   5.999999999999999e-06
   2e-06
   2e-06
   4e-06
   1.1999999999999999e-05
   0.0
   4e-06
   5.999999999999999e-06
   5.999999999999999e-06
   8e-06
   1.3999999999999998e-05
   4e-06
   5.999999999999999e-06
   8e-06
   4e-06
   8e-06
   5.999999999999999e-06
   8e-06
   1.6e-05
   9.999999999999999e-06
   1.1999999999999999e-05
   1.3999999999999998e-05
   5.999999999999999e-06
   5.999999999999999e-06
   9.999999999999999e-06
   1.3999999999999998e-05
   1.7999999999999997e-05
   1.9999999999999998e-05
   1.3999999999999998e-05
   2.2e-05
   1.7999999999999997e-05
   1.7999999999999997e-05
   1.6e-05
   2.6e-05
   1.7999999999999997e-05
   2.6e-05
   3e-05
   4.199999999999999e-05
   3e-05
   3e-05
   3e-05
   4.199999999999999e-05
   2.2e-05
   3e-05
   5.8e-05
   3e-05
   5e-05
   4.4e-05
   5.8e-05
   5.599999999999999e-05
   5.4e-05
   6.199999999999999e-05
   7.599999999999999e-05
   6.199999999999999e-05
   7.8e-05
   7.599999999999999e-05
   8.6e-05
   8.399999999999998e-05
   7.999999999999999e-05
   9.799999999999998e-05
   0.000118
   0.00010999999999999999
   0.000126
   0.00014
   0.00015
   0.000138
   0.000156
   0.00017399999999999997
   0.00013
   0.000206
   0.00019
   0.00020199999999999998
   0.00021399999999999997
   0.000194
   0.00022799999999999999
   0.000252
   0.000246
   0.000294
   0.00030199999999999997
   0.000316
   0.00033999999999999997
   0.00036199999999999996
   0.00028799999999999995
   0.00036199999999999996
   0.00042799999999999994
   0.000446
   0.0005059999999999999
   0.000516
   0.00057
   0.0006219999999999999
   0.00061
   0.000648
   0.0006619999999999999
   0.0008
   0.0007459999999999999
   0.00076
   0.00081
   0.000922
   0.000988
   0.001042
   0.00109
   0.00116
   0.001292
   0.0013059999999999999
   0.0015119999999999999
   0.0014359999999999998
   0.001596
   0.001632
   0.001738
   0.001816
   0.00202
   0.002046
   0.002208
   0.002162
   0.002598
   0.002726
   0.0028759999999999997
   0.0029219999999999997
   0.003166
   0.003436
   0.003414
   0.00371
   0.004005999999999999
   0.004306
   0.004526
   0.004742
   0.004887999999999999
   0.005398
   0.005624
   0.005965999999999999
   0.006294
   0.0067399999999999995
   0.007169999999999999
   0.00742
   0.007956
   0.008438
   0.008852
   0.00971
   0.010197999999999999
   0.010884
   0.011302
   0.012137999999999998
   0.012639999999999998
   0.013492
   0.014561999999999999
   0.015
   0.015983999999999998
   0.017114
   0.018262
   0.01915
   0.020479999999999998
   0.021589999999999998
   0.023146
   0.024345999999999996
   0.025893999999999997
   0.02719
   0.029071999999999997
   0.030587999999999997
   0.032676
   0.034634
   0.036343999999999994
   0.03852
   0.040457999999999994
   0.043174
   0.046014
   0.04891
   0.052126
   0.055458
   0.05837799999999999
   0.062014
   0.06534999999999999
   0.06997199999999999
   0.073714
   0.07797599999999999
   0.08233199999999999
   0.087388
   0.09287
   0.09900799999999998
   0.10475999999999999
   0.11088999999999999
   0.11835999999999999
   0.124484
   0.132612
   0.140308
   0.147922
   0.157726
   0.166986
   0.17738400000000001
   0.188748
   0.19830199999999998
   0.21036599999999997
   0.22335799999999997
   0.238032
   0.252474
   0.26708
   0.28302
   0.299896
   0.317596
   0.33659399999999995
   0.357164
   0.378982
   0.402072
   0.426488
   0.451576
   0.48001599999999994
   0.5082359999999999
   0.538414
   0.570182
   0.605406
   0.643044
   0.6800259999999999
   0.72071
   0.764774
   0.8102479999999999
   0.8613719999999999
   0.909596
   0.9531219999999999
   0.980058
   1.000458
   1.010262
   1.010624
   1.001744
   0.982408
   0.9485119999999999
   0.908538
   0.8578239999999999
   0.810282
   0.766976
   0.7225860000000001
   0.6812819999999999
   0.6427239999999999
   0.6031839999999999
   0.571874
   0.53806
   0.509686
   0.47875199999999996
   0.45158999999999994
   0.427722
   0.401626
   0.37841199999999997
   0.35685
   0.33709999999999996
   0.31704999999999994
   0.29964599999999997
   0.283682
   0.267604
   0.252232
   0.23715
   0.22444399999999998
   0.212278
   0.198626
   0.188912
   0.17815399999999998
   0.166788
   0.158836
   0.14993599999999999
   0.14110999999999999
   0.13344599999999998
   0.12502
   0.118196
   0.11169
   0.10517800000000001
   0.098534
   0.09336199999999999
   0.088362
   0.083356
   0.07872
   0.074084
   0.06960799999999999
   0.065084
   0.061863999999999995
   0.058957999999999997
   0.055052
   0.051888000000000004
   0.04897
   0.046324
   0.043461999999999994
   0.041342
   0.03875
   0.036879999999999996
   0.034686
   0.032916
   0.030808
   0.02893
   0.027276
   0.026184
   0.024735999999999998
   0.02286
   0.021943999999999998
   0.02104
   0.019378
   0.018036
   0.017283999999999997
   0.016158
   0.01546
   0.014296
   0.013504
   0.012735999999999999
   0.012137999999999998
   0.011383999999999998
   0.010818
   0.01018
   0.009677999999999999
   0.008893999999999999
   0.008915999999999999
   0.007973999999999998
   0.00763
   0.007274
   0.006562
   0.006348
   0.005918
   0.005638
   0.005333999999999999
   0.004973999999999999
   0.004536
   0.00448
   0.004142
   0.003932
   0.003732
   0.003472
   0.003354
   0.003042
   0.003008
   0.002772
   0.0027760000000000003
   0.002446
   0.0025579999999999995
   0.002254
   0.00209
   0.001906
   0.001912
   0.0018239999999999999
   0.0016899999999999999
   0.0015459999999999998
   0.00151
   0.001452
   0.0013059999999999999
   0.0012679999999999998
   0.001078
   0.00122
   0.0010919999999999999
   0.000944
   0.0008839999999999999
   0.0007859999999999999
   0.0008279999999999999
   0.000722
   0.0007559999999999999
   0.00069
   0.0005859999999999999
   0.000534
   0.00061
   0.0006
   0.00045999999999999996
   0.00057
   0.00039799999999999997
   0.000434
   0.000424
   0.000402
   0.000416
   0.00033999999999999997
   0.00032799999999999995
   0.00033
   0.00030599999999999996
   0.000274
   0.00024
   0.0002
   0.000226
   0.0002
   0.000236
   0.000184
   0.000188
   0.00016999999999999999
   0.000172
   0.000166
   0.00014
   0.000136
   0.00014399999999999998
   0.000122
   0.000136
   0.000104
   0.0001
   0.000106
   0.000116
   0.000108
   8.999999999999999e-05
   7e-05
   8.399999999999998e-05
   7.8e-05
   6.199999999999999e-05
   6.8e-05
   7e-05
   5.599999999999999e-05
   5.4e-05
   6.4e-05
   5.8e-05
   4.6e-05
   5.2e-05
   2.3999999999999997e-05
   3.9999999999999996e-05
   3e-05
   3.9999999999999996e-05
   3e-05
   3.5999999999999994e-05
   4.199999999999999e-05
   3.2e-05
   3.4e-05
   3.2e-05
   1.3999999999999998e-05
   1.6e-05
   1.7999999999999997e-05
   1.3999999999999998e-05
   1.7999999999999997e-05
   1.7999999999999997e-05
   2.6e-05
   1.9999999999999998e-05
   1.6e-05
   1.6e-05
   8e-06
   9.999999999999999e-06
   1.1999999999999999e-05
   5.999999999999999e-06
   5.999999999999999e-06
   9.999999999999999e-06
   9.999999999999999e-06
   4e-06
   5.999999999999999e-06
   5.999999999999999e-06
   9.999999999999999e-06
   5.999999999999999e-06
   5.999999999999999e-06
   8e-06
   2e-06
   9.999999999999999e-06
   5.999999999999999e-06
   2e-06
   5.999999999999999e-06
   5.999999999999999e-06
   0.0
   4e-06
   4e-06
   2e-06
   0.0
   4e-06
   0.0
   0.0
   2e-06
   2e-06
   0.0
   0.0
   0.0
   5.999999999999999e-06
   2e-06
   2e-06
   4e-06
   0.0
   0.0
   0.0
   2e-06
   0.0
   2e-06
   4e-06
   5.999999999999999e-06
   2e-06
   0.0
   0.0
   0.0
   0.0
   2e-06
   2e-06
   0.0
   2e-06
   0.0
   0.0
   0.0
   0.0
   0.0
   0.0
   0.0
   0.0
   0.0
   0.0
   0.0
   0.0
   0.0
   0.0
   0.0
   0.0
   0.0
   0.0
   0.0
   0.0
   0.0
   2e-06
   2e-06
   0.0
   2e-06
   0.0
   2e-06
   4e-06
   0.0
   4e-06
   0.0
   0.0
   0.0
   0.0
   0.0
   0.0
   0.0
   0.0
   0.0
   0.0
   0.0
   0.0
   0.0
   0.0
   0.0
   0.0
   0.0
   0.0
   0.0
   0.0
   0.0
   0.0
   0.0
   0.0
   0.0
   0.0
   0.0
   0.0
   0.0
   0.0
   0.0
   0.0
   0.0
   0.0
   0.0
   0.0
   0.0
   0.0
   0.0
   0.0
   0.0
   0.0
   0.0
   0.0
   0.0
   0.0
   0.0
   0.0
   0.0
   0.0
   0.0
   0.0
   0.0
   0.0
   0.0
   0.0
   0.0
   0.0
   0.0
   0.0
   0.0
   0.0
   0.0
   0.0
   0.0
   0.0
   0.0
   0.0
   0.0
   0.0
   0.0
   0.0
   0.0
   0.0
   0.0
   0.0
   0.0
   0.0
   0.0
   0.0
   0.0
   0.0
   0.0
   0.0
   0.0
   0.0
   0.0
   0.0
   0.0
   0.0
   0.0
   0.0
   0.0
   0.0
   0.0
   0.0
   0.0
   0.0
   0.0
   0.0
   0.0
   0.0
   0.0
   0.0
   0.0
   0.0
   0.0
   0.0
   0.0
   0.0
   0.0
   0.0
   0.0
   0.0
   0.0
   0.0
   0.0
   0.0
   0.0
