   2.5961600000000002
   3.8800099999999995
   4.48743
   4.7534600000000005
   4.89778
   4.94063
   4.97464
   4.98886
   5.00631
   5.00087
   4.99393
   4.9868500000000004
   5.00646
   5.01795
   5.00841
   4.9883999999999995
   4.97962
   4.97944
   4.99428
   5.005190000000001
   5.01229
   5.01736
   4.98137
   4.98329
   5.00506
   5.00339
   5.00243
   4.99745
   4.98232
   4.992909999999999
   4.95928
   4.9898299999999995
   5.00547
   4.98368
   4.99861
   4.99416
   5.01187
   5.01263
   5.006349999999999
   4.99575
   4.99092
   5.00195
   4.99343
   4.9809
   4.9934
   4.98951
   4.99428
   4.9925
   4.9967
   4.9967999999999995
   4.98577
   4.98381
   5.01239
   4.99062
   5.0048200000000005
   5.02364
   5.01177
   5.01659
   5.02299
   5.003620000000001
   4.99317
   5.00922
   4.98975
   4.99663
   4.99817
   4.99462
   4.9996100000000006
   5.01094
   4.99817
   4.993539999999999
   4.99352
   4.99982
   4.98741
   5.0036499999999995
   5.0094899999999996
   5.0069799999999995
   5.0038100000000005
   4.98858
   5.003
   5.00049
   4.99485
   5.01305
   5.00008
   4.98651
   5.009
   5.01152
   4.99488
   4.9930900000000005
   5.01158
   5.0275300000000005
   5.01716
   5.0132200000000005
   5.0169
   5.00853
   4.97708
   4.88407
   4.74594
   4.50862
   3.9027899999999995
   2.5935099999999998
