   0.8488100000000001
   0.9615500000000001
   1.00207
   1.00605
   1.01037
   1.0082900000000001
   1.0133400000000001
   1.00774
   1.0076699999999998
   1.01593
   1.00729
   1.00492
   1.01645
   1.01323
   1.00991
   1.0108300000000001
   1.00665
   1.0079799999999999
   1.00661
   1.0076999999999998
   1.00536
   1.00645
   1.0097699999999998
   1.01501
   1.00849
   1.0039
   1.00865
   1.0097399999999999
   1.00898
   1.0154699999999999
   1.01191
   1.0137099999999999
   1.01231
   1.0122300000000002
   1.0074400000000001
   1.00387
   1.00892
   1.01291
   1.01075
   1.01011
   1.01029
   1.0092
   1.00733
   1.00864
   1.0129000000000001
   1.01129
   1.0108000000000001
   1.0135
   1.00606
   1.0058
   1.01073
   1.0139799999999999
   1.0122900000000001
   1.00861
   1.0181499999999999
   1.0103199999999999
   1.0069
   1.01318
   1.01131
   1.01084
   1.00907
   1.00833
   1.00373
   1.00949
   1.01353
   1.01431
   1.00818
   1.0122499999999999
   1.0180399999999998
   1.0085
   1.00498
   1.0096
   1.00462
   1.0128
   1.01255
   1.01189
   1.0086899999999999
   1.00541
   1.01241
   1.01327
   1.01344
   1.01142
   1.01086
   1.01724
   1.0136100000000001
   1.00998
   1.0098
   1.0054699999999999
   1.0078500000000001
   1.01151
   1.01243
   1.0118099999999999
   1.01441
   1.00731
   1.0076800000000001
   1.00198
   1.01009
   0.99551
   0.9651500000000001
   0.8517
