   0.007318869620823959
   0.006306192928840944
   0.006148275508101945
   0.006121498871727485
   0.006142895599244246
   0.006123910600564647
   0.00612272403831747
   0.006113363468819177
   0.006128732513025866
   0.006132565080899111
   0.006127137907361675
   0.0061053754960993705
   0.0061229799573137645
   0.0061326371851301836
   0.006136549070689962
   0.006122557231721413
   0.006118116447356274
   0.006114395721480478
   0.006108787995574233
   0.006128865225966967
   0.00612552413199194
   0.006121282048173698
   0.006129085450771417
   0.006136322147073737
   0.006116612552687883
   0.006135501689165067
   0.006129041716605502
   0.006145595065726019
   0.006106660231851288
   0.006115267429215345
   0.0061247469886592035
   0.006127513713270074
   0.006150945270449467
   0.006124793658022445
   0.00613081894240112
   0.006125328208016299
   0.006124181419451946
   0.006108366456834857
   0.006122463321195675
   0.006106269782928003
   0.006103379805942265
   0.006114330733664823
   0.006126050306306284
   0.006119136781532136
   0.006114931282889085
   0.006120346706767824
   0.006109663599901317
   0.006113284271343178
   0.006115868333669378
   0.006113244318466746
   0.006122970855800469
   0.006126692533643813
   0.006128172684573819
   0.006119499761115533
   0.0061326510075625056
   0.006136139962698906
   0.006109908170622246
   0.0061368507019151685
   0.006128477178547581
   0.006116464966336351
   0.006124957859972219
   0.006131977928893305
   0.006116767248127539
   0.006120491265893223
   0.006119179974902945
   0.006122492400596608
   0.006114018063573859
   0.006133315721521942
   0.006118800214216961
   0.006129825661978219
   0.006127257606793746
   0.0061204332464183915
   0.006116044226610345
   0.006126246488572411
   0.006124787831149301
   0.006123245422134996
   0.006122381485608913
   0.0061173477376329066
   0.0061062011257931
   0.006120770176892816
   0.006143800199245644
   0.006146956282107718
   0.006119837052788174
   0.006124095438609481
   0.00612519825684535
   0.006100571775077591
   0.006127938409112243
   0.006123355629511908
   0.0061230733910801
   0.006127156041377001
   0.006118877682570037
   0.006104806446404758
   0.0061185084619063005
   0.006116509392850941
   0.006121710546959739
   0.006140072219941752
   0.006121749349100106
   0.006134462050015683
   0.006303966192124452
   0.007338456593958058
