   0.007228623436732312
   0.006769118432132191
   0.00653781961455067
   0.006457561737260095
   0.0063889470095421525
   0.006365703072232665
   0.0063404966942543035
   0.006335692762116543
   0.006328987509671702
   0.006330704597909497
   0.006327750279109702
   0.006310526981176342
   0.006319092005799111
   0.006317699522433032
   0.006325483576590945
   0.006323268586312971
   0.006309504170578257
   0.006304405922127929
   0.00630977340379853
   0.0063305823669569175
   0.006308174311828923
   0.006323893160275712
   0.00630942088324674
   0.00631885877220075
   0.006311145509482843
   0.00631165542924966
   0.00630723227877609
   0.006322831984288974
   0.00632425444627912
   0.006312069447474583
   0.006320183535197878
   0.006334718110932374
   0.006323155231022503
   0.006331514388869113
   0.006325155569919657
   0.006339120929337626
   0.00633004879227709
   0.006322140422439643
   0.006323480012772909
   0.0062991984457242
   0.0063129386353670686
   0.006307757254544207
   0.006321773041030284
   0.006308761038802238
   0.006311432268425842
   0.006317521383846533
   0.006317868983857904
   0.006312089722916449
   0.0063273411407231426
   0.006329052201248274
   0.006312450721278979
   0.0063144087041310856
   0.00633342442094421
   0.006319427126945832
   0.0063353778060281545
   0.006315416594729649
   0.006306883541689425
   0.006315935684816678
   0.006307668172169098
   0.006311304824829256
   0.006319084208847507
   0.00632730253483174
   0.006304141700420898
   0.0063234798210185005
   0.006326710482463519
   0.006319909984746764
   0.006317798208488254
   0.006303754842562472
   0.006335535790700937
   0.006308479533611278
   0.006327379271798147
   0.006315761540244881
   0.006327825522890079
   0.006300267064571034
   0.006302874395128718
   0.006322410525742131
   0.006331870119002344
   0.006317501347886065
   0.006318559725926956
   0.006313337113490792
   0.00631629887025447
   0.006321362894804835
   0.006313034491857327
   0.006314358170094209
   0.006322128691376904
   0.006321087706337191
   0.0063285582983457316
   0.006312816691944578
   0.006332014999779716
   0.006333276502380392
   0.006329827963263591
   0.006330420637192812
   0.006354914064487751
   0.006323914537176858
   0.006357110383772126
   0.0063850794581437696
   0.0064709701539912125
   0.006541641639477586
   0.006764404517723707
   0.007223395285208111
