   0.005913750047939178
   0.00525235702107534
   0.004928718186596606
   0.004751700150882304
   0.004644332177575156
   0.004579597609574451
   0.004559041157427265
   0.0045245658935395075
   0.004512371365687691
   0.004498828808165056
   0.004497727389228314
   0.004497238962375732
   0.004493870496553293
   0.0044871117582332195
   0.004491386042229963
   0.004493470594402088
   0.0044911786204089536
   0.004487854108547246
   0.004482806104710289
   0.004479626414838836
   0.004477311071231509
   0.004490544457971184
   0.004482762255691807
   0.004483128781639844
   0.004486106413166676
   0.004484834829786171
   0.00448750183758815
   0.004486228729406365
   0.0044885215960424225
   0.004496956060377495
   0.0044928960560289295
   0.004489139958361482
   0.004480000153119198
   0.004476954506855578
   0.0044856050811751865
   0.004489217933716108
   0.004485187419356789
   0.004488273496577822
   0.004487209968549058
   0.004496266028336287
   0.004494985989995554
   0.00449195410280224
   0.004491333058956877
   0.004498445597565898
   0.004486695508823366
   0.004485363733954984
   0.004474873708051086
   0.0044820811082277165
   0.004486063913884872
   0.004482266041194644
   0.004488566374780748
   0.004491948805416121
   0.004480858461220097
   0.0044856010909204965
   0.004489420391579138
   0.0044863370045061576
   0.004491646368432708
   0.004497365409034927
   0.004498688694034623
   0.00449859809146636
   0.004497668699780182
   0.004491297020503168
   0.004492441187941945
   0.004486031737825114
   0.004493288639006733
   0.004496780468568536
   0.004493148647811491
   0.0044904464414524375
   0.0044897175115559225
   0.004488753605462053
   0.00448730052935962
   0.004494868866507079
   0.004484986853551642
   0.004491741378612037
   0.004484836178113958
   0.004495751883213349
   0.0044942553795987005
   0.004493321182542425
   0.004495281711246318
   0.004488364827155822
   0.004485768306307206
   0.004490432461620168
   0.004488125844204169
   0.004489041622864682
   0.004488235594481584
   0.0044947112322515125
   0.004496187228118848
   0.004500719463539958
   0.004495115896068284
   0.004502646989846712
   0.004500596250447642
   0.004513312960727615
   0.0045209660894457646
   0.004544073513739548
   0.004577887461219122
   0.00463813923681965
   0.004750680808326259
   0.004932309593948371
   0.0052440143847754484
   0.005926615401587162
