   0.021642746755592013
   0.021766992605326527
   0.021589429619233082
   0.021262491186449198
   0.02110529789945393
   0.020734568070270375
   0.020426498047976274
   0.02018796212795676
   0.019959759572375373
   0.019721755969874997
   0.019425841729585766
   0.01928729996291494
   0.01908545905758433
   0.018805920056816142
   0.01855428009381053
   0.018412710251460452
   0.018215098757739783
   0.018012143212181343
   0.01787932010478239
   0.017764392735948417
   0.017658897943840485
   0.017544725807673953
   0.017472532505954774
   0.017313219095758066
   0.017163318553146203
   0.017065834773011806
   0.01694061817995889
   0.016810937507085927
   0.016751564569638045
   0.01666029665630592
   0.016659062566403652
   0.016605542306464657
   0.016540584313892735
   0.0164753368308973
   0.016427560356326667
   0.016426258456763577
   0.016420221404978865
   0.016358464042742767
   0.01629740598258442
   0.016338899526872116
   0.016281321563993208
   0.016294400062285056
   0.01624576543362627
   0.016186999957242047
   0.01615278331750651
   0.016127914828094187
   0.01614718298089379
   0.01617300181381115
   0.016125646204027375
   0.01619556454130653
   0.01622672522888049
   0.01627356309470739
   0.016296594784894734
   0.016358555039337926
   0.016359867162045162
   0.016310282973372853
   0.01632975021033792
   0.016391288737125087
   0.016424373097701624
   0.0164769275915047
   0.01648901804698511
   0.016505828153722604
   0.01648854777249748
   0.016499603712329197
   0.0165768714190657
   0.016633461907838418
   0.01667116071416408
   0.01670816522319744
   0.016785016081869147
   0.016879725595168073
   0.01694488720112579
   0.017013730143817872
   0.0170103063067056
   0.017011962392405346
   0.017076388223993634
   0.017183092493255222
   0.017361958197634707
   0.01748579713242242
   0.017623204598133126
   0.017829695767600053
   0.017954168023718273
   0.01804598561156148
   0.01818512756823536
   0.01835479473513407
   0.01842607861134832
   0.018562058220960367
   0.018795779894928005
   0.019001379762477375
   0.019221448176473765
   0.01950737631159335
   0.01977816950949575
   0.020137542153651794
   0.020527510398602036
   0.020671765186631344
   0.020966758275502328
   0.021099591492841855
   0.021418590653846003
   0.02162269416526373
   0.021778224158630066
   0.02177180454105519
