   0
   0
   0
   0
   0
   0
   0
   0
   0
   0
   0
   0
   0
   0
   0
   0
   0
   0
   0
   0
   0
   0
   0
   0
   0
   0
   0
   0
   0
   0
   0
   0
   0
   0
   0
   0
   0
   0
   0
   0
   0
   0
   0
   0
   0
   0
   0
   0
   0
   0
   0
   0
   0
   0
   0
   0
   0
   0
   0
   0
   0
   0
   0
   0
   0
   0
   0
   0
   0
   0
   0
   0
   0
   0
   0
   0
   0
   0
   0
   0
   0
   0
   0
   1.9999998999999975
   0
   0
   0
   0
   0
   0
   0
   0
   0
   0
   0
   1.9999998999999975
   1.9999998999999975
   0
   0
   0
   0
   0
   0
   0
   0
   0
   0
   1.9999998999999975
   0
   0
   1.9999998999999975
   1.9999998999999975
   1.9999998999999975
   0
   0
   0
   1.9999998999999975
   1.9999998999999975
   0
   1.9999998999999975
   0
   0
   1.9999998999999975
   0
   0
   0
   0
   1.9999998999999975
   0
   0
   0
   0
   1.9999998999999975
   0
   0
   1.9999998999999975
   0
   0
   1.4142134209517316
   1.9999998999999975
   0
   0
   0
   0
   1.4142134209517316
   1.1547003651741576
   0
   0
   1.9999998999999975
   1.4142134209517316
   1.9999998999999975
   0
   0
   0
   1.9999998999999975
   1.4142134209517316
   1.9999998999999975
   1.4142134209517316
   1.1547003651741576
   1.9999998999999975
   1.1547003651741576
   1.1547003651741576
   1.224744708092262
   1.1547003651741576
   0.9999997999999799
   0.816496335978715
   1.490711850835775
   1.4142134209517316
   0.7559286814432771
   0.9476068719007209
   1.1547003651741576
   1.490711850835775
   1.490711850835775
   1.1547003651741576
   0.816496335978715
   0.816496335978715
   0.6324552158058308
   0.7071064983437785
   0.8571426238094921
   0.816496335978715
   0.7370274598298289
   0.7905691620598415
   0.6666663666665992
   0.6928200343523562
   0.7559286814432771
   0.7370274598298289
   0.6666663666665992
   0.6343236271063261
   0.7071064983437785
   0.7071064983437785
   0.6928200343523562
   0.8571426238094921
   0.5546998356699844
   0.65555447227191
   0.45883103185102203
   0.47140409652677207
   0.4170283485307214
   0.5345221096589792
   0.6666663666665992
   0.6388762519503465
   0.47140409652677207
   0.5048239746974809
   0.4347821486954088
   0.5128112504096539
   0.4518388984695013
   0.4347821486954088
   0.3989005954470499
   0.378484198752384
   0.3961762294184781
   0.3644339446319456
   0.35355282490739626
   0.3380611102829107
   0.3491178261127542
   0.3848996598441575
   0.29172929742952347
   0.2878191041025431
   0.28571358571342825
   0.2666659166656119
   0.33111996581002784
   0.31886702861252636
   0.27715908482140683
   0.25300877619254597
   0.2560729788396333
   0.2740431184662391
   0.23093924164882268
   0.24040915130257498
   0.22933943331642453
   0.23241389910806742
   0.22912791187456844
   0.2073434101935543
   0.22498763235063343
   0.21091433475813998
   0.1923262746438129
   0.1961151153316298
   0.19025271419872766
   0.1988619754019631
   0.17727992392984443
   0.16529647916584528
   0.18128656222858716
   0.17109466663304293
   0.1816140577381936
   0.15871329943859497
   0.15270891088882635
   0.15697549416332138
   0.14724458870231869
   0.14927150545462914
   0.13716719576655478
   0.14431048713220118
   0.1358289567141027
   0.1331608089347565
   0.1217481928755077
   0.12197376929793831
   0.12073681202424459
   0.11191705163325644
   0.11633446800238822
   0.10812153655339286
   0.10864546317772103
   0.10430955356740373
   0.10206733978969312
   0.10078847582836278
   0.09835714117456314
   0.09643696576216113
   0.08965424165020387
   0.09208474357894472
   0.08704909151333423
   0.08660023094657426
   0.08170540589426566
   0.08426921305575841
   0.08048178738895494
   0.0807602057108864
   0.07510352523932126
   0.07175275389345251
   0.07088465375143037
   0.07051517845254067
   0.07005364227826112
   0.06527166088996948
   0.06645673818484665
   0.062415158420365734
   0.0626587873628734
   0.06063163979871277
   0.05824043131300224
   0.056336921433966444
   0.054419822788768946
   0.05434480449645459
   0.053092409468401845
   0.05223843616751274
   0.0501376347405989
   0.04953338670255939
   0.04628349248338041
   0.04573566848916594
   0.04488956583007477
   0.043723289897624314
   0.04244222929709939
   0.04180016870088406
   0.040149437824396825
   0.0396148456963898
   0.03793949029549926
   0.038174501639695234
   0.03615163953487877
   0.03558282608926522
   0.03428840044994497
   0.033718541806457815
   0.032541535320089014
   0.03199808345796134
   0.03103540805586334
   0.03020612710088425
   0.029475890074406895
   0.02886696289017658
   0.027786574681742674
   0.027583668728501654
   0.02652727170890248
   0.026159855432898328
   0.025132731670917924
   0.024519598406935364
   0.023962324574879085
   0.023040215991105083
   0.02257700915527026
   0.022256914321542566
   0.021411220097390625
   0.020905263801337424
   0.02046843599259781
   0.01999153314287527
   0.01944809351492514
   0.018906760845624624
   0.018288217165123136
   0.017917245428526535
   0.017450342298209576
   0.01706028291293596
   0.016622580485696602
   0.01609739639814147
   0.015744208063007966
   0.015297364399676407
   0.014799829902870711
   0.014573638293977944
   0.014049042160417762
   0.013732667175933695
   0.013477765361736995
   0.013064991959020356
   0.01278507777634048
   0.012404002467534689
   0.01208568985708712
   0.011723109953963754
   0.011521513638109654
   0.011248221727757444
   0.01088343932891944
   0.010576471392476939
   0.010316313211732011
   0.010025731472371097
   0.009856008075692091
   0.00958439947752102
   0.009303715975855782
   0.009056213296492923
   0.008837936438597697
   0.008570039059454993
   0.008352081476473743
   0.008139335704557802
   0.00792246732426289
   0.00769162591227878
   0.007532273819174991
   0.0073462300777167085
   0.007148151775657403
   0.006952919249229025
   0.006785135341673864
   0.006595818937800803
   0.006431072276449251
   0.0062703100042621205
   0.00610131427199738
   0.0059360513879784865
   0.005780135761566994
   0.005616847351175681
   0.005477186940630046
   0.0053294424313379595
   0.005201994984463721
   0.005059467914827501
   0.004928886023039682
   0.004811612533227028
   0.004679876460900335
   0.004556689867910923
   0.004429201429148543
   0.004318369476494943
   0.004197815713971005
   0.004090691101499091
   0.0039860362220461775
   0.0038793218355630695
   0.0037754577475860107
   0.0036694025439365885
   0.0035838356119194813
   0.0034876558238116475
   0.0033933053039796024
   0.0033060443232146076
   0.0032090213769330536
   0.0031261006981276552
   0.0030409586719254184
   0.0029615938358435903
   0.0028818380109910825
   0.0028036049321701955
   0.0027473747851346395
   0.00270478420570961
   0.0026775991486637104
   0.002666251446059551
   0.0026641377849823673
   0.0026770816137173985
   0.0027072437515129094
   0.0027468677928805412
   0.0028056330683752634
   0.002882066020287452
   0.002957161837741229
   0.0030383473913603992
   0.003124584194271743
   0.0032150802018429798
   0.0033017117170543336
   0.003385855159647578
   0.003487869532428423
   0.0035798006959707972
   0.0036814569833584186
   0.0037773807729389493
   0.003874019868092034
   0.003983782601691454
   0.004091032533766472
   0.004205806302419656
   0.004322371920895158
   0.004431469777790172
   0.004547337707854996
   0.004678744631359667
   0.004802969809606834
   0.004930627909902664
   0.005054667747921724
   0.005204412130786632
   0.005338753133191298
   0.005475355619164205
   0.00563419047059517
   0.00575044863333576
   0.005936416221033723
   0.006091870145763221
   0.006266324262947566
   0.0064273810534590135
   0.006584845461804567
   0.006763754425726049
   0.006939292534122929
   0.007151004612575677
   0.007324297680727761
   0.007529306790389121
   0.007741052432133957
   0.007909936149785681
   0.008119630091086648
   0.008373481155553914
   0.008591082772954586
   0.008817064871218938
   0.009048156497886936
   0.00929265308214233
   0.009557788360514628
   0.009797811926199865
   0.010049268052338682
   0.010236249696438509
   0.010596025070559048
   0.010852226607247419
   0.011112628431536249
   0.011461272675068829
   0.011751857433042766
   0.01206897968266794
   0.012302228500054989
   0.01270533299142397
   0.01308712689750267
   0.013381183762060841
   0.013754581686995596
   0.014174608785793567
   0.014569487532677637
   0.014915923739846074
   0.015333168121062451
   0.015652429126051966
   0.01622547329584555
   0.0164879530772936
   0.01686701291417617
   0.017478259032714025
   0.01787910159256486
   0.018256209450629963
   0.01898182871682191
   0.019240993030163765
   0.019747879984164128
   0.020341531892309684
   0.020640155485330398
   0.02152097725646014
   0.021896209246454888
   0.02246642601228216
   0.023116301776208277
   0.024077380073128325
   0.02443902490803351
   0.025123283407513325
   0.025908076910218784
   0.02661291037397617
   0.027030557364993758
   0.028002114020946586
   0.028664727746055413
   0.02911051751288591
   0.03040329877479268
   0.03109940972985681
   0.032079252766389156
   0.03238260515797377
   0.03333226294438511
   0.034456157660679713
   0.035146586234275565
   0.03588884100753832
   0.03794076541785691
   0.03775237071626732
   0.03918489911831993
   0.039638069046225674
   0.04095786104966853
   0.042908174181033175
   0.0433628352600252
   0.044080931506289334
   0.04622591456709532
   0.047126186990522616
   0.04705848092596274
   0.049647370590022805
   0.05086039247525725
   0.05236981677729832
   0.05513353418194411
   0.05548952862017163
   0.05619867990389967
   0.05809682755418452
   0.05932027826707141
   0.06021449816028867
   0.061567314940664565
   0.06192922413030956
   0.06526807211308386
   0.0679602872346985
   0.06909881191314311
   0.07084050814076462
   0.07220938958370414
   0.0751685037570926
   0.07785813527389229
   0.07892349752524605
   0.08265927294855657
   0.08194738148925282
   0.08722439407364381
   0.08968058090773443
   0.09603132029147757
   0.09227996357581415
   0.09695258098125867
   0.09566518093418071
   0.10094557357318805
   0.10182575066178357
   0.1101626771321337
   0.10634600953367351
   0.11448342114120554
   0.1174447232911131
   0.12076152483052242
   0.122554502796675
   0.12204121304420776
   0.12478194683549124
   0.13202030399136694
   0.13386411020135308
   0.1378149205517518
   0.14360300213513025
   0.14344243335653087
   0.15462779756010125
   0.15751369490674705
   0.15395877274031416
   0.15534026149066604
   0.15856129060569182
   0.18781099170895707
   0.18181708181485431
   0.1853073931843587
   0.195980558090643
   0.20308387313129522
   0.18873671533693043
   0.19819718910472026
   0.2072129651440671
   0.224432551940155
   0.24067533084635076
   0.22306103470308822
   0.21419023113168326
   0.23241389910806742
   0.2465745313533082
   0.2660060626944779
   0.2868869581367741
   0.23537472687156002
   0.2660060626944779
   0.24607566563557856
   0.28549380492224546
   0.2840083749201657
   0.30743708041174583
   0.3015106812520759
   0.2946271466711029
   0.3082870777604043
   0.34400987669872524
   0.3429965871893325
   0.35294060980346664
   0.30122556344974166
   0.35294060980346664
   0.3461142458016175
   0.38872961182692406
   0.3999994999996875
   0.35355282490739626
   0.3989005954470499
   0.4364353222141747
   0.4364353222141747
   0.4351421749566864
   0.4170283485307214
   0.4364353222141747
   0.4364353222141747
   0.4969035925075543
   0.45674542148263675
   0.5345221096589792
   0.5163973921958424
   0.5773499227793603
   0.7071064983437785
   0.65555447227191
   0.4823759743285503
   0.816496335978715
   0.5773499227793603
   0.7559286814432771
   0.816496335978715
   0.6324552158058308
   0.6666663666665992
   0.5345221096589792
   0.6666663666665992
   0.7559286814432771
   1.1547003651741576
   0.603022357492957
   0.7370274598298289
   0.8944269673930901
   0.7559286814432771
   0.9999997999999799
   0.7559286814432771
   0.7071064983437785
   1.9999998999999975
   1.9999998999999975
   1.4142134209517316
   0.7559286814432771
   1.4142134209517316
   0.8944269673930901
   1.490711850835775
   1.9999998999999975
   1.9999998999999975
   1.1547003651741576
   1.4142134209517316
   1.1547003651741576
   0.9999997999999799
   1.1547003651741576
   1.4142134209517316
   1.4142134209517316
   1.4142134209517316
   1.1547003651741576
   1.4142134209517316
   1.4142134209517316
   1.9999998999999975
   0.9999997999999799
   1.1547003651741576
   1.4142134209517316
   1.9999998999999975
   0
   1.9999998999999975
   0
   1.9999998999999975
   1.9999998999999975
   0
   1.9999998999999975
   1.9999998999999975
   1.9999998999999975
   1.9999998999999975
   1.9999998999999975
   0
   1.9999998999999975
   0
   1.9999998999999975
   0
   0
   1.9999998999999975
   1.9999998999999975
   0
   1.1547003651741576
   1.9999998999999975
   0
   0
   0
   1.9999998999999975
   0
   0
   0
   0
   0
   0
   1.9999998999999975
   0
   0
   0
   0
   1.9999998999999975
   1.4142134209517316
   1.9999998999999975
   1.9999998999999975
   0
   0
   0
   0
   0
   0
   0
   0
   0
   0
   1.9999998999999975
   0
   0
   1.9999998999999975
   0
   0
   0
   0
   0
   0
   0
   0
   0
   0
   0
   0
   0
   0
   0
   0
   0
   0
   0
   0
   0
   0
   0
   0
   0
   0
   0
   0
   0
   0
   0
   0
   0
   0
   0
   0
   0
   0
   0
   0
   0
   0
   0
   0
   0
   0
   0
   0
   0
   0
   0
   0
   0
   0
   0
   0
   0
   0
   0
   0
   0
   0
   0
   0
   0
   0
   0
   0
   0
   0
   0
   0
   0
   0
   0
   0
   0
   0
   0
   0
   0
   0
   0
   0
   0
   0
   0
   0
   0
   0
   0
   0
   0
   0
