   0
   0
   0
   1.4142134209517316
   0
   1.9999998999999975
   0
   0
   1.9999998999999975
   0
   1.9999998999999975
   0
   0
   0
   0
   1.4142134209517316
   1.9999998999999975
   1.9999998999999975
   0
   1.4142134209517316
   1.9999998999999975
   1.9999998999999975
   0
   0
   0.9999997999999799
   0
   0
   0
   0
   0
   1.490711850835775
   1.1547003651741576
   0
   0
   0
   1.490711850835775
   0
   1.9999998999999975
   0
   1.4142134209517316
   1.9999998999999975
   1.4142134209517316
   0
   1.4142134209517316
   1.4142134209517316
   1.9999998999999975
   1.9999998999999975
   1.9999998999999975
   0
   1.1547003651741576
   1.4142134209517316
   1.9999998999999975
   1.9999998999999975
   1.4142134209517316
   1.4142134209517316
   1.4142134209517316
   1.1547003651741576
   1.4142134209517316
   0.8571426238094921
   0
   0.9999997999999799
   1.058300335443583
   1.058300335443583
   1.4142134209517316
   0.816496335978715
   0.7905691620598415
   0.9999997999999799
   1.1547003651741576
   0.9999997999999799
   0.7905691620598415
   0.9999997999999799
   0.7370274598298289
   0.7071064983437785
   0.9090906890908824
   0.5665573707233785
   0.6324552158058308
   0.7559286814432771
   0.6343236271063261
   0.5811861816817204
   0.5469630472611947
   0.6324552158058308
   0.5958432560655667
   0.5811861816817204
   0.5391261813772048
   0.6343236271063261
   0.5863016288566832
   0.4518388984695013
   0.4472131482861388
   0.4823759743285503
   0.521156922885617
   0.4082478005656205
   0.4255226889928863
   0.4347821486954088
   0.4422998446183625
   0.3812195164510644
   0.36261203685668847
   0.3296082148682614
   0.3651478239471424
   0.3901906392368952
   0.34138366961022487
   0.31886702861252636
   0.290830625534765
   0.31878507367608544
   0.32296747517772706
   0.3380611102829107
   0.2737180233297133
   0.2840083749201657
   0.27700955557083407
   0.2740431184662391
   0.30979126458682643
   0.2506375397523081
   0.23157808373044697
   0.25434600750825975
   0.25157285582004885
   0.2317727513416165
   0.19999899999749995
   0.23122182477398417
   0.20454274475211048
   0.2123516382623839
   0.2009781770225091
   0.18363841527839192
   0.19403303705142916
   0.1747465786269417
   0.17271504935650536
   0.16694242304759968
   0.1734598937555258
   0.15452710751175674
   0.1499396935792501
   0.150748001042127
   0.14842597802501822
   0.14816516507255448
   0.13309428666191284
   0.12989352282822753
   0.12726568654773043
   0.12307415953819024
   0.12129381737757418
   0.12149319513088742
   0.11197054457929319
   0.10678871279120866
   0.10762653802080784
   0.10296736653633798
   0.1034291209874173
   0.09737928740094062
   0.0968279217671936
   0.0909593318112406
   0.09024607747952057
   0.08985170339215577
   0.08584449990244394
   0.08114710829267396
   0.08265745152763668
   0.08117330948556616
   0.07400568127134353
   0.07525288843325766
   0.07062633391609631
   0.07227558865155269
   0.06879425028529092
   0.06503430771461655
   0.0632187029676032
   0.06429131682017294
   0.0608681828493678
   0.05911568372413376
   0.056826599471304175
   0.05596124796545477
   0.054104707930129385
   0.05345841138202619
   0.051484881167057184
   0.050486111053042994
   0.04873492041546529
   0.04664981385391228
   0.04539084651561714
   0.04454796106767959
   0.04395549960696488
   0.04149887384268059
   0.041295553275093135
   0.03946749768302121
   0.03841357351052859
   0.037159912384064825
   0.03623460771066396
   0.035416948383881194
   0.03477896138062507
   0.0330084411494499
   0.03170802827889428
   0.03203079048653111
   0.030476861682983022
   0.029763024077919222
   0.02906178134182244
   0.027985648150885018
   0.02733111729439592
   0.026685630179431267
   0.02570864152582432
   0.025262310636691005
   0.024519756735995837
   0.023608835690129913
   0.02278457779682943
   0.022167592055263113
   0.021611269906861432
   0.020911484869872127
   0.020439899375628335
   0.01988255687065518
   0.019198484603229867
   0.018789828959134506
   0.018235318615988247
   0.017600251794156845
   0.017207079355971332
   0.016706388055799822
   0.016479600087154694
   0.015719294419918907
   0.015318014355277661
   0.01486324038452565
   0.014452946499140341
   0.014149123038733568
   0.013786522419183204
   0.013221587921714227
   0.01295503129429993
   0.012539085305274682
   0.012203674387399065
   0.01183881765330849
   0.011525963272379355
   0.011139279582181215
   0.010860160433859949
   0.010574123095583518
   0.010255058737132
   0.00999700867972336
   0.009675300841382952
   0.009420675206651652
   0.009160332454407286
   0.008861104528717524
   0.008603699118367905
   0.008383413166638373
   0.00815045208577923
   0.007948011088922902
   0.007691894066506995
   0.007476047088658807
   0.0072583418911240215
   0.007042246426484563
   0.006829122484482101
   0.006650331976494563
   0.006456704403148211
   0.006272447088191527
   0.006095130170712867
   0.0059163105765292386
   0.005751176953662453
   0.005575846603208351
   0.0054312248238393285
   0.00526091332465439
   0.002670232900380325
   0.002654325419510852
   0.0026396147931111143
   0.0026302021595433355
   0.0026285219634148353
   0.0026266879672434797
   0.0026337110902400454
   0.0026383315803458133
   0.0026506142404686705
   0.002669345708460046
   0.005268084716106445
   0.005408588296046908
   0.005578763451994473
   0.005748240736887395
   0.005918255544075735
   0.006076237492655235
   0.00628597980888102
   0.006458161411958151
   0.0066505390426267845
   0.006856017491984412
   0.007046250981000984
   0.007268065494776454
   0.00744858268004087
   0.007684744909294624
   0.007911998703138941
   0.00818637815241179
   0.008347734584669217
   0.00863288869982766
   0.008848402834176365
   0.009163751639729914
   0.00941436679441896
   0.009686337108916131
   0.009960153998364215
   0.010308394106812085
   0.010583711702139823
   0.010849863238256567
   0.0111732268047291
   0.011554815011832455
   0.011855266101200936
   0.012188878739012584
   0.012566622457924007
   0.012888220061311795
   0.01328096148490634
   0.013603517433366763
   0.014076661925938929
   0.014426829748700349
   0.014968475270954408
   0.015405539317160962
   0.01575814730069825
   0.016239554031408865
   0.016694757933596753
   0.017107283048102866
   0.01781244120173571
   0.018300705189904228
   0.01879435175603181
   0.019267977701326735
   0.019867113903392505
   0.02026825107018557
   0.0214198444530117
   0.0215916524046042
   0.02226390075314523
   0.022758729702971
   0.023427136464090097
   0.02418542716304248
   0.025065473421915
   0.025639901810773625
   0.026561546876727238
   0.027477194243618993
   0.028106509572937567
   0.029106578438495175
   0.03003858410218238
   0.03085522052715461
   0.03132911913122455
   0.0317582027645699
   0.033187569964323774
   0.03366717321867095
   0.035538059683653096
   0.03673069455787447
   0.03720141700230488
   0.03832194302188783
   0.039557943412008724
   0.040368495539204394
   0.04198432940390174
   0.04254704322951202
   0.04409656091522228
   0.04632334632326453
   0.04705454196024637
   0.04854242191851634
   0.04963363585356518
   0.049798666855741795
   0.05370935721495161
   0.05405226469182063
   0.05653405369626157
   0.058778100427394314
   0.060462174592173186
   0.062086403533025906
   0.0626902117676298
   0.06606561432376207
   0.06692567160097679
   0.06895676521416366
   0.07051562369855044
   0.07180038211697705
   0.07336355729559912
   0.07543638689238832
   0.0772814143488848
   0.08504423387982972
   0.08417759507682619
   0.08388783411544305
   0.08991889726418666
   0.08993971846990599
   0.09470965318381054
   0.09509746394399174
   0.1007042677829031
   0.10475465097007781
   0.1028967172981093
   0.11153540454277507
   0.11032867978129778
   0.11073073106133337
   0.12027834223417082
   0.11845877327655166
   0.13125806997203882
   0.12965239510595356
   0.12989352282822753
   0.13621412371703603
   0.14335657935704652
   0.145224429692197
   0.14659747186078187
   0.15307095929403694
   0.15807968772680256
   0.16152614300528462
   0.16896118286845424
   0.17257578506107066
   0.17930922943950173
   0.19720164524894024
   0.18680663623534305
   0.19222818186766424
   0.18976676415612248
   0.20583825193469157
   0.19692709192828345
   0.20682692711003023
   0.21395895569143802
   0.2515720351885099
   0.2205392230676932
   0.22583901601338666
   0.22587609028683253
   0.25197552161284137
   0.2653292294489998
   0.2828420053669539
   0.2666659166656119
   0.26495977361224676
   0.3296082148682614
   0.32355982140045036
   0.30979126458682643
   0.3414628289193583
   0.33860917164117693
   0.32296747517772706
   0.29951834860895477
   0.3253608971919491
   0.3868584546647239
   0.3848996598441575
   0.3912298870099215
   0.5128112504096539
   0.39223176037408525
   0.4255226889928863
   0.5128112504096539
   0.3852753560766637
   0.4124265049046603
   0.4810452771597346
   0.4690411495807164
   0.471404096526772
   0.5497470529454634
   0.5128112504096539
   0.7071064983437785
   0.5345221096589792
   0.489897540308175
   0.7905691620598415
   0.5163973921958424
   0.6324552158058308
   0.7370274598298289
   0.7370274598298289
   0.6666663666665992
   0.7559286814432771
   0.816496335978715
   0.603022357492957
   0.6236092437487508
   0.6928200343523562
   0.8606627334448383
   0.9999997999999799
   0.7370274598298289
   0.749655301504885
   0.7905691620598415
   1.4142134209517316
   0.8571426238094921
   0.8944269673930901
   1.1547003651741576
   1.054092363652783
   1.4142134209517316
   1.9999998999999975
   1.224744708092262
   1.4142134209517316
   0.9999997999999799
   1.9999998999999975
   0.9999997999999799
   1.4142134209517316
   1.4142134209517316
   0.9999997999999799
   1.9999998999999975
   1.1547003651741576
   0
   1.9999998999999975
   1.9999998999999975
   1.4142134209517316
   0
   0.9999997999999799
   1.4142134209517316
   0
   0
   0
   1.9999998999999975
   1.054092363652783
   1.4142134209517316
   0
   0
   1.9999998999999975
   0
   0
   0
   0
   0
   1.4142134209517316
   1.9999998999999975
   0
   0
   1.9999998999999975
   0
   0
   0
   0
   0
   0
   0
   1.9999998999999975
   1.9999998999999975
   0
   0
   0
   0
   0
   0
   1.9999998999999975
   0
   0
   0
   0
   0
