   0.011818774106408195
   0.011086857965513999
   0.010599579911621495
   0.01020967113449269
   0.009907522678952958
   0.009644394791892707
   0.009410396892476443
   0.00922872386206577
   0.009098288825585063
   0.008950322902205056
   0.008861135438473893
   0.008770283930751596
   0.008666704552224454
   0.008603105391589061
   0.008550747365004226
   0.008495914113090131
   0.00845085600395228
   0.008404761143788374
   0.008367461837194947
   0.008351781119702788
   0.008342345209361352
   0.008318796551546808
   0.008326102000500437
   0.008308265395113729
   0.008296335915937385
   0.008294825004638523
   0.008273298433768958
   0.00825373203920479
   0.008251723321916878
   0.008250488518849613
   0.00823402683380629
   0.008207703368207853
   0.008189381618374634
   0.008204223861728737
   0.008206558076821071
   0.008226334143708517
   0.0082257260313756
   0.008210156474090218
   0.008215261447019858
   0.00821514069496022
   0.008190796295467286
   0.008184932313606518
   0.008185699363720093
   0.00817177467065859
   0.008177063367888203
   0.008187849111269685
   0.00817319850559312
   0.008182298561735095
   0.008196294111267181
   0.008194927880189653
   0.00817602798499507
   0.008219309111554558
   0.008235211693360497
   0.008236081311970582
   0.00821814021384151
   0.008254742682879637
   0.00823972798228378
   0.00825554598689957
   0.008231739001410047
   0.008230114119842423
   0.008220420252657193
   0.008247151858383501
   0.008241451893059118
   0.008246212030324721
   0.00826012876548573
   0.008240780571833207
   0.00824556629563115
   0.008248991341401486
   0.008242728485685082
   0.00825398472389234
   0.008264600848892524
   0.008266832421338528
   0.00827468906596346
   0.008284956797202724
   0.008288976124077557
   0.008265092051333278
   0.008272515600505093
   0.008295061598999991
   0.008306256049657994
   0.008331763642333642
   0.008364212491924134
   0.008400656074267328
   0.008435798858980032
   0.00845127862351245
   0.008483022559620674
   0.008541418729081027
   0.008601032185494186
   0.008641549212268696
   0.008718369912929673
   0.00880732353749372
   0.00895660520683836
   0.009103820981803458
   0.009251328216138792
   0.009436736029428034
   0.0096547344908187
   0.009913522253767267
   0.01024300944442081
   0.010647428717947983
   0.011155640156029595
   0.011880221421812942
