   0.017035671025533845
   0.015275538740224468
   0.014399057146077558
   0.013777423661778511
   0.013394342691210932
   0.013017368816458503
   0.01285277317243063
   0.01278068537280997
   0.012760937439266443
   0.012703231079895025
   0.012622776392211344
   0.01252918907151475
   0.012583894206425757
   0.01246219683398267
   0.012462605165611923
   0.012512858455758046
   0.012443655705607168
   0.01241936650266727
   0.012459987725210583
   0.012487971700049276
   0.012473346894489225
   0.012540906424956005
   0.012535377558583454
   0.012510368470817452
   0.012519163606129145
   0.012448713226577823
   0.012482944190023094
   0.012511591966564133
   0.012493080242346221
   0.012505006254595327
   0.012505172159849655
   0.012534814380034053
   0.01252843441794119
   0.01251778625210216
   0.012511637078128012
   0.012531279131614935
   0.01250861000353467
   0.012466555142711468
   0.012485992422528349
   0.01245069363971749
   0.012434149285590208
   0.012452137075103538
   0.012437810938759782
   0.01247625663475785
   0.012497372931092302
   0.012479360946113398
   0.0124803240912344
   0.012474541597910614
   0.012521502790881597
   0.012556678606628426
   0.012488692600618318
   0.01248799312475219
   0.012519203818903025
   0.012510741068123268
   0.012475253292467533
   0.01247532985024578
   0.012506496259715942
   0.012499254998282645
   0.012485425224684698
   0.012471833349611161
   0.012499629318817873
   0.012441005286488852
   0.01246371165291278
   0.012501210284628854
   0.01252573351438259
   0.012469502820232863
   0.012471038082601485
   0.012533096368008622
   0.012485806597757962
   0.012598813476201752
   0.012590637944175725
   0.012507785673375143
   0.012486602525122816
   0.01249670001056011
   0.012548416618790078
   0.012518717485582417
   0.012451127324597949
   0.012425325303356173
   0.01240817261714192
   0.012462599894160653
   0.012437072113518237
   0.012481949123751506
   0.012456267974176554
   0.012455348842955596
   0.012491864349236442
   0.012505384974179252
   0.012482320684370857
   0.012458170507428203
   0.01259930778275745
   0.012609295232288197
   0.012608020250802904
   0.012659174898004446
   0.012731637081090302
   0.012874315006600488
   0.013095030199926392
   0.013388053761271404
   0.013837430749403025
   0.014422349141228481
   0.015305237400678384
   0.017123533455742242
