   0.015753279616810344
   0.014276403174734708
   0.013266013754590945
   0.01261465399604078
   0.01216753241647296
   0.011814700801238127
   0.011510308695261446
   0.011307021169051986
   0.011085218384294673
   0.010926257568357927
   0.010813642562944878
   0.010680474052528584
   0.010605125472142258
   0.01051680623512756
   0.010523927817766874
   0.010432206954686319
   0.01041896381551068
   0.010377398404760107
   0.010349821084276994
   0.010369439267132368
   0.010321383864335572
   0.010332499615522121
   0.010234594439321235
   0.01029069719750845
   0.010283104009346419
   0.010279712440576669
   0.010308170986883702
   0.010286755252701988
   0.010260265413596236
   0.010257826037084656
   0.010237395586903985
   0.010216881181905849
   0.010249588034568902
   0.010246345603774808
   0.010270375677437037
   0.010291897653987374
   0.010264556560216088
   0.010269202320170506
   0.010249355154027055
   0.010249496496153717
   0.01027573258197741
   0.010212740467859227
   0.010251186580808482
   0.010252277676942213
   0.010270291415843954
   0.010206338961930801
   0.01025317514210448
   0.010271539838362464
   0.010274069378850989
   0.010206476897293149
   0.010257349512313873
   0.01028145893941363
   0.010228819482821972
   0.010273068287644849
   0.010281721827918838
   0.010270773210379253
   0.010246830361317861
   0.010268992354560524
   0.010242199937766464
   0.01020463354589889
   0.01024119160460376
   0.010234077218267535
   0.010175372928501146
   0.010230116957548302
   0.010232402250376778
   0.010213440764265521
   0.01022987892585331
   0.01021795654986773
   0.010195294118755365
   0.010226699905645583
   0.010202376791999122
   0.010247022125126737
   0.01018512549382526
   0.01027591370462121
   0.010320431455285412
   0.010313163172348015
   0.0103068633944466
   0.010334700741134038
   0.010362940990344993
   0.010442859948349977
   0.010418151651202995
   0.01041097845353381
   0.010459274571714873
   0.01046528774271103
   0.010472758025613236
   0.010552292652782562
   0.010622794420001552
   0.010658449192303712
   0.010715417540151671
   0.010819030085926875
   0.010926891366714845
   0.011087821876898343
   0.011283352855188996
   0.01155279278878695
   0.011828678143891753
   0.012170222357608422
   0.012694042090589568
   0.01324703135114004
   0.014120277680605834
   0.015604004832011352
