   0.01376076354962896
   0.012461446348596835
   0.01174806409482927
   0.011197574153296894
   0.010853158014579584
   0.01053591332314989
   0.010299161226505349
   0.010066154300741054
   0.00992703210286382
   0.009741327442824667
   0.00962626953891755
   0.009556653117921412
   0.00947139858606019
   0.009372083663060757
   0.00930694002692483
   0.00927405224152326
   0.00924324924609436
   0.009187310620872649
   0.009189254075864243
   0.009138929780309146
   0.009112412526395637
   0.00914397616454207
   0.009110656267978287
   0.00907090440909299
   0.009053406806213402
   0.0090414704403249
   0.009060773622622267
   0.009060512567097242
   0.009051098773144346
   0.009061363128201024
   0.009102387488933907
   0.009089901931969683
   0.009079278587473177
   0.009077709454823349
   0.009100237615597383
   0.009084735746165648
   0.009092637589470496
   0.009087065532248782
   0.00912650553777019
   0.009101655625800042
   0.009097954326960749
   0.009076595430653402
   0.00904913830275441
   0.009041905120654295
   0.009063269887926894
   0.009055311472874207
   0.00904498909945224
   0.009037195028956084
   0.009045203718971561
   0.009030068143851181
   0.009024631927941623
   0.009060626426641261
   0.009041182612440312
   0.00903396533806153
   0.009031389386546199
   0.009045522005916413
   0.00904920470185716
   0.009072422599261021
   0.009059363530716841
   0.009040968625924276
   0.009043293422927666
   0.00907914423533663
   0.009103755722135447
   0.009051292833384779
   0.009045291363607566
   0.00905906152702423
   0.009069925224449757
   0.00909298034613839
   0.009065423355188234
   0.009090929465130619
   0.009071573639962263
   0.009055524125801517
   0.009071858802220823
   0.009058118164081716
   0.009044156336617724
   0.009094664129025907
   0.009068922680102022
   0.009100182149992687
   0.00913076502379502
   0.00913612828617338
   0.009160364402802157
   0.009171745779850067
   0.009235325038502992
   0.009256975980249098
   0.009324149415037826
   0.00934456034480109
   0.009401079606905107
   0.009452307753240831
   0.009541606884082909
   0.009648393500700682
   0.009760423738067962
   0.00989486456152094
   0.010061716039411183
   0.010229957595844785
   0.010456385150170514
   0.01079498874551559
   0.011207368178818606
   0.01172069316694956
   0.012496208970130998
   0.013863674370416176
