   0.00703699839807558
   0.0065457291894154244
   0.006441454570081585
   0.006414891830796182
   0.0064145667788103955
   0.006407673300653683
   0.0063869115366221646
   0.0063966127045595525
   0.006400326327173154
   0.006391246826855349
   0.0064074832944859
   0.0063939519720636485
   0.006401829961206606
   0.006392703137461166
   0.006415197214913631
   0.006393538449599353
   0.006397401487813852
   0.006411310381381245
   0.006411889557127957
   0.006391942290452993
   0.006408307392298964
   0.00640132921336044
   0.006389165196382587
   0.006392525470231986
   0.006399901088302943
   0.006398260484140129
   0.006398764969853284
   0.00638380498401068
   0.006402320763407409
   0.006401310521751142
   0.006410190922403631
   0.0063962310742593
   0.006390884263383947
   0.006396425051831883
   0.0064122914707071535
   0.00639543858433597
   0.006399672505613113
   0.0063875095004015964
   0.006369132261116076
   0.006409199766588718
   0.006396354344236575
   0.006394576937872602
   0.006402762122554571
   0.0063890339584290155
   0.006391069696063259
   0.0064088149995588164
   0.00640217755820849
   0.006387568234052105
   0.006412468295292253
   0.006407086724741364
   0.006398331622665429
   0.006414845633317701
   0.006412278010795398
   0.006385571317288304
   0.006415522145454453
   0.00637566052474112
   0.006406522501087741
   0.006389871495225175
   0.0064063716795036505
   0.006400335421687005
   0.006391059578108082
   0.006396283064408742
   0.00641848154262605
   0.006402918228100072
   0.006396524551776546
   0.006405459329309653
   0.0064003287536809296
   0.006406783049372094
   0.0063854331712398715
   0.006391358408396562
   0.006402581550032603
   0.006389537835028822
   0.006400893046187578
   0.006414658539934496
   0.006386946975142212
   0.006393209603039089
   0.006411671798594476
   0.006410460459949991
   0.006391034839759353
   0.006384334774739294
   0.006408395984375606
   0.006405062313699613
   0.006391279508018673
   0.006393247619677431
   0.006393706821734081
   0.0064030110396185004
   0.006391974363497017
   0.006388897839994455
   0.006383209284213801
   0.006394929214559877
   0.006383847101978926
   0.006402420229641562
   0.006395649892811978
   0.006398072998873414
   0.006422922983454847
   0.006412785028823379
   0.006411344102545029
   0.006470236239777411
   0.006560240809461553
   0.007018672499311786
