   0.0758851391817328
   0.06683936054896747
   0.06284450641409309
   0.06244329609990351
   0.06132111624583433
   0.06268183876759649
   0.061286483200117196
   0.06250756193015226
   0.06330566990102285
   0.06136897514982562
   0.06335903937913721
   0.06270144289661683
   0.06203634146730005
   0.060387869010655904
   0.06090706583660527
   0.060774739222166495
   0.06116727062106673
   0.06251731474915202
   0.060332025297218435
   0.060348944019209615
   0.06041475595405671
   0.06049304239474699
   0.06140429220686492
   0.06204852169327912
   0.06113814911669394
   0.060960075910925435
   0.06210596723853205
   0.06011521527970638
   0.062223572887653116
   0.06302457454613947
   0.0620816457564293
   0.06116380369024041
   0.06256477594303747
   0.06256477594303747
   0.06037621527203192
   0.060823676524842454
   0.05955664869795891
   0.06114376501328651
   0.06168313984887311
   0.06216346400402127
   0.06150735397240715
   0.06134897065508313
   0.06194498031097804
   0.06390901763587424
   0.06301223751474663
   0.06307442465026118
   0.06164494065250774
   0.06048692143496842
   0.06245817092045502
   0.06221625081445619
   0.06162749985912774
   0.06197058301538956
   0.06143624114561099
   0.06125606305781315
   0.06204242290560046
   0.061562032731980805
   0.060973428109741136
   0.06042615262238519
   0.06008862560510054
   0.06178138871955936
   0.06022024030074934
   0.06054028270538175
   0.06234921606553866
   0.06182321524161505
   0.06225989641154459
   0.06162215432840994
   0.06064602122918644
   0.05953486697751188
   0.06131044378084022
   0.06229615982873888
   0.06263898103839736
   0.06303233183685561
   0.0625739558120524
   0.06160905362586353
   0.06225932644784505
   0.061932050826162516
   0.06086424472192969
   0.06131341552599614
   0.062076257055227985
   0.06209613769694921
   0.06258204514092514
   0.06130593222612407
   0.06249596248223275
   0.060639008221937046
   0.06160480117561937
   0.0620802936693839
   0.06005415344493664
   0.060740627822839934
   0.06258070669609862
   0.060653503311805745
   0.059353053624605676
   0.060646746440873985
   0.06149030556519122
   0.06167322984692584
   0.0593736319808985
   0.061763702712371395
   0.06243966616948989
   0.06345103090292205
   0.0662814998378159
   0.07655879607461838
