   0.022198639561059164
   0.020804247444932696
   0.02016002799743515
   0.0196110393713678
   0.01946669102294215
   0.019017058497462453
   0.018642638170310186
   0.0183854064725771
   0.018171856570832888
   0.01800529947854379
   0.017757827798614973
   0.017537086140812015
   0.017365299276423284
   0.01710843603094229
   0.016942956095619195
   0.016846528908930906
   0.01670082105947943
   0.016540732315947115
   0.016373599916263904
   0.016255534972718602
   0.016151607978869005
   0.016116625603050428
   0.015945033399708528
   0.01585811202955166
   0.015704772516199263
   0.015598556339260949
   0.01546920619695357
   0.01540029818601189
   0.0153753670795245
   0.015239764910897406
   0.015241346424549817
   0.015195155001248743
   0.015076534305197896
   0.014978747391040775
   0.014928104085893595
   0.014882387215265096
   0.014827542870612916
   0.014762976805449397
   0.014749640818233108
   0.014750831549441644
   0.014700586247902285
   0.014692561089364614
   0.014666544115354578
   0.014710373405940795
   0.014614332188123018
   0.014697157243875806
   0.014663640274995865
   0.014682350698729403
   0.014738085761947711
   0.014777523456118578
   0.014749351540659946
   0.014734808901384296
   0.014727918919886345
   0.01470134690315027
   0.01470824559685076
   0.014682946521444848
   0.014721754446331186
   0.014748060487948167
   0.014740700843881741
   0.014723734883563397
   0.014847886537893202
   0.014793247235366885
   0.014830996629896624
   0.014879312627418017
   0.014902311901576553
   0.014956067592089409
   0.014966213078491724
   0.015073770394194852
   0.015125619230356466
   0.015155766745728834
   0.01526147822087962
   0.015362667027034467
   0.015404200041672908
   0.015419232812494858
   0.015499824088371321
   0.015619688038820871
   0.015708794281772062
   0.015847172273550293
   0.016000368053421907
   0.016185405722885716
   0.01635567722073707
   0.01640934480936271
   0.016535394559959476
   0.01662467866785727
   0.01676963421320276
   0.016927048871257712
   0.01707632861788583
   0.017146441461217257
   0.017482440395416084
   0.017648919108441363
   0.017914691277543582
   0.018131422990584557
   0.018315084181298152
   0.01855064764543253
   0.019001556965942808
   0.01918245378987946
   0.019731734498789788
   0.020169441988565292
   0.020623352512499013
   0.022123382370077622
