   0.007242371381290292
   0.006218338999952408
   0.006032738371084121
   0.005983287831543273
   0.005982838084462514
   0.005986829977077565
   0.005993794784983572
   0.0059887653214770655
   0.005986067796416058
   0.0059821505904735835
   0.005992165557862105
   0.005977942540180082
   0.005972692224149112
   0.005995114808876939
   0.005993406245116209
   0.005969617379499619
   0.005991752964477746
   0.005979931934771641
   0.005969206356315287
   0.005978249130194041
   0.005993491841404849
   0.005984880100162622
   0.00599678491700297
   0.005983815797200523
   0.005978368962902918
   0.005984889170699659
   0.0060182054963837306
   0.005990969350206128
   0.005988995086036726
   0.00598618829937258
   0.005987716005351201
   0.005990340717712997
   0.005986601777817907
   0.005983054893254496
   0.005986174425847999
   0.005993205125427905
   0.005982974923948374
   0.005979821659327517
   0.0059690466311010685
   0.0059822849347738755
   0.005984957262124926
   0.005994678553707491
   0.005993767237752703
   0.005982661533448136
   0.005970110724459715
   0.005977149020500898
   0.005981575104528466
   0.005986060277741613
   0.005984771094015209
   0.005970085913677238
   0.005981598759011275
   0.005985512548290357
   0.005990849043326659
   0.005987503666104337
   0.005975131789063967
   0.0059870498977377465
   0.005979732439517579
   0.0059981702418510216
   0.005973686684257725
   0.00597515210660882
   0.0059917118183410245
   0.005995048831446155
   0.005993750041604601
   0.005983153973055981
   0.005972336155136133
   0.005973094853912325
   0.005975839206941673
   0.00597294704682558
   0.006004262919928919
   0.005987140513309614
   0.005992402441112015
   0.005988094116657879
   0.0059987702121309635
   0.005983111647781841
   0.005980809625769728
   0.005975522925433521
   0.005981584212707904
   0.005988446240609885
   0.005983102033232204
   0.0059892016666066765
   0.005971136831320784
   0.005988018026191135
   0.005997052002424691
   0.005991114320500028
   0.006005008752654259
   0.005968721252476386
   0.005986267834685731
   0.005981108437206499
   0.005984396342917759
   0.0059779750943869244
   0.005989721889620952
   0.005972214793141053
   0.005988777844841723
   0.005976525224530509
   0.005987126132259598
   0.0059855057975007455
   0.005996161196498951
   0.006037489510136532
   0.006220364396818877
   0.007233222932899627
