   0.007286367358272749
   0.006418090940157523
   0.006178557244796214
   0.006100901520896214
   0.006060511649767663
   0.006058381357367762
   0.006050465404044523
   0.006070435068257748
   0.006041792526192149
   0.006043388268220381
   0.006033065200390523
   0.0060511265050416764
   0.006047821619117332
   0.006056111621742738
   0.006051788420518461
   0.006048833947031719
   0.006042977335299776
   0.006049818228069204
   0.0060549446739673225
   0.006079720284595788
   0.006061441358570629
   0.006049911669815246
   0.006055274707752989
   0.006064918656820767
   0.006061916559781828
   0.006053093976850156
   0.006062266162021559
   0.006060880840402225
   0.0060604606977562115
   0.006060921321387875
   0.006068839444692902
   0.0060538436183803085
   0.0060539398450438
   0.006045941007934215
   0.006065853890364113
   0.006068377129342127
   0.006039636656122295
   0.006055418344935889
   0.0060437387499972925
   0.006054335289433092
   0.006053990423839292
   0.006056236512458831
   0.006068613665578619
   0.006048043231609713
   0.00604720140784876
   0.0060585044296113015
   0.0060462999438678396
   0.006051858831236142
   0.006054209198298671
   0.006051723177321906
   0.006051964511819525
   0.006050467418533004
   0.006038354918750076
   0.0060452637625590016
   0.006039303607792022
   0.006072023010006724
   0.0060688539529065695
   0.0060521609302230375
   0.006059737809265721
   0.006040383198724697
   0.006064744635265034
   0.006040930288437433
   0.006047199313446607
   0.006052523778838738
   0.006042676587919067
   0.006051735782201601
   0.006061950330145076
   0.0060454774385468564
   0.006048553491448399
   0.006068618660048
   0.0060568690167677585
   0.006061576519518071
   0.0060369048719413855
   0.006046993585911274
   0.00605896738776275
   0.006056110667539876
   0.0060550584056007885
   0.0060502939560191935
   0.00606255744466667
   0.00603491304004376
   0.006065828387011312
   0.006054903976560547
   0.006061494109683138
   0.0060610152766305
   0.006056492136004715
   0.00605523326043084
   0.006057798175652072
   0.0060463896111837305
   0.006046213656427241
   0.006061956020182562
   0.006064145072346235
   0.006070914617881117
   0.006065040045290265
   0.006042623224215629
   0.00605283716311504
   0.006064417488847838
   0.006112589984327209
   0.006190598387692472
   0.0064145625464434065
   0.007308619274345311
