   0.007370722679187133
   0.006434490535146515
   0.006217228531933842
   0.006186930539868859
   0.006167343039402077
   0.006161299409271637
   0.006155893334814636
   0.006164394389613602
   0.006162327935626967
   0.006176069394889647
   0.006186784758747614
   0.006162767979509275
   0.006164373766044525
   0.006150155271989056
   0.006159842654082835
   0.0061530948699411335
   0.006160597657583058
   0.006153995182441036
   0.006149337801406439
   0.006156604777413169
   0.006160586831496389
   0.0061403934395601
   0.006163881375183484
   0.006168190887364779
   0.0061948403284341836
   0.006184507288312932
   0.00615783685474329
   0.006152524606071494
   0.006167234255940667
   0.006161628694022474
   0.006161151613331645
   0.006165753195119492
   0.00616651138014209
   0.006152574879789434
   0.0061671902693904105
   0.0061701523019832396
   0.006145254802540522
   0.006169641287911036
   0.006173938967800955
   0.006165983615938365
   0.006169645015980991
   0.0061579764778994985
   0.006157018287291496
   0.006164901932614103
   0.006162539817005701
   0.006168056725452496
   0.0061685377050389595
   0.006155687909524621
   0.006168882646261174
   0.006160524498567604
   0.006168703987704613
   0.006172507738650879
   0.006169463697891411
   0.006153291380859844
   0.006151076953163286
   0.0061595885226796215
   0.006167425633890269
   0.00615802565368311
   0.006149870526172719
   0.006157277905406572
   0.006163144419855223
   0.006159991133379379
   0.00616345833048314
   0.006151426084094623
   0.0061766841989523815
   0.00615468533877004
   0.006152884530836203
   0.006154741249797209
   0.006156572817333058
   0.006162846887797638
   0.006160092355502876
   0.006160879713419778
   0.006167420611474308
   0.006157753505724857
   0.006163171897569958
   0.006163440711157593
   0.006180348446610913
   0.006175575058263088
   0.0061623857346267755
   0.006174892960599032
   0.006179111192207677
   0.006166442338283316
   0.006164368968541088
   0.006176611998302083
   0.00617265594523212
   0.006163756145255615
   0.006159531003124447
   0.006158724916184902
   0.00615334033992795
   0.006159957644396502
   0.006171464022957758
   0.006176428356544408
   0.006180520314339227
   0.006177548321404221
   0.006171397917458471
   0.0061744484792173
   0.00617607370233466
   0.006222812775138559
   0.006415563275777515
   0.007381732765949952
