   0.007335977533758032
   0.006481514473538782
   0.006294368259470023
   0.006251523561431007
   0.006199909387560291
   0.006215990393345651
   0.006210609835898478
   0.0062232863530697355
   0.006213607888764249
   0.006196030151217954
   0.006219556677568551
   0.006215026321423538
   0.006197298443351949
   0.006208456144692297
   0.006215583508362068
   0.006202564960912017
   0.006204519299295097
   0.006214820356305777
   0.00622972150040566
   0.006204425018227399
   0.006205545902878956
   0.006205801017913855
   0.006216674312646474
   0.0062162549592307695
   0.006216273664689683
   0.006188630553581938
   0.006201374499256396
   0.006202306512883548
   0.006226076307301887
   0.006216072250592923
   0.0062249001985274265
   0.006215839913148431
   0.00620657617737223
   0.006218808112118164
   0.006199216307346211
   0.00621634651034733
   0.0062126200194193935
   0.006203036268668999
   0.0062174027200135136
   0.0062060704834797555
   0.00622993878397691
   0.006211935386269156
   0.006217970036881097
   0.0061945059702968736
   0.006207130637239057
   0.006207850673032669
   0.0062108893415415405
   0.0061959140349675205
   0.006209829573547979
   0.0062009198150324765
   0.006218599375744419
   0.006221434293987265
   0.006214495124267167
   0.00620102146800775
   0.00621736898226853
   0.006210733082952438
   0.006197271735250664
   0.006211538955626437
   0.006216480919048929
   0.006217361850425203
   0.006215232346548413
   0.006202523904081953
   0.00619791656195337
   0.006202606600725402
   0.006212171357914534
   0.006229185704752121
   0.0062087001803169855
   0.0062121025449972354
   0.006203045526788947
   0.006204857712224098
   0.006209947430409225
   0.00622151522023404
   0.0062059510625303285
   0.0061966341695243975
   0.006192280153150024
   0.006206930811115012
   0.006197086808133472
   0.006190824238476516
   0.006215111615988249
   0.006199811176640394
   0.006210868981360426
   0.006203391205967819
   0.0061973661513410805
   0.00620465439077091
   0.006210649687569317
   0.006208902388651024
   0.006205469993777107
   0.0062098916989746615
   0.006190940985247099
   0.006195898967383743
   0.0062073029028675815
   0.006212873098334899
   0.006228286988246144
   0.006195034345973546
   0.006199472618716782
   0.006222216455256244
   0.006230986468920686
   0.006303514228942624
   0.0064957140023397765
   0.007365420490492213
