   0
   0
   0
   0
   0
   0
   0
   0
   0
   0
   0
   0
   0
   0
   0
   0
   0
   0
   0
   0
   0
   0
   0
   0
   0
   0
   0
   0
   0
   0
   0
   0
   0
   0
   0
   0
   0
   0
   0
   0
   0
   0
   0
   0
   0
   0
   0
   0
   0
   0
   0
   0
   0
   0
   0
   0
   0
   0
   0
   0
   0
   0
   0
   0
   0
   0
   0
   0
   0
   0
   0
   0
   0
   0
   0
   0
   0
   0
   0
   0
   0
   0
   0
   0
   0
   0
   0
   0
   0
   0
   0
   0
   0
   0
   0
   0
   0
   0
   0
   0
   0
   0
   0
   0
   0
   0
   0
   0
   0
   0
   0
   0
   0
   0
   0
   0
   0
   0
   0
   0
   0
   0
   0
   0
   0
   0
   0
   0
   0
   0
   0
   0
   0
   0
   0
   0
   0
   0
   0
   0
   0
   0
   0
   0
   0
   0
   0
   0
   0
   0
   0
   0
   0
   0
   0
   0
   0
   0
   0
   0
   0
   0
   0
   0
   0
   0
   0
   1.9999998999999975
   1.9999998999999975
   1.9999998999999975
   0
   0
   0
   0
   0
   1.9999998999999975
   0
   1.9999998999999975
   1.9999998999999975
   1.9999998999999975
   1.9999998999999975
   1.9999998999999975
   0
   0
   0
   0
   1.9999998999999975
   1.9999998999999975
   1.9999998999999975
   0
   0
   0
   1.9999998999999975
   0
   0
   0
   1.4142134209517316
   1.4142134209517316
   1.9999998999999975
   1.1547003651741576
   1.1547003651741576
   1.9999998999999975
   0
   1.9999998999999975
   1.9999998999999975
   0
   1.4142134209517316
   1.9999998999999975
   1.9999998999999975
   0.8944269673930901
   1.4142134209517316
   1.9999998999999975
   1.058300335443583
   0.8944269673930901
   1.1547003651741576
   1.9999998999999975
   0.7559286814432771
   1.1547003651741576
   0.816496335978715
   0.816496335978715
   0.8944269673930901
   0.9999997999999799
   0.9999997999999799
   0.816496335978715
   0.8571426238094921
   0.816496335978715
   0.8944269673930901
   0.6324552158058308
   0.8944269673930901
   0.7071064983437785
   0.5345221096589792
   0.603022357492957
   0.5546998356699844
   0.4472131482861388
   0.65555447227191
   0.49999959999983995
   0.4364353222141747
   0.6236092437487508
   0.5303297087661599
   0.3999994999996875
   0.45883103185102203
   0.4823759743285503
   0.4308127203321647
   0.3848996598441575
   0.3651478239471424
   0.31491769356295024
   0.33333273333279334
   0.4082478005656205
   0.4082478005656205
   0.33333273333279334
   0.3999994999996875
   0.35355282490739626
   0.3123468834641321
   0.36261203685668847
   0.2826327242283415
   0.2515720351885099
   0.24795811469460902
   0.26749607052258534
   0.2559439090021554
   0.24423540642874272
   0.23086132633823855
   0.2264545236511103
   0.22792027542114796
   0.20376970174557593
   0.20822826854236842
   0.1998510155149752
   0.17808867547197083
   0.19514489117758638
   0.18873671533693043
   0.17325919931567238
   0.16378915913351733
   0.17047452866051052
   0.14491238732420356
   0.16216685184386287
   0.14940703933866198
   0.14125950773692048
   0.14400246525994823
   0.13645773773949657
   0.13414849712786017
   0.13657941548671923
   0.13405309901396814
   0.12257395683738571
   0.1181319413010535
   0.11757954205450019
   0.11312147687771217
   0.1108678796993287
   0.10882532023881966
   0.10397621745810598
   0.10149026108798548
   0.09565008298109894
   0.08850876405300613
   0.0890199196737011
   0.0904633426755431
   0.0850371341219081
   0.08210139254350148
   0.0792115862668006
   0.07622652569434395
   0.07457659995833654
   0.07264222736451958
   0.06853442569997856
   0.06733220698983342
   0.06492765204441017
   0.06158475362479506
   0.06061650094964447
   0.057926980130782346
   0.05667374652423906
   0.05497681166358209
   0.05385470395261856
   0.05069332998076542
   0.051211006158948025
   0.048847002872638094
   0.046635661787728905
   0.045164051859672205
   0.043629099945303014
   0.042808157744645
   0.041483801797766486
   0.0396299835588785
   0.03827372989149693
   0.03855301147611625
   0.03623001277984389
   0.035464312825961325
   0.03436441250305602
   0.033247437661917886
   0.032094155270674975
   0.03153603563460084
   0.02990948459788462
   0.028830203620611575
   0.02839988391823122
   0.027338937485622758
   0.026447873829779502
   0.02559229170694298
   0.02457806682912169
   0.0241785316467641
   0.023411281168261765
   0.02239471640305383
   0.02176695052394493
   0.02115613809881054
   0.020510928766669632
   0.019709825018977386
   0.019003725792671924
   0.018544241176739185
   0.018036364700678334
   0.01739322150139944
   0.016961950897978032
   0.016285541463564895
   0.01582318500837683
   0.015293696809158716
   0.014844924365696717
   0.014402096155183768
   0.013862753368830411
   0.013526291633530174
   0.013145227383481825
   0.012655168535716153
   0.012254745525708426
   0.011900816866539762
   0.01151564051610162
   0.011154485215765689
   0.01075466537571357
   0.010419122388133419
   0.010119686809087123
   0.009748077063217717
   0.009489678755420766
   0.00918741283333695
   0.008901354121856534
   0.008608811332153065
   0.00833758917383704
   0.00805690408740326
   0.00785487353342243
   0.007557690279035534
   0.0072976767572026065
   0.007093918745981695
   0.006879364056716566
   0.0066490079760973915
   0.006442825343195798
   0.0062365271519066075
   0.006056242672767086
   0.005856743739299602
   0.005655267053444739
   0.005487318953787576
   0.0052979259404118415
   0.005141471539112394
   0.004963348498629466
   0.00481485334953021
   0.004652063368073189
   0.0045074761763650596
   0.004363818042414842
   0.004217847767391137
   0.004083895114111893
   0.003953262497621332
   0.0038247374940145865
   0.003699761989449762
   0.0035846958765845113
   0.0034637325443032524
   0.0033548967612433284
   0.0032447808193334926
   0.003141037675288831
   0.0030600830172085526
   0.0030082465101142213
   0.002972333434670967
   0.002954577942034977
   0.0029572863436200746
   0.002978086002252721
   0.003010009915516419
   0.0030622742549733187
   0.003137877820497004
   0.0032457852998641888
   0.0033521373411720718
   0.0034636886501220343
   0.0035868748230998247
   0.0036983617459651038
   0.0038249532384145614
   0.003949890183022425
   0.004082295640666537
   0.004217919241097827
   0.0043538660227885485
   0.00450451339027185
   0.004654717444114703
   0.004817846876104788
   0.004964331112495611
   0.005141392854016105
   0.005309405266942403
   0.005472637071315093
   0.005659013085875283
   0.0058445271634852206
   0.006025051183940366
   0.006238630883303483
   0.006444376277784645
   0.006660769250994883
   0.006860149601573192
   0.007096342915022523
   0.007333673071755443
   0.007573408704803103
   0.007819263904888586
   0.008041569128664399
   0.008327650186328193
   0.008624853840315676
   0.008902951887380824
   0.009167485885033053
   0.009473180322451731
   0.009776961762639005
   0.010093262036082786
   0.010450681351934232
   0.010810603356925332
   0.011120474209780096
   0.01150806123311819
   0.011892247805631062
   0.01229158107200165
   0.012701936759529343
   0.013043748493038517
   0.013502292703426429
   0.013978416084464852
   0.014266218220980582
   0.014838020066949606
   0.015296145386254291
   0.01584057474751212
   0.0163183086699007
   0.01686908474399889
   0.0174079381075387
   0.017952996703435958
   0.018602805379054496
   0.019127222932681855
   0.01972505855688761
   0.02053400070776505
   0.021118052941385926
   0.021681221062773016
   0.022200847511412374
   0.023364169845378507
   0.02404620812567576
   0.024886589325223668
   0.025593032380329755
   0.02651556324724952
   0.026812266797965726
   0.028417436330529528
   0.029020733148302075
   0.030152473064470556
   0.030654700294652455
   0.03192983107130582
   0.03346284474711358
   0.03375318798493975
   0.03548952219599046
   0.03674130371497815
   0.03777584294840569
   0.039238451900804626
   0.03972015341103397
   0.04209761970583533
   0.042982470456851184
   0.04420943078248029
   0.04538584201578039
   0.0461799648075059
   0.04840184389684518
   0.05079793028468976
   0.05205684353158125
   0.05322993494899318
   0.054898440368045455
   0.058132319762077674
   0.058435154460524476
   0.060176355748064674
   0.06312808499521211
   0.06483747162378352
   0.06639905833624635
   0.06792614852642219
   0.07323590551063577
   0.07195584101955126
   0.07535725037107152
   0.07743274189725609
   0.07842765289957075
   0.08291564697676634
   0.08361559121350944
   0.08976216652015835
   0.09088028053554038
   0.09298082239544522
   0.09795280457056235
   0.10108192014447735
   0.10885840877531912
   0.1064976760753576
   0.11160852969350096
   0.11615765366943115
   0.11640219000718582
   0.1235885822336045
   0.13211912193610717
   0.13420869464232676
   0.1314282677531698
   0.14657412800354638
   0.14202518246938586
   0.15270891088882635
   0.15234656721833242
   0.15270891088882635
   0.16263756435037705
   0.16222018824327694
   0.17134425615189666
   0.18773144195056313
   0.17744884411601072
   0.19422283102992413
   0.19514489117758638
   0.19322068193965808
   0.22169221879255677
   0.20947008460276684
   0.23408143999032727
   0.25353255252185286
   0.2244553916424603
   0.260237065346309
   0.24618216955348451
   0.26490571642848937
   0.26433556300338207
   0.29172929742952347
   0.2666659166656119
   0.31622713356067345
   0.3015106812520759
   0.32444222581953913
   0.39223176037408525
   0.31586839447843706
   0.3380611102829107
   0.4249178221204137
   0.3779639438585946
   0.4364353222141747
   0.4082478005656205
   0.44536132234177733
   0.5811861816817204
   0.4082478005656205
   0.6666663666665992
   0.65555447227191
   0.6666663666665992
   0.603022357492957
   0.48507083776192816
   0.5773499227793603
   0.7071064983437785
   0.5345221096589792
   0.5546998356699844
   0.5714282214284643
   0.7071064983437785
   0.7559286814432771
   0.6666663666665992
   0.5773499227793603
   1.1547003651741576
   0.7559286814432771
   0.6666663666665992
   0.9999997999999799
   1.9999998999999975
   0.8944269673930901
   1.1547003651741576
   0.9999997999999799
   1.1547003651741576
   1.1547003651741576
   1.4142134209517316
   0.9999997999999799
   1.1547003651741576
   1.1547003651741576
   1.4142134209517316
   1.9999998999999975
   1.9999998999999975
   1.4142134209517316
   1.1547003651741576
   0.942808829450005
   1.4142134209517316
   1.9999998999999975
   1.1547003651741576
   1.9999998999999975
   1.9999998999999975
   1.9999998999999975
   1.9999998999999975
   1.4142134209517316
   0
   1.4142134209517316
   0
   1.9999998999999975
   1.4142134209517316
   0
   0
   1.9999998999999975
   0
   0
   0
   0
   0
   0
   0
   0
   0
   0
   0
   0
   0
   0
   0
   0
   0
   0
   0
   0
   0
   0
   1.9999998999999975
   0
   0
   0
   0
   0
   1.9999998999999975
   1.9999998999999975
   0
   0
   0
   0
   0
   0
   0
   0
   0
   1.9999998999999975
   0
   0
   1.9999998999999975
   0
   0
   0
   0
   0
   0
   0
   0
   0
   0
   0
   0
   0
   0
   0
   0
   0
   0
   0
   0
   0
   0
   0
   0
   0
   0
   0
   0
   0
   0
   0
   0
   0
   0
   0
   0
   0
   0
   0
   0
   0
   0
   0
   0
   0
   0
   0
   0
   0
   0
   0
   0
   0
   0
   0
   0
   0
   0
   0
   0
   0
   0
   0
   0
   0
   0
   0
   0
   0
   0
   0
   0
   0
   0
   0
   0
   0
   0
   0
   0
   0
   0
   0
   0
   0
   0
   0
   0
   0
   0
   0
   0
   0
   0
   0
   0
   0
   0
   0
   0
   0
   0
   0
   0
   0
   0
   0
   0
   0
   0
   0
   0
   0
   0
   0
   0
   0
   0
   0
   0
   0
   0
   0
   0
   0
   0
   0
   0
   0
   0
   0
   0
   0
   0
   0
   0
   0
   0
   0
   0
   0
   0
   0
   0
   0
   0
   0
   0
