   0.007455945136341408
   0.006523149547307971
   0.006173720390390728
   0.006009548422098172
   0.0059304535989066764
   0.005891740035893603
   0.005890728475157636
   0.005869219047519298
   0.005863586510392155
   0.005878865097078031
   0.005845544678588074
   0.005860364231763646
   0.005857689040406932
   0.005861094824906886
   0.005863138804108845
   0.005852884764841271
   0.0058544614840373025
   0.005861206178938694
   0.0058472223902336
   0.005843233538012098
   0.005848607071814685
   0.005835739626719147
   0.005849224494696221
   0.0058528623232687125
   0.005847700067644759
   0.005865146106166547
   0.005851844062478543
   0.005847859982031475
   0.005852636636993561
   0.005852874658680454
   0.005872490324279965
   0.00586033748821104
   0.005843649916387128
   0.005861233144347614
   0.005865625520595161
   0.005857694732947932
   0.005844532109560016
   0.0058465768134143645
   0.005852076397943188
   0.00585361643171262
   0.005849937787731577
   0.005854741958572432
   0.0058434817855221866
   0.005866287461943821
   0.005850461131949995
   0.005850899452310865
   0.005847685809662309
   0.005868923266855069
   0.005855909507744688
   0.005857062981170305
   0.005849622861616642
   0.005858961375574791
   0.0058546938851301
   0.0058612405215220965
   0.005862079407531051
   0.0058509502090272865
   0.00585522245576338
   0.005844865034477288
   0.005852879056417142
   0.005847856271399369
   0.005853095637843777
   0.005857610159273107
   0.005859596022965532
   0.005850585506550376
   0.005855439966204355
   0.005855163586016186
   0.0058708847916188085
   0.005853866556626406
   0.0058540082374280746
   0.005865109076714376
   0.005859643391240173
   0.005842837730916176
   0.005851354938879587
   0.0058326318111133054
   0.005864637722261071
   0.0058511046197120675
   0.0058559100712243855
   0.005848849276515933
   0.005845497657086382
   0.0058494247480873444
   0.005846409532916321
   0.005848998013495979
   0.005845933030767838
   0.005861596938555835
   0.005855622225580132
   0.0058561371284827765
   0.005850508513745493
   0.005838947376148522
   0.005859134894258579
   0.005856280729068802
   0.0058400663337272425
   0.005859847317525743
   0.005863062435185695
   0.005858967661382428
   0.005894466321573333
   0.005935668998956063
   0.006021102303305276
   0.006148471500976995
   0.006533991970100447
   0.007475570263654609
