   0.006004146583276143
   0.005287834093138919
   0.004919203500074961
   0.004698371665477049
   0.004548572621302548
   0.004457377230223729
   0.0043867477745876925
   0.004339922625523627
   0.00431562495612971
   0.004296743206636069
   0.00428010851887826
   0.004267336117095637
   0.00426999435565643
   0.004268729162333517
   0.004263143251899471
   0.004266160518464767
   0.0042598275073952654
   0.004255981862246712
   0.004251871083134184
   0.004255399680398312
   0.0042481716239176626
   0.00426166409218501
   0.004260398924685926
   0.004256924803735323
   0.004264800366931805
   0.004260010804932365
   0.0042587885277136335
   0.004262011251370253
   0.004258271173819065
   0.0042501024719402425
   0.004252220893067086
   0.004253298227088329
   0.004252789302822453
   0.004256354052234631
   0.004251797671985117
   0.0042612782153588664
   0.00425626961065605
   0.004247641779776078
   0.004246462909740197
   0.004247401213108081
   0.0042504440617199745
   0.004254282878578929
   0.004255003565608016
   0.004250803947793845
   0.00425281831605636
   0.004250411856401701
   0.00425094383203667
   0.0042560009758993815
   0.004249493288770306
   0.004255063070484868
   0.0042595997461539765
   0.004261996523561052
   0.004261715861536369
   0.004261005301464812
   0.004259956552079906
   0.0042588766259604935
   0.004259861839876741
   0.004253563120042196
   0.004252479926232708
   0.004251925248106738
   0.004247932926601735
   0.00425278847895991
   0.004252875826402565
   0.004251924259178119
   0.004255630336452495
   0.004246958527629167
   0.004260442122312911
   0.0042538874514735925
   0.004246168048649134
   0.004254924477447828
   0.004249075498939137
   0.00424840110393777
   0.004254867364204824
   0.004253276732875729
   0.004251709676344609
   0.004254030866033729
   0.004241930956138632
   0.004253453353250865
   0.004259630291806207
   0.004249143480812049
   0.0042483623604280376
   0.0042521790293192285
   0.004256847176703799
   0.004251345149464466
   0.004258024742003803
   0.004258767453781158
   0.004257187943897012
   0.004259318141681595
   0.004265339149538218
   0.004295178645177541
   0.004298922889809185
   0.004319750178121879
   0.004346626281229863
   0.004394968828848627
   0.004463514920072152
   0.004550669480488519
   0.004690306790727605
   0.0049261437594518434
   0.005291087219114936
   0.00599748533043941
