   0
   0
   0
   0
   0
   0
   0
   0
   0
   0
   0
   0
   0
   0
   0
   0
   0
   0
   0
   0
   0
   0
   0
   0
   0
   0
   0
   0
   0
   0
   0
   0
   0
   0
   0
   0
   0
   0
   0
   0
   0
   0
   0
   0
   0
   0
   0
   1.9999998999999975
   0
   0
   0
   0
   0
   0
   0
   0
   1.9999998999999975
   0
   0
   0
   0
   0
   1.9999998999999975
   0
   0
   0
   0
   1.9999998999999975
   0
   1.1547003651741576
   0
   1.9999998999999975
   1.9999998999999975
   1.9999998999999975
   1.9999998999999975
   1.4142134209517316
   0
   0
   1.9999998999999975
   1.9999998999999975
   0
   0
   1.9999998999999975
   1.4142134209517316
   0
   1.9999998999999975
   0
   0
   1.9999998999999975
   0
   1.9999998999999975
   0
   0
   0
   0
   1.9999998999999975
   1.9999998999999975
   1.4142134209517316
   1.1547003651741576
   1.9999998999999975
   0
   1.9999998999999975
   1.1547003651741576
   0
   1.4142134209517316
   1.4142134209517316
   0
   0
   1.9999998999999975
   1.4142134209517316
   0
   1.9999998999999975
   1.4142134209517316
   1.9999998999999975
   1.1547003651741576
   1.9999998999999975
   1.9999998999999975
   0
   1.1547003651741576
   1.9999998999999975
   0
   1.058300335443583
   0
   1.4142134209517316
   0.9999997999999799
   1.4142134209517316
   1.4142134209517316
   1.1547003651741576
   0.816496335978715
   1.4142134209517316
   0.9999997999999799
   1.4142134209517316
   0.8571426238094921
   0.7905691620598415
   0.7559286814432771
   0.7559286814432771
   0.7905691620598415
   1.4142134209517316
   0.8012333671546483
   0.8660251728443001
   0.7559286814432771
   1.9999998999999975
   0.7071064983437785
   0.7905691620598415
   0.6666663666665992
   0.6666663666665992
   0.8571426238094921
   0.5714282214284643
   0.5163973921958424
   0.65555447227191
   0.5958432560655667
   0.7905691620598415
   0.7559286814432771
   0.7370274598298289
   0.5773499227793603
   0.7071064983437785
   0.6324552158058308
   0.5590166366039565
   0.6928200343523562
   0.5345221096589792
   0.5345221096589792
   0.4308127203321647
   0.4969035925075543
   0.4249178221204137
   0.603022357492957
   0.4364353222141747
   0.4347821486954088
   0.4690411495807164
   0.4635467970527368
   0.4050457998794704
   0.4156917126910277
   0.44536132234177733
   0.5128112504096539
   0.4690411495807164
   0.5469630472611947
   0.44853431524540316
   0.3644339446319456
   0.40703817188659475
   0.45674542148263675
   0.378484198752384
   0.4040605228458343
   0.3852753560766637
   0.33756686689819737
   0.35157146191587
   0.2898538665212942
   0.3046951036246554
   0.34138366961022487
   0.2946271466711029
   0.2683714767939596
   0.28489871064871225
   0.2620649918199015
   0.2766409446284081
   0.2715167762952232
   0.24988438906252894
   0.24473932167392157
   0.24960011869617205
   0.2580637411278685
   0.24907913667453285
   0.24404177245627662
   0.23237626609941409
   0.21825481622447596
   0.2060305307274549
   0.20640962936075852
   0.2197950165665255
   0.18708180029067495
   0.19257830776703103
   0.19720164524894024
   0.18451991762408737
   0.18963035600911535
   0.19222818186766424
   0.16575387619825807
   0.1698610535167675
   0.1741233212945116
   0.1593296991851116
   0.15587425260665397
   0.15452710751175674
   0.15735105699782623
   0.14691518664305672
   0.1422576251817318
   0.13622297196148464
   0.13576302884069727
   0.1405903976937543
   0.13202030399136694
   0.1287254625891586
   0.13194229628960158
   0.12066633697404337
   0.1227420528878893
   0.12051898601831622
   0.10928730708021023
   0.11683641234148913
   0.11485325768101151
   0.10597492737377404
   0.1050222903451334
   0.09983250857208284
   0.10065529915493399
   0.10371549599014657
   0.097136037536629
   0.09654839137481838
   0.09487173448882116
   0.0942657335928913
   0.09040645610292872
   0.08661620031659756
   0.08448667056170137
   0.08265440849562761
   0.08150263972124527
   0.07860892478804161
   0.07902983842385211
   0.07597697305558941
   0.0739065756444396
   0.07261718657579397
   0.07245397820686016
   0.06944153743006061
   0.067699653260624
   0.06582625687178331
   0.06616624669197371
   0.06498789965692485
   0.06238194326671865
   0.060063696809357525
   0.05858873852909343
   0.05681533350842267
   0.05645495009188559
   0.057050927541393515
   0.054715171146400864
   0.05293101215132313
   0.05095232862576099
   0.05007603529189497
   0.04947747082600512
   0.04818044552416391
   0.047230856528864176
   0.045384705178013296
   0.04574549926786678
   0.043937184701007874
   0.04358874360053108
   0.04239394955222764
   0.041210705878652124
   0.040336551422121135
   0.039215627648635995
   0.03839634688974244
   0.037341434758285524
   0.03675520551177859
   0.03616019004658418
   0.03515581587329611
   0.034534785774789946
   0.03381274739488015
   0.033043280476421695
   0.03240406588230921
   0.03129087880807352
   0.030969012827570343
   0.030023083320814378
   0.029638525984835053
   0.02847561641879973
   0.028052496249168776
   0.02744173359087243
   0.026668793853984664
   0.02615242838749483
   0.02562213913697437
   0.024998372625808365
   0.024658939526237576
   0.02405800998225891
   0.02340554779762169
   0.02289992907444245
   0.022240681339151677
   0.021973066252469843
   0.02120166777459231
   0.02086203311047476
   0.02037909357391465
   0.019999243963448543
   0.019468578111873296
   0.019070475620795502
   0.018783024404545
   0.018297855519002246
   0.017867989461907985
   0.017400589051375925
   0.017044026463118384
   0.016740706975489534
   0.016407505338440254
   0.015960088496499426
   0.015581945875102646
   0.015254083808951834
   0.014845408486328595
   0.014512421404512737
   0.014168048629913074
   0.013941930766428046
   0.013669499999604241
   0.013345151405450834
   0.013026802396362825
   0.01275611954513314
   0.01244905285341055
   0.012179454276772235
   0.011829285489678956
   0.011590159727290288
   0.011315834630579698
   0.011025565632220569
   0.0108680413870971
   0.010581124418711795
   0.010358221399293387
   0.010148933837348915
   0.009817990457711976
   0.009657364413142184
   0.00946807134250642
   0.009304250597609748
   0.009028894100878817
   0.008834885615296495
   0.008616515285497185
   0.008423987311820544
   0.00827578583882802
   0.008062903055115842
   0.007876251876749353
   0.007693978250051151
   0.007536681397835814
   0.007365632709327745
   0.007199402471364694
   0.007048863083038211
   0.006842665828269154
   0.006723932092211857
   0.006550237396721926
   0.006414074471030796
   0.006273784618029062
   0.006129831136764594
   0.005999490353603995
   0.005855858321079605
   0.005728144125607432
   0.005595089158887451
   0.005464325459581351
   0.005349989060805211
   0.005211929572677542
   0.00509276212827845
   0.004982062948656756
   0.004871136486523863
   0.004769752095678399
   0.004645656251141035
   0.004549297263750905
   0.0044458117332565284
   0.0043406999499763605
   0.0042440945207705685
   0.004153496153908704
   0.004042572012610722
   0.003962397001316988
   0.0038707939253448736
   0.003781170728039926
   0.003689572597882391
   0.0036107620900593797
   0.003530361164814119
   0.0034388352493528278
   0.0033640523560791156
   0.0032829189833359584
   0.0032108365300632814
   0.0031383560632346564
   0.003063449933754279
   0.002990693982468428
   0.0029228347904232755
   0.0028489710030333818
   0.0027825019755718483
   0.002717430128665176
   0.0026524567583174827
   0.002594449130596115
   0.002549144960013651
   0.002512401588397794
   0.002489836764491791
   0.002479167945407978
   0.0024813260335166338
   0.0024892549523288627
   0.002511546963678122
   0.002544943587912777
   0.0025933963532074967
   0.002657552963314067
   0.0027179588270721316
   0.0027834037391655385
   0.002849710234931209
   0.0029147619394083533
   0.002987938877823616
   0.0030609006487588137
   0.00313610755961089
   0.0032093052598569554
   0.003281468556898111
   0.0033634177530179263
   0.0034425772561210363
   0.003517212428690776
   0.0036022820775966262
   0.00369079973542323
   0.0037776963457635607
   0.003869455853546164
   0.003955883371283639
   0.00404491688965787
   0.004156266984643488
   0.004237641492334352
   0.0043461170756430665
   0.004455822469420011
   0.0045430504706641395
   0.004650202487298256
   0.004753432466945809
   0.004879245511098511
   0.004995243685534037
   0.005103697202133679
   0.005214902761496788
   0.0053350800416784175
   0.005470067305757556
   0.005599173547029898
   0.005712163386974441
   0.005851200017448139
   0.0060154349847572584
   0.006133455979926381
   0.006263867971130805
   0.0064224651243492735
   0.006558021356860911
   0.006715101678129402
   0.006885973046929656
   0.007020959255912665
   0.007182521781424909
   0.007381634801947162
   0.007524663085437256
   0.007707630116925121
   0.007860231229362791
   0.008056816993691825
   0.008258644053591405
   0.008408137379559661
   0.008627903336506747
   0.008846664572444297
   0.009013605434150512
   0.009249337874158903
   0.009419817100383145
   0.009630667349760542
   0.009863118457488992
   0.010101735945937522
   0.010382514614305949
   0.010547126132259908
   0.010873209146324949
   0.011012672348887413
   0.011308142918374498
   0.011611439444998359
   0.011862726851293118
   0.012140629673481852
   0.012410882375918086
   0.012758116404135288
   0.012972034942821462
   0.013268989561992519
   0.013639769679155506
   0.013923899069763343
   0.014228511347955037
   0.014609608495013951
   0.014897917294352941
   0.015264950995208346
   0.015627261268458863
   0.015976338517445447
   0.016371740349403443
   0.016589538020370602
   0.017024811418542406
   0.017548928897563768
   0.01791880062516108
   0.018194496760327274
   0.01876830603764707
   0.01917899605494997
   0.019458871901627442
   0.019925137558808623
   0.020380823883673703
   0.020744921554672363
   0.021540250228557056
   0.021869112163166626
   0.022061777435611038
   0.022951279171120928
   0.023356990498718182
   0.023829696695261606
   0.024657398516458647
   0.024875109982889904
   0.025821377385193137
   0.02621929205336524
   0.02671404809102042
   0.027460767463044232
   0.028263600962814675
   0.028709700092170626
   0.029204699412821694
   0.030219518945230294
   0.030736779999320594
   0.03122607628797957
   0.03209740797347843
   0.032895334026575594
   0.03333271050117854
   0.03462551012567573
   0.03482791590996463
   0.03610715853147706
   0.03643681880288443
   0.038531713399672506
   0.03790941069329301
   0.03958886722868979
   0.040787688446892616
   0.041339276252146666
   0.04213430273716914
   0.04403422723407525
   0.044447186292374145
   0.04481694188357779
   0.04608229601636103
   0.04772187413234717
   0.047411043377575526
   0.04981094497175002
   0.05145335637447092
   0.052316292712229706
   0.05362609401603291
   0.05269083435805606
   0.05576139933319019
   0.056093404013168306
   0.059881925043338315
   0.06039098635079004
   0.05888081261262984
   0.06139142756854968
   0.06432467734065658
   0.06612368039876369
   0.06562780002699765
   0.06682746055032904
   0.07021531014691283
   0.07052260704222447
   0.07279688930707368
   0.07601902878891621
   0.07599914326518376
   0.07879842009557482
   0.0787269672977056
   0.0833113586703085
   0.08044678842926296
   0.08742141980347382
   0.08842697086699762
   0.08749503994373838
   0.08975185707132116
   0.09316446404093526
   0.10082107545646568
   0.10565136113388275
   0.10232362683122682
   0.10388610667255507
   0.1064366628517263
   0.10487057481460278
   0.1058807971110648
   0.11545777096837206
   0.11659702514296559
   0.1137575336871727
   0.12130824587735076
   0.1195205616926059
   0.13072659924437718
   0.1289292643379613
   0.1309641172230012
   0.14010136083666103
   0.14326460808236655
   0.1534074957321208
   0.14724887645761256
   0.1488603650804708
   0.14913828583980157
   0.15066013231294723
   0.16952643507242648
   0.1632396913234204
   0.17282593361347653
   0.17819676984922644
   0.16792917815788466
   0.19346508045124286
   0.18646464367512655
   0.1913033023686848
   0.18834525440324065
   0.1941496825466392
   0.18487641142125188
   0.20183387147379772
   0.19133112658425444
   0.21314712938585895
   0.2276421944495279
   0.2028592205803956
   0.24040915130257498
   0.21003116089632917
   0.21612543205689197
   0.2510210594247666
   0.24173625130205842
   0.2651642886966493
   0.25991374637666925
   0.28770305524594286
   0.2695131438123124
   0.27746886468654375
   0.3299138333185895
   0.31352555996055925
   0.3483617882526364
   0.3299138333185895
   0.35685646803093
   0.35294060980346664
   0.31586839447843706
   0.33402072979664643
   0.34400987669872524
   0.32836473643114056
   0.31622713356067345
   0.49999959999983995
   0.4454207000129203
   0.40703817188659475
   0.4351421749566864
   0.3848996598441575
   0.4308127203321647
   0.3961762294184781
   0.3651478239471424
   0.42132456954159253
   0.49487125516004005
   0.45674542148263675
   0.45883103185102203
   0.4347821486954088
   0.39223176037408525
   0.49999959999983995
   0.47140409652677207
   0.5773499227793603
   0.5497470529454634
   0.4969035925075543
   0.5958432560655667
   0.7905691620598415
   0.6324552158058308
   0.5303297087661599
   0.7905691620598415
   0.7071064983437785
   0.603022357492957
   0.8012333671546483
   0.65555447227191
   0.816496335978715
   0.6666663666665992
   0.8944269673930901
   0.603022357492957
   0.7071064983437785
   1.1547003651741576
   0.8944269673930901
   0.9999997999999799
   0.8944269673930901
   0.9999997999999799
   0.7559286814432771
   0.8660251728443001
   0.9999997999999799
   0.8571426238094921
   0.816496335978715
   0.8944269673930901
   0.7559286814432771
   0.9999997999999799
   0.9999997999999799
   1.4142134209517316
   0.816496335978715
   1.1547003651741576
   1.1547003651741576
   0.8944269673930901
   0
   1.1547003651741576
   0.9999997999999799
   1.9999998999999975
   0.9999997999999799
   1.4142134209517316
   1.4142134209517316
   0.8944269673930901
   0
   1.9999998999999975
   1.4142134209517316
   1.9999998999999975
   1.9999998999999975
   1.9999998999999975
   1.4142134209517316
   1.9999998999999975
   1.1547003651741576
   1.9999998999999975
   1.9999998999999975
   1.9999998999999975
   0
   0
   1.4142134209517316
   1.9999998999999975
   1.9999998999999975
   1.4142134209517316
   0
   1.9999998999999975
   0
   0
   1.9999998999999975
   1.4142134209517316
   0
   1.9999998999999975
   1.9999998999999975
   1.9999998999999975
   1.9999998999999975
   0
   1.9999998999999975
   0
   1.9999998999999975
   0
   0
   0
   1.9999998999999975
   0
   0
   0
   0
   1.4142134209517316
   0
   0
   1.4142134209517316
   0
   0
   1.9999998999999975
   0
   0
   0
   0
   0
   0
   0
   0
   0
   0
   1.9999998999999975
   1.9999998999999975
   0
   1.9999998999999975
   0
   0
   0
   0
   0
   0
   0
   0
   0
   1.9999998999999975
   0
   0
   0
   0
   0
   0
   0
   0
   0
   0
   0
   0
   0
   0
   0
   0
   0
   0
   0
   0
   0
   0
   0
   0
   0
   0
   0
   0
   0
   0
   0
   0
   0
   0
   0
   0
   0
   0
   0
   0
   0
   0
   0
   0
   0
   0
   0
