   0.007198069642407211
   0.0064934789883001505
   0.00639317492962798
   0.006336738346898027
   0.006324856192752471
   0.006346454410336997
   0.006326219818209809
   0.0063339277395231975
   0.006344714291429371
   0.006319106997619809
   0.006332307689557561
   0.006344538307269049
   0.006339647086566393
   0.006350998981105003
   0.006331409202700381
   0.006321337051488436
   0.006335436922380663
   0.006333280999529341
   0.00632248936948283
   0.0063365882498442345
   0.006343238404506509
   0.006329790481288011
   0.006320637695162603
   0.006326343971926648
   0.006329240671620639
   0.006339984717412798
   0.006344516082898859
   0.006346012847913355
   0.006331413156819692
   0.006332911872313638
   0.006334688067448149
   0.0063379531984694175
   0.006338277438832253
   0.006341035517622393
   0.0063217419999033716
   0.006353148598282139
   0.0063441976937335075
   0.006346424218204367
   0.006319227953031086
   0.006328569955954189
   0.006334982436825531
   0.006341221104088669
   0.006327492423913636
   0.006315940406426113
   0.006343327266951932
   0.006339480811495778
   0.0063345257283226215
   0.006339050848383939
   0.006346573569493292
   0.0063492877451679225
   0.006335100495432119
   0.0063269022967677065
   0.006325396873111109
   0.006327068170904842
   0.006345674041011292
   0.006341046969836503
   0.006332215629475169
   0.006339370307414728
   0.006344359757997694
   0.006338455980148096
   0.006340439630107277
   0.0063209537350412
   0.006329215795890569
   0.006347151438042619
   0.006324070866416081
   0.00633485257806587
   0.006322064319313839
   0.00633241129467187
   0.0063432912015692205
   0.006349616560669806
   0.006332537008122867
   0.006346934695568896
   0.006346566595577515
   0.006335560168042167
   0.006345627975073434
   0.006335307508240624
   0.006328900338753013
   0.006332898432904508
   0.006345711171195703
   0.006343076484225871
   0.006340310189763882
   0.006327909239989197
   0.0063229112202705
   0.006328366058153997
   0.006337065426548995
   0.00633634448025057
   0.006326233643534236
   0.0063359689586500526
   0.006344445937050341
   0.006341088472393709
   0.0063303316856702365
   0.0063263439916152325
   0.006354491727363992
   0.006326085749031872
   0.006330156780579401
   0.006338828631534916
   0.0063344715845182345
   0.006391430400160173
   0.006479167010034523
   0.007205687368686271
