   0.01633777746564936
   0.014790369498290698
   0.013862734251094825
   0.013353315236252505
   0.012950218674363953
   0.012676931025805882
   0.012517505120962003
   0.012362516176367137
   0.012270915166472197
   0.012177417606656487
   0.012106003822200093
   0.012071657722392451
   0.01207840895855195
   0.012082241284628318
   0.012066959282509199
   0.01207903416661264
   0.0121416613628986
   0.012088846991529506
   0.01206742666429102
   0.01204336921561022
   0.012071386941312353
   0.012094175973308788
   0.01204541367750482
   0.012058896761276305
   0.012123817258086853
   0.012130413411066422
   0.01212164103724976
   0.012081202770422947
   0.012105901649088376
   0.012114967863387937
   0.012166608974436307
   0.012093782803846794
   0.012078799304312498
   0.01210236764262015
   0.012066688966074655
   0.012090401429366373
   0.01199480750397165
   0.011968557525272679
   0.011992985788452794
   0.012024806759596326
   0.01200926851041737
   0.012022729536268583
   0.012058386276539355
   0.012107320574439416
   0.012036150537882765
   0.012063609057332003
   0.012066007820051227
   0.012077818775691076
   0.01212127738542729
   0.01211561879602703
   0.012084589356054089
   0.012096962379019742
   0.012052740852434263
   0.012077473200151902
   0.012108981059545451
   0.012093232953912658
   0.012129936050325524
   0.01211959891924544
   0.01213578477296276
   0.012207095011268656
   0.012140611750131723
   0.01215165100714716
   0.01214161577919063
   0.012145097334313359
   0.012101974738531144
   0.01209685833342515
   0.012118466862839189
   0.012052428274669746
   0.012072052253662166
   0.012077611205611414
   0.012057261204004202
   0.012050892764403551
   0.01203772103233656
   0.012060627845175875
   0.012070936280556206
   0.01203119136556096
   0.011961724344744696
   0.011974403444969223
   0.012038481150087245
   0.012031403972359437
   0.01206412400052853
   0.01203273714962945
   0.012053506923593804
   0.012070911994062858
   0.012043062783000066
   0.012062741654690472
   0.012052176619577262
   0.012088528573768607
   0.012102403036095888
   0.012111697834102176
   0.012169523063637425
   0.012234150945312272
   0.012341368420112336
   0.012552017909630613
   0.01265198473078281
   0.012917281159630799
   0.013328529840188105
   0.013930080120414438
   0.014811100151486718
   0.016228041266522098
