   0.00723161134180879
   0.006425977544899299
   0.006320979208900174
   0.006302108256190215
   0.0063095399953693185
   0.006287766601917337
   0.006302612566271561
   0.00629377174941987
   0.006296274100089687
   0.006274487135216999
   0.0062939720141842875
   0.0062977698030001646
   0.006294194593985286
   0.006306093638418649
   0.006284816151860946
   0.006289906086665529
   0.006301822877775057
   0.0062882038772933265
   0.006286010716778599
   0.006308735228173163
   0.0062968495400350785
   0.006290247120525682
   0.006288897239627052
   0.00629797552916042
   0.006294926091672941
   0.00628637298245569
   0.006295065432361207
   0.006291604124553461
   0.0063040592823857804
   0.006288732299793458
   0.006275714268410192
   0.006315928123338939
   0.006307523120066597
   0.006282320247471243
   0.006301209922052462
   0.006284532024906476
   0.006292184410524862
   0.006298598569821956
   0.006295832342564228
   0.006302068620010221
   0.006301183920503862
   0.006284372496864717
   0.006289826953957421
   0.0063022729476872085
   0.006285436303353325
   0.006307702417727203
   0.006293991562219984
   0.006297213718966479
   0.006293546076854363
   0.006286389022026769
   0.0062786990979354345
   0.006311070391300373
   0.006306958965924467
   0.006289173728335665
   0.006294727093862639
   0.006290139543170657
   0.006289450134716582
   0.006298279056195723
   0.00627645766089715
   0.00631081901486687
   0.0062882012175691565
   0.006288578787222012
   0.006313680454264401
   0.006294935520858565
   0.006286171095146444
   0.006298040513912758
   0.006308594782176682
   0.006291672644877806
   0.0062943762673018785
   0.00631597428378416
   0.006305873980908699
   0.006297905845581411
   0.006298080180803742
   0.006306219305675204
   0.006301919951615016
   0.006308141559718704
   0.0062941864545671316
   0.006295834360798255
   0.006280458744603516
   0.006304600548605888
   0.006274929506770664
   0.006275818001896077
   0.006312524263169255
   0.006301946765444926
   0.0062828790296337676
   0.006291714440544429
   0.006297882546066836
   0.0062996819877700425
   0.006287919840686467
   0.0062999784329932865
   0.006288912406432808
   0.006284824227745367
   0.006289919511957805
   0.006267363768019777
   0.006289512277854872
   0.006282805517360398
   0.006287238166449674
   0.006310508707373051
   0.006443816057799444
   0.007230519781517416
