   0.010624064759038196
   0.009629566021325097
   0.009041777199239657
   0.008677942644702194
   0.008368411185201511
   0.008131596424719684
   0.00795271435189777
   0.007772009369216347
   0.007624282497545101
   0.007507131118431516
   0.007378593882755319
   0.007281985602786947
   0.007174024007128907
   0.007073929490581686
   0.0070040552537970905
   0.00692260991749448
   0.006866010128137908
   0.006814303772206349
   0.006742547203811858
   0.006690384107080263
   0.006646231777065283
   0.006624174610513747
   0.006578454677437628
   0.0065310064089916745
   0.0065017232153854205
   0.006470276810633972
   0.006455137363091878
   0.006424529472651433
   0.006408383303908923
   0.0063713672468600465
   0.006357596789569801
   0.00632197986588677
   0.006305294808790285
   0.0062673163189593435
   0.006268217518390111
   0.006254332374073125
   0.006249368441508588
   0.006245080627831964
   0.006229772507232002
   0.006223730083280605
   0.006211397493873999
   0.006209120315827122
   0.006199345738519802
   0.006203698351899806
   0.0061969982520094155
   0.006183396981414741
   0.006176917932519142
   0.006189836860571817
   0.006185740936863155
   0.00619469495110447
   0.006191273700881079
   0.006193937050201323
   0.006189442038304856
   0.0062072038527356006
   0.00620313076332264
   0.006212384118715905
   0.006205982162452978
   0.006211143244739734
   0.006212615206206514
   0.006214896450134726
   0.006221715366011032
   0.006243061575935977
   0.00624795014280297
   0.006259133986576859
   0.006267641899321311
   0.006281673760352151
   0.006298477957726623
   0.006297649771034965
   0.006313578936273342
   0.006333539723003017
   0.006345748771023548
   0.006367880888017504
   0.006400796294095481
   0.006416764316322515
   0.006461384328234964
   0.006483666106809105
   0.006516536243191871
   0.0065567940041489975
   0.006596368656602546
   0.006632449027855381
   0.00668341974672359
   0.0067328642967436495
   0.006811833293540859
   0.0068682248520118006
   0.006915533580771258
   0.007005223952147837
   0.007060551806784126
   0.007150711408046395
   0.0072578655739491925
   0.0073546554939437625
   0.00747258188256163
   0.007604804765607016
   0.007757192093588775
   0.007931716864947322
   0.0081454784344067
   0.008392064488683069
   0.008664357962371392
   0.009058001861722204
   0.009604085275456885
   0.010644051762199602
