   0.007335509124273062
   0.006779544460090315
   0.006576498473588856
   0.006542635461416642
   0.006542049076627914
   0.006509573381425919
   0.006506368231787579
   0.0065027136344821875
   0.006522002335664841
   0.006520749591876803
   0.006529223435281525
   0.0065248664495557
   0.006533797694019986
   0.006515041339970223
   0.006526728912820473
   0.006523296025733171
   0.006513174342378035
   0.006520888304790464
   0.00650385906996079
   0.006519893692860536
   0.006523642062115609
   0.006526593749441667
   0.006495120622913848
   0.006533297532095429
   0.0065337777670631085
   0.006531501262582239
   0.0065132653366355205
   0.006520049074620162
   0.006515323369127191
   0.006516445563511874
   0.0065188567029159485
   0.006515827760438641
   0.006520531881637393
   0.006516048834414667
   0.006537213102313053
   0.006524406390047211
   0.006526502800112618
   0.006528565173090613
   0.006509183741319954
   0.0065209727934714395
   0.006517852757607221
   0.006516094177857661
   0.006515395386250769
   0.006517524708898374
   0.006531415520102613
   0.006529492998205283
   0.006513223420725239
   0.0065071130947171865
   0.006523895789564204
   0.006512270805160512
   0.006523297357346338
   0.006523852161968779
   0.006529139877579549
   0.00653295352248568
   0.006514007949019744
   0.0065175032562263145
   0.0065184666834035105
   0.006524046352437133
   0.006514855388499116
   0.006519357132295953
   0.006533721031425003
   0.0065372054848164005
   0.006522607577550023
   0.006505337433048791
   0.006507603796278837
   0.00651590975859759
   0.006510073313840064
   0.006512840659827759
   0.00652554794112009
   0.006519356515029364
   0.00652179803127835
   0.006515452381971067
   0.006521191481001304
   0.006517574661196927
   0.006527880066372823
   0.006495988099372354
   0.0065293446123241596
   0.0065310257662929425
   0.0065109939153286545
   0.006504863076245095
   0.006523119052357564
   0.00652399569505623
   0.006525387586532122
   0.0065214009801323955
   0.006530607814006089
   0.006512215784911357
   0.00649722753976426
   0.006520973101475977
   0.0065299894802629006
   0.006513078130920039
   0.006527061669677682
   0.006531635688665298
   0.006518663468709013
   0.0065135368305745175
   0.00652927422350454
   0.006525304325014232
   0.006530476729473874
   0.006596503245567963
   0.0067843937564156355
   0.007343600795619314
