   0.007346551353128559
   0.006801237313642337
   0.006501018348585514
   0.006378880315698282
   0.006294532792711681
   0.006242996314852474
   0.006204754514308217
   0.006202030780954581
   0.006203132190133192
   0.006181954725565724
   0.006200454454272568
   0.006175908623674421
   0.0061773834172602635
   0.006185565807118812
   0.006160301368651685
   0.006194658539607958
   0.0061764882687412315
   0.0061745978396669865
   0.0061718312906161275
   0.006165361479714041
   0.006169692406445766
   0.006184583095624239
   0.0061625821854949915
   0.006166845379737037
   0.006173538309835096
   0.0061811535117388995
   0.006180469877322011
   0.006170981455025624
   0.006180404133332201
   0.006192363526687625
   0.006173812662531688
   0.006185617578376705
   0.006169564105307896
   0.006177642281600535
   0.0061635275407470585
   0.006184277270668653
   0.006170293593272835
   0.006180999972637577
   0.006176358828984917
   0.00617048973015056
   0.006175758165539398
   0.0061802602254561545
   0.006166188963705426
   0.006173166374859918
   0.006174079893311426
   0.006177905121836911
   0.006171721432812932
   0.006184277270668653
   0.006180348411813319
   0.006185737870572122
   0.006179042508465845
   0.0061787303969071585
   0.006173239373281008
   0.006160197800312172
   0.006174121939304411
   0.006183460496547262
   0.006157872192839105
   0.006169854996628578
   0.0061851775304482826
   0.006177835742969145
   0.006179996744455012
   0.006197392164902614
   0.006174785716611382
   0.006181379149859968
   0.006183064535524959
   0.006166248622991293
   0.006169477287336998
   0.006203481541159669
   0.006174334374179633
   0.006165951132402853
   0.006183209819372496
   0.0061823067009745625
   0.0061810624045422315
   0.006196118073202368
   0.0061668868665445764
   0.006181394614016801
   0.0061870469467696304
   0.0061826825560462925
   0.006196739410925966
   0.006179348383627125
   0.006178313420413786
   0.006160004680735042
   0.006160859407001569
   0.00616976796375678
   0.006189831463015316
   0.006177850890582303
   0.006167649471801398
   0.006191455280357649
   0.006193461134954179
   0.006184629345599581
   0.0061850372159497164
   0.006188018156284139
   0.006209026509225352
   0.006212994349060891
   0.006253492941836822
   0.006297048689970207
   0.006385763080209248
   0.006519172318576651
   0.006793156384045346
   0.007332440685317836
