   0.007279177183624905
   0.0067012395138608795
   0.00642378526483457
   0.006265535784268668
   0.006182785223488378
   0.006108702438411583
   0.006084559917937308
   0.006059888878810334
   0.006045517745284273
   0.006043281424110029
   0.006046025654528192
   0.00603545494377639
   0.00603309774621027
   0.0060212119716132224
   0.006036187128465635
   0.006032257743771151
   0.006028396170223329
   0.006034594707150295
   0.006035628731042132
   0.0060297949474612715
   0.006018177716054982
   0.006030553286164864
   0.006045263478589696
   0.00603106595220357
   0.006022010475854038
   0.0060153587741632345
   0.006017707300096957
   0.006019541723433415
   0.006020917182886978
   0.006022375299463186
   0.00602018909925495
   0.006028331775448748
   0.00603245011398377
   0.006017917212397651
   0.006026902453310066
   0.006032633083080328
   0.00600818160911008
   0.006023949688521997
   0.0060118450412031095
   0.006028895278717014
   0.0060083578839504855
   0.006036626666980659
   0.006026286340645039
   0.0060204949512210745
   0.006026130934622279
   0.006031492526840252
   0.00603293674057587
   0.006028899924042927
   0.006043226693161907
   0.006031280003952533
   0.006034265903339381
   0.0060451140427142894
   0.006027315991598936
   0.00601518123192435
   0.006014565504314812
   0.006029082360521725
   0.006039509050148845
   0.006019399939190122
   0.006028926830270536
   0.006040631764507285
   0.006029976694217976
   0.006024958263791926
   0.006029465267583969
   0.006027335118839433
   0.006031345626878249
   0.006000091873090397
   0.006044490557078337
   0.006016067822707565
   0.006033135906310782
   0.006016487816996024
   0.006020835217423048
   0.00602462239899758
   0.0060391665496507775
   0.006022931888532603
   0.006025206991920861
   0.00602449076964174
   0.006022459132051257
   0.006010714049862084
   0.006020166436940957
   0.006019107370353243
   0.006014957013956565
   0.00601819472148444
   0.0060166210247693756
   0.00601974738169481
   0.0060162875491765475
   0.006038194514021196
   0.0060284056142276676
   0.00602722683784005
   0.006037102803612535
   0.006031562611918624
   0.006043865189851737
   0.0060533226910254485
   0.0060663999776809415
   0.006063110892746539
   0.006115562398631035
   0.006168561011910662
   0.006255316379041856
   0.006421859900884758
   0.006722795461195761
   0.007280630712850905
