   0
   0
   0
   0
   0
   1.9999998999999975
   0
   0
   0
   0
   0
   0
   1.9999998999999975
   0
   0
   0
   0
   0
   0
   0
   0
   0
   0
   0
   0
   1.9999998999999975
   0
   0
   1.9999998999999975
   0
   1.9999998999999975
   0
   1.9999998999999975
   1.9999998999999975
   0
   0
   0
   0
   0
   0
   0
   1.9999998999999975
   0
   1.9999998999999975
   1.1547003651741576
   0
   0
   1.9999998999999975
   1.9999998999999975
   1.9999998999999975
   0
   1.9999998999999975
   0
   0
   1.4142134209517316
   1.9999998999999975
   1.4142134209517316
   1.4142134209517316
   0
   0
   1.9999998999999975
   1.9999998999999975
   1.4142134209517316
   1.058300335443583
   1.9999998999999975
   0.8944269673930901
   1.4142134209517316
   0.8944269673930901
   1.4142134209517316
   0.8944269673930901
   1.1547003651741576
   1.9999998999999975
   1.4142134209517316
   0.8944269673930901
   0.8944269673930901
   1.1547003651741576
   0.7559286814432771
   1.1547003651741576
   0.7559286814432771
   0.8944269673930901
   0.816496335978715
   0.7559286814432771
   0.816496335978715
   0.816496335978715
   0.7559286814432771
   0.6324552158058308
   0.6324552158058308
   0.603022357492957
   0.7559286814432771
   0.8944269673930901
   0.49999959999983995
   0.5345221096589792
   0.48507083776192816
   0.5345221096589792
   0.4472131482861388
   0.45674542148263675
   0.603022357492957
   0.5163973921958424
   0.5163973921958424
   0.45883103185102203
   0.383983228304962
   0.48507083776192816
   0.39223176037408525
   0.5163973921958424
   0.3713901378372326
   0.3848996598441575
   0.3999994999996875
   0.3424668606117736
   0.3848996598441575
   0.3481547374546571
   0.3082870777604043
   0.29172929742952347
   0.2978716689962037
   0.29172929742952347
   0.30499648492065196
   0.2828420053669539
   0.2800553026618486
   0.28571358571342825
   0.2156089128625835
   0.2407708755077192
   0.2800553026618486
   0.22353938310758348
   0.2208621466093229
   0.21194742474532877
   0.21314712938585895
   0.23904488520538802
   0.19244905049658478
   0.19334626339832237
   0.18649988926445013
   0.19425614290571036
   0.18649988926445013
   0.17541046368227511
   0.16222018824327694
   0.14821422858749692
   0.16011407546093948
   0.16438315674734508
   0.1417678116254147
   0.14986879404361803
   0.14585553889772856
   0.13671572252322234
   0.12623729631166727
   0.1288254091872472
   0.12622176404170893
   0.12332014907128247
   0.11826078803227207
   0.11128117958034309
   0.11304263594300296
   0.1078030650141557
   0.10314018553570875
   0.09937403354884852
   0.09511966416153961
   0.08961706615225344
   0.08728423617980907
   0.08769345346974808
   0.08564836825549169
   0.08512110055528702
   0.08205672086755887
   0.07737667231986498
   0.07537249112355911
   0.07510164853363605
   0.07366582981601803
   0.06945292001405369
   0.06431038926173126
   0.0641751554078358
   0.06336914176727321
   0.06110734534523378
   0.05899477608335137
   0.06002515379306031
   0.057230175404203144
   0.05394988344729706
   0.05264358305097399
   0.05226696233687391
   0.04983318245395996
   0.04845698886950165
   0.046707693008606985
   0.0458293399989607
   0.04379474718997236
   0.04292621085578569
   0.04105950052082411
   0.03991313055157178
   0.03901352707553785
   0.037607847943919415
   0.03650801143280306
   0.03480360443026964
   0.03459350046914011
   0.033266449854301584
   0.032284964914956506
   0.031236943193144587
   0.03055959425553114
   0.029496658510837086
   0.028540284114583623
   0.028196721906070924
   0.027276359188122573
   0.02642902646273132
   0.025429995321114326
   0.0247224228772455
   0.02383900530394651
   0.023131942901982023
   0.022442156946393958
   0.021925462661559567
   0.02123021431680754
   0.020541438090558056
   0.01993224445777361
   0.019430671714137298
   0.018886138797700326
   0.018310846559583944
   0.01771152934000352
   0.01699549176881695
   0.016550026334147726
   0.016086734122082724
   0.015578258603034443
   0.015175999106730741
   0.014751761728887928
   0.014252408535080818
   0.013763421776319992
   0.013316412499924327
   0.013037143904582358
   0.012667186742248855
   0.012228054726968546
   0.01183281960404361
   0.011547699572837904
   0.011173433633815988
   0.010867047149553513
   0.010489515795684544
   0.010253534843494838
   0.009853382561288654
   0.00959318750051018
   0.009291201070818251
   0.009015184471915069
   0.008720436413358816
   0.008488628491152938
   0.008221154459735336
   0.00796855679468913
   0.007726050167906639
   0.007477663889313032
   0.007266705012522256
   0.007067486637694945
   0.006835557757234534
   0.006616883340132323
   0.006430395700646911
   0.006236465140800252
   0.0060406977965352555
   0.005859311572883403
   0.005688700362482272
   0.00550005601936208
   0.0026142675963891876
   0.0026042112976816805
   0.0025912802932096866
   0.0025798126150222145
   0.0025769418624651107
   0.002577361156758067
   0.0025832568648989913
   0.002587822022382095
   0.0025985965770019275
   0.0026180281488058883
   0.0055147517497089495
   0.005685217721005571
   0.005866225318867649
   0.006033388578188007
   0.0062161061327229
   0.006448181423686458
   0.006611754453400141
   0.006839732853171163
   0.0070705581372084636
   0.007261382928097688
   0.0074864563497285645
   0.007728799250098681
   0.007986711366788085
   0.008206018991096837
   0.008457187569974371
   0.008732219986858972
   0.009005970090742409
   0.009273816289042112
   0.009600134672495682
   0.009877482444674141
   0.010189181930862084
   0.01055617955520565
   0.01085968031710331
   0.011179449669971109
   0.011503236552283734
   0.01186242018956061
   0.012264428193715265
   0.012540096770389239
   0.013020135217561605
   0.013425942561783467
   0.01375976080243169
   0.01419415525211756
   0.014723566285853725
   0.015142995298455187
   0.01554861749682046
   0.015970086779381668
   0.016599707472307924
   0.017007810974424276
   0.017678248166910604
   0.018118210802688904
   0.018830631551910063
   0.01942677375102884
   0.019826293983286676
   0.020742414345049132
   0.021135354886453003
   0.021950776341131156
   0.022429484681987796
   0.023200350456512475
   0.023753109979238823
   0.02456253879549719
   0.025248293159930546
   0.02617322549534016
   0.026777764552277716
   0.02788795240423677
   0.028817162610677814
   0.029648504785047883
   0.030886193082167862
   0.03135014311171682
   0.03298019858800595
   0.03370748063386636
   0.034485485903510124
   0.03540978418641241
   0.03727410636794815
   0.037857680879128136
   0.03844659845374508
   0.03939083154997596
   0.040912117007845875
   0.04280845231704954
   0.04396377803281903
   0.045437809913778895
   0.0461939230252732
   0.04824361893662659
   0.04957700524315807
   0.05043680153413803
   0.05178988544135123
   0.05393177167900743
   0.05681203194050036
   0.05915229068950159
   0.060739843466767744
   0.0613089645075005
   0.06430918517592138
   0.0653339427103987
   0.06699151800056954
   0.06900058662124679
   0.07366582981601803
   0.0759633980539848
   0.07657843411248054
   0.0791128259412578
   0.07856156789818697
   0.084808001644897
   0.08535334378430266
   0.09080116165350435
   0.09204803645210534
   0.09205528920809733
   0.09782004394669033
   0.09782004394669033
   0.10286131588521777
   0.1036873726832784
   0.1095897792566832
   0.1095897792566832
   0.11584499995570026
   0.12123791544394649
   0.12379527655805084
   0.12623335179020034
   0.1373531089225918
   0.1324517257310104
   0.13968462736447135
   0.14506302623847522
   0.15665081327785532
   0.15338132348760067
   0.1538448538406613
   0.15961612389219773
   0.1596034958360068
   0.18254855564469855
   0.1781512875339384
   0.18030973351430588
   0.19244905049658478
   0.19802849864226563
   0.2072129651440671
   0.21566461904303344
   0.21319977827039469
   0.20085493499270732
   0.23904488520538802
   0.24795811469460902
   0.25197552161284137
   0.2946271466711029
   0.2559439090021554
   0.27472039988542446
   0.27472039988542446
   0.2560729788396333
   0.2946271466711029
   0.2800553026618486
   0.3123468834641321
   0.3779639438585946
   0.3123468834641321
   0.29172929742952347
   0.35355282490739626
   0.3713901378372326
   0.35355282490739626
   0.3086060518494335
   0.4264009636693869
   0.49999959999983995
   0.3999994999996875
   0.44536132234177733
   0.3651478239471424
   0.5163973921958424
   0.5546998356699844
   0.603022357492957
   0.45883103185102203
   0.4364353222141747
   0.603022357492957
   0.6324552158058308
   0.7559286814432771
   0.6324552158058308
   0.6324552158058308
   0.7559286814432771
   0.6666663666665992
   0.7559286814432771
   0.816496335978715
   0.603022357492957
   0.5773499227793603
   0.5546998356699844
   0.9999997999999799
   0.7559286814432771
   0.7559286814432771
   0.7071064983437785
   0.7370274598298289
   0.8944269673930901
   0.9999997999999799
   1.4142134209517316
   1.4142134209517316
   0.9999997999999799
   0
   0.9999997999999799
   0.8571426238094921
   1.1547003651741576
   1.1547003651741576
   0.8944269673930901
   1.4142134209517316
   0
   1.1547003651741576
   1.9999998999999975
   1.224744708092262
   1.1547003651741576
   1.4142134209517316
   1.9999998999999975
   1.1547003651741576
   1.9999998999999975
   1.9999998999999975
   1.4142134209517316
   1.9999998999999975
   1.9999998999999975
   0
   1.4142134209517316
   1.9999998999999975
   1.9999998999999975
   1.9999998999999975
   1.9999998999999975
   1.9999998999999975
   1.4142134209517316
   1.4142134209517316
   0
   0
   0
   1.9999998999999975
   0
   1.9999998999999975
   0
   1.9999998999999975
   0
   0
   0
   0
   0
   0
   1.9999998999999975
   0
   0
   1.9999998999999975
   0
   0
   0
   0
   0
   0
   0
   0
   0
   0
   0
   0
   0
   0
   0
   0
   0
   0
   0
   0
   0
   0
   0
   0
   0
   0
