   0.007346268114856195
   0.00647320343854914
   0.006315570899779094
   0.006298535549009342
   0.006263220170984112
   0.006293413668464921
   0.006289159837080388
   0.006285513449311714
   0.006285774481369248
   0.00627843627503983
   0.006289331886364868
   0.006276706949009873
   0.0062984023600311505
   0.006283167972230708
   0.006264702733379671
   0.006278117593608256
   0.006259718190576543
   0.00626559851489358
   0.00629726119976779
   0.006290628303764744
   0.006299370764119148
   0.006291000382987187
   0.006277568992005472
   0.006286848165964743
   0.006277554098348721
   0.006268470094465355
   0.006291246942109922
   0.006301715008528865
   0.00629145734550201
   0.006290562029578058
   0.006278329918930503
   0.006287662307840663
   0.0062965471348278975
   0.00626827679290834
   0.006289364205876705
   0.0062697796591471
   0.006274792849095731
   0.00627027424620082
   0.006267972270392578
   0.006287437592119633
   0.0062827058750761335
   0.0062837161899191845
   0.006280465696485542
   0.006296483446164591
   0.006287169096201691
   0.006260691901973029
   0.006281385773138231
   0.0062832860330232125
   0.0062854613672589784
   0.006276404962445008
   0.006272045701553812
   0.006293757245147169
   0.006284131997041872
   0.006278722430891588
   0.006282812196241262
   0.006277276470148262
   0.006284687105270965
   0.006282035936901275
   0.006292237205549915
   0.006285951336471607
   0.006281269031883324
   0.006261978520971988
   0.006284148260803216
   0.0062673386640179265
   0.006280734906392122
   0.006275448107813359
   0.006268607837271551
   0.006282710582415945
   0.006275197289264125
   0.006289292364144388
   0.00627350376474522
   0.006278550098387124
   0.006283585687835742
   0.0062810074648479725
   0.006296341223173864
   0.006261083599930996
   0.006288378279692321
   0.006282400313882563
   0.00629113521101094
   0.006275865587109288
   0.0063006237560294534
   0.00627681611187677
   0.006274748994764999
   0.006268592776135451
   0.00627055236397216
   0.0062772559979709245
   0.006274801647303041
   0.00629872179121132
   0.006275507368665094
   0.006285268585227774
   0.006270562878002096
   0.006278498888431857
   0.006275774568624182
   0.006307241645610618
   0.006296044609482053
   0.006282536131753672
   0.006290896041158942
   0.006324956804477301
   0.006479321114161884
   0.007349639402860128
