   0.007207285322412733
   0.00625900564357227
   0.00599957492606742
   0.005914858617522711
   0.005883198548147259
   0.005876155087382971
   0.005864214407726897
   0.005883254886138589
   0.0058815653000341755
   0.005874709590498728
   0.005871511865358189
   0.0058552312700259155
   0.0058580335891445425
   0.005870304916717344
   0.005862956204991102
   0.005867595560631598
   0.0058740619269831
   0.005866310400434895
   0.00587942231855558
   0.00586096063261612
   0.005875003673434448
   0.005867905208704353
   0.005866429986588781
   0.005863039340661399
   0.005857483478219021
   0.005867003724958682
   0.0058633235014153755
   0.005867078182895191
   0.005858545204011084
   0.005857839535421568
   0.005857929238250591
   0.005873194199811489
   0.005876782658981548
   0.005857519098386754
   0.0058779565091103304
   0.005857587066890803
   0.005859859154462058
   0.005864958058293816
   0.005864279147118919
   0.005860091617869804
   0.005865803173098305
   0.005862671633377637
   0.0058713192343279935
   0.005860543681508277
   0.005865911521884445
   0.005885232437287466
   0.005877418260972585
   0.005870047943592899
   0.005870961992412834
   0.005880666642421186
   0.005884198476241367
   0.005887372518878399
   0.005878393098966871
   0.005876191218402175
   0.0058690684717393965
   0.0058612910709153815
   0.005861294996372096
   0.005857687234849037
   0.00587219406103405
   0.005859063910228141
   0.005849635160800656
   0.005848515914152722
   0.0058769489574138
   0.005869283417366378
   0.005857227861318111
   0.005846413332319119
   0.00585983939681234
   0.005867480390595765
   0.00587082500169333
   0.005874902974935954
   0.005877456437702522
   0.005858701091702157
   0.0058727748742432055
   0.005878129650736958
   0.005872278061647088
   0.005865547495511968
   0.005875017897541818
   0.0058705501716257895
   0.005857814670205698
   0.00587419889851294
   0.005863379413537478
   0.005872524820372649
   0.005860129022489575
   0.0058635907752063
   0.005870828424931671
   0.005865157103369324
   0.005867695418518944
   0.005869230650673554
   0.005857938880298171
   0.005862795155946853
   0.005884491060023631
   0.005864966754091336
   0.00587726880536231
   0.005871474108601955
   0.005876236634396858
   0.005870865546573907
   0.005884283848481801
   0.005993758144647482
   0.0062579221771085335
   0.007190764073221392
