   0.0068135448764428015
   0.0059695418383074106
   0.005675385348576664
   0.005550456200909059
   0.005477687045107562
   0.00543239277624979
   0.005420500044272543
   0.005414022028044762
   0.00540630158095709
   0.005395304933454331
   0.005392957751055699
   0.005405019646356607
   0.00540165305204345
   0.005398931319719835
   0.005398368575802754
   0.005391274345973908
   0.005409312435831891
   0.005412838224625162
   0.0054061016114695295
   0.005411719545100605
   0.005412392935916782
   0.0054114725642238
   0.005406162374710914
   0.005404984143694964
   0.005409737148372862
   0.005408971255531458
   0.005407252738452063
   0.005398064374997388
   0.005399059687378863
   0.005403536272796292
   0.005403896669851443
   0.0054159440689184385
   0.005390627862075496
   0.0054081698815718355
   0.005406791879662736
   0.005404168539220499
   0.005408040148364153
   0.005389662540323238
   0.005409003945975576
   0.005406766372092952
   0.005401443596275598
   0.00539673039789566
   0.005411898257881883
   0.0054084270308719425
   0.00539624423845584
   0.005400442067659814
   0.005409339679553617
   0.0054080468344704724
   0.005414631116815853
   0.005417656748694455
   0.005405154826204981
   0.00539902366211689
   0.005398862735575916
   0.005401970723650697
   0.005409132206469354
   0.0054110195175217785
   0.00540982881387766
   0.00540382130007081
   0.005410811217945584
   0.005408233803555579
   0.0053941690627501695
   0.0054026090168092225
   0.005403742870814346
   0.0054003463570322895
   0.005392948699720587
   0.005386666370928963
   0.005396094482719291
   0.005380590601286923
   0.005388189656043155
   0.005391821026980957
   0.005416677831907106
   0.005408206286265392
   0.005406560430979065
   0.005413385551917436
   0.005414590108694365
   0.005421542604292229
   0.005395433916696441
   0.005416884409710362
   0.005420026380173749
   0.005414811062285823
   0.0054282585652238955
   0.00542286809408208
   0.00542322352312718
   0.0054102705841830015
   0.00541366171934292
   0.005408029366997435
   0.005398784259787358
   0.005402579267622129
   0.005415082473280839
   0.005405572264478417
   0.005411169031476507
   0.005413595636602253
   0.005413563292224478
   0.005426966081793178
   0.005436799730007546
   0.00547402971417483
   0.005526655879650496
   0.005670408125181655
   0.00598882688642804
   0.006822277724059626
