   0.007143545827526024
   0.006206246012295867
   0.0058272091500765864
   0.005628235879715146
   0.005531393897754854
   0.0054716171595656764
   0.005450231170412172
   0.0054342562181539595
   0.005428657819001584
   0.005425455914828925
   0.005414139184512875
   0.005421089606633601
   0.005415758784335713
   0.0054035250884198124
   0.005425237317967545
   0.005414573411356847
   0.005414481916487506
   0.0054075482847393795
   0.005405404694290599
   0.0054003682126202105
   0.005394499448625585
   0.0053939782005865515
   0.005412237649426577
   0.005413506773002357
   0.005407987414366235
   0.005417495614506979
   0.005400235474382226
   0.005404677088344764
   0.0054051342240072405
   0.005417667406158586
   0.005410152525143016
   0.005397782286800814
   0.005420648671106131
   0.005404501267416905
   0.005412936442095206
   0.005414101586632203
   0.0054038255372301745
   0.005424899746737414
   0.005422569933496822
   0.005421075842600029
   0.005420212000328324
   0.00542888059733139
   0.005409541016825711
   0.005413271482492719
   0.005415336966631125
   0.005410672444237897
   0.005401864783449989
   0.005420438397007451
   0.00542599433315505
   0.005411770465710303
   0.0054125381737877235
   0.00542814517173754
   0.005408288901284388
   0.005421875962817189
   0.005411666717662798
   0.005419836512091847
   0.005412325422757537
   0.005414201788563401
   0.005428672060182051
   0.005407652588793291
   0.005423462611445634
   0.005432126394087182
   0.005421546893535104
   0.005414130702542569
   0.0054092393771972645
   0.005408550492743313
   0.005393256992944646
   0.005403264875492132
   0.005410880139876177
   0.005413903789579572
   0.0054162455153420755
   0.005430552645911034
   0.005408323115172271
   0.005414947656636458
   0.005415514969837864
   0.005428137115216707
   0.005407028611003032
   0.005413356433784361
   0.005413641093882439
   0.005406960225630896
   0.005421421053479399
   0.005420167836784463
   0.0054109152033639555
   0.0054085254159940265
   0.005424026909576158
   0.005416978460903421
   0.005417962309931887
   0.005421287268554768
   0.005411678200340778
   0.005424783498745448
   0.00542580187853436
   0.005427615689432097
   0.005440053530134715
   0.005450585685319252
   0.005468140937527718
   0.0055333285639021
   0.005641909360351727
   0.005830629891220166
   0.006208870835275153
   0.007163282443663404
