   0.0071363023443743985
   0.006717414770066998
   0.006509065552851422
   0.006412404547023503
   0.006361410591317636
   0.006342361160250522
   0.006326624359116041
   0.006314417230294055
   0.006293183452604295
   0.0062978503588177765
   0.0063061467435326
   0.006309221693708958
   0.006299683620446201
   0.006295729221985794
   0.006299896990672636
   0.006298222634699988
   0.006291235398096774
   0.006292407671239866
   0.006291309093861608
   0.0063030458562946005
   0.006284168725744313
   0.0063066364795461936
   0.0062976571353331855
   0.006299040240160861
   0.00629400383175885
   0.006309333351984271
   0.006296718621277977
   0.006300374137068522
   0.0062907244417860315
   0.006278412324301205
   0.006304083269055893
   0.006301433573865417
   0.006288354639695062
   0.006301909218300758
   0.006294841429605223
   0.0062896107155254845
   0.006296170914014232
   0.006297303339690198
   0.006298546966977006
   0.006306958780651206
   0.006294515484947391
   0.006298009628841712
   0.006302114045948398
   0.006305285250600238
   0.006292830594180251
   0.006293031792080912
   0.0062873704308681645
   0.006293406866644381
   0.006299612870867406
   0.0063012449398593805
   0.00630259780236187
   0.006305525833116949
   0.006299062634374134
   0.006279713756476892
   0.0063127556316344025
   0.006299020676482808
   0.006307626816484142
   0.006296399685494144
   0.0062871166990286905
   0.006306106824392765
   0.006303468148515607
   0.0062913224315862435
   0.006283753191868011
   0.00629759838363895
   0.006283520821256637
   0.0063115695281796376
   0.006296272420120175
   0.00627421049937308
   0.006302309127054628
   0.0062901473431425095
   0.006295347900973338
   0.0063022550320863185
   0.006287185833146894
   0.006291472943899873
   0.00628646391339966
   0.006315401718153291
   0.006289463767636863
   0.006315056485842681
   0.0062808053956780715
   0.006290592182204444
   0.006289049596075413
   0.006286206329424553
   0.006300820648846521
   0.006289451054593813
   0.006286889471216102
   0.006294519564154305
   0.006287795540872885
   0.006303336105498161
   0.006300208773233139
   0.006294254295255939
   0.006293486690324487
   0.006289374377337421
   0.006313407885601289
   0.006313962527285577
   0.006335921834902459
   0.00637352679458305
   0.006402802982738375
   0.006520449047209617
   0.006715743522322857
   0.007154986409314787
