   0
   0
   0
   0
   0
   0
   0
   0
   0
   0
   0
   0
   0
   0
   0
   0
   0
   0
   0
   0
   0
   0
   0
   0
   0
   0
   0
   0
   0
   0
   0
   1.9999998999999975
   0
   0
   0
   0
   0
   0
   0
   0
   0
   1.9999998999999975
   0
   0
   0
   0
   0
   0
   1.9999998999999975
   1.9999998999999975
   0
   0
   1.9999998999999975
   0
   0
   1.9999998999999975
   0
   0
   1.9999998999999975
   1.9999998999999975
   1.9999998999999975
   1.9999998999999975
   0
   1.9999998999999975
   0
   0
   1.9999998999999975
   1.9999998999999975
   1.9999998999999975
   0
   0
   1.9999998999999975
   1.4142134209517316
   1.9999998999999975
   1.9999998999999975
   1.9999998999999975
   0
   0.9999997999999799
   0
   1.4142134209517316
   0
   1.9999998999999975
   1.9999998999999975
   0.9999997999999799
   1.4142134209517316
   1.1547003651741576
   1.9999998999999975
   0.9999997999999799
   1.1547003651741576
   1.9999998999999975
   1.4142134209517316
   1.4142134209517316
   1.4142134209517316
   0.8944269673930901
   0.7559286814432771
   1.4142134209517316
   0.8944269673930901
   0.7559286814432771
   0.816496335978715
   0.7559286814432771
   0.6666663666665992
   0.6666663666665992
   0.9999997999999799
   0.45883103185102203
   0.603022357492957
   0.7559286814432771
   0.816496335978715
   0.5345221096589792
   0.5546998356699844
   0.49999959999983995
   0.5546998356699844
   0.4823759743285503
   0.5345221096589792
   0.5345221096589792
   0.4264009636693869
   0.3713901378372326
   0.37061640529681095
   0.39223176037408525
   0.3779639438585946
   0.3429965871893325
   0.33333273333279334
   0.34109102935244295
   0.3380611102829107
   0.31200884422571673
   0.31352555996055925
   0.29172929742952347
   0.2539994665983731
   0.2886744417736585
   0.26726049357989934
   0.2580637411278685
   0.24956629785333886
   0.2386954017440065
   0.20738937457876677
   0.22784722348635417
   0.20965601340301201
   0.22079953457179252
   0.19043620869947178
   0.19425614290571036
   0.1714794071063394
   0.17738742273590496
   0.16210317729683524
   0.16660458342118525
   0.16011407546093948
   0.14243044108169164
   0.15201703517806028
   0.14817299360681319
   0.12963470042992173
   0.12570358731383893
   0.1252283237013513
   0.11846521070738028
   0.11644278437884548
   0.10689580094749372
   0.10765878974620896
   0.10583487453569905
   0.09950050168818662
   0.09383139261468833
   0.09468592857113672
   0.08660630519766782
   0.08800298986590047
   0.08487961761835948
   0.08116436913078724
   0.07567946424626612
   0.07553150074257145
   0.07000601625928472
   0.06807498212823858
   0.06560024915767029
   0.06420822032337385
   0.06232856366997782
   0.05896783804996624
   0.05765022423939169
   0.05602417347958712
   0.05317018824424823
   0.051230799384305435
   0.0497347062773723
   0.04738464319320548
   0.045698063812758
   0.04398027921411474
   0.04264930995334744
   0.04068096965050032
   0.03958576895316832
   0.03828275670661448
   0.03723988216370972
   0.035471745119994014
   0.03428578738015582
   0.03380117897921906
   0.03172155100632191
   0.030756605697341063
   0.029511940437476167
   0.028551714836853145
   0.0273454805333039
   0.026395300807753402
   0.025523772221655538
   0.024507763743543954
   0.023800715054369856
   0.022751229364823943
   0.021990311466359595
   0.021035240669098575
   0.02045248602261924
   0.0196838977914127
   0.019062831991752193
   0.018338040310242595
   0.01750033458309003
   0.016812695677611088
   0.016504338337656674
   0.01572460791732966
   0.015092333892881265
   0.014530901194648825
   0.014165547250905769
   0.013649040206703931
   0.013077252202182256
   0.012671181504495546
   0.01214001010419941
   0.011723484311339778
   0.011342866085316225
   0.010887997203509978
   0.010459192027269292
   0.010090267388351037
   0.009733105134612475
   0.009409000645124082
   0.009073325172797528
   0.008684206664047657
   0.008393439304373519
   0.008092581332501453
   0.007774206694554176
   0.007507726327165756
   0.007254114123647936
   0.0069579060203152285
   0.006713615514978581
   0.006488236513615917
   0.0062315054703811785
   0.005992808971240111
   0.005773205307622563
   0.0055719994256771535
   0.005370285723907189
   0.005175045413503442
   0.0049723284969020775
   0.004791746912710155
   0.004607779284697591
   0.0044447307828957465
   0.004288554147981461
   0.004121594335156479
   0.003969217787758408
   0.0038162400768957582
   0.003675278485051705
   0.003538353817863948
   0.0034176562189631716
   0.0033215058103925406
   0.0032550266919302447
   0.0032058896702860423
   0.0031837096574668677
   0.0031916063608943175
   0.0032061798841561033
   0.0032486823725181415
   0.003321645615751242
   0.0034166398976146475
   0.0035433927291692734
   0.003675713109407487
   0.00382106265641867
   0.003967330823438426
   0.0041196416759178706
   0.004275682186015317
   0.004449412208428225
   0.004610840973550831
   0.004791680374206214
   0.004975276932719237
   0.005168763943518719
   0.0053674374851605255
   0.005564146270907904
   0.005755898710984555
   0.0059853047960058674
   0.006219103658955399
   0.006454880418026494
   0.0067029104820756046
   0.006982053369693989
   0.007255547116688238
   0.007522861815368867
   0.007793138742291468
   0.008068121997019671
   0.008384137789716462
   0.008727420827537288
   0.009032517165528284
   0.009388821926477641
   0.0097398193077174
   0.010099734928292558
   0.010544568578233536
   0.010914061289679694
   0.011274371978044461
   0.011698784810212552
   0.012141551821135138
   0.012652166976472753
   0.013066024769844394
   0.013614322733912432
   0.014054333924396764
   0.014720512699679937
   0.01526716617972391
   0.015646571914640053
   0.016265975695629868
   0.016932842898930482
   0.017526517622545233
   0.018278184557866377
   0.019061904930787903
   0.019754185622438837
   0.02039534327872332
   0.021144318105380668
   0.021859119011095596
   0.02270189394634302
   0.02353408843707504
   0.02444796007745648
   0.02556622432785738
   0.02659273324663261
   0.027329659077618532
   0.028531114033998176
   0.029884502890107297
   0.030937661864012436
   0.032007502697158435
   0.033196012754608324
   0.03399573600899977
   0.03533008754379968
   0.036641540108014334
   0.03830492120902995
   0.039417839363705486
   0.0413270048471927
   0.04307378673335969
   0.044206341371079094
   0.04617937061710672
   0.04815710612940733
   0.05091845422662222
   0.051458315216259196
   0.05325525598390699
   0.055908871437661656
   0.05808784334788228
   0.061298089007542904
   0.062214797685002814
   0.06437578491252142
   0.06833784761439028
   0.06838109157340135
   0.06953141020849656
   0.0734625996759316
   0.07708642022789383
   0.08022942140541943
   0.0825348297123586
   0.08820807836449786
   0.08743621319397392
   0.09254596010618298
   0.09438003689817645
   0.0993601398220479
   0.10439116625467454
   0.1081021134952909
   0.11321686526465793
   0.116047450980506
   0.12402950817245123
   0.12595249590256274
   0.1296214912812715
   0.13420869464232676
   0.14509387161057963
   0.12826124729983854
   0.14464640259120237
   0.14986879404361803
   0.15810056801050115
   0.17958156089042598
   0.17211308794150054
   0.18983054558220083
   0.19788745124597099
   0.19422283102992413
   0.1970648407410888
   0.21692953586225128
   0.20965601340301201
   0.2250166913640076
   0.20965601340301201
   0.24423540642874272
   0.2324944172535204
   0.24999919999872
   0.26261210414103026
   0.2878191041025431
   0.2946271466711029
   0.3015106812520759
   0.30499648492065196
   0.33756686689819737
   0.3046951036246554
   0.3771230863023665
   0.39223176037408525
   0.33287073181600535
   0.32025568310976554
   0.3779639438585946
   0.3779639438585946
   0.4364353222141747
   0.3585497320825832
   0.47140409652677207
   0.4364353222141747
   0.5163973921958424
   0.5345221096589792
   0.6666663666665992
   0.6666663666665992
   0.6236092437487508
   0.6324552158058308
   0.6666663666665992
   0.816496335978715
   0.816496335978715
   0.6666663666665992
   0.8944269673930901
   0.8944269673930901
   0.816496335978715
   0.7071064983437785
   0.7071064983437785
   0.816496335978715
   0.9999997999999799
   0.9999997999999799
   1.4142134209517316
   1.9999998999999975
   0.816496335978715
   1.4142134209517316
   1.4142134209517316
   0.9999997999999799
   1.1547003651741576
   1.9999998999999975
   0
   1.4142134209517316
   1.4142134209517316
   0.9999997999999799
   1.1547003651741576
   0
   1.9999998999999975
   1.4142134209517316
   1.1547003651741576
   1.9999998999999975
   1.4142134209517316
   0
   0
   1.1547003651741576
   1.4142134209517316
   0
   0
   0
   0
   0
   1.9999998999999975
   0
   0
   1.9999998999999975
   1.9999998999999975
   0
   0
   0
   0
   0
   1.9999998999999975
   0
   0
   0
   1.9999998999999975
   1.9999998999999975
   0
   0
   0
   0
   0
   0
   0
   0
   0
   0
   0
   0
   0
   0
   0
   0
   0
   0
   0
   0
   0
   0
   0
   0
   0
   0
   0
   0
   0
   0
   0
   0
   0
   0
   0
   0
   0
   0
   0
   0
   0
   0
   0
   0
   0
   0
   0
   0
   0
