   0.020340855314867543
   0.019557046993296558
   0.019217664076720254
   0.01902957912536924
   0.01873199454760127
   0.018572862288901433
   0.01832020065559436
   0.018078553934519903
   0.01785958005286878
   0.017670929502748393
   0.01746057420400436
   0.01726910665758109
   0.017107689065860323
   0.016930822610465045
   0.016804257286847698
   0.016625662380710154
   0.016494125824414865
   0.016334868256964483
   0.016184345944714785
   0.01607865366575165
   0.015903465526642884
   0.01579245404457074
   0.015654124696605348
   0.015560275867278305
   0.015496969554938234
   0.0153841758474327
   0.015345524068251301
   0.015197986752359307
   0.015126332041713306
   0.015024705813959547
   0.014911386647630278
   0.014823695494114268
   0.014783015459985838
   0.01470749076693731
   0.01466407146077409
   0.014619456416667592
   0.014609258433024899
   0.014551220309740672
   0.014556012913869746
   0.014523701065038397
   0.014573110870138723
   0.014563909888790427
   0.01458851555849927
   0.014590546345342263
   0.014573352282659602
   0.014544440663223841
   0.01452434145892777
   0.014496534576207872
   0.014463440008922754
   0.014462881629110537
   0.014467072982736934
   0.014414260929175686
   0.014452066013601422
   0.014485364482761408
   0.014448053113685919
   0.014460335978586928
   0.014517871198674002
   0.014563969695642005
   0.0145614406747671
   0.01456802032813362
   0.014567589418702485
   0.014590346428924877
   0.01463130138058093
   0.014676938317736221
   0.014732564448241066
   0.01478258515897829
   0.014847740030856057
   0.014851768212694638
   0.014947597425602055
   0.01502082650831059
   0.01510925166048319
   0.015207381670715938
   0.015348951853513341
   0.015425161118316523
   0.01546688393150744
   0.015602568042459089
   0.015652842701943597
   0.015697673724549797
   0.015776719618001457
   0.015925928573528442
   0.016021347326389677
   0.01619690046988164
   0.016346676147092908
   0.016500930679403263
   0.01660815564828237
   0.016700368573885255
   0.016773888511213652
   0.01692988206048497
   0.01707165669672602
   0.017347670317759828
   0.01754039962678204
   0.017731670898894568
   0.017955245922301414
   0.01822966920795353
   0.01847085237421
   0.018675790301697436
   0.019042176293005482
   0.01930167409700645
   0.019666929366587135
   0.020283655696936218
