   0.007367875437312695
   0.0063635024767866415
   0.006273519271899531
   0.006268721220362058
   0.006281867219975507
   0.006258518886282192
   0.006277373482823784
   0.006264831174916885
   0.006267372422499543
   0.006267653846943731
   0.00624419006625026
   0.006278493140204369
   0.006267305210447437
   0.006250331922272508
   0.006246710033372788
   0.006269246633900329
   0.006277893199504622
   0.006265899465239199
   0.006278072361908792
   0.006267785361641536
   0.006271817901848609
   0.0062888780639003185
   0.006269427513766525
   0.006256352094503393
   0.0063040258928499515
   0.006266520085262443
   0.0062736378620517445
   0.006263301429867053
   0.0062653549148328
   0.006285453054451178
   0.006257269788002753
   0.006272110863742565
   0.006265655712135864
   0.006264438775821055
   0.006257949023907472
   0.006270633325433178
   0.006286279867909957
   0.006247390630282803
   0.00625270332846814
   0.006243680453712184
   0.006266537486545402
   0.006269615157638391
   0.0062615052851725085
   0.006273593904938742
   0.00627919152429535
   0.006268169104639329
   0.006254712225333152
   0.00627167972942309
   0.006261506573019663
   0.006278492764760392
   0.006280247534865132
   0.00627532913419179
   0.006279365584167753
   0.00626156871078007
   0.006277922382216872
   0.006275304296676107
   0.0062555105452004765
   0.006266000664880523
   0.006258547400102926
   0.006260565486042879
   0.0062581701597695825
   0.006265131529266306
   0.006263756119231917
   0.006261379695618226
   0.006271950431265678
   0.006265570415080475
   0.006269005566770489
   0.006268282567498954
   0.006271657771039547
   0.006255312505999812
   0.006261206058972526
   0.00626665874101376
   0.006274213249501376
   0.006259713916577922
   0.006269749899949194
   0.006282642740832828
   0.006285640515755263
   0.00623400836610548
   0.006260298073184755
   0.006274230526146889
   0.006264450857751377
   0.006264853641094388
   0.006261247449090558
   0.006275304386909024
   0.006277568242327849
   0.006270275295337548
   0.00625089783540129
   0.006254324564962289
   0.0062753907062044825
   0.006252713105563995
   0.006289268454076972
   0.006290143656293136
   0.006278956108146299
   0.0062804070871197715
   0.006261661939493222
   0.006268640581380027
   0.006260509302489675
   0.006280070157777101
   0.006381497406692815
   0.007351903455018038
