   0.007374061291534603
   0.006696551825386362
   0.006476755821128854
   0.006393091397364127
   0.006351718145715378
   0.006342439668894134
   0.006355639224410404
   0.006336779554805189
   0.006346276518291584
   0.006344308994229737
   0.0063507047312881286
   0.006331566868742604
   0.006331938108403794
   0.006339342584853438
   0.006328779793844484
   0.006340983348451077
   0.006361967599097198
   0.0063193893919865326
   0.006335056591673654
   0.006341658060703687
   0.006336711458488643
   0.006344846387608158
   0.0063530034882416835
   0.006342883743052403
   0.006340576750196616
   0.006323399548816729
   0.006336517547514145
   0.0063314933467547765
   0.006355190187808136
   0.00633971002058172
   0.006344369224743084
   0.006328318374850113
   0.006355398991615649
   0.006326402206631057
   0.006346120101735863
   0.0063256891031319325
   0.006339017536935215
   0.006343975148123692
   0.006347550460492602
   0.006333334449386053
   0.006347261483775104
   0.006341626188097095
   0.006338603460580194
   0.006331876501694045
   0.006338796545768998
   0.006343794348016353
   0.006356117587396789
   0.006342859622591215
   0.00633988760070297
   0.0063542577231512545
   0.006330492611407613
   0.006346357997883154
   0.006337117282359009
   0.006320048694734639
   0.006326025284750417
   0.006331561251103444
   0.006335885368891044
   0.00633026895776533
   0.0063295912625651145
   0.006335640685054694
   0.0063397411047783955
   0.00633254820440161
   0.006346897037035176
   0.006342347816531014
   0.006330735431586245
   0.006338884249009107
   0.0063394050953602425
   0.006345426119586128
   0.006360509689574926
   0.006334190238445826
   0.0063271475855161295
   0.006345097808050396
   0.006331702980107355
   0.006322631044338743
   0.006319679950925396
   0.006334443290994605
   0.006342111435244725
   0.006331198794122946
   0.006325440177513047
   0.006342252832238528
   0.006341692645292228
   0.006326384498178953
   0.006339508860830983
   0.006343984821301339
   0.0063488879397045105
   0.006335073920172894
   0.006335355441286288
   0.006351046347442108
   0.006343521984780832
   0.006331284308785577
   0.006341018679229446
   0.006324176483263522
   0.006331093071742218
   0.006335500310341666
   0.006334704548994386
   0.0063542075149273436
   0.006379695890258333
   0.006478785166977166
   0.006705720673766277
   0.007392961256739891
