   0.007176635005326229
   0.006598075549460448
   0.0062660365154743975
   0.006087818356354988
   0.005975692016317524
   0.005910883621961161
   0.005869720632884198
   0.005843531236723563
   0.00582002215684207
   0.005803043021566042
   0.005802389043159331
   0.005798620025359702
   0.005814100380573023
   0.005796089171393724
   0.005797004999074936
   0.005801207671341067
   0.0058022604247495195
   0.005790606682814341
   0.0057796252044561925
   0.005812089627500517
   0.005791721678398715
   0.005783602581169804
   0.0057886769488888325
   0.005815007647974853
   0.005797407133699583
   0.00579998928966629
   0.005780309800596719
   0.0058025149929815095
   0.005792512323564006
   0.005792327870079835
   0.005796585780358822
   0.005780468267665449
   0.00578718205530702
   0.005793580301210573
   0.005796057354560291
   0.005794215532469335
   0.005791371776987534
   0.005795769903642779
   0.005806284996217397
   0.005792861921414151
   0.005804334832163916
   0.00579085436434694
   0.005794554744837695
   0.00579704904599136
   0.005805789600878345
   0.0058043344750578095
   0.0057901276737133125
   0.0057942014427842855
   0.005798073208940994
   0.005791884353307112
   0.005802566799088151
   0.005805911816412828
   0.0057947743481656135
   0.00579172199999995
   0.0058183703778118216
   0.005797632918413182
   0.005799737043231992
   0.005799773692834124
   0.005801802524358318
   0.005784877766081323
   0.005789060488635394
   0.005803412497849676
   0.005805739522258249
   0.005795976634415935
   0.005802779886404345
   0.005798514144146951
   0.005805551959412794
   0.005787901834431604
   0.00579452411216458
   0.005789713260075265
   0.005796138371342402
   0.005797065894434583
   0.005795281683179182
   0.005782746500705884
   0.0057992806851496674
   0.005788104301767076
   0.005798574734234076
   0.005784922955709194
   0.005797598006519257
   0.005803352614179842
   0.005797125636199482
   0.005795679816769133
   0.005790621175050819
   0.005797739490195742
   0.005794048604372563
   0.0058052573864842945
   0.005799786552724893
   0.005788627727275588
   0.005796378159880331
   0.005794533884056353
   0.005793217614203661
   0.0058211892764956944
   0.005836534171235665
   0.005872877630845652
   0.0059018530216118715
   0.005971881661859777
   0.006066943051462574
   0.006250909847815945
   0.006555684062615011
   0.007179296576646883
