   0.006979576081765023
   0.006078094450329679
   0.005779298354178796
   0.005655608810027926
   0.005627895211274559
   0.005603781706033577
   0.005614749885736656
   0.005602189144203476
   0.005610034764607541
   0.0056207957575998314
   0.005604426444914982
   0.005609543671688092
   0.00561502646371646
   0.005607915210153947
   0.005602281930598888
   0.005613290210910753
   0.005607068089126503
   0.005611295555731968
   0.00561610334519646
   0.005619851625731962
   0.0056137857384065465
   0.005616255912927989
   0.005604006274081377
   0.005613021395424539
   0.005611382681262091
   0.005614232508705939
   0.005603695596388124
   0.005602220223623347
   0.005611288356535902
   0.005607071464262941
   0.005592717387659605
   0.005609550955105448
   0.005608727125704042
   0.005594868152531899
   0.005600366461021675
   0.005611104369046261
   0.005597215404245104
   0.005624456734077976
   0.00561708484270046
   0.005606263259924268
   0.0056080092061463385
   0.005618666966823493
   0.0056161360651335234
   0.0056189472485490095
   0.005611604605683012
   0.0055949337656684625
   0.00560456767209339
   0.005601622426215469
   0.005613652764385227
   0.0056049081762576634
   0.005595413143764498
   0.005602221626263747
   0.005606327012461783
   0.00561386501622239
   0.005618868975298217
   0.005603143123994914
   0.005594416599704868
   0.00560640506360904
   0.005602174608983823
   0.005603137935754052
   0.00561169670609822
   0.00561170728287935
   0.005616133366263998
   0.005613561103139465
   0.005602258328174034
   0.00558598271508585
   0.0055971711251840296
   0.00558687619337272
   0.005616637427539868
   0.005604970358205632
   0.0055863243768755864
   0.005609020230330045
   0.005597019358741415
   0.005604111318486152
   0.005595973877737208
   0.005610130130748708
   0.005606403293196388
   0.005598877874336303
   0.005613049032462067
   0.005593949509012742
   0.005613241315264294
   0.005592996062949433
   0.005607411509970071
   0.005604666749439027
   0.005593822010373033
   0.0056011462723718555
   0.005596040399302224
   0.005605728951238611
   0.005608686974177435
   0.005603806726563408
   0.005607712660364776
   0.005594127456994384
   0.005599201188099026
   0.005596199341164608
   0.005628174730507126
   0.005646046685754684
   0.005672211688203466
   0.005793487661161936
   0.006087359743584642
   0.006990913553314584
