   0.011405546173959108
   0.010718859995255044
   0.01031636198510708
   0.009983339990443936
   0.009695930899732984
   0.009436295919774186
   0.009232869274322042
   0.009041714175402619
   0.008891412406880614
   0.00876579444162692
   0.008644567088504225
   0.008558126273535183
   0.008465780420151382
   0.00840578759948986
   0.008354806793020541
   0.008306591378965115
   0.00826066329888808
   0.008223193733756493
   0.008211148495913997
   0.00819596676601689
   0.008164834501062763
   0.008124633309239323
   0.008123821645514498
   0.008141037509858578
   0.00814910511116838
   0.00812893428462533
   0.00812416392243266
   0.008093201685005814
   0.008086148770709888
   0.008089431904559036
   0.008089148702186813
   0.008095796957827464
   0.008068463805366929
   0.00808640123479949
   0.00805898522612301
   0.008061446509973254
   0.008062040579588063
   0.008074243678943653
   0.008076773178408566
   0.008064553545033451
   0.008060039968138494
   0.008067623135721761
   0.008049653491410094
   0.008052357535917943
   0.008052068520244537
   0.008061944523749911
   0.008053929182514215
   0.008036441137054429
   0.008032180793210249
   0.00803704086181476
   0.008059657613921174
   0.008063870938323264
   0.008058130809909931
   0.008052384409787942
   0.008053731483437616
   0.00809110816699583
   0.008051511037259146
   0.008056070390354433
   0.008049980363934861
   0.00805279462929203
   0.008055754798506603
   0.00807131270225449
   0.008056351512237511
   0.008085448038946575
   0.008087221786624701
   0.008082623514951688
   0.008061943279507822
   0.008071563712028858
   0.00806334022546495
   0.008051855966043069
   0.008040767666364686
   0.008069378260899127
   0.008070769906170974
   0.008076117797286298
   0.008086695799794057
   0.00808648189946421
   0.008113652908123596
   0.008138032672881634
   0.00816097972098859
   0.008190179508267968
   0.008200006035531874
   0.008226972800351845
   0.008263382542592082
   0.008291288250565146
   0.008327045006791418
   0.008382015224385262
   0.0084298840115995
   0.008507412124917608
   0.00856005254243343
   0.008639568772541713
   0.008762654254110379
   0.008916418447009442
   0.009087155936155151
   0.009259408645152886
   0.009457475206636366
   0.009703515770489923
   0.009955197702853155
   0.010250284987665125
   0.010732055555901876
   0.011345261814390656
