   0.007278586645237523
   0.0068086864022444
   0.006572188799742351
   0.006466629622556643
   0.006397123842181565
   0.006371334955050904
   0.006327137276700884
   0.006334310378471692
   0.006320921573786584
   0.00631211380447446
   0.0063038395326676655
   0.0063022112402552925
   0.0063259645972190805
   0.006310791664795854
   0.0063171910687784385
   0.006319601629240318
   0.006313334521312373
   0.006317133483382745
   0.006306593347367955
   0.00631173223442545
   0.006322472659489057
   0.006310599923575212
   0.006309101953399221
   0.006316985772210571
   0.006316978218303231
   0.006330165307860333
   0.006312647482246121
   0.006310871814622551
   0.006305541242772323
   0.006311051601307748
   0.006310518112231594
   0.006324546083603803
   0.00632351610471074
   0.006311608716172253
   0.006311707069754874
   0.006314546413459915
   0.00630162855442009
   0.006314676283729056
   0.006326598766876389
   0.0063133412780767804
   0.0063133092125729475
   0.006300091428566772
   0.006311644402723232
   0.006310993925336071
   0.0063198135840383295
   0.006318143941979214
   0.0063058593966486024
   0.006303611305942395
   0.006282250868802089
   0.006292086807607716
   0.006316079617044005
   0.006298514733364317
   0.006316952039735267
   0.0062923256468852455
   0.006312398897245935
   0.006315287195526096
   0.006311615780437719
   0.006294820545868628
   0.006304260959803531
   0.006316764422671184
   0.006299188200360897
   0.00631994133002571
   0.006316450530990738
   0.0063149942258028755
   0.006306815102252833
   0.006328784218895317
   0.0063207190726448075
   0.00631999083962092
   0.0063263383896590645
   0.006313977330726017
   0.00629990112798992
   0.006314187596032592
   0.006305427400010446
   0.006314732632745017
   0.006310594842269791
   0.006308239036075549
   0.006299680920533962
   0.006304842485964923
   0.006307632983809134
   0.0063173324467089426
   0.006301254245356001
   0.006316198892340334
   0.006315098647688551
   0.006307751252551335
   0.006294710390788231
   0.0063002921600958115
   0.00631093637739822
   0.0063244778412382355
   0.006321098118211979
   0.00632574493241385
   0.0063083840138410735
   0.006308256618342151
   0.006343785981891064
   0.0063367592224817205
   0.006362138744040722
   0.006395155460421205
   0.00647138342485237
   0.006578006751360723
   0.006831198764732573
   0.007321898076690875
