   0.007608992542730928
   0.006652371066170656
   0.006309996423694315
   0.0061484079851050555
   0.006089578985509843
   0.006053178305074761
   0.0060436117578003025
   0.00601834976553275
   0.006038702547076513
   0.006017618738442469
   0.006028994473068959
   0.0060328021057208785
   0.006037952877463111
   0.006027894241118262
   0.006019539161325874
   0.00602863025027478
   0.0060250049753734795
   0.006012341794332384
   0.006033471153182399
   0.006028903005229044
   0.006013487318484926
   0.006023807313159415
   0.006020748149858427
   0.006008474719602611
   0.006011563045942615
   0.006026263684881112
   0.006027065282242424
   0.00601133340462509
   0.00602999844480346
   0.006022597263338362
   0.006028074949484142
   0.006021138568258759
   0.0060174436523528765
   0.006029805464009194
   0.0060155241064828915
   0.006030978750163432
   0.006024493514533335
   0.0060278768369587225
   0.0060315675609054755
   0.006028088161238401
   0.006024723945356659
   0.00603637730366843
   0.006027644112733884
   0.006031737186396251
   0.006017002249686309
   0.006036682948809638
   0.006032810958529617
   0.00603319762652664
   0.00602520553470134
   0.006032194343868876
   0.006007746729657397
   0.006017599834809843
   0.006037057869628402
   0.0060194844096874145
   0.006025099826374664
   0.006030034557273412
   0.006028545168148303
   0.006021226398389169
   0.0060401575613531116
   0.006020753145016254
   0.00600849187223873
   0.006022660538858118
   0.006023446327370994
   0.006050023481820222
   0.006012523753250586
   0.006036262694074633
   0.006004101601113608
   0.006012003653791142
   0.0060190791362865455
   0.006038178907833905
   0.006015787294679482
   0.0060162593574944285
   0.0060084889572104075
   0.006036589370086357
   0.006028243098799071
   0.006025068569667248
   0.006022026246177376
   0.006012095279405531
   0.006011209251438618
   0.006021134576493754
   0.006020134319885512
   0.006010684692758106
   0.00602789844701257
   0.0060342449751850935
   0.0060437606452631455
   0.006015178181054621
   0.0060307639122122465
   0.006035113920408669
   0.00603528417300119
   0.006038023995709499
   0.006032077978427605
   0.006031005090495096
   0.006040500168944352
   0.0060229556654111385
   0.006042864755561229
   0.0060870032487078014
   0.006137635639501689
   0.006301376115877961
   0.006643576132618376
   0.00762367380583836
