   0.0073495494872448525
   0.006833391421441444
   0.006558040044206233
   0.006437715550865133
   0.006370337766330866
   0.006328031948598799
   0.006305894195940834
   0.006295772043210694
   0.006277868430721162
   0.006303122255808163
   0.0062762654860935895
   0.006265964178385177
   0.006265673671006728
   0.006251373822235425
   0.00627758581255174
   0.006262809392653895
   0.006259004345014011
   0.006273676665301842
   0.00626538321035204
   0.006256246014329925
   0.006272733760263314
   0.006261635664014492
   0.006254295208961338
   0.006267005305304637
   0.006266410187135826
   0.006278900585071811
   0.0062534973233784544
   0.006263049359957465
   0.006263056097970771
   0.006275304718950511
   0.006273094625665151
   0.006268687844226057
   0.006284518718701092
   0.006262752137598281
   0.00625182521003284
   0.006258700599949466
   0.006250888523300491
   0.0062795685937004
   0.0062504151468167285
   0.006264500449759072
   0.006254813900750117
   0.0062717370748263356
   0.00626335439419327
   0.0062666416402239284
   0.006265362683727994
   0.006249367676957238
   0.006260614573179635
   0.006285880047136474
   0.006272919361967655
   0.006267607377625043
   0.0062547087726885576
   0.006277037391501267
   0.006264008638367581
   0.006268488589136822
   0.006268381984639001
   0.006272678572339568
   0.006283305803922267
   0.006295788218259879
   0.006274551607375984
   0.0062735439587263625
   0.0062646970192866604
   0.006260442008244199
   0.006264307801453059
   0.006263582524791157
   0.006271393415115219
   0.006260228495653735
   0.006267359340243326
   0.006277997605993056
   0.006276077778794198
   0.006269081244473082
   0.006270762674296541
   0.0062439943367243195
   0.00629756096854296
   0.006278358175779484
   0.0062697235110141135
   0.0062657903471073535
   0.006278549241352583
   0.006278427803253578
   0.006281860569248467
   0.006275027738965896
   0.00626803700952732
   0.006276644694460989
   0.006271914721055137
   0.0062746486800380015
   0.006272847920429651
   0.00628689275864283
   0.006274226798723189
   0.006261907099145379
   0.00626738027998181
   0.006284794858643303
   0.006268560077635367
   0.006273145568452573
   0.006285187349960204
   0.006294991170634362
   0.0063273105040621705
   0.006363074519048887
   0.006421077528222943
   0.006562926457735343
   0.006822883435579181
   0.007363214930169972
