   0.005746945267661295
   0.0051948919867058135
   0.004871203709508354
   0.00465921509429286
   0.004500794052915092
   0.004380872747190077
   0.004301778610043153
   0.004242282735096827
   0.004194087012478815
   0.00415293287722467
   0.004126397922121311
   0.004101229921936356
   0.004084375852629767
   0.004070075315160282
   0.004061614109575481
   0.00404778472182124
   0.004033464532652952
   0.0040376598161942865
   0.004029995675264616
   0.004029855989803485
   0.004028086133884127
   0.004022036473072837
   0.004030111999738776
   0.004034199638152998
   0.0040317763392067095
   0.004025672318956975
   0.0040330374953415
   0.004025177030886718
   0.004019694378242962
   0.0040242408357084305
   0.0040227677100493926
   0.0040227706087999455
   0.004026966187945217
   0.004028370648727287
   0.0040254314229221265
   0.0040222471920675
   0.004025705615457263
   0.004018219460357473
   0.004023671118121571
   0.004027165541091265
   0.004023062614473144
   0.004025747471001964
   0.004028795346847338
   0.0040174763796055534
   0.004013574805454101
   0.004025359335411886
   0.00403021462378598
   0.004021601524036742
   0.004022611402313955
   0.0040241146259246945
   0.004023333669990238
   0.004022239279003125
   0.004026982330104596
   0.004020221375054091
   0.004014453776645475
   0.004023963062785276
   0.004028884239655553
   0.0040289262735772125
   0.0040284354209641675
   0.004019725323723409
   0.004020939650621997
   0.004027342377867431
   0.004026027006586218
   0.004028357823816729
   0.004016979711737709
   0.004021540385839459
   0.004019638746202476
   0.004021594224044973
   0.004022863426010091
   0.004017938736651933
   0.004016200203081745
   0.0040208523943862425
   0.00402254338004981
   0.004023855162884158
   0.004021947460579602
   0.004023901371635718
   0.004030107183675603
   0.004031237876368939
   0.0040326930010697384
   0.0040334409619967515
   0.004034346348963455
   0.004036970869596225
   0.0040362678484443994
   0.004040417111599698
   0.0040444543432441174
   0.0040568296349319894
   0.004065536221271218
   0.00408447803356353
   0.004101011814605113
   0.004122080617737788
   0.004150143044267737
   0.004190569726228665
   0.0042284052449538916
   0.004295262847600872
   0.004375726026700538
   0.004498386780940612
   0.004640422228536254
   0.004865548839213476
   0.005200503610575712
   0.005742232865708334
