   0
   0
   0
   0
   0
   0
   0
   0
   0
   0
   0
   0
   0
   0
   0
   0
   0
   0
   0
   0
   0
   0
   0
   0
   0
   0
   0
   0
   0
   0
   0
   0
   0
   0
   0
   0
   0
   0
   0
   0
   0
   0
   0
   0
   0
   0
   0
   0
   0
   0
   0
   0
   0
   0
   0
   0
   0
   0
   0
   0
   1.9999998999999975
   0
   1.9999998999999975
   0
   0
   0
   0
   0
   0
   0
   0
   0
   0
   0
   0
   0
   0
   0
   0
   0
   1.9999998999999975
   1.9999998999999975
   0
   0
   0
   0
   1.9999998999999975
   1.4142134209517316
   0
   1.4142134209517316
   0
   1.9999998999999975
   0
   1.9999998999999975
   0
   1.1547003651741576
   1.4142134209517316
   0
   1.9999998999999975
   1.4142134209517316
   0
   1.1547003651741576
   1.1547003651741576
   0.8944269673930901
   0.816496335978715
   0
   1.9999998999999975
   0.8944269673930901
   0.7559286814432771
   1.1547003651741576
   0.8944269673930901
   0.9999997999999799
   1.224744708092262
   0.816496335978715
   0.6324552158058308
   1.4142134209517316
   0.6324552158058308
   0.7071064983437785
   0.816496335978715
   0.5773499227793603
   0.5773499227793603
   0.5163973921958424
   0.7559286814432771
   0.5546998356699844
   0.5546998356699844
   0.49999959999983995
   0.5773499227793603
   0.4264009636693869
   0.47140409652677207
   0.3779639438585946
   0.5163973921958424
   0.4082478005656205
   0.39223176037408525
   0.39223176037408525
   0.4264009636693869
   0.2721647921279938
   0.3481547374546571
   0.27472039988542446
   0.29814172617882406
   0.29172929742952347
   0.24999919999872
   0.25819811514932994
   0.26261210414103026
   0.22941486208911663
   0.2236059033209991
   0.1961151153316298
   0.2236059033209991
   0.20965601340301201
   0.18569426114096702
   0.19334626339832237
   0.18898117820112595
   0.18033281787642544
   0.16495600732844345
   0.16064262078571562
   0.15032787518120905
   0.14824851425232555
   0.1478429014097997
   0.1376842255727357
   0.1327431556595267
   0.11744234095195762
   0.11826078803227207
   0.115468321774127
   0.10675022902088499
   0.10511576359854918
   0.10140205298520537
   0.10101327453683036
   0.0932483360383071
   0.09100095328602224
   0.08520051719720666
   0.08391575252076787
   0.08205855673850677
   0.07521508245030153
   0.0753217024850622
   0.07292949685397171
   0.07119907648110138
   0.06502238837545028
   0.06330573459066823
   0.06074238141832277
   0.05711604626214862
   0.05436898711066401
   0.05279257945955124
   0.05184372713270866
   0.04905441256412958
   0.046608284786666676
   0.04513643098358368
   0.04345310628378847
   0.04166180380699324
   0.04054207346852314
   0.03895668207013837
   0.03739244935588873
   0.035742839751518166
   0.03370884441704689
   0.03235729158877731
   0.03169980611875766
   0.029930877095117422
   0.028611162660092927
   0.02760063425607949
   0.0265789072653913
   0.025306524537631235
   0.02448059005182439
   0.023356490779556326
   0.022353131247487047
   0.021557278444331644
   0.02066277124923266
   0.019866091458238574
   0.01895894419372758
   0.018278508257973537
   0.017533799446954275
   0.016758115052896483
   0.0161826214175702
   0.015568942823290402
   0.0148845843263104
   0.014272794479663887
   0.01367502162077756
   0.013143819331987994
   0.012629738842170975
   0.012056832913155914
   0.011639927939468286
   0.011159106941152961
   0.010655692756987474
   0.010289308770525175
   0.009869476259018076
   0.009425911074342465
   0.009068314800572474
   0.00870060611775198
   0.008322020926867138
   0.008033895182309124
   0.007691559009406891
   0.0073700240502923365
   0.007097257360959646
   0.006806496648706652
   0.006513000523218356
   0.0062688014361047045
   0.006008687087107788
   0.005773896941840156
   0.005514804078081875
   0.005295450291606743
   0.005068602923440165
   0.0048754984060956725
   0.004664621565949266
   0.004479684196750606
   0.0042902002393411095
   0.004119960097812673
   0.003956870959768281
   0.0037893547221802457
   0.003637434634551639
   0.003520408715059322
   0.0034433498929552064
   0.003394564112376552
   0.0033736745221010465
   0.0033696488499671564
   0.003392257482793703
   0.0034457576498925623
   0.003520042920006149
   0.0036378313700641506
   0.003785953658563941
   0.003943377666530591
   0.004123370637433618
   0.004297202981532378
   0.00448006966481399
   0.004669668519757289
   0.004870249469673238
   0.005096766532489007
   0.005300708688680607
   0.005526720395531857
   0.005770007941864598
   0.005980142297751076
   0.006258299368639805
   0.0065289291147977244
   0.006799849633330901
   0.007083765316721721
   0.007399243049398164
   0.00769750666157959
   0.00801460484116174
   0.008344117207560581
   0.00870643691505655
   0.009091651153082355
   0.009501159137863124
   0.009878213571825119
   0.01028314043836389
   0.010767537178947507
   0.011110826476767727
   0.011601059055360987
   0.012103357201153504
   0.012683734121287177
   0.013146963040967663
   0.013749135481027356
   0.014229211169093073
   0.014921957382650487
   0.015522301591431493
   0.016088877778963274
   0.01697890210975117
   0.017358782432942362
   0.018295362947687726
   0.018984599575730975
   0.020028118721117753
   0.020431386530067253
   0.02172350513225538
   0.022244849929365824
   0.023308790554622847
   0.024369348162347534
   0.025752064790720265
   0.026668627872818065
   0.027524651551922793
   0.029039653333265667
   0.03024437795063211
   0.03155729746185703
   0.03239548751970213
   0.03398035321788677
   0.035399485530359424
   0.03668098160502416
   0.0382167450402374
   0.03967874934528934
   0.04150003476436595
   0.04395406650154612
   0.04466106232175375
   0.04753403124918082
   0.04834677814469492
   0.05042328364340945
   0.0527374231686488
   0.056633015780048514
   0.05695366566289829
   0.060939481677417875
   0.06289736666925576
   0.06757077804541027
   0.06655282750029107
   0.0712894951727266
   0.07337015797143755
   0.07778841312392792
   0.08275817221575854
   0.08406389123272416
   0.08458808495794608
   0.09195792309230519
   0.09294573069964847
   0.09877093479853073
   0.10088467201882581
   0.10992812263026737
   0.1076745229780505
   0.11566125721867579
   0.12171448071127287
   0.11909658753768121
   0.13834144708243168
   0.1428557428502828
   0.14509387161057963
   0.14430612042865512
   0.15713356746631624
   0.16666546666234663
   0.16495600732844345
   0.16963660694928492
   0.17677556392216656
   0.2020295189585231
   0.19334626339832237
   0.21319977827039469
   0.21821697371892873
   0.2324944172535204
   0.2222213222203997
   0.2560729788396333
   0.25197552161284137
   0.29814172617882406
   0.2721647921279938
   0.3015106812520759
   0.3123468834641321
   0.31622713356067345
   0.3429965871893325
   0.359210047276682
   0.3380611102829107
   0.359210047276682
   0.33333273333279334
   0.5163973921958424
   0.4170283485307214
   0.4082478005656205
   0.4364353222141747
   0.47140409652677207
   0.4170283485307214
   0.45883103185102203
   0.49999959999983995
   0.7071064983437785
   0.45883103185102203
   0.603022357492957
   0.6324552158058308
   0.6666663666665992
   0.8944269673930901
   0.6666663666665992
   0.6324552158058308
   0.9999997999999799
   0.9999997999999799
   0.7071064983437785
   0.816496335978715
   0.6324552158058308
   1.4142134209517316
   0.7559286814432771
   1.9999998999999975
   1.1547003651741576
   1.1547003651741576
   1.9999998999999975
   1.4142134209517316
   1.9999998999999975
   1.9999998999999975
   1.9999998999999975
   1.9999998999999975
   0
   1.4142134209517316
   1.4142134209517316
   1.9999998999999975
   1.9999998999999975
   0
   0
   1.9999998999999975
   0
   0
   0
   0
   1.9999998999999975
   0
   1.9999998999999975
   0
   1.4142134209517316
   0
   1.9999998999999975
   1.9999998999999975
   0
   0
   1.9999998999999975
   0
   0
   0
   1.9999998999999975
   0
   0
   0
   0
   0
   1.9999998999999975
   1.4142134209517316
   0
   0
   0
   0
   0
   0
   0
   0
   0
   0
   0
   0
   0
   0
   0
   1.9999998999999975
   0
   0
   0
   0
   0
   0
   0
   0
   0
   0
   0
   0
   0
   0
   0
   0
   0
   0
   0
   0
   0
   0
   0
   0
   0
   0
   0
   0
   0
   0
   0
   0
   0
   0
   0
   0
   0
   0
   0
   0
   0
   0
   0
   0
   0
   0
   0
   0
   0
   0
