   0
   0
   0
   0
   0
   0
   0
   0
   0
   0
   0
   0
   0
   0
   0
   0
   0
   0
   0
   0
   0
   0
   0
   0
   0
   0
   0
   0
   0
   0
   0
   0
   0
   0
   0
   0
   0
   0
   0
   0
   0
   0
   0
   0
   0
   0
   0
   0
   0
   0
   0
   0
   0
   0
   0
   0
   0
   0
   0
   0
   0
   0
   0
   0
   0
   0
   0
   0
   0
   0
   0
   0
   0
   0
   0
   0
   0
   0
   0
   0
   0
   0
   0
   0
   0
   0
   0
   0
   0
   0
   0
   1.9999998999999975
   0
   0
   0
   0
   0
   0
   0
   1.9999998999999975
   0
   0
   0
   0
   0
   0
   0
   0
   0
   0
   0
   0
   0
   0
   0
   0
   0
   0
   0
   0
   1.9999998999999975
   0
   0
   1.9999998999999975
   0
   0
   0
   0
   0
   1.9999998999999975
   0
   1.9999998999999975
   0
   1.9999998999999975
   0
   0
   0
   1.9999998999999975
   0
   1.9999998999999975
   1.9999998999999975
   0
   1.9999998999999975
   1.9999998999999975
   1.9999998999999975
   1.4142134209517316
   0
   1.4142134209517316
   0
   1.9999998999999975
   1.9999998999999975
   1.9999998999999975
   1.4142134209517316
   1.9999998999999975
   0
   0
   1.9999998999999975
   0
   1.4142134209517316
   1.4142134209517316
   1.9999998999999975
   1.9999998999999975
   0
   1.9999998999999975
   1.9999998999999975
   1.4142134209517316
   1.490711850835775
   1.9999998999999975
   0.7817357041296701
   1.6492421289792472
   1.44222037151054
   1.054092363652783
   1.326649765386479
   1.058300335443583
   1.058300335443583
   0.8944269673930901
   0.816496335978715
   0.8944269673930901
   1.3093071886634224
   0.7483312100934986
   0.8944269673930901
   0.8012333671546483
   0.7378199632870148
   0.8571426238094921
   0.8944269673930901
   0.7370274598298289
   0.6928200343523562
   0.6705995392272756
   0.942808829450005
   0.8571426238094921
   0.7071064983437785
   0.7061264465014416
   0.7905691620598415
   0.7071064983437785
   0.7370274598298289
   0.5642151188562929
   0.6373771254132047
   0.8571426238094921
   0.5656850713957369
   0.6960090988945077
   0.4841530097624136
   0.4995267862767116
   0.5142590883177032
   0.4743050773997553
   0.4303310181536827
   0.5811861816817204
   0.5144413314984276
   0.5366559419218238
   0.4164960837212063
   0.40655732215561813
   0.41344863156161366
   0.47058781029392577
   0.3938581644953068
   0.37203212831457166
   0.3691740597944208
   0.37499946666628736
   0.41310430537285114
   0.4241820315003346
   0.42217518442039487
   0.3271016428782689
   0.3746895027064803
   0.3156088956287513
   0.2906557678599657
   0.33917683044991376
   0.28852420714064775
   0.32727211616104557
   0.26925749757434797
   0.2746139529239107
   0.26247197413189544
   0.26698425372208223
   0.2911609288781555
   0.24971559151160533
   0.25353911090899783
   0.2590748567613146
   0.24489714251564512
   0.23845147123100627
   0.20185970888464463
   0.2176063498664351
   0.21536908632035043
   0.20985347548794653
   0.2171288297756039
   0.21986232908345166
   0.21459783684591827
   0.20588672860010115
   0.18675843265580783
   0.19047514047329642
   0.18518902493051692
   0.17991230510651787
   0.1850211920455837
   0.16714098221713292
   0.15969982395753105
   0.15542458650812127
   0.15188038303122509
   0.1552882775280203
   0.156267797130517
   0.13897055587650337
   0.1448347632666931
   0.14592832045776372
   0.13803877906265352
   0.13254901842475902
   0.12371467140604034
   0.12627261963825737
   0.12342659835960022
   0.1139635399636091
   0.11219910625241827
   0.1105222592697324
   0.1100469292783702
   0.10716838169400798
   0.10759694897791146
   0.10450301563503614
   0.09742730623393012
   0.10019218501147939
   0.09728218708626059
   0.09200970990319826
   0.09914257142766222
   0.0899400483506907
   0.0865057263426268
   0.08408411250136612
   0.08172092360271183
   0.08130106228329836
   0.07896179379398256
   0.07556490505663514
   0.07621004902097565
   0.07555514719703114
   0.0707212659190724
   0.06873795989124165
   0.06878133042277143
   0.06678327581673268
   0.06307666833206829
   0.0639900288056164
   0.06172468742657921
   0.06073541613380626
   0.057980090503875925
   0.056888739190055
   0.05520229701187434
   0.05469139307571495
   0.05242564059634654
   0.05190092380505151
   0.0502969301166738
   0.049522434245839006
   0.047920552254088
   0.04757693170012397
   0.04480664419796454
   0.04374521218315475
   0.043489475883546146
   0.04160824830704355
   0.04082157323522302
   0.04013134961826639
   0.039409632477543886
   0.03862974101518105
   0.037824308214191985
   0.036540007063739804
   0.035374307125808274
   0.03456062131145657
   0.03360693023959776
   0.03311824703790666
   0.031946788784836276
   0.031150614584692
   0.03040439726524036
   0.029779422233418836
   0.028929031587510808
   0.028851053789232875
   0.028130118551140077
   0.027253835119327392
   0.02672366285985992
   0.02576617159467996
   0.025307947392661956
   0.02481063967514697
   0.024013218006112516
   0.023592742147306892
   0.02266072015434158
   0.02230313941224726
   0.02189265556405726
   0.02115894767455852
   0.020817248974612377
   0.020294119778346012
   0.019891305970996153
   0.019266353830711867
   0.01879643598371524
   0.01831563816095803
   0.017902047171210744
   0.017538319826424082
   0.017099150659262798
   0.016616205358293223
   0.0162723779292577
   0.01584965487751603
   0.015434923744084969
   0.015066281351606228
   0.01467191941711462
   0.014426196765365126
   0.014050260835515778
   0.013668035499175044
   0.013241795865782323
   0.012972677861628281
   0.01266750899172094
   0.012386144464012363
   0.01210060817415008
   0.011733135288526242
   0.011388034734929883
   0.011183893927368762
   0.01090856977718321
   0.010619067730429367
   0.0104252801527544
   0.010092449464048046
   0.009882237106400776
   0.00968963530834376
   0.009394552670418567
   0.009175146759403448
   0.008965346917285582
   0.008747959882120725
   0.008507765053110388
   0.008291798946040525
   0.008123808985361225
   0.007881732862053051
   0.0077139921685653754
   0.007546050455445484
   0.007321952022932863
   0.007157337469175801
   0.006978924955793444
   0.0068013536285505966
   0.006636427231291729
   0.006467424478500826
   0.006330377887804493
   0.006160201709397612
   0.006013770205747609
   0.005843730722061906
   0.005718753264539363
   0.005581190206575249
   0.00543873963244525
   0.005301287851579553
   0.005164783710000382
   0.005037606831684567
   0.004925724699169326
   0.004789612446660708
   0.0046743155612085086
   0.002687691793327122
   0.0026677705223912694
   0.002652703499973189
   0.002645026794940915
   0.0026399615484133825
   0.0026404355612532297
   0.0026450003110320332
   0.0026576927516154844
   0.0026686713200182247
   0.002686708145049781
   0.004673506816356882
   0.004801734726501307
   0.004917933515598453
   0.005037908063760444
   0.005165832458532258
   0.00530565651851092
   0.00543787735885821
   0.005569650949241287
   0.005728428608239589
   0.00584771598091278
   0.005989968132388494
   0.006155878465010883
   0.006304126090470722
   0.006475549313069348
   0.006636034130128864
   0.00681311841159356
   0.006971884412323989
   0.007149859198323527
   0.007315781034009254
   0.00750291257251153
   0.0077092610420235255
   0.00787099296876427
   0.008076112247874651
   0.00827091289956447
   0.008529146349730033
   0.008741237393351406
   0.008966075461596095
   0.00917042941056554
   0.009427769651776908
   0.009610060564450235
   0.009880077491360778
   0.010144378112533802
   0.010381000317709452
   0.01062248380992007
   0.010933112587302922
   0.011168958718593913
   0.011511749137635606
   0.011790334097019668
   0.012014381090841303
   0.012364333066537466
   0.012712533362898805
   0.01290849172161719
   0.01329104482202167
   0.013638195880703688
   0.01401718535745963
   0.014269100789869094
   0.014620311856399606
   0.015001387414884819
   0.015364703379748173
   0.015817819397620676
   0.01617142384577545
   0.016757568392396338
   0.01684459332042961
   0.017453441732032667
   0.01791055317601078
   0.018343846881538152
   0.018884668793042847
   0.01907185836084593
   0.019664596132922246
   0.02013684544559037
   0.0208036615903924
   0.021332979344956364
   0.021719478127006774
   0.02225058429087431
   0.022854157106574065
   0.023502980934716616
   0.02429678281027044
   0.02501060469284233
   0.025174067921811413
   0.026150903570667034
   0.026671342811074573
   0.027072228356013018
   0.02785529217586093
   0.02868494190626793
   0.028980515982866915
   0.030202117411841024
   0.030933258657138304
   0.03126671537828265
   0.03264508573669883
   0.032530711907531325
   0.03362467219762173
   0.03499681385576096
   0.03583351333196392
   0.03697072504339448
   0.037855982872320594
   0.03938438549126244
   0.03881359790693219
   0.04033189348325274
   0.04137425735976227
   0.04239520471873388
   0.04300290557276134
   0.044180159035593976
   0.04533455033819513
   0.047556146006335155
   0.0482844912144338
   0.05053332496305418
   0.050878187927753074
   0.0518502250552438
   0.051740913694823094
   0.055002538967259665
   0.055025291975036104
   0.05636397046434708
   0.05843883113813337
   0.059079679306106886
   0.06452306665843122
   0.062425542081531386
   0.06535290449988598
   0.06722220601010738
   0.06838450036140645
   0.06865567246806173
   0.07111022772731107
   0.07128123012186001
   0.07480085472129318
   0.07778893653132402
   0.0773803758634335
   0.0768376260357765
   0.08259215755134497
   0.08542269696467507
   0.08971304250128642
   0.08896227038736344
   0.0912992590481254
   0.09199479889736012
   0.10006509396561622
   0.0997549785983607
   0.10163192531909185
   0.10340042738740719
   0.10759538462944082
   0.11217012738867453
   0.1150934023926299
   0.11601422412868558
   0.11993518783702127
   0.11628695662599509
   0.12453201021917067
   0.12348385072114373
   0.12730093618949306
   0.13696837071105547
   0.13416092749557748
   0.13543274457174734
   0.13885315073810128
   0.15464938383698326
   0.1444715764262389
   0.15028214786508123
   0.15150705653812718
   0.1786437263229799
   0.15349152132966248
   0.16923979870165126
   0.1791550403218923
   0.18190031081107658
   0.17313044189412038
   0.18741282491374156
   0.18807674999555068
   0.2004196804999789
   0.19624896848400328
   0.20959439687868198
   0.2248986506001776
   0.22456981097200043
   0.23144476791257912
   0.24474826083991377
   0.2534113002113953
   0.22335223597535966
   0.23108307251041646
   0.25298142224282
   0.23864673205785472
   0.2465757490103193
   0.27148800495978703
   0.27540397757667173
   0.3312000566893376
   0.283469849464728
   0.31225401943226483
   0.3265980199980805
   0.3271016428782689
   0.2997889379635794
   0.3354029666204518
   0.3471216316516356
   0.3532184948498163
   0.3340954328741843
   0.3479067631448642
   0.37730718401736146
   0.38078813006710177
   0.43141864700032595
   0.3563477613008492
   0.3740136073058111
   0.38635408061574417
   0.4249178221204137
   0.41096044686671346
   0.5106753521907728
   0.387297818222618
   0.37679557938221003
   0.3999994999996875
   0.5128724488143562
   0.6402904803048184
   0.5099015591268573
   0.7050113616945071
   0.5302628954792099
   0.4969035925075543
   0.5713139242132997
   0.5245947006975957
   0.6343236271063261
   0.7905691620598415
   0.6394438903366649
   0.6388762519503465
   0.6388762519503465
   0.6285390428565768
   0.7453557241717242
   0.6928200343523562
   0.7071064983437785
   0.7041785062006943
   0.6335484851571999
   0.65555447227191
   0.8724937104303299
   0.942808829450005
   0.6236092437487508
   1.0301573131303385
   1.2472189685678916
   0.6343236271063261
   1.4142134209517316
   0.9476068719007209
   0.749655301504885
   1.1547003651741576
   1.1999998333333217
   0.7905691620598415
   0.942808829450005
   0.8012333671546483
   1.490711850835775
   1.1547003651741576
   1.058300335443583
   0.8944269673930901
   1.1065664896057388
   1.224744708092262
   0
   1.4142134209517316
   1.1999998333333217
   1.1547003651741576
   1.4142134209517316
   1.490711850835775
   0
   1.058300335443583
   1.4142134209517316
   1.9999998999999975
   1.058300335443583
   0.9999997999999799
   1.224744708092262
   1.9999998999999975
   1.9999998999999975
   0
   0
   1.9999998999999975
   0
   0
   0
   1.1547003651741576
   1.9999998999999975
   1.9999998999999975
   1.4142134209517316
   1.9999998999999975
   1.9999998999999975
   0
   1.4142134209517316
   0
   1.490711850835775
   1.4142134209517316
   1.4142134209517316
   0
   1.9999998999999975
   0
   0
   0
   1.9999998999999975
   0
   0
   0
   0
   0
   0
   0
   0
   0
   1.9999998999999975
   1.9999998999999975
   0
   0
   1.4142134209517316
   0
   0
   1.9999998999999975
   0
   0
   0
   0
   0
   1.9999998999999975
   0
   0
   0
   0
   0
   0
   1.9999998999999975
   0
   0
   0
   0
   0
   0
   0
   0
   0
   0
   0
   0
   0
   0
   0
   0
   0
   1.9999998999999975
   0
   0
   0
   0
   0
   0
   0
   0
   0
   0
   0
   0
   0
   0
   0
   0
   0
   0
   0
   0
   0
   0
   1.9999998999999975
   0
   0
   0
   0
   0
   0
   0
   0
   0
   0
   0
   0
   0
   0
   0
   0
   0
   0
   0
   0
   0
   0
   0
   0
   0
   0
   0
   0
   0
   0
   0
   0
   0
   0
   0
   0
   0
   0
   0
   0
   0
   0
   0
   0
   0
   0
   0
   0
   0
   0
   0
   0
   0
   0
   0
   0
