   0.007402630590801804
   0.006767650272427474
   0.006567591886968379
   0.006499982947062212
   0.0064760800834209415
   0.006478182399234094
   0.006477717457995246
   0.006465776810066992
   0.00647673319897909
   0.0064764130075360945
   0.0064610341150172
   0.006480032927912404
   0.006448413232851933
   0.006455326574374243
   0.006483446950304668
   0.006462518184439222
   0.006457156727784737
   0.006456801313051356
   0.006474798571284809
   0.0064639254319177756
   0.006449973651543468
   0.006470985770442015
   0.006464834035483528
   0.006488447152964224
   0.006453768142263114
   0.006469199005252642
   0.006456318167194064
   0.006478507120294119
   0.006466452195205014
   0.006464559646945214
   0.006472815748385145
   0.006478339700061605
   0.006441854137418239
   0.006468271616100118
   0.006477079408225458
   0.0064720821704553
   0.006467947852492274
   0.006465158903414742
   0.006468810271029884
   0.006456770702371086
   0.006449617924150286
   0.006471421816949808
   0.006434757488339306
   0.0064419210227080765
   0.006454582082271155
   0.006441841710109565
   0.006465236630322611
   0.006444676451822218
   0.006472091956819351
   0.0064691454969912675
   0.006459137536502102
   0.006481625365041535
   0.006476258442818324
   0.0064790429073161016
   0.006494760187771763
   0.006483155490063556
   0.006467531494571416
   0.0064706979498163
   0.006477484123484148
   0.006475518663456959
   0.006452235412275903
   0.0064657377443681375
   0.006460389593573273
   0.00646171501237266
   0.006459589929399281
   0.006484261710959266
   0.006448718584196913
   0.00647409637532481
   0.006478260167143831
   0.006455926027116425
   0.0064709280317981465
   0.006476237210608656
   0.006461546064700336
   0.00646181687439473
   0.006477327028266661
   0.006466163566363684
   0.006447814166392071
   0.006452309269643664
   0.00645581977672722
   0.006465752389751851
   0.006456469351703024
   0.006485890012263215
   0.006483937332032365
   0.006440331476973121
   0.006462286233810216
   0.0064729662810967354
   0.006451417015468337
   0.006451124811563001
   0.006447914287035631
   0.006466148284618078
   0.006462834211156972
   0.006472344768401682
   0.006476927670156999
   0.006470004741274772
   0.006452953158651781
   0.006467182511529978
   0.006480649435555195
   0.006551003479603554
   0.006744923988489609
   0.00741437425249361
