   0.016842205787205307
   0.015756765887268796
   0.01519885905299661
   0.014767143944674942
   0.014557837574832604
   0.014331333340971825
   0.014186914102075319
   0.014074809604272109
   0.01397397426534506
   0.013779115093968359
   0.013705572074073335
   0.013663842605860498
   0.013506221912938914
   0.013381122294990609
   0.013296084187323965
   0.013186191427969549
   0.013117477342542268
   0.013037447971863358
   0.0129584846516198
   0.01286540703552787
   0.012807881976379986
   0.012746088008211113
   0.012683592094896176
   0.012613360139698947
   0.01257783617485198
   0.01250588909076598
   0.012479045948908685
   0.012446153793132582
   0.01241290712394005
   0.012371800658981741
   0.012360396912670211
   0.012336412517486345
   0.012291522002871322
   0.012294876043040859
   0.012309147088182459
   0.012281684764898219
   0.01224844882580033
   0.012188772878033294
   0.012151507884912104
   0.012154148701974602
   0.012144105305258952
   0.01213859891656465
   0.01207305259250365
   0.012085234825061074
   0.012028873890572011
   0.012032669641054415
   0.012038831403437667
   0.01204214757152543
   0.01202511744149999
   0.012037912733312306
   0.012009435622231059
   0.012025524821719332
   0.012045047898386388
   0.012056294100137834
   0.01206452474876606
   0.012073177055498447
   0.012069109364462515
   0.012104860114854317
   0.01210536413509842
   0.012113537568538299
   0.01208742929771715
   0.01212873057654979
   0.012156895702765833
   0.012152420808339573
   0.012219445893057759
   0.01226424327402178
   0.012313343112719274
   0.012358230280445831
   0.012383256859004297
   0.012422921776824138
   0.012488974527380094
   0.012502121004761115
   0.012552985335981526
   0.012638566613220645
   0.012645452391514642
   0.012683383012722099
   0.012721731138030557
   0.012786960807949034
   0.012819129449243682
   0.012907095512287433
   0.012911883839493743
   0.013002990364327482
   0.01309966873753704
   0.013139870052384787
   0.013229555809117605
   0.013303987367683763
   0.013415939370487875
   0.013446055730980127
   0.013554506843028372
   0.013678493137525422
   0.013816600104771414
   0.013935985395268928
   0.01409207598994955
   0.014266774448878082
   0.014450106935714437
   0.014579960498004604
   0.014828821864941466
   0.015194112995482617
   0.01570639413704622
   0.01685645118716218
