   0.007339817313012251
   0.006379714780084679
   0.006292361175410576
   0.006290203570289195
   0.0062890055225138936
   0.006302452490904263
   0.006298446440532756
   0.006298246714482338
   0.006287354171622757
   0.006287880424261051
   0.006307662058452338
   0.00629045435841885
   0.006280899975310875
   0.006283330847216947
   0.006303565869468581
   0.006302869468879589
   0.006298164247862187
   0.006284746309403236
   0.006289519290991804
   0.006292170338695836
   0.006286595938766832
   0.006305162015964195
   0.006305638688260175
   0.006299142581892286
   0.006310471502057011
   0.006275176372578529
   0.006294532956148697
   0.006297912279086604
   0.006290718384714564
   0.006301266800051608
   0.006288313608294261
   0.006285621804241614
   0.006304669762947618
   0.006302659209020071
   0.006275531519479637
   0.006295285069366837
   0.006301140076793297
   0.006277793546169501
   0.00630083869971821
   0.006293910621428057
   0.006281169038446236
   0.006282550872192261
   0.006306823820517153
   0.0063009578648969096
   0.006299408985195288
   0.006300159469444671
   0.006305570677485744
   0.00629137424346494
   0.00628592041961214
   0.006295835060608065
   0.006296285132669237
   0.0062805317314734025
   0.006276709064293512
   0.0062954582833337665
   0.006280258576537261
   0.00631143249622413
   0.006312405886779373
   0.006302698208026854
   0.0063048731617953435
   0.006305978008198409
   0.006287912149932063
   0.006298223945704782
   0.006302846261968108
   0.006301837775473828
   0.006296301300103034
   0.006281912210766182
   0.006301901260941364
   0.0063218914003559
   0.006306327972386047
   0.006293463340583895
   0.006304262771841873
   0.006309256750518447
   0.006296482487040671
   0.0062826003221356525
   0.006296314019197468
   0.0063015864482301905
   0.006289043348869268
   0.00629550158675641
   0.006276398817472421
   0.006299897309861232
   0.0063013894301870025
   0.00628640129579661
   0.006299463112706308
   0.006302122059516026
   0.006299571612580132
   0.00628574393816512
   0.00628469820929297
   0.0062967106755423665
   0.006292773255422681
   0.0063184228702858735
   0.006298564078153633
   0.006285882162917651
   0.006305060408171338
   0.006294294623101288
   0.006300324616449398
   0.006303168132649831
   0.006304220267390183
   0.006299791419473335
   0.0063611276926596825
   0.0073350736671394115
