   0
   0
   0
   0
   0
   0
   0
   0
   0
   0
   0
   0
   0
   0
   0
   0
   0
   0
   0
   0
   0
   0
   0
   0
   0
   0
   0
   0
   0
   0
   0
   0
   0
   0
   0
   0
   0
   0
   0
   0
   0
   0
   0
   0
   0
   0
   0
   0
   0
   0
   0
   0
   0
   0
   0
   0
   0
   0
   0
   0
   0
   0
   0
   0
   0
   0
   0
   0
   0
   0
   0
   0
   0
   0
   0
   0
   0
   0
   0
   0
   0
   0
   0
   0
   0
   0
   0
   0
   0
   0
   0
   0
   0
   0
   0
   0
   0
   0
   0
   0
   0
   0
   0
   0
   0
   0
   0
   0
   0
   0
   0
   0
   0
   0
   0
   0
   0
   0
   0
   0
   0
   0
   0
   0
   0
   0
   0
   0
   0
   0
   0
   0
   0
   0
   0
   0
   0
   0
   1.9999998999999975
   0
   0
   0
   0
   0
   0
   0
   0
   0
   0
   0
   0
   0
   1.9999998999999975
   0
   0
   0
   0
   0
   0
   1.9999998999999975
   1.9999998999999975
   0
   1.9999998999999975
   0
   0
   1.9999998999999975
   1.9999998999999975
   1.4142134209517316
   1.4142134209517316
   1.4142134209517316
   0
   1.9999998999999975
   0
   1.9999998999999975
   1.9999998999999975
   1.4142134209517316
   1.9999998999999975
   1.4142134209517316
   1.4142134209517316
   1.4142134209517316
   1.1547003651741576
   1.9999998999999975
   1.9999998999999975
   1.4142134209517316
   0.816496335978715
   0
   1.4142134209517316
   1.1547003651741576
   1.1547003651741576
   0.9999997999999799
   0.7559286814432771
   1.4142134209517316
   1.1547003651741576
   0.9999997999999799
   1.4142134209517316
   0.9999997999999799
   1.1547003651741576
   0.9999997999999799
   0.7071064983437785
   0.8944269673930901
   0.816496335978715
   0.7559286814432771
   1.1547003651741576
   1.1547003651741576
   1.058300335443583
   0.7559286814432771
   0.6666663666665992
   0.6324552158058308
   0.7559286814432771
   0.65555447227191
   0.6666663666665992
   0.6666663666665992
   0.7071064983437785
   0.5546998356699844
   0.7370274598298289
   0.5958432560655667
   0.5163973921958424
   0.47619005619029103
   0.5497470529454634
   0.5163973921958424
   0.5497470529454634
   0.4364353222141747
   0.603022357492957
   0.5163973921958424
   0.40800501209296997
   0.5163973921958424
   0.3999994999996875
   0.4264009636693869
   0.3713901378372326
   0.3779639438585946
   0.3989005954470499
   0.359210047276682
   0.3491178261127542
   0.359210047276682
   0.32836473643114056
   0.32444222581953913
   0.30499648492065196
   0.31586839447843706
   0.31622713356067345
   0.28571358571342825
   0.2732961410177657
   0.26967920336442835
   0.25197552161284137
   0.24243578573321561
   0.2339981956245722
   0.24423540642874272
   0.22933943331642453
   0.22169221879255677
   0.25558764404208245
   0.20272341166779848
   0.2073434101935543
   0.2029089304961481
   0.19692709192828345
   0.2051510739989657
   0.19218231283490772
   0.18646464367512655
   0.18467886324709692
   0.16718527620892393
   0.16489811955804476
   0.161111696115522
   0.15607517929413217
   0.15190726998614526
   0.17123255430647816
   0.15110137618313
   0.1411169834025275
   0.13512425238504666
   0.13061279004487908
   0.12595249590256274
   0.12134302874416653
   0.11840315099335595
   0.1167490660499777
   0.11381977935951715
   0.11255372767820952
   0.10173298383513578
   0.10547968875871976
   0.10499776544251994
   0.10156328414279964
   0.09534393695661908
   0.09142768935232118
   0.09043325094163969
   0.08875654757241858
   0.08599742550691203
   0.08132215700831597
   0.08085742720645378
   0.0752896688820107
   0.07587390154107095
   0.07289469783276126
   0.07204103982234793
   0.06961500266081351
   0.06838551025167083
   0.0653734714958153
   0.0645722480858127
   0.061644217716017656
   0.06287432317598604
   0.05741932280511698
   0.05581366284258908
   0.05418479233209007
   0.053664434207876435
   0.05139432877300827
   0.04976910925703447
   0.04977371082559475
   0.04795912143380996
   0.046369640182828686
   0.04418590545667227
   0.042992983522607414
   0.041943158557051594
   0.04172204390978334
   0.039408296567024416
   0.03878175139889656
   0.03763046749929226
   0.036684818717726074
   0.03546392245128632
   0.034325334713859804
   0.03371157893897285
   0.032530181629537094
   0.031804281621675305
   0.03082717238318858
   0.029530104270402518
   0.028808228814067523
   0.027841397181205495
   0.027317936406397625
   0.026415578630570535
   0.025763469975814208
   0.024990757864482304
   0.0241407982501265
   0.023738388974635812
   0.02298438241476462
   0.02219011117007847
   0.021448191019526375
   0.02100212219946902
   0.0203626879979044
   0.01981909771266425
   0.019073760581802088
   0.018679597054448018
   0.018091657034156414
   0.01759369379502852
   0.01707377344138756
   0.01657979374574689
   0.01608489596087135
   0.015650539014398532
   0.015260992552764233
   0.014805031786672772
   0.014418487696771568
   0.013996464981872793
   0.013515337804446057
   0.013129957211874096
   0.012705285983466546
   0.012342324873362624
   0.012026942102687942
   0.011670836909953087
   0.011345331189606905
   0.010966227239103088
   0.010700172220630447
   0.010390058817285113
   0.01011342782450228
   0.009818157217022592
   0.009521057366331994
   0.009216774043406381
   0.008952446270086336
   0.008728446143821051
   0.008427263714170736
   0.008219464481948456
   0.007967098233951088
   0.007743137703401329
   0.007529817568153537
   0.00728886714586911
   0.007087982192973006
   0.006873680387996695
   0.006668242138684533
   0.006497771388116542
   0.006309274035305672
   0.00612081475549699
   0.00592484289534571
   0.005753191035296547
   0.0055899879493086415
   0.005430811461859182
   0.005272687963299348
   0.005122500628677418
   0.004972929864227814
   0.004821296327874552
   0.0046779385146576875
   0.0045434600888066634
   0.004408422141496126
   0.004281035259578569
   0.004151063063694936
   0.004028766227761723
   0.003912796788601894
   0.003798470038204477
   0.00368558651327626
   0.0035715598735507376
   0.0034687907789494356
   0.0033678046725759167
   0.003264543247328883
   0.0031681980742145036
   0.0030702309736979744
   0.002982379644557803
   0.0029115296375946936
   0.002868989069268841
   0.002837646908127761
   0.002823919165530346
   0.0028226654429485886
   0.0028367162907455674
   0.0028653093279436812
   0.002917225411301081
   0.002984427650166918
   0.0030750857184488013
   0.0031677405914797385
   0.0032586392882028854
   0.003362773370021772
   0.0034666407202135065
   0.0035700430026695024
   0.0036893791793623956
   0.00379301241373538
   0.0039169694967963326
   0.004023754916071876
   0.004154605187175474
   0.004280377286776131
   0.0044036215837957434
   0.004543704911832795
   0.004683408056539324
   0.004826067292118386
   0.004965387011858409
   0.005124860861524258
   0.005277741232137458
   0.0054241091614332096
   0.005585985926078483
   0.005758712010947911
   0.005938248539785263
   0.006098828585330325
   0.006287381177318659
   0.0064942571741358505
   0.006666235744981415
   0.006852957763554873
   0.00708652806975334
   0.007274385607171025
   0.007488979390587839
   0.007720669799404398
   0.007938920832693805
   0.008199885978892785
   0.008422857212623704
   0.008679499467588727
   0.008946242988717348
   0.009238782912576534
   0.009491764125775088
   0.009772697499369433
   0.010045708957270168
   0.010361005242660709
   0.010658722799155985
   0.011000072959239604
   0.01136645011477214
   0.011672565351900156
   0.011956516913643602
   0.012395100114554018
   0.012749964212446875
   0.013100597552370048
   0.013488137535678332
   0.013938210096635203
   0.014286287155615184
   0.014765065499656855
   0.015123054275675285
   0.01559210747965529
   0.016017298358437224
   0.016546004221049293
   0.017065523767763165
   0.01762438764441627
   0.017896906115735568
   0.01849464782432195
   0.01923083300277812
   0.01968981750287571
   0.02005224291788739
   0.020902079079565167
   0.021668431088310562
   0.022101706606874973
   0.02281605773041074
   0.02341494315531896
   0.024425772946473207
   0.025003651538091677
   0.025753663242827986
   0.026386784737297025
   0.027268602868372672
   0.02799913865268362
   0.028893944265323126
   0.029448511277005974
   0.030822948649798308
   0.03086120495417457
   0.03253802565074024
   0.03320406571111659
   0.034030456936721146
   0.03592807021320582
   0.036421751616497404
   0.03783930473243119
   0.0386659028917926
   0.039951700094851675
   0.04121289421072363
   0.04314220682577744
   0.043535353918583534
   0.045137030946279084
   0.04625739376485733
   0.04747110240372237
   0.049602074391511576
   0.05035450734132869
   0.05241204596580509
   0.052987871550593535
   0.05486837045031628
   0.055279742655819045
   0.05893633282255116
   0.05768493563935455
   0.06108604093499937
   0.06396156206760911
   0.06579513622519798
   0.06668058835283419
   0.06794413271815154
   0.07229320679239606
   0.07413209534158267
   0.07468803577868798
   0.07584254150443855
   0.08039202829950857
   0.08262092857604798
   0.0877275192602537
   0.08371659682353347
   0.08806230971722823
   0.09417631181754411
   0.09788622675505355
   0.10241337436241202
   0.10063891443659094
   0.10926732711190786
   0.1076541736935017
   0.11195883924246472
   0.11920821440185257
   0.12330982102481591
   0.11748336562510679
   0.11925528173721371
   0.1352711231142191
   0.12215201313157319
   0.14667722460206362
   0.1370129987928928
   0.1424483023146456
   0.1458979157383227
   0.14645580951949919
   0.1569594794865606
   0.15993627448981035
   0.15850415433719317
   0.17390910743725282
   0.17699676278370258
   0.19436403416727532
   0.20591163153158684
   0.19468923821128817
   0.20591163153158684
   0.19472991010990198
   0.21520548232312334
   0.21276501744473206
   0.21946683112807255
   0.22062311628098671
   0.229863997733251
   0.24243578573321561
   0.24607566563557856
   0.23895264265560817
   0.2683714767939596
   0.24607566563557856
   0.27734937700142204
   0.2828420053669539
   0.28489871064871225
   0.2715167762952232
   0.2868869581367741
   0.3173961889196856
   0.3658922669590164
   0.3086060518494335
   0.33627830393720365
   0.37061640529681095
   0.3429965871893325
   0.35685646803093
   0.3912298870099215
   0.3989005954470499
   0.3644339446319456
   0.383983228304962
   0.4170283485307214
   0.40703817188659475
   0.5773499227793603
   0.4472131482861388
   0.5163973921958424
   0.4690411495807164
   0.5163973921958424
   0.4969035925075543
   0.47619005619029103
   0.49999959999983995
   0.5128112504096539
   0.49999959999983995
   0.7559286814432771
   0.7071064983437785
   0.6666663666665992
   0.7559286814432771
   0.6666663666665992
   0.7370274598298289
   0.5958432560655667
   0.6928200343523562
   0.7071064983437785
   0.7071064983437785
   0.9999997999999799
   0.8944269673930901
   0.816496335978715
   1.1547003651741576
   1.1547003651741576
   0.8944269673930901
   0.8944269673930901
   1.4142134209517316
   1.1547003651741576
   1.1547003651741576
   0.8944269673930901
   1.1547003651741576
   1.1547003651741576
   0.9999997999999799
   1.9999998999999975
   0.8944269673930901
   1.1547003651741576
   1.9999998999999975
   1.1547003651741576
   1.1547003651741576
   0
   1.4142134209517316
   1.4142134209517316
   1.9999998999999975
   0
   1.4142134209517316
   0
   0
   1.9999998999999975
   1.9999998999999975
   0
   0
   0
   1.1547003651741576
   1.9999998999999975
   1.9999998999999975
   1.4142134209517316
   0
   0
   0
   1.9999998999999975
   0
   1.9999998999999975
   1.4142134209517316
   1.1547003651741576
   1.9999998999999975
   0
   0
   0
   0
   1.9999998999999975
   1.9999998999999975
   0
   1.9999998999999975
   0
   0
   0
   0
   0
   0
   0
   0
   0
   0
   0
   0
   0
   0
   0
   0
   0
   0
   0
   0
   0
   1.9999998999999975
   1.9999998999999975
   0
   1.9999998999999975
   0
   1.9999998999999975
   1.4142134209517316
   0
   1.9999998999999975
   0
   0
   0
   0
   0
   0
   0
   0
   0
   0
   0
   0
   0
   0
   0
   0
   0
   0
   0
   0
   0
   0
   0
   0
   0
   0
   0
   0
   0
   0
   0
   0
   0
   0
   0
   0
   0
   0
   0
   0
   0
   0
   0
   0
   0
   0
   0
   0
   0
   0
   0
   0
   0
   0
   0
   0
   0
   0
   0
   0
   0
   0
   0
   0
   0
   0
   0
   0
   0
   0
   0
   0
   0
   0
   0
   0
   0
   0
   0
   0
   0
   0
   0
   0
   0
   0
   0
   0
   0
   0
   0
   0
   0
   0
   0
   0
   0
   0
   0
   0
   0
   0
   0
   0
   0
   0
   0
   0
   0
   0
   0
   0
   0
   0
   0
   0
   0
   0
   0
