   0
   0
   0
   0
   0
   0
   0
   0
   0
   0
   0
   0
   0
   0
   0
   0
   0
   0
   0
   0
   0
   0
   0
   0
   0
   0
   0
   0
   0
   0
   0
   0
   0
   0
   0
   0
   0
   0
   0
   0
   0
   0
   0
   0
   0
   0
   0
   0
   0
   0
   0
   0
   0
   0
   0
   0
   0
   0
   0
   0
   0
   0
   0
   0
   0
   0
   0
   0
   0
   0
   0
   0
   0
   0
   0
   0
   0
   0
   0
   0
   0
   0
   0
   0
   0
   0
   0
   0
   0
   0
   0
   0
   0
   0
   0
   0
   0
   0
   0
   0
   0
   0
   0
   0
   0
   0
   0
   0
   0
   0
   0
   0
   0
   0
   0
   0
   0
   0
   0
   0
   0
   0
   0
   0
   0
   0
   0
   0
   0
   0
   0
   0
   0
   0
   0
   0
   0
   0
   0
   0
   0
   0
   0
   0
   0
   0
   0
   0
   0
   0
   0
   0
   0
   0
   0
   0
   0
   0
   0
   0
   0
   0
   0
   0
   0
   0
   0
   0
   0
   0
   0
   0
   0
   0
   0
   0
   0
   0
   0
   0
   0
   0
   0
   0
   0
   0
   0
   0
   0
   0
   0
   0
   0
   0
   0
   0
   0
   0
   0
   0
   0
   0
   0
   0
   0
   0
   0
   0
   0
   0
   0
   0
   0
   0
   0
   0
   0
   0
   0
   0
   0
   0
   0
   0
   0
   0
   0
   1.9999989999997498
   0
   0
   0
   0
   0
   0
   0
   0
   0
   0
   0
   0
   0
   0
   0
   0
   0
   0
   1.9999989999997498
   0
   0
   0
   0
   0
   0
   0
   0
   0
   0
   0
   0
   1.9999989999997498
   0
   0
   0
   1.9999989999997498
   0
   1.9999989999997498
   0
   1.9999989999997498
   1.9999989999997498
   0
   0
   0
   1.9999989999997498
   1.9999989999997498
   0
   1.9999989999997498
   1.9999989999997498
   0
   0
   0
   1.9999989999997498
   1.9999989999997498
   1.4907106433584696
   1.9999989999997498
   0
   0
   1.9999989999997498
   1.9999989999997498
   1.9999989999997498
   1.9999989999997498
   0
   1.4907106433584696
   1.9999989999997498
   0
   1.9999989999997498
   0
   1.9999989999997498
   1.9999989999997498
   1.9999989999997498
   1.9999989999997498
   0
   1.9999989999997498
   0
   0
   1.9999989999997498
   1.9999989999997498
   0
   1.9999989999997498
   0
   1.9999989999997498
   0
   0
   1.9999989999997498
   0
   0
   1.4142121481588255
   1.4142121481588255
   0
   0
   1.9999989999997498
   1.4142121481588255
   1.9999989999997498
   1.4142121481588255
   1.4142121481588255
   1.4907106433584696
   1.9999989999997498
   1.9999989999997498
   1.9999989999997498
   1.5811375651726196
   1.4142121481588255
   1.9999989999997498
   1.9999989999997498
   1.9999989999997498
   1.1546988063271448
   1.3266484085845804
   0
   0
   0
   1.0582986346017837
   1.4907106433584696
   1.4142121481588255
   1.9999989999997498
   0
   1.4142121481588255
   0
   1.1546988063271448
   1.4142121481588255
   0
   1.1546988063271448
   1.4907106433584696
   1.9999989999997498
   1.1546988063271448
   1.2247432383973387
   1.1546988063271448
   1.4907106433584696
   1.4142121481588255
   1.4142121481588255
   1.4142121481588255
   1.9999989999997498
   1.9999989999997498
   1.4142121481588255
   1.4142121481588255
   1.9999989999997498
   0
   1.1546988063271448
   1.2247432383973387
   1.0582986346017837
   1.4907106433584696
   0
   1.4142121481588255
   1.054090656021156
   1.4142121481588255
   1.1546988063271448
   0.8944249549291433
   1.4907106433584696
   1.054090656021156
   1.4142121481588255
   1.9999989999997498
   1.1546988063271448
   1.1546988063271448
   1.199998333332176
   1.9999989999997498
   0.9999979999980001
   1.1546988063271448
   1.9999989999997498
   1.1546988063271448
   0.9428069202593333
   1.1065648629512719
   1.1546988063271448
   1.4142121481588255
   1.1546988063271448
   1.1726022343488862
   1.0582986346017837
   0.9428069202593333
   0.8660230943802827
   1.4142121481588255
   1.9999989999997498
   0.9999979999980001
   0.8944249549291433
   1.0582986346017837
   1.4142121481588255
   1.1546988063271448
   0.9999979999980001
   1.2247432383973387
   1.9999989999997498
   0.9428069202593333
   1.9999989999997498
   1.4142121481588255
   1.1546988063271448
   1.4142121481588255
   1.1546988063271448
   1.2247432383973387
   1.2247432383973387
   1.4907106433584696
   1.9999989999997498
   1.9999989999997498
   0.8944249549291433
   1.1546988063271448
   1.9999989999997498
   0.9999979999980001
   1.2247432383973387
   0.9162435117584767
   1.4142121481588255
   0.9999979999980001
   1.9999989999997498
   1.4907106433584696
   1.9999989999997498
   1.1546988063271448
   0.9428069202593333
   0.8164941314343089
   0.9162435117584767
   0.9428069202593333
   0.7071039527537659
   0.7483288047375967
   1.0582986346017837
   0.8571405238063479
   1.2247432383973387
   0.8571405238063479
   0.7692281692263754
   0.8164941314343089
   1.1546988063271448
   1.0582986346017837
   1.1546988063271448
   1.1546988063271448
   1.1546988063271448
   1.1546988063271448
   1.2247432383973387
   0.8164941314343089
   0.9999979999980001
   0.8660230943802827
   0.9476049723769231
   0.9999979999980001
   0.8164941314343089
   0.7041759500260154
   0.9128687382824178
   0.6666636666599165
   0.8606606420307256
   1.4142121481588255
   0.782458240393175
   1.2247432383973387
   0.8606606420307256
   0.6236063573191737
   0.8571405238063479
   0.5469597563525603
   0.7041759500260154
   0.7496529003974974
   0.7994055631767081
   0.6666636666599166
   0.4995231828533482
   0.63245236974811
   0.9428069202593333
   0.7925245570666685
   0.63245236974811
   0.7071039527537659
   0.6236063573191737
   0.6030193725216162
   0.7496529003974974
   0.6758279402660788
   0.5345187421543661
   0.9162435117584767
   0.7559263002625133
   0.5773468050776183
   0.5497437787026082
   0.6705968550566238
   0.801231120615004
   0.8719670742134686
   0.583091759502739
   0.5958402351291968
   0.7999974999960937
   0.5497437787026082
   0.5999966666574074
   0.6086923664507592
   0.5303263146403354
   0.5211534690200238
   0.5860770467345922
   0.48237224278498686
   0.6705968550566238
   0.5590134166547347
   0.5211534690200238
   0.7071039527537659
   0.4635429139333825
   0.5048204090856103
   0.4841492919152148
   0.5128077403342434
   0.6846502756882523
   0.5303263146403354
   0.5862985587565434
   0.4635429139333825
   0.43891805752838403
   0.4382235682247127
   0.4615341281847854
   0.47418147476036765
   0.4040560680430984
   0.4518349147311796
   0.4285667618793543
   0.4682709296081362
   0.388062981833626
   0.42491358598608675
   0.39741548413967986
   0.43080854216229275
   0.35896878750255146
   0.4124221404675964
   0.3626001022966443
   0.4330080830654319
   0.4472091233416421
   0.3833207214725081
   0.38675636715460293
   0.34640438796297024
   0.40504135591319557
   0.39999499996874965
   0.388062981833626
   0.34992139058913896
   0.36220988390710707
   0.39617168595981533
   0.33911060142673216
   0.37215608973205555
   0.33756153457920135
   0.36463679040885
   0.34108575212797904
   0.3386038557363517
   0.36378795886112786
   0.35695913311565713
   0.3197158460605639
   0.33529395387176103
   0.343380011357019
   0.3134511237459073
   0.3187794271885612
   0.3161606446867644
   0.3833207214725081
   0.3299083773034053
   0.3081500172851739
   0.3234707660734764
   0.32960275379408155
   0.31495396489010896
   0.29764247230916835
   0.29645678437168543
   0.26432875338925005
   0.3307128663962139
   0.26864927187032084
   0.28769679872714965
   0.274550302634781
   0.30940202136065686
   0.2649529800410878
   0.2724238425688912
   0.2859611473221105
   0.28308802306669345
   0.28475094697719755
   0.27520301504096284
   0.31977369375853326
   0.2618538305456473
   0.2608618984380639
   0.24674618184824998
   0.29700444142601057
   0.2608618984380639
   0.23555359609013582
   0.2749786972669288
   0.25969777652478715
   0.27856311840361114
   0.24338191043144417
   0.27950134167835405
   0.2549431309135431
   0.25642862006454864
   0.26148053154311196
   0.2517060309229918
   0.24014114456486368
   0.24330228112370833
   0.24651614672441136
   0.22776761439634138
   0.25160078583986045
   0.2311935340149472
   0.22396456773044918
   0.22714539950908158
   0.22830286961479138
   0.24017258302934116
   0.21152081985480756
   0.21878528344464268
   0.22350994442580782
   0.20014603409405746
   0.21159720140347082
   0.20582950701862343
   0.19731213310933451
   0.19503959711926308
   0.21628598135569063
   0.20845390677557474
   0.21057813425176855
   0.1927464360000723
   0.19459277926947396
   0.19674946571515728
   0.20105735955481308
   0.2055139897914495
   0.19143467441375722
   0.17545366806005014
   0.1797446731852852
   0.19404113337944157
   0.19820681327442402
   0.2060382858454494
   0.19042067383405958
   0.18111206117398274
   0.19519478053862938
   0.17894354804918158
   0.17495212173037278
   0.1862601917243278
   0.18011570950171218
   0.17549983301979524
   0.16863746475679015
   0.17349386015387114
   0.15844545064130003
   0.1635816877340198
   0.17337035144611768
   0.15592256540815805
   0.16508669761229056
   0.1527539562975019
   0.15487809722299845
   0.15136930556313807
   0.151688667384963
   0.15436074844531847
   0.15486282007878016
   0.15650896083105234
   0.15160068431844992
   0.1542548526331301
   0.15311958741497983
   0.14016818967053266
   0.14444852772745645
   0.14332125696825973
   0.14885560048556576
   0.1407106223250872
   0.1442485858736052
   0.1428431421710756
   0.13953929499684845
   0.133356634466885
   0.13103008137365
   0.13554907067473962
   0.13337277870035918
   0.1344322708037461
   0.13198040852201906
   0.1280584290180096
   0.12797656752916642
   0.1272543275115573
   0.12997498312587327
   0.12773282975431402
   0.1242116176191144
   0.12360589372591857
   0.1230615289094333
   0.11936138674922091
   0.12083743868373806
   0.11650710199417182
   0.11689821730777555
   0.11602160679048742
   0.11240084273795374
   0.11257623308142722
   0.11338702103174933
   0.11194876324229283
   0.11473452968901908
   0.1086749022963459
   0.11270254552321671
   0.10709387896339413
   0.10389711791532578
   0.10599804868849454
   0.10587437370891412
   0.10288149338787365
   0.10165932961016597
   0.09905981166194028
   0.10300244978214697
   0.10161248386574961
   0.09640774979826715
   0.09983019596900972
   0.09439010653888782
   0.09532298085463096
   0.09216530049649743
   0.09414151069228736
   0.09518943348264297
   0.0922892032829089
   0.09231416812362347
   0.08902419666480027
   0.09343832190273968
   0.08890301455320127
   0.0874410426447473
   0.08660279141436261
   0.08774199644970461
   0.08567038682798564
   0.0845147338212071
   0.08554135944801462
   0.08136234776906542
   0.08389804565173793
   0.08342959934305827
   0.0810544289626284
   0.07971667895714207
   0.0793716251268893
   0.07833843264650989
   0.07926665330741098
   0.07879266162280268
   0.07719646942565937
   0.0804833260464961
   0.07770255218610364
   0.07598454310533204
   0.07516787437756746
   0.0750396947178973
   0.0710504040128061
   0.07199146206587914
   0.07311085354858889
   0.0711374036705392
   0.06943985465364677
   0.06922368357250963
   0.07019286152196658
   0.06879039380934983
   0.06964113558709382
   0.06904128240781635
   0.0676729591180968
   0.06489413840877388
   0.06522380143209852
   0.06663581779968626
   0.06475052865278594
   0.06368963371177597
   0.06356013872629025
   0.06258938665966211
   0.06186554632982572
   0.06251942200241893
   0.06030602230731697
   0.0608875064109494
   0.06064860093526058
   0.06064098530914212
   0.05967143824897882
   0.05802420715387015
   0.05668545944490005
   0.05776593723780369
   0.05580245363959856
   0.05604654301823038
   0.055029166429420025
   0.05568669071742433
   0.05503679676556984
   0.05381333103366741
   0.0532032738067286
   0.0540659754338759
   0.052252056269807765
   0.05247182976451671
   0.05247154666268481
   0.05173105433974293
   0.05044884045292345
   0.05055610425480721
   0.05012300077267643
   0.04880039069121982
   0.048682664037164834
   0.04903100382867923
   0.04732781968875848
   0.04735353993364869
   0.04735261393957248
   0.04642919384919124
   0.04523271166047897
   0.04559665674496433
   0.04600011349021384
   0.04536237178461025
   0.04440241786934219
   0.0437542622103984
   0.043252647020798105
   0.04355394539633796
   0.04292130733511054
   0.042787360648145506
   0.04200874332056459
   0.042096900558422225
   0.04169374350185891
   0.04130138806419172
   0.04115096434215226
   0.04018045206997221
   0.04004730940900749
   0.039706779511036926
   0.039104693200144515
   0.03868152065593923
   0.03821802482870042
   0.03819732596436639
   0.03796606762289117
   0.0376842830138421
   0.0365964342225411
   0.03674333788499596
   0.03615738286723507
   0.03535661870334406
   0.035479948769042896
   0.035378193407982754
   0.03507806183061993
   0.034462029723103166
   0.03372310640605681
   0.0342355035886626
   0.03365617494351499
   0.03319687297511092
   0.03304177760174727
   0.03267762491869787
   0.032402523426845464
   0.03186001676081435
   0.03158622924966235
   0.031901652202144054
   0.031200432770325588
   0.030724615993664668
   0.030819704275338203
   0.030319364826721252
   0.030467456984188318
   0.03002535301796581
   0.029720554337278535
   0.0298172180328491
   0.029149342416484113
   0.028674345919093912
   0.028612660208466537
   0.028235968544601534
   0.027923856351643416
   0.027921925800018437
   0.027847128586443406
   0.027708789014213767
   0.027273093795933005
   0.026779108839542796
   0.02638363536278825
   0.026539031159196397
   0.02602500861759523
   0.026110782603841635
   0.025400978977981374
   0.025118143857580117
   0.025007786861021522
   0.02463459408385288
   0.024594271176234122
   0.024299001369127642
   0.02437371513750642
   0.023985436682447233
   0.02360387347222829
   0.02330673730939683
   0.02330302688122965
   0.023105461112871813
   0.022729688887509283
   0.022625115976894147
   0.022556487241285242
   0.022276156596358867
   0.02189990811961397
   0.021882895886546287
   0.021738824938223857
   0.021491069233770595
   0.021292333124836593
   0.02128165078686801
   0.020753514123384078
   0.020759388964862922
   0.020506308797551186
   0.020161508627988316
   0.020146462329178796
   0.020089240162651553
   0.019624167218226844
   0.01941099597229079
   0.019349283944499047
   0.019108566609502144
   0.018926932456175497
   0.0187141195593086
   0.018505869610184817
   0.018444391568444633
   0.01836160724921064
   0.0181961755118542
   0.01793469730755386
   0.017890911895426503
   0.017601181410827234
   0.01736185283736712
   0.017198830238379797
   0.017085941306613273
   0.01693930550963134
   0.016734267971589674
   0.016675570538298764
   0.016572004667129863
   0.016317038939271184
   0.01612315319771566
   0.01588865384466812
   0.01582683087821097
   0.015694131194588044
   0.015562159835170336
   0.015341600090046486
   0.015345190674373763
   0.01508855584067944
   0.014975883020763817
   0.014843873309920283
   0.014682922704488321
   0.014599943852723824
   0.01441553840878097
   0.014296190078545162
   0.014082324136869297
   0.014112730868199554
   0.013941833241223613
   0.01372618629861491
   0.013698810740201881
   0.013494903832543865
   0.013395414796220891
   0.013266993806960692
   0.013215956456485234
   0.013062076183906587
   0.012900104697216287
   0.012759512405199262
   0.012630820093602677
   0.012563333282792608
   0.01243715294711007
   0.01228382486005277
   0.01220651699520338
   0.012056130516638262
   0.011956694096420759
   0.011791518911182021
   0.011680899714013815
   0.01160896203492026
   0.011451685541745854
   0.011414406796306805
   0.011283875201988147
   0.01116903519480073
   0.011058606410233084
   0.0109900128484123
   0.010826279413004408
   0.010774826258953473
   0.010636001253030327
   0.010563282707616365
   0.01045036762535566
   0.010330337772967386
   0.010248276512693845
   0.010155788719109514
   0.010071959266681587
   0.009962430919597576
   0.009839406289549274
   0.00976866440558523
   0.009686154971410921
   0.009595527430723604
   0.00954742225815667
   0.009424299148292225
   0.009294224360733037
   0.00921471795968182
   0.009129720027665371
   0.009048498698655828
   0.00897610805757685
   0.008877410094369318
   0.008804182197179329
   0.008721592628418729
   0.00859817577778315
   0.008550864080041829
   0.008439150037131745
   0.008388361415176238
   0.008304435397611647
   0.008210393498063705
   0.008134817016565885
   0.008055143965567198
   0.007966081055858396
   0.00788590902118921
   0.007857737564547008
   0.00773143038946917
   0.007672272388031111
   0.007561651245253638
   0.007509314804067539
   0.007452681995622867
   0.007352373251078995
   0.007285650430519205
   0.007224478571224078
   0.007157273384566628
   0.0070745740780273165
   0.0070228360965260694
   0.006933116364540191
   0.006844545291661817
   0.006786920217947071
   0.006724825796248996
   0.006670287002072542
   0.0065908539691846
   0.006532149409094196
   0.0064648998590248665
   0.006420122931696252
   0.006357693648324558
   0.0062755402536269315
   0.006200909711271764
   0.006137565744041828
   0.006103430478273118
   0.006021581998556847
   0.005976201811334508
   0.005906569354215243
   0.005840889261978103
   0.005765662087639804
   0.005739306422091504
   0.005660387884994628
   0.0056051361774254755
   0.005538964174995477
   0.005480667571736321
   0.005429350638742567
   0.005373462361735175
   0.005300068830877175
   0.005241829475731942
   0.005217689787313279
   0.005191594646879565
   0.00515142581471634
   0.005150237995751794
   0.005157737010799986
   0.00515852683452178
   0.00519591419065185
   0.005222617858120486
   0.005269761060021329
   0.005309726052854399
   0.00537009871938978
   0.005426627923148047
   0.0054798172255306424
   0.005545193229640204
   0.005609645988626709
   0.005653349226549063
   0.005718540458282215
   0.005779626531014389
   0.005846012926647715
   0.005900528186338473
   0.005942496805061009
   0.006017246419272621
   0.006090190301075055
   0.006132935607262133
   0.006205311345943501
   0.006267207175336771
   0.006363014649166791
   0.006402954915631251
   0.006465638284457223
   0.006535967070909168
   0.00661742663221592
   0.006664532987695042
   0.006744152689231729
   0.0067828764291465084
   0.006867708155348446
   0.006944795159580491
   0.007020884067500051
   0.007064826187328504
   0.007154889076619879
   0.007209598623027381
   0.007291151382078449
   0.007360069833111031
   0.007443751832650611
   0.007522985164844607
   0.00758474314937554
   0.007662050784826951
   0.007747019857409829
   0.007814564313740143
   0.007886435802306968
   0.00798909935362799
   0.00806620624398827
   0.008140579318447957
   0.008192167546009817
   0.008273926327050103
   0.008388975371526884
   0.008474822290742062
   0.00854967779648418
   0.008611965337517739
   0.008693814977120061
   0.008762285621765255
   0.008882780435875077
   0.0089638802601086
   0.00905738732048284
   0.009131945505360917
   0.009235118573454566
   0.009308986392607004
   0.009417652090448982
   0.00949533679104003
   0.00957772641148132
   0.009653543039885778
   0.009760681399513353
   0.00985186432327529
   0.009981785678052356
   0.010075730698401817
   0.010153339176734466
   0.010265984386078265
   0.01038817172015823
   0.010464919696138133
   0.010587485817200233
   0.010673063516857014
   0.010754222354877833
   0.010867525146919401
   0.010964453735521747
   0.011121825082036808
   0.011199027753748751
   0.011324541827786637
   0.011411937963193518
   0.011435267631211127
   0.011598994318500082
   0.011735487452090031
   0.01186970020717389
   0.01203172390480068
   0.012097544159250495
   0.012216976327386548
   0.012311936239687942
   0.01242685715525576
   0.012571168060159356
   0.012668512196413228
   0.012804968029695551
   0.012878323367602891
   0.013096576164107483
   0.013168153153981038
   0.013303561447382033
   0.013359350779967312
   0.013547865761746452
   0.013642491805243767
   0.013717655189286592
   0.013949132046375656
   0.014031961300043493
   0.01417596845679125
   0.01439642677318841
   0.014529731146819467
   0.014576215265745698
   0.014753113876914796
   0.01482901428726647
   0.01497920575932973
   0.015128309868175814
   0.015316511078295968
   0.015385725681654484
   0.015555269735271842
   0.01573537837312722
   0.01586174902672186
   0.015945613537182268
   0.01614876505565063
   0.016282980848708765
   0.0163814529450457
   0.0165102967864028
   0.016772678341056644
   0.01690922554197645
   0.01709954275936125
   0.017195820513775897
   0.017269176412340968
   0.017520604569357858
   0.017774280401449245
   0.017836938539476092
   0.017948656640795455
   0.018227704753978887
   0.01829771414285391
   0.018711457747696624
   0.018616788236719802
   0.018888380395866274
   0.019038653886407464
   0.019237728147054343
   0.019511515310533075
   0.019621761608397986
   0.019784022437881073
   0.020021292879831256
   0.02024148704150669
   0.02026203919882573
   0.020388353589221767
   0.02096723099842113
   0.021090122369898788
   0.02127804075508097
   0.02128105676859633
   0.021577142734925205
   0.02165074701330549
   0.021963946571328163
   0.02223919740445661
   0.022297547810567635
   0.02274975393623683
   0.022893134336953516
   0.02315281974143848
   0.023029293803772187
   0.02344068615660308
   0.02352300523512582
   0.023857275919623163
   0.024105547819879777
   0.024426262690721276
   0.024253404273840602
   0.024735043359960653
   0.02482550679182539
   0.025036442036266808
   0.02552609893634643
   0.025473777346796983
   0.025974556400847486
   0.026140267999468853
   0.02621231769596858
   0.026755892456838265
   0.026993898077607815
   0.027239601591405097
   0.027557356058256283
   0.027483851594517304
   0.02779288158961484
   0.02814298004579867
   0.02835516218309528
   0.028636858473199
   0.029030890330825156
   0.029200939078193187
   0.029417484896757672
   0.029420631356939893
   0.02995149448721646
   0.03013664917273521
   0.030755796160550516
   0.030677056437302064
   0.03123145252389524
   0.03123770594915006
   0.031736584460768685
   0.032077794505368185
   0.03221614811753787
   0.032721005034603054
   0.03330952092558315
   0.03300337094813867
   0.03369569060243579
   0.03367028444477616
   0.03479268115058175
   0.03442685345341786
   0.034927761545100564
   0.03536765023186167
   0.03515459655968984
   0.0357244984018381
   0.03635006061075546
   0.03651158194936419
   0.03681574506035834
   0.036909232304148484
   0.036959287446429775
   0.03759942574422608
   0.038634916392326135
   0.03785722483004778
   0.03827971400313373
   0.039462282331213
   0.03897234217140572
   0.03909266154840012
   0.040040591206267066
   0.04073703063841556
   0.04136059431158264
   0.04128441682973405
   0.042143133444013874
   0.042695436719599904
   0.04178721921529058
   0.042344562231451055
   0.044146634184240335
   0.043154508795208955
   0.044202918897822255
   0.04467245209511648
   0.044825262539402014
   0.044522832107528505
   0.04566092405511082
   0.04614376512416978
   0.04635350189431393
   0.04687073339563874
   0.04739797553034001
   0.04933099494009862
   0.04832095527086867
   0.04955330620484519
   0.04914787650147413
   0.05032854555237284
   0.05197160854091794
   0.049925803369366875
   0.0503255656660009
   0.0517255333027565
   0.052745901709711863
   0.05269683770643856
   0.05307376142297089
   0.054388933213265794
   0.054211504116581356
   0.054848289936745634
   0.05508827570900314
   0.056446579246148876
   0.056377026757408105
   0.056561669342559934
   0.05711990850475574
   0.058248935550693826
   0.05841699401291008
   0.059283843017010646
   0.05974341374229694
   0.06067099774009733
   0.06093354319716623
   0.06133503715207058
   0.061313561683512076
   0.06236627944708046
   0.06296817983413554
   0.06693018228458802
   0.06440130668749358
   0.06400596260148413
   0.0657539763023852
   0.0675788256421342
   0.06718136505789461
   0.06733584432259851
   0.06839477946995139
   0.06957818725160198
   0.06978751932462092
   0.06858034098576415
   0.07032737447058786
   0.07143591028540511
   0.07408424354133007
   0.07422879258657811
   0.07371182651739613
   0.07516649626515327
   0.07595688225132834
   0.07739596571297226
   0.07693713636868359
   0.07922052865664701
   0.07910648283683708
   0.07701975238845651
   0.07938412208470978
   0.08030830044329035
   0.08305206686275818
   0.08195200235402678
   0.08398419964802814
   0.08164418433181735
   0.08897867387646503
   0.08454998455256207
   0.0869938973080676
   0.08546723799243063
   0.09009344411073063
   0.0848451975116884
   0.08807893224933079
   0.08909096210017656
   0.09094259845098858
   0.09190851327036186
   0.09160300392929001
   0.09170035960761735
   0.09342607419371532
   0.09269568050615068
   0.09609747397540032
   0.09386502238523518
   0.09846453869837385
   0.09716635746719791
   0.09187533581327356
   0.1004775342151635
   0.09954254895967753
   0.10354436817124163
   0.10291179359774043
   0.10125924184055085
   0.10186404210085563
   0.11136455609446078
   0.10251871208815469
   0.10747287827858616
   0.10579575691755462
   0.11186155194132202
   0.11079185184962312
   0.11193679355207825
   0.10924232984734422
   0.11671381703447198
   0.11796968262340245
   0.11290795114954875
   0.11451850141422236
   0.11538434744404774
   0.11670856390552019
   0.11626443199882344
   0.11644469955972903
   0.11919916447195723
   0.12199311114055687
   0.12332366223053576
   0.11916064532130848
   0.13141794805235854
   0.12172270075469495
   0.1274447089766925
   0.12611026798632805
   0.12744668341462984
   0.13666243111850995
   0.13219921941185317
   0.12645842981315158
   0.13306225296495103
   0.13488283247494517
   0.1336404534120751
   0.1430712157670616
   0.13952076715273717
   0.14174625215503936
   0.13228368248429295
   0.14033336308029082
   0.14213619008510808
   0.14677881440539148
   0.14945634486948456
   0.14114699609213824
   0.14678518034121957
   0.1480350761873568
   0.15336078984448498
   0.1529307453244673
   0.14813028780055432
   0.1535100797888691
   0.1637895571585146
   0.15699953862145052
   0.15201942417153078
   0.15777014557517774
   0.15473510137010285
   0.1606411945210846
   0.17057999286668651
   0.17307419705418373
   0.170353913343527
   0.16482424286059932
   0.171834205327832
   0.18256038179077702
   0.16491209779758426
   0.1782908599941264
   0.17566740126975675
   0.17307419705418373
   0.1795348300069532
   0.1837755265898887
   0.19085885194605542
   0.19006015917119454
   0.18365320924222586
   0.19356699235396035
   0.2109870852511252
   0.19402376005891978
   0.20787805780015817
   0.19463359877567912
   0.20117935451066388
   0.19690482524326733
   0.18815194467842514
   0.2071531758117264
   0.22491300711964538
   0.20741808127807773
   0.20662943768472664
   0.22506764814127836
   0.2050654682086929
   0.21280939867316725
   0.2291523355748492
   0.20764640676638935
   0.21651075578917725
   0.22562156570038003
   0.2432439056443884
   0.23460510460490508
   0.2299751334024422
   0.2097408967212442
   0.23111433561106373
   0.2136985669224899
   0.25351323774893025
   0.2538632966339339
   0.2375281269894391
   0.24342403180306427
   0.25738298312048524
   0.28979367660458016
   0.2758348942554022
   0.26532244533774374
   0.2410964286116104
   0.28031389843674315
   0.25261488505516294
   0.27364603561577633
   0.27777057768446334
   0.2774871560057852
   0.2851506249208189
   0.2965787635063626
   0.28250869877107765
   0.2663273475544021
   0.2628848151481994
   0.28160427500096535
   0.25540156271658454
   0.31134350083180484
   0.2774254050836659
   0.3084166846450103
   0.3038839900396935
   0.3179616259639167
   0.29914229801901954
   0.30549849972353926
   0.31739051772342025
   0.2962895462194078
   0.3217861026489307
   0.35114939447726845
   0.3809471309162047
   0.3350530012529312
   0.33401534086608103
   0.3199937499389636
   0.30121476216956206
   0.3235542582391574
   0.37498339894748506
   0.33911060142673216
   0.3741603934143752
   0.3605495805017668
   0.40504135591319557
   0.3626503472718829
   0.3626001022966443
   0.38121479473281644
   0.43068487338942896
   0.4479821888451497
   0.3600355949480962
   0.3816773266592397
   0.3924311958756056
   0.3924311958756056
   0.39741548413967986
   0.4124221404675964
   0.3989555741846582
   0.4230558224728739
   0.45882710882147504
   0.36326192115879763
   0.4564310827861457
   0.4690373119486338
   0.5300827629127268
   0.48237224278498686
   0.5469597563525603
   0.43080854216229275
   0.37061154849131467
   0.5122460346357012
   0.49250824458776354
   0.4454166588712191
   0.4422957749622165
   0.4518349147311796
   0.42423770993051646
   0.43477800867131794
   0.5128077403342434
   0.4028981326675167
   0.4615341281847854
   0.4040560680430984
   0.6098180762881669
   0.45674148053943114
   0.44221211602075705
   0.5590134166547347
   0.5263119894599662
   0.5668559251601739
   0.4841492919152148
   0.5291464825546892
   0.4635429139333825
   0.5497437787026082
   0.5811830845592271
   0.5263119894599662
   0.4859085419202991
   0.5211534690200238
   0.49959583665198803
   0.588231894107821
   0.5590134166547347
   0.5163939064964522
   0.5345187421543661
   0.5642119285747339
   0.6236063573191737
   0.6928174362701909
   0.6343207894317555
   0.8164941314343089
   0.737025017582992
   0.5714250714178526
   0.588231894107821
   0.7483288047375967
   0.5546965906622355
   0.63245236974811
   0.5958402351291968
   0.6555517264989107
   0.8944249549291433
   0.8571405238063479
   0.6555517264989107
   0.790566885215919
   0.9428069202593333
   0.8660230943802827
   0.9999979999980001
   0.7817334015577888
   0.8571405238063479
   0.8944249549291433
   0.8164941314343089
   0.8944249549291433
   0.9428069202593333
   0.737025017582992
   0.801231120615004
   0.8485257803979793
   0.6666636666599165
   1.2247432383973387
   0.7041759500260154
   1.1546988063271448
   0.9999979999980001
   0.7559263002625133
   0.8606606420307256
   0.7559263002625133
   0.9999979999980001
   0.7071039527537659
   1.0301555658229091
   0.8944249549291433
   0.801231120615004
   0.63245236974811
   1.1546988063271448
   1.1546988063271448
   0.9999979999980001
   0.9999979999980001
   1.9999989999997498
   1.0582986346017837
   1.2247432383973387
   0.8944249549291433
   0.7925245570666685
   0.9999979999980001
   0.8944249549291433
   1.0582986346017837
   0.7925245570666685
   1.1546988063271448
   0.9999979999980001
   1.9999989999997498
   1.0582986346017837
   0.9999979999980001
   1.1546988063271448
   1.9999989999997498
   1.4142121481588255
   1.4142121481588255
   1.4907106433584696
   1.4142121481588255
   1.9999989999997498
   0.9999979999980001
   0.8944249549291433
   1.9999989999997498
   0.8944249549291433
   1.9999989999997498
   0.9999979999980001
   1.4142121481588255
   1.1546988063271448
   1.0582986346017837
   1.9999989999997498
   1.4142121481588255
   1.4907106433584696
   1.1546988063271448
   1.9999989999997498
   1.1546988063271448
   0
   1.1546988063271448
   1.1546988063271448
   1.9999989999997498
   1.4142121481588255
   1.1546988063271448
   1.9999989999997498
   1.4142121481588255
   1.4142121481588255
   0
   1.9999989999997498
   1.1546988063271448
   1.9999989999997498
   0
   1.4142121481588255
   1.9999989999997498
   0
   1.9999989999997498
   1.4142121481588255
   1.9999989999997498
   1.9999989999997498
   1.0582986346017837
   1.1546988063271448
   1.4907106433584696
   1.99999899999975
   1.2247432383973387
   1.9999989999997498
   0
   1.9999989999997498
   1.4142121481588255
   0
   1.4142121481588255
   1.5811375651726196
   1.9999989999997498
   1.4142121481588255
   1.9999989999997498
   1.9999989999997498
   0
   0
   0
   0
   0
   0
   1.9999989999997498
   0
   1.9999989999997498
   0
   1.9999989999997498
   0
   0
   1.4142121481588255
   1.9999989999997498
   0
   1.4142121481588255
   1.5811375651726196
   1.9999989999997498
   1.9999989999997498
   1.9999989999997498
   1.9999989999997498
   0
   1.4142121481588255
   0
   1.9999989999997498
   1.9999989999997498
   0
   1.9999989999997498
   1.9999989999997498
   0
   0
   1.9999989999997498
   1.9999989999997498
   0
   0
   1.4142121481588255
   0
   1.9999989999997498
   0
   1.9999989999997498
   1.9999989999997498
   0
   0
   0
   1.9999989999997498
   1.9999989999997498
   0
   0
   1.9999989999997498
   1.9999989999997498
   0
   1.9999989999997498
   0
   1.9999989999997498
   1.9999989999997498
   1.9999989999997498
   1.9999989999997498
   0
   0
   0
   1.9999989999997498
   0
   0
   0
   0
   1.9999989999997498
   0
   0
   0
   0
   0
   0
   0
   0
   0
   1.9999989999997498
   0
   0
   0
   0
   0
   0
   0
   0
   0
   0
   0
   0
   0
   0
   0
   0
   0
   0
   0
   0
   0
   0
   0
   0
   0
   0
   0
   0
   0
   0
   0
   0
   0
   0
   0
   0
   0
   0
   0
   0
   0
   0
   0
   0
   0
   0
   0
   0
   0
   0
   0
   0
   0
   0
   0
   0
   0
   0
   0
   0
   0
   0
   0
   0
   0
   0
   0
   0
   0
   0
   0
   0
   0
   0
   0
   0
   0
   0
   0
   0
   0
   0
   0
   0
   0
   0
   0
   0
   0
   0
   0
   0
   0
   0
   0
   0
   0
   0
   0
   0
   0
   0
   0
   0
   0
   0
   0
   0
   0
   0
   0
   0
   0
   0
   0
   0
   0
   0
   0
   0
   0
   0
   0
   0
   0
   0
   0
   0
   0
   0
   0
   0
   0
   0
   0
   0
   0
   0
   0
   0
   0
   0
   0
   0
   0
   0
   0
   0
   0
   0
   0
   0
   0
   0
   0
   0
   0
   0
   0
   0
   0
   0
   0
   0
   0
   0
   0
   0
   0
   0
   0
   0
   0
   0
   0
   0
   0
   0
   0
   0
   0
   0
   0
   0
   0
   0
   0
   0
   0
   0
   0
   0
   0
   0
   0
   0
   0
   0
   0
   0
   0
   0
   0
   0
   0
   0
   0
   0
   0
   0
   0
   0
   0
   0
   0
   0
   0
   0
   0
   0
   0
   0
   0
   0
   0
   0
   0
   0
   0
   0
   0
   0
   0
   0
   0
   0
   0
   0
   0
   0
   0
   0
   0
   0
   0
   0
   0
   0
   0
   0
   0
   0
   0
   0
   0
   0
   0
   0
   0
   0
   0
   0
   0
   0
   0
   0
   0
   0
   0
   0
   0
   0
   0
   0
   0
   0
   0
   0
   0
   0
   0
   0
   0
   0
   0
   0
   0
   0
   0
   0
   0
   0
   0
   0
   0
