   0.006996208349482469
   0.006261034959755015
   0.005952866357168416
   0.005825670167973959
   0.005765344294375245
   0.00571228322556178
   0.005693930180009921
   0.005698482156904947
   0.0056872402390526315
   0.0056924798971294405
   0.005684239243509436
   0.00568807355080957
   0.005673151316013951
   0.005685174847223434
   0.005683840717952821
   0.005679613206438724
   0.0056716823953309285
   0.005672415313932417
   0.005661762029235369
   0.005675929686338947
   0.005678602861660698
   0.005678658396895911
   0.005686064700767004
   0.005687287651241846
   0.005698290238840146
   0.005681140238925974
   0.005681311032625833
   0.005689638888694665
   0.005682327112875748
   0.005689390251786209
   0.005677302516238482
   0.0056766715454761975
   0.005662669421838689
   0.0056752582352348705
   0.0056850260520052405
   0.005683385583358597
   0.005669874388132641
   0.0056833420844188435
   0.005678729791897391
   0.005684676030620476
   0.005680847417111396
   0.005681622526196818
   0.005694415683913117
   0.0056898192333424795
   0.005686029554282744
   0.00568811788672722
   0.0056866015890517695
   0.0056782467517003865
   0.005666852241112054
   0.005670319815317556
   0.005677522375966729
   0.005682767734019873
   0.0056846633835004445
   0.005676071257626001
   0.005676841937648019
   0.0056820391250467315
   0.005677353767409177
   0.0056709252236207585
   0.005685621379163506
   0.005683756741145259
   0.005672738271861167
   0.005689532194812264
   0.005673042687217852
   0.005687596286995112
   0.005679691321230343
   0.0056840360201032515
   0.00568152709143729
   0.0056748731607690235
   0.0056890245504919185
   0.005676097590907512
   0.00567721819294928
   0.005693587951354099
   0.005676049080429029
   0.0056865331342468425
   0.005692809800982961
   0.005692275229432561
   0.005679438979138109
   0.0056812887987092095
   0.005684349631906992
   0.005675225694263491
   0.0056807189725404375
   0.005674344075860309
   0.005685553791206564
   0.005665974338875397
   0.0056846073953908316
   0.005682260136553203
   0.005673886915356489
   0.005689964775749494
   0.00568151231174078
   0.0056634162601579404
   0.005674349196511732
   0.005680139697668639
   0.005674008839074186
   0.00569530295608763
   0.005708581550233159
   0.005747146469219855
   0.005807097589320346
   0.005950773965894083
   0.00625825493974964
   0.006981845947293825
