   0.007390873966843382
   0.0064577035262792
   0.006291538838945541
   0.006236793946483619
   0.006222435350393917
   0.006232450839199492
   0.006241292605373123
   0.006257716974533201
   0.006244405320697032
   0.006216254348080465
   0.006230727543992719
   0.006229373262067777
   0.006247262361849614
   0.0062347989172219145
   0.006235625086086118
   0.006245017632286624
   0.0062380531019755135
   0.006233495980548595
   0.006232629571092116
   0.006241587823825433
   0.006249045439251765
   0.006248157175082674
   0.006230643200640528
   0.006234367109498555
   0.006233262952335693
   0.006227878025506302
   0.006263948330154461
   0.006236849205987958
   0.006228570518130219
   0.006225813861400736
   0.00625510766269698
   0.0062377903543455095
   0.006244552080061959
   0.006245307877162185
   0.0062432484531360155
   0.006245319643175624
   0.006249948647280512
   0.006244259608375305
   0.0062404850671778575
   0.006232517492891738
   0.006242483851398402
   0.006243167500803827
   0.006245472015844823
   0.006222506308641065
   0.006244824877572121
   0.0062571257150011664
   0.0062303875348089
   0.00624118715736079
   0.006230937615096954
   0.006251299918845387
   0.006261364370213591
   0.006232123189879759
   0.006228613139438343
   0.006237263141176787
   0.006251649780826822
   0.006249612286528379
   0.006230932980211362
   0.006232722292126322
   0.006235383203453189
   0.006254912435867548
   0.0062356267879592345
   0.006223529416431321
   0.006223318010232486
   0.006251348785797325
   0.006228616201910621
   0.006238304390952505
   0.006238363228563336
   0.00623745881004222
   0.006237304276237495
   0.006240076721250207
   0.0062409426169841384
   0.006244835847307603
   0.00621848313128082
   0.006236119874415967
   0.00623912884508269
   0.006251407358542626
   0.006243606425104519
   0.006231512939351632
   0.006229504361296072
   0.0062419400053499614
   0.006232353506858259
   0.0062317959023899016
   0.006236748615175553
   0.006234716078829428
   0.006229089534973334
   0.006244746781104504
   0.006262697286121003
   0.006219586336203094
   0.006236249709769142
   0.006238669610640438
   0.006257901562726497
   0.006238146781388703
   0.00624194466581444
   0.006226922800770922
   0.006234221483519402
   0.006245334171770672
   0.0062567311224945715
   0.006274262398569273
   0.006458173658636115
   0.00735727105305332
