   0.019737527900660485
   0.01799880890151359
   0.016965738496323483
   0.01642577496790387
   0.015977363091842025
   0.01544154394808371
   0.015289549442949022
   0.014959376585974377
   0.01479647321244579
   0.014577211804874734
   0.014455157235881666
   0.014380419132856575
   0.014223395810371707
   0.014177289367639411
   0.014013900148459227
   0.013860193532584502
   0.013804845159152543
   0.013655642176590465
   0.013601853005122214
   0.013509881991674496
   0.013481992951988769
   0.01340140395701101
   0.013348321976682585
   0.013257233205036424
   0.013179275796215452
   0.01310675732196945
   0.013026590172658272
   0.012986676580701698
   0.012932480775503451
   0.012876502836349587
   0.012887851059119559
   0.01278789799547213
   0.012831943361513928
   0.012814469654367427
   0.012741966372328948
   0.01268970206453089
   0.01268476523355464
   0.01264182480259708
   0.012677160680192387
   0.01260593609764643
   0.012562049318146827
   0.01255035511556846
   0.012536381503196279
   0.012488526126842826
   0.012461439850222588
   0.01247868717500816
   0.012442707050044166
   0.012429343653040006
   0.012409632892349703
   0.01239694383642894
   0.012333912018079795
   0.012342631419812214
   0.012366489231759216
   0.01235410882753178
   0.0124059516726354
   0.01239929834447147
   0.01241109515189024
   0.0124582973417827
   0.012469493204846895
   0.01252084726384104
   0.012562679433510218
   0.012620293221227714
   0.012622366426262351
   0.012612791427317305
   0.01267367566479532
   0.012713118769551415
   0.012726593804958415
   0.01278900717471535
   0.012830221891446714
   0.012848911497842277
   0.012919895156450192
   0.012937568632678495
   0.013048543397018456
   0.013091501436433428
   0.013145011432859361
   0.01313414367709892
   0.013220854434055455
   0.013278081194077583
   0.01338101059681335
   0.013431019948570126
   0.013537151725680562
   0.013651409348529271
   0.013623630536949066
   0.013785850385558148
   0.013847835702935164
   0.013990784655081351
   0.014090661444544175
   0.014109789833872288
   0.01433306102470479
   0.01444603540933729
   0.014623645845611797
   0.014849761083687662
   0.015028955215973196
   0.015213153101503157
   0.015536659739013352
   0.015825463293297277
   0.016338951331587543
   0.016994524848494542
   0.017880883785129885
   0.019485161585104237
