   0.0068899361873777055
   0.005981946268444355
   0.005604198441199254
   0.00539563469704629
   0.005294701796947615
   0.005215864577588322
   0.005166838013237699
   0.005148946264804716
   0.0051305060817433985
   0.0051245490079648735
   0.005126047183432739
   0.005123236744196475
   0.005126794977848931
   0.005107059025223158
   0.00511901526105263
   0.005126706210984482
   0.005117114697232617
   0.005112766468012757
   0.005113156988143186
   0.005120236187474157
   0.005116321127313166
   0.005121726858630825
   0.005115373938576822
   0.005118482313657612
   0.005117075967310535
   0.005115013957108065
   0.00512413122369092
   0.005126728701965133
   0.005123487137100486
   0.005127561779261619
   0.005127254791333501
   0.005115067422481182
   0.005110121493795649
   0.0051166412427051874
   0.005113353097493762
   0.00510720779948635
   0.005114516068343086
   0.005109900600126834
   0.00511369145518932
   0.005114673161307452
   0.005115821409399923
   0.005117956756706535
   0.0051204036187541815
   0.005120187218677301
   0.005124792041470383
   0.005112483190997247
   0.005123537196927764
   0.005125448186581529
   0.00513256324865747
   0.0051183281266704555
   0.005122338530405728
   0.005124786349651172
   0.005126980209066402
   0.005126426438866487
   0.005125403431102168
   0.005117022317658873
   0.00511172588168472
   0.005114603418036479
   0.005116931710053155
   0.005111992660844285
   0.0051231123067024984
   0.005121534867493454
   0.005125343299313866
   0.005112608735634719
   0.00512853902265768
   0.005119588743803969
   0.0051089329607867185
   0.005121783377784823
   0.005119457112379996
   0.00512462922901489
   0.005126007707022078
   0.005119528458130859
   0.005121655522213133
   0.0051274634756572545
   0.005118410927041366
   0.005117902684162317
   0.005127232608464704
   0.005114338820574862
   0.005124890713346935
   0.005114640505898402
   0.005127905862835002
   0.005114963482304079
   0.005110546179626155
   0.005110622226392022
   0.005120046573345649
   0.005121467723868811
   0.005123838281793499
   0.0051340525755180985
   0.005135865856905568
   0.005128373928689509
   0.005130606985110544
   0.005132112008251836
   0.005139918647672941
   0.0051657607745767865
   0.00521638425815896
   0.005282025602649819
   0.005389908033638654
   0.005598785720191869
   0.005994036943068681
   0.0068686708459638895
