   0.007388191512846103
   0.006366221657723546
   0.006213824423236198
   0.006204516239526284
   0.006211532833214305
   0.006210293048675199
   0.0061921050333914925
   0.0062077632145224396
   0.006203394205388511
   0.006209212402587659
   0.0062100781816735165
   0.006204520014486479
   0.006222886700634732
   0.0062184532856165665
   0.006231907413275685
   0.00620999924831064
   0.0062155045072393835
   0.006231390480874132
   0.006219718941949584
   0.006207644695744192
   0.00620616811618239
   0.006204951943521085
   0.0062077247339510574
   0.006213939813658811
   0.00619753400732485
   0.0062019547996014415
   0.00622066361106022
   0.006229367818814897
   0.006220196036611127
   0.0062201481368113435
   0.006208880421105555
   0.006218616560079153
   0.006223014832197784
   0.006219445948576397
   0.006227865888382411
   0.0062041880194469885
   0.006200630910244452
   0.006205230509947255
   0.006209677263700863
   0.006205351118240682
   0.006230325128095701
   0.00622001687180397
   0.006211498541367495
   0.0061840863633497445
   0.006190911526255779
   0.006203997766053645
   0.006214022700615867
   0.006211852840612992
   0.006217314517824626
   0.006219099518506524
   0.00620729097777492
   0.006223378054036038
   0.006208263362247826
   0.006204071016719072
   0.006206611323513495
   0.006197357083016403
   0.006209309267113517
   0.006218795802716884
   0.00621780657935103
   0.006203936678653361
   0.006204971904962963
   0.006218276304081976
   0.006196342196398564
   0.006186049032298818
   0.006195462452734853
   0.00620197894518197
   0.006214339057370056
   0.006208971821821
   0.006204984744648921
   0.006204518266685842
   0.0062047277816388675
   0.006229709362916388
   0.006210342040230586
   0.006219791107219077
   0.0062055309799662235
   0.006200935211356627
   0.0062061838361618825
   0.006214887323451378
   0.006214606312752496
   0.006203858730407391
   0.006202890311219721
   0.006220481581313948
   0.006209728073545604
   0.006212445344687646
   0.006223063374135081
   0.0062217967589397434
   0.006221083957690278
   0.0062177955947093095
   0.006228635088088615
   0.0062054815639936735
   0.0062284863643823135
   0.006209489019478549
   0.006196629681449889
   0.006225557991657226
   0.006193807352207694
   0.006208908871906862
   0.006217608238403473
   0.006223853149322303
   0.006357999663792506
   0.007381572452952717
