   0.007684436167951654
   0.006731328237417424
   0.0064038676475739525
   0.0062707977685325595
   0.0062022895191497455
   0.006183297220072176
   0.006174016452087734
   0.006156616161858869
   0.00617630346706734
   0.006167767731352844
   0.0061953686417601204
   0.006198927575723124
   0.006174088419456465
   0.006165411894483271
   0.006187487021747792
   0.006166480503039904
   0.006174576793615791
   0.0061582536099099765
   0.006159979747825994
   0.006175994385741837
   0.006169401300631499
   0.006169012382194573
   0.006191401073381771
   0.006149150960849842
   0.006180024043804659
   0.006162830443353729
   0.006162288903684348
   0.006177595057742999
   0.006165692941469109
   0.00616855382009421
   0.006155502765288923
   0.006162102095850075
   0.006170269850717356
   0.00616013271031639
   0.0061734099417565524
   0.006171357207645301
   0.0061575036102221314
   0.006179353447316781
   0.006169333167431141
   0.006166928542682502
   0.006190790468608582
   0.006156946357273586
   0.006164203003704796
   0.006168724994753347
   0.0061788860198108446
   0.006149409208324369
   0.006140997014162124
   0.006182200979047206
   0.006166970334916422
   0.006176616620201323
   0.006187232583936101
   0.006162028916871339
   0.006179746143556345
   0.006160237319768211
   0.006194309387091983
   0.006173682560156313
   0.006163565567312344
   0.006168003745197157
   0.006156352465138528
   0.006167216508781228
   0.006173710203595344
   0.00616229380500463
   0.00617637198075689
   0.0061717791862389145
   0.006185509960863016
   0.006155241322556741
   0.006172895795529452
   0.006176278071982795
   0.006160777371248247
   0.00615608425984679
   0.006168547438999464
   0.006187892346183415
   0.0061636156556170675
   0.006184543299760941
   0.006175629993454585
   0.0061743325061807686
   0.00616348218380927
   0.006156848023048773
   0.006154878351589978
   0.006168196469174733
   0.0061643470005109955
   0.006174112292664891
   0.006170817824089285
   0.006182704900173076
   0.006164480798330696
   0.006168139996950447
   0.006167788847289519
   0.0061668859796613785
   0.006152510441639184
   0.006176448406386776
   0.006183032443751673
   0.006171898288456218
   0.006172091444658085
   0.006179104310640708
   0.006182169949464873
   0.0062331678929271805
   0.006264780285015194
   0.006411147641509983
   0.006739648672535108
   0.007706079978177616
