   0.006508093982985008
   0.005707567238750811
   0.005314522105979396
   0.005090989632512289
   0.004964079617365873
   0.004881318352239622
   0.004834989734598332
   0.00480367617453184
   0.004779632322610259
   0.004769867908249028
   0.004765642718826174
   0.004751518703220241
   0.004756708489011853
   0.004760816555279689
   0.004756454702734508
   0.0047615569911467785
   0.00475811648966085
   0.004752014208391681
   0.004745376566309045
   0.004753677251377524
   0.004753116190488237
   0.004744219067456953
   0.004744367130206362
   0.004744650874060504
   0.004744612570626128
   0.004747745777229819
   0.004750600085183848
   0.00474635088472814
   0.00475427605971395
   0.004758713260779522
   0.004754909214013137
   0.004745304274006022
   0.004755686083177616
   0.004753360848864351
   0.004752602964604941
   0.004747230349558797
   0.004755746514505174
   0.0047540438023591395
   0.004756968131441201
   0.004753463900161004
   0.004760246018708208
   0.00476558426742874
   0.004755646595757651
   0.004760238164396296
   0.004758470559824076
   0.0047499768898804536
   0.004743425144240279
   0.004747840250713791
   0.004752750053083908
   0.004744342147338255
   0.0047437480256657975
   0.004749044707687347
   0.004754599419879366
   0.004752509186631271
   0.004754604586765207
   0.004747935314313039
   0.004746861990832418
   0.004745869064603584
   0.004745489209524581
   0.004747988436720578
   0.004750032698724001
   0.0047539856025164045
   0.004746712985598321
   0.0047521822451314045
   0.0047521932314278535
   0.004745271371257651
   0.004738010051390316
   0.004751495568250406
   0.004746445869642187
   0.0047346963563473544
   0.004743330345017451
   0.004743707645798588
   0.004746463727286764
   0.004760423151508254
   0.0047570183108508685
   0.004760007767915887
   0.004759787623067463
   0.004749151838364438
   0.004751875944052986
   0.004758403826435826
   0.0047455627699963
   0.004748692800825057
   0.004754569224988987
   0.004746522497263467
   0.004745539268791944
   0.004743660177913475
   0.004755673230853186
   0.004757524367713417
   0.004755474585261614
   0.004759484082008611
   0.004775282362797963
   0.004775644184881723
   0.0048039365788510695
   0.004839909263592406
   0.004888895037722489
   0.004968082414069183
   0.005094591178466846
   0.005301486868615937
   0.005687371010137757
   0.006535257943251401
