   0.009137963172554745
   0.008451980722614532
   0.008080150042942737
   0.0077975566903691436
   0.007581488544615661
   0.007391806614916557
   0.007253119362176636
   0.007114850144976044
   0.007003431763906322
   0.006904332512268694
   0.006823285485877797
   0.00670394968063905
   0.006614510844011935
   0.0065470483492079306
   0.0064697501963665435
   0.00639878770882841
   0.006356566504833235
   0.006299151387997633
   0.0062319568364678215
   0.00619158144703356
   0.006155253031470164
   0.006107300498271125
   0.006067092332802188
   0.006037048674545682
   0.005989956120263771
   0.005962472233858193
   0.005941823187965869
   0.005912629187813702
   0.005903732187129771
   0.005884915601313015
   0.00587279830682755
   0.005845174348260543
   0.005832863235071367
   0.0058247434094547395
   0.005813997885123464
   0.005802322988542021
   0.005794744034913919
   0.005780332186089826
   0.0057773459066000725
   0.005765109827397758
   0.005763392545883965
   0.005748899640313533
   0.005752210787235686
   0.005741231828406515
   0.005742774183838919
   0.005734521638931498
   0.0057344794835852584
   0.005735933667546432
   0.005729246970131502
   0.005721836613828529
   0.005722453292967466
   0.005732643239975566
   0.0057313270549121395
   0.005733230430114942
   0.005741855444716194
   0.0057338549940386405
   0.005738398738945512
   0.005736481410585054
   0.005754657491344169
   0.005753544563338708
   0.005771680035090711
   0.005784435709675018
   0.005782236037417057
   0.005785043499437438
   0.00579559996272964
   0.00582523579411878
   0.005835282314480654
   0.0058625941865228445
   0.005854911525438665
   0.0058752414425011735
   0.005905722253804284
   0.005925591756703073
   0.005942851751466664
   0.005969580695379061
   0.005997409936412892
   0.006028350477890771
   0.0060594035331493525
   0.006092590688277452
   0.006126817408664441
   0.006172093440636831
   0.006217233541271826
   0.0062632300351229174
   0.006325891017311547
   0.006367205697557804
   0.006423310469709538
   0.006485440306340571
   0.006565031041595715
   0.006637287645406958
   0.006723788041976128
   0.006817586904080838
   0.006908292991384895
   0.007014329446637347
   0.007139029151065378
   0.007276316965925689
   0.007424784770640772
   0.007618844437825362
   0.007837388448293514
   0.008091788465533866
   0.008502927699173149
   0.009193252832347872
