   0.021242892676794745
   0.02037582808225361
   0.019754983545096316
   0.019455104705238285
   0.01913499618290183
   0.018812999826601833
   0.018502502214659964
   0.018194103863395317
   0.017983881211295502
   0.017801928157127635
   0.017676114810718405
   0.017466062867645907
   0.01716955360941552
   0.01702592897274405
   0.016946410994369703
   0.016743487597043888
   0.016634707685062037
   0.01648276991968569
   0.016303881556002396
   0.016100800758087255
   0.015959284864388346
   0.01584205225007962
   0.015772706282812687
   0.01567551510949568
   0.01554084534062725
   0.015488087152013713
   0.015423412423882146
   0.015426157692222464
   0.015311681088713789
   0.01528549655578949
   0.015159173629940572
   0.015052035609529437
   0.014948686547262256
   0.014878658478537626
   0.014785075438251962
   0.014737581328997554
   0.014744307020706579
   0.014654411517630233
   0.0146775386547381
   0.01466698079978345
   0.014630117652084197
   0.014565054867129078
   0.01458104620089876
   0.014556291569252243
   0.014527703101546684
   0.014539882333313646
   0.01452330384599139
   0.014498052704894864
   0.014507807775385313
   0.014461682838304783
   0.01446630353813854
   0.014429639621876704
   0.014475574823899473
   0.014430728759028252
   0.014474123808746133
   0.014503752097640207
   0.014575491233551797
   0.014617131130988763
   0.014658056914189883
   0.01469868920893043
   0.01472182146177081
   0.01475472317032738
   0.014737585701554297
   0.014725592850616963
   0.0148057155884404
   0.014948518284627722
   0.01499860645540672
   0.01503185308527111
   0.015084435165577384
   0.015174112398110822
   0.015221440773862196
   0.015348374534124467
   0.015397818026159684
   0.0154915946875775
   0.0155850090849243
   0.015617494628230985
   0.01570653442305286
   0.015877299330344423
   0.015960124605704725
   0.016054184137041082
   0.016184129798614676
   0.016363775735389864
   0.016446849323298263
   0.01657482803333468
   0.016767067865752112
   0.016806095578914552
   0.01700722737442834
   0.017221894466385012
   0.01738894166737823
   0.017606898197349237
   0.01781750426092339
   0.01801446197264738
   0.018116848477760836
   0.018350628022604006
   0.018619300664497785
   0.018969533382459634
   0.0193195536552787
   0.019614427801691453
   0.02014467889363672
   0.021134049393617894
