   0
   0
   0
   0
   0
   0
   0
   0
   0
   0
   0
   0
   0
   0
   0
   0
   0
   0
   0
   0
   0
   0
   0
   0
   0
   0
   0
   0
   0
   0
   0
   0
   0
   0
   0
   0
   0
   0
   0
   0
   0
   0
   0
   0
   0
   1.9999998999999975
   0
   0
   0
   0
   0
   0
   0
   0
   0
   0
   0
   0
   0
   0
   0
   0
   0
   0
   0
   0
   0
   1.9999998999999975
   0
   0
   0
   0
   0
   0
   0
   0
   0
   0
   1.9999998999999975
   1.9999998999999975
   0
   0
   0
   0
   0
   0
   0
   0
   0
   0
   0
   1.9999998999999975
   0
   0
   1.9999998999999975
   0
   1.9999998999999975
   1.9999998999999975
   1.9999998999999975
   0
   1.4142134209517316
   0
   0
   1.44222037151054
   1.9999998999999975
   1.9999998999999975
   1.9999998999999975
   1.4142134209517316
   1.5811387035930782
   0
   0
   0
   0
   1.224744708092262
   1.490711850835775
   0
   1.9999998999999975
   1.1547003651741576
   1.9999998999999975
   1.9999998999999975
   0
   1.9999998999999973
   1.9999998999999975
   1.224744708092262
   1.9999998999999973
   1.326649765386479
   1.1547003651741576
   1.4142134209517316
   0.9999997999999799
   0.9999997999999799
   1.224744708092262
   1.9999998999999975
   0
   1.224744708092262
   0
   1.9999998999999975
   1.9999998999999975
   1.4142134209517316
   1.9999998999999975
   1.058300335443583
   1.224744708092262
   0.7559286814432771
   1.9999998999999973
   1.9999998999999975
   1.2472189685678916
   1.224744708092262
   1.326649765386479
   1.1065664896057388
   1.058300335443583
   1.9999998999999975
   1.018349958038511
   1.224744708092262
   0.9476068719007209
   0.8331953408613479
   1.058300335443583
   0.942808829450005
   0.7999997499999609
   0.8606627334448383
   1.019803706602403
   0.7370274598298289
   0.6666663666665991
   0.7050113616945071
   0.9380829387639453
   0.8329928877369892
   1.9999998999999975
   0.9718251100092261
   0.7378199632870148
   0.6614375253945001
   0.6705995392272756
   0.7999997499999609
   0.8660251728443001
   0.7925268282864114
   0.6324552158058308
   0.7050113616945071
   0.7438330335898041
   0.6849345972201549
   0.7071064983437785
   0.5263154094735469
   0.6343236271063261
   0.5793103719332828
   0.5773499227793603
   0.41549373685137303
   0.5099015591268573
   0.4921525504068553
   0.5329383347433858
   0.5785366673304434
   0.48650384431425037
   0.4844517288141518
   0.46290961783669426
   0.4921525504068553
   0.4076819669173319
   0.4522366973609643
   0.37498819912926423
   0.43878936429633075
   0.4505745583668282
   0.34359155338214525
   0.3795311862411834
   0.42217518442039487
   0.3396172165078771
   0.35855900702820204
   0.3850599349703458
   0.3392660745715337
   0.3270807981534686
   0.3364002314283639
   0.3283828967582598
   0.2731932243014429
   0.3310162776272045
   0.2904003895733623
   0.3353959887172564
   0.31491769356295024
   0.2731932243014429
   0.2655292338014872
   0.2988681558678607
   0.27377907827330134
   0.2761387302766366
   0.2692300263726015
   0.2539994665983731
   0.24297114819958632
   0.22766577183276218
   0.2589437193280296
   0.21756663378930213
   0.2253512251743087
   0.2103340808854653
   0.2174580921528266
   0.19684918084665734
   0.18768061594845634
   0.2050213470571019
   0.18456569083661714
   0.1980518940606749
   0.18404145204930125
   0.17682959727427128
   0.17205472281480713
   0.17465944055541022
   0.18222244476202415
   0.1613680640030863
   0.16082307922035738
   0.16128908257587854
   0.1650813409799241
   0.1599577927020251
   0.1534834557097891
   0.14785503873351458
   0.14602694252795415
   0.13918043791691473
   0.13611877274043696
   0.1428557428502828
   0.12677010942732528
   0.13020917811425992
   0.13712088475046322
   0.12684947782257128
   0.11745302286191221
   0.11224946449900836
   0.11905115872053604
   0.11472003593017395
   0.10402036877032099
   0.1073947176301322
   0.10322345901282647
   0.09915471659547645
   0.09842311707512491
   0.09940621963979787
   0.09981286905337534
   0.09419548756582853
   0.09122092043041902
   0.08856457782135291
   0.08799742163426533
   0.0850582257573636
   0.08733239305069931
   0.0806549605246085
   0.0819597113280789
   0.07626589188603751
   0.07587519176521934
   0.07503153237758525
   0.0723414082949356
   0.06868303510006743
   0.0696731034148768
   0.06657282886514435
   0.06509771640058121
   0.06414562704014184
   0.06469911554339541
   0.06332593327801714
   0.06000751721575022
   0.059647915407609234
   0.057552527466486376
   0.05632251924243615
   0.05431606009677542
   0.054743994315130357
   0.053690545885568174
   0.050838374405689245
   0.05104907225653419
   0.04978744674313369
   0.048324754265224215
   0.046982830593171286
   0.046118062336380626
   0.04472726367764386
   0.04399939508982032
   0.042258233964339045
   0.042211957680048165
   0.04192568069363184
   0.04085652515909713
   0.03930026915120417
   0.03795944473308908
   0.03715948908450434
   0.03638141779167319
   0.036000773377818
   0.03514535159186413
   0.03460735996863747
   0.033247687998976004
   0.032818583544677836
   0.032163328811015385
   0.03145678681782816
   0.03059335314104614
   0.030514681175074856
   0.02925699643140392
   0.028508689062267768
   0.02807493069733717
   0.027532771529066358
   0.02709895239857096
   0.026301787912666033
   0.02555775553974226
   0.025127027279393158
   0.02437262230530015
   0.023620557091995464
   0.023495426846788136
   0.02274022879624812
   0.022372737481432137
   0.021851123052777713
   0.021276222916104127
   0.020845390368891378
   0.020417376919121086
   0.020054613678057148
   0.01937737781649054
   0.018960356789147845
   0.01848026091089692
   0.01824157100363839
   0.017806083916202878
   0.017460112072798527
   0.017015154526666045
   0.016648460777874827
   0.016319702829852577
   0.01582793465766155
   0.015480328090150241
   0.015237491299289783
   0.014816598085037009
   0.014445328777516876
   0.014177510382296374
   0.013755354265624914
   0.013605746912401722
   0.013205592626025076
   0.012986867746087998
   0.012689456456373779
   0.012356179321424816
   0.012094651616464863
   0.011800794686314087
   0.011535144184335079
   0.011264223488340238
   0.010998446033988649
   0.01077961839907228
   0.010531265061068312
   0.010311606365628072
   0.010069270419630995
   0.009835595108653946
   0.009636006002879519
   0.009434980261521507
   0.00913584786989142
   0.008996481753581188
   0.008770698343815386
   0.00856671134979656
   0.00838845241335641
   0.008207305054217445
   0.00798724391561025
   0.007806694753307493
   0.007649761251538613
   0.007457995929511046
   0.007312591706883162
   0.007130097675885784
   0.006986517505840458
   0.006825957268432543
   0.006666265586391643
   0.006501963984745429
   0.006372831834815135
   0.006223378531187691
   0.006081176091794714
   0.005943766859569868
   0.005817487941229016
   0.00568154320258893
   0.005550287314646567
   0.005413027942667995
   0.0052970492142402174
   0.005185569501789655
   0.0050374273413142006
   0.004953359870858568
   0.004828581660424463
   0.004712554306199808
   0.004604847364785559
   0.004502683714980541
   0.004400970733921774
   0.0026630918107390755
   0.002643758193022721
   0.0026299066320566323
   0.002615393206645313
   0.0026148896686219556
   0.002614112259462336
   0.0026163627980632896
   0.0026274285385142087
   0.0026410376588021913
   0.0026630608858032975
   0.004398522943104677
   0.004512375694302031
   0.004607829501732778
   0.004716000795169388
   0.004818414810136674
   0.004931589632451058
   0.005063826459357486
   0.005168053335239237
   0.005279513086805002
   0.0054199282578991865
   0.0055411227927886775
   0.005680190255258674
   0.005798204365883947
   0.005952104535384147
   0.006085178871041576
   0.0062129142423236056
   0.006375155267819139
   0.006533985453800759
   0.006643376175553547
   0.006822267980752038
   0.0069721327534526855
   0.007167857412999302
   0.007324602308183978
   0.007490061563164317
   0.007663954366267812
   0.007835480479873346
   0.007996355832930199
   0.008187423483831772
   0.008406079616192283
   0.008543561022213294
   0.008749155407982379
   0.009021796344512148
   0.009187348872523175
   0.009410881749085807
   0.009594527452515007
   0.00987755875525492
   0.010067103712015723
   0.010314095788405598
   0.01058884452887676
   0.01080261671272464
   0.011046473046382862
   0.011251014266678211
   0.011532865656122876
   0.011816136758110924
   0.012089412596006427
   0.012390570697918475
   0.012678848525562893
   0.012945973003116605
   0.013276737079952873
   0.01350891278563707
   0.013856229987912243
   0.01413724508125056
   0.014569427029096128
   0.014759082336916507
   0.01506709073212835
   0.01554235676831179
   0.01582706866348829
   0.016204939676318114
   0.016434197901340597
   0.01703996926843265
   0.017329662882445526
   0.017901017010890995
   0.018202273307816503
   0.018694721638111082
   0.01898772737094009
   0.01946032494828324
   0.019964034449292185
   0.020183251952973713
   0.0207457981131692
   0.021118914353599447
   0.021974342741789634
   0.022596696583467763
   0.02279984497829662
   0.023286125565662976
   0.023959807703353084
   0.02421437476515037
   0.025129666327601666
   0.025798993640277355
   0.026109801409818438
   0.026724433614837083
   0.027586720771788156
   0.028114318732441912
   0.028565119032774033
   0.029318418743650772
   0.030139234161553046
   0.031143169847993386
   0.031641684066487395
   0.031841187731324265
   0.032986425735538796
   0.034117390546615986
   0.03438502469583194
   0.03492448631524745
   0.036443263061789036
   0.03755329938073512
   0.03811191895632972
   0.03836859462679157
   0.03978823935232927
   0.0400221430158255
   0.04123298434287445
   0.04213061429974421
   0.04316488993254726
   0.04422135287002643
   0.04592726734889821
   0.04567030436770997
   0.04792927513604843
   0.04924400584345368
   0.04877528291101572
   0.05146345222092645
   0.05217273359534599
   0.05302096503212729
   0.054668853990801965
   0.05612342277735489
   0.05707309635578542
   0.05720857177465648
   0.0602679790594724
   0.06164991203625263
   0.06265639249763838
   0.06410585326216862
   0.06639047083773059
   0.06520138543288934
   0.06943327649709297
   0.06841812949221351
   0.07104359198747963
   0.07469234323708265
   0.07499218674065498
   0.07636703089162374
   0.07988259242447525
   0.07793969539466614
   0.0823626128774458
   0.08094165572514966
   0.08692490671948551
   0.08902311802697137
   0.08979538090031437
   0.09203315733443987
   0.0904168449087023
   0.09204690146860374
   0.0944757295878934
   0.10080728018037112
   0.09634709854136597
   0.10542483684640347
   0.11014393287806801
   0.10918008867679486
   0.11268456477932424
   0.11891358846571701
   0.12060439882465294
   0.12597402222330184
   0.11922447749123438
   0.12658069847115175
   0.12638948251095344
   0.1355177955507226
   0.13912176284207833
   0.13721450948645
   0.1379257320505643
   0.13397365183121926
   0.13720299931775123
   0.15531049238893832
   0.1581126180922952
   0.15822807719771811
   0.15786663349235056
   0.1561811786685032
   0.15790608855928215
   0.17042445545017745
   0.17722595401213168
   0.18654842229511656
   0.18383968014134863
   0.18306456277268376
   0.1831431039849216
   0.2040806526507082
   0.2026228819991147
   0.20018305529870828
   0.20722315566603947
   0.2208098649284133
   0.22090595578510122
   0.22570688957140853
   0.23111373428652598
   0.2365017642744195
   0.2482457747005328
   0.24467027931122182
   0.27789235486817393
   0.2429898311272904
   0.2583221222428953
   0.24942118996353901
   0.2548389896730804
   0.2808723918638536
   0.2721647921279938
   0.3257898679905926
   0.32532382596928155
   0.27849941987337434
   0.2890042440366199
   0.3006530013047204
   0.37495222250441157
   0.38655023942989064
   0.34411566928653486
   0.41344863156161366
   0.3461142458016175
   0.4320489169835594
   0.3673463943306623
   0.35954157587546137
   0.43878936429633075
   0.437444424688849
   0.472803342536235
   0.4116490279093481
   0.4422998446183625
   0.46259201197958993
   0.38635408061574417
   0.47418527076019257
   0.5248635000301619
   0.41096044686671346
   0.5217173076604091
   0.4635467970527368
   0.4521548898822664
   0.4454207000129203
   0.4827582064037631
   0.7071064983437785
   0.6614375253945001
   0.7423683123026675
   0.5477221923566727
   0.6666663666665992
   0.5882349541175488
   0.5443306865282319
   0.65555447227191
   0.6283054457624826
   0.5958432560655667
   0.6394438903366649
   0.8944269673930901
   0.8012333671546483
   0.7284310845220427
   0.6680423577405382
   0.7041785062006943
   0.8571426238094921
   0.8331953408613479
   0.6236092437487508
   0.9999997999999799
   0.8944269673930901
   1.058300335443583
   0.7905691620598415
   1.326649765386479
   1.1065664896057388
   0.9999997999999799
   0.8284866520013335
   1.058300335443583
   1.9999998999999975
   0.8660251728443001
   1.0657401508509485
   0.7999997499999609
   0.8485279017215639
   0.7559286814432771
   0.7925268282864114
   0.9999997999999799
   0.9354141328844674
   1.3093071886634224
   1.4142134209517316
   1.0301573131303385
   1.4142134209517316
   1.9999998999999975
   1.9999998999999975
   0
   1.4142134209517316
   1.1065664896057388
   1.224744708092262
   1.4142134209517316
   1.7379320364344824
   1.2472189685678916
   1.4142134209517316
   1.4142134209517316
   1.490711850835775
   0
   1.1547003651741576
   1.9999998999999975
   1.490711850835775
   0
   0
   1.9999998999999975
   0
   1.9999998999999975
   0
   0
   1.9999998999999975
   1.9999998999999975
   1.4142134209517316
   0
   0
   0
   0
   0
   0
   0
   0
   0
   0
   1.9999998999999975
   1.9999998999999973
   0
   0
   1.9999998999999973
   1.9999998999999975
   0
   0
   0
   0
   1.9999998999999975
   0
   0
   0
   0
   0
   0
   0
   0
   0
   0
   1.9999998999999975
   0
   0
   0
   0
   0
   0
   0
   0
   0
   0
   0
   0
   0
   0
   0
   0
   0
   1.9999998999999975
   0
   0
   0
   0
   0
   0
   0
   0
   0
   0
   0
   0
   0
   0
   0
   0
   0
   0
   0
   0
   0
   0
   0
   0
   0
   0
   0
   0
   0
   0
   0
   0
   0
   0
   0
   0
   0
   0
   0
   0
   0
   0
   0
   0
   0
   0
   0
   0
   0
   0
   0
   0
   0
   0
   0
   0
   0
   0
   0
   0
   0
   0
   0
   0
   0
