   0.007381542001696479
   0.006519645385738314
   0.006370889646277614
   0.006330909001655302
   0.00632389884343264
   0.006315798660129874
   0.006286954896546508
   0.006286589813940806
   0.006303981392796343
   0.006299820567169585
   0.006298010869194874
   0.006298518333011058
   0.006302162970134635
   0.00628742835451826
   0.006309483710100534
   0.006292558843802486
   0.006297134444041248
   0.006307635303379662
   0.006302134958729998
   0.006283454335432962
   0.00629039652237851
   0.0063115635946973895
   0.00631958443375267
   0.0063000403618189175
   0.006292074063679467
   0.006276494453954237
   0.006301543550148031
   0.0063044345030734555
   0.006322733847040738
   0.006315181731741663
   0.00629829180313659
   0.006298733839566659
   0.006300756060605119
   0.006300700950172707
   0.006309261288398002
   0.006308974654086169
   0.0063037392344556555
   0.006304836970441148
   0.00631389174448987
   0.006302833955643781
   0.006310790576871216
   0.006306326969257157
   0.006294532072576531
   0.006311687182694747
   0.006285194272503638
   0.006301458813544343
   0.006306092643658121
   0.006286460385045713
   0.006309626848590092
   0.006298533716399393
   0.006298446071317199
   0.006300101202083096
   0.006294662670969419
   0.006309299420186405
   0.006311449933708732
   0.006296616148912415
   0.006290961196899199
   0.006289155434477713
   0.00629516585134814
   0.006305454215789471
   0.006294443927435748
   0.006292714346162225
   0.00630638399530848
   0.006309423432964453
   0.006282504746104334
   0.006300382737989409
   0.006305430320110819
   0.006313979653095178
   0.006298862957129096
   0.006303766871647901
   0.006294095896211314
   0.006290650417133997
   0.006306260246449828
   0.006284517466321112
   0.0062931441984095835
   0.006287743852380251
   0.006279089186737725
   0.0062860002849269405
   0.006302061554102359
   0.006301365100574074
   0.006304988505482575
   0.0063152018923831
   0.006300441483647341
   0.006290662978898827
   0.0063141748076368425
   0.006302061769722475
   0.006306159003757571
   0.006305897556731045
   0.0062989613288764006
   0.006309637721988496
   0.006306624812882876
   0.006296709333426396
   0.006307702159715335
   0.006302987500167859
   0.006295449688977738
   0.0062884846883287165
   0.006301778399192695
   0.006371886775341932
   0.0065218160640276536
   0.0073556194092581125
