   0
   0
   0
   0
   0
   0
   0
   0
   0
   0
   0
   0
   0
   0
   0
   0
   0
   0
   0
   0
   0
   0
   0
   0
   0
   0
   0
   0
   0
   0
   0
   0
   0
   0
   0
   0
   0
   0
   0
   0
   0
   0
   0
   0
   0
   0
   0
   0
   0
   0
   0
   0
   0
   0
   0
   0
   0
   0
   0
   0
   0
   0
   0
   0
   0
   0
   0
   0
   0
   0
   0
   0
   0
   0
   0
   0
   0
   0
   0
   0
   0
   0
   0
   0
   0
   0
   0
   0
   0
   0
   0
   0
   0
   0
   0
   0
   0
   0
   0
   0
   0
   0
   0
   0
   0
   0
   0
   0
   0
   0
   0
   0
   0
   0
   0
   0
   0
   0
   0
   0
   0
   0
   0
   0
   0
   0
   0
   0
   0
   0
   0
   0
   0
   0
   0
   0
   0
   0
   0
   0
   0
   0
   0
   0
   0
   0
   0
   0
   0
   0
   0
   0
   0
   0
   0
   0
   0
   0
   0
   0
   0
   0
   0
   0
   0
   0
   0
   0
   0
   0
   0
   0
   0
   0
   0
   0
   0
   0
   0
   0
   0
   0
   0
   0
   0
   0
   0
   0
   0
   0
   0
   0
   0
   0
   0
   0
   0
   0
   0
   0
   0
   0
   0
   0
   0
   0
   0
   0
   0
   0
   0
   0
   0
   0
   0
   0
   0
   0
   0
   0
   0
   0
   0
   0
   0
   0
   0
   0
   0
   0
   0
   0
   0
   0
   0
   0
   0
   0
   0
   0
   0
   0
   0
   0
   0
   0
   0
   0
   0
   0
   0
   0
   0
   0
   0
   0
   0
   0
   0
   0
   0
   0
   0
   0
   0
   0
   0
   0
   0
   0
   0
   0
   0
   0
   0
   0
   0
   0
   0
   0
   0
   0
   0
   0
   0
   0
   0
   0
   0
   0
   0
   0
   0
   0
   0
   0
   0
   0
   0
   0
   0
   0
   0
   0
   0
   0
   0
   0
   0
   0
   0
   0
   0
   0
   0
   0
   0
   0
   0
   0
   0
   0
   0
   0
   0
   0
   0
   0
   0
   0
   0
   0
   0
   0
   0
   0
   0
   0
   0
   0
   0
   0
   0
   0
   0
   0
   0
   0
   0
   0
   0
   0
   0
   0
   0
   0
   0
   0
   0
   0
   0
   0
   0
   0
   0
   0
   0
   0
   0
   0
   0
   0
   0
   0
   0
   0
   0
   0
   0
   0
   0
   0
   0
   0
   0
   0
   0
   0
   0
   0
   0
   0
   0
   0
   0
   0
   0
   0
   0
   0
   0
   0
   0
   0
   0
   0
   0
   0
   0
   0
   1.4142134209517316
   0
   1.9999998999999975
   0
   1.490711850835775
   0
   0
   0
   1.490711850835775
   0
   1.4142134209517316
   0
   1.4142134209517316
   1.9999998999999975
   1.9999998999999975
   1.4142134209517316
   1.9999998999999975
   0
   0
   1.4142134209517316
   1.1547003651741576
   0
   1.9999998999999975
   1.9999998999999975
   1.9999998999999975
   0
   0.9999997999999799
   1.9999998999999975
   1.4142134209517316
   0
   1.9999998999999975
   1.4142134209517316
   0
   0
   1.490711850835775
   1.9999998999999975
   1.9999998999999975
   1.4142134209517316
   1.9999998999999975
   1.9999998999999975
   1.9999998999999975
   1.4142134209517316
   1.4142134209517316
   0
   0
   1.4142134209517316
   1.4142134209517316
   1.9999998999999975
   1.9999998999999975
   1.9999998999999975
   1.4142134209517316
   0
   1.4142134209517316
   1.9999998999999975
   1.9999998999999975
   0
   0
   0
   1.4142134209517316
   1.9999998999999975
   1.1547003651741576
   0
   1.4142134209517316
   0
   1.9999998999999975
   0
   1.4142134209517316
   1.9999998999999975
   1.1547003651741576
   1.1547003651741576
   1.9999998999999975
   1.4142134209517316
   1.9999998999999975
   1.9999998999999975
   1.9999998999999975
   1.4142134209517316
   1.4142134209517316
   0.8944269673930901
   0.9999997999999799
   1.1547003651741576
   1.9999998999999975
   0.9999997999999799
   1.4142134209517316
   1.058300335443583
   0.9999997999999799
   1.4142134209517316
   1.4142134209517316
   1.1547003651741576
   1.4142134209517316
   1.1547003651741576
   1.1547003651741576
   1.1547003651741576
   1.058300335443583
   1.4142134209517316
   1.4142134209517316
   1.4142134209517316
   0.9999997999999799
   1.9999998999999975
   1.4142134209517316
   0.9999997999999799
   0.8660251728443001
   1.1547003651741576
   0.942808829450005
   0.7559286814432771
   1.490711850835775
   0.8606627334448383
   1.9999998999999975
   0.9999997999999799
   0.9999997999999799
   0.7559286814432771
   1.1547003651741576
   1.1547003651741576
   1.1547003651741576
   1.1547003651741576
   0.816496335978715
   1.490711850835775
   0.816496335978715
   0.6928200343523562
   0.9999997999999799
   0.816496335978715
   0.7905691620598415
   1.1547003651741576
   0.8944269673930901
   0.7071064983437785
   0.7483312100934986
   1.058300335443583
   0.7905691620598415
   1.4142134209517316
   0.816496335978715
   0.6324552158058308
   0.5863016288566832
   0.6928200343523562
   0.5497470529454634
   0.6928200343523562
   0.8660251728443001
   0.5958432560655667
   0.6324552158058308
   0.942808829450005
   0.7370274598298289
   0.6343236271063261
   0.7041785062006943
   0.603022357492957
   0.65555447227191
   0.7905691620598415
   0.6236092437487508
   0.5345221096589792
   0.5128112504096539
   0.5714282214284643
   0.7027280843212594
   0.5497470529454634
   0.7370274598298289
   0.5163973921958424
   0.5958432560655667
   0.5642151188562929
   0.5773499227793603
   0.5714282214284643
   0.6324552158058308
   0.5477221923566727
   0.5128112504096539
   0.44853431524540316
   0.44536132234177733
   0.5477221923566727
   0.4810452771597346
   0.5714282214284643
   0.5345221096589792
   0.4635467970527368
   0.5291498842483101
   0.49487125516004005
   0.48507083776192816
   0.41096044686671346
   0.42132456954159253
   0.37837784980658057
   0.4518388984695013
   0.4164960837212063
   0.5546998356699844
   0.47418527076019257
   0.4635467970527368
   0.4029026002732818
   0.4409580982864975
   0.4810452771597346
   0.3705753846451408
   0.4029026002732818
   0.47619005619029103
   0.421636547013868
   0.42309803317790595
   0.37203212831457166
   0.3848996598441575
   0.37499946666628736
   0.32296747517772706
   0.39528420155629795
   0.378484198752384
   0.3491178261127542
   0.37416520415452853
   0.35294060980346664
   0.4382276756979178
   0.34992653456380923
   0.30463026770168455
   0.3439238990143064
   0.3272288489294359
   0.31134928217390206
   0.3054145766803445
   0.32396893095106255
   0.32836473643114056
   0.29629562129552744
   0.28720466404990014
   0.31495967995919727
   0.2815797596519972
   0.28588356985457397
   0.28571358571342825
   0.2723475890196692
   0.2657451947823157
   0.270358073374348
   0.30388991329500314
   0.2663341060686057
   0.24494815778037604
   0.2690587120313436
   0.24675347668612418
   0.2492541477950997
   0.24999919999872003
   0.22475523190601077
   0.22492101007153967
   0.2364713423997158
   0.2594157041253815
   0.22449855233386246
   0.21851734386178912
   0.21465483340858862
   0.23052160431118687
   0.2301108187132645
   0.22302289346776577
   0.2054794934348005
   0.20758078329733878
   0.2094180811277135
   0.21877852341894072
   0.192929578401608
   0.19080462911027335
   0.19847957145980105
   0.1863585545242192
   0.18255498045441693
   0.1916521479708874
   0.1925107200754743
   0.1957972643719544
   0.1776907270052881
   0.17671744199817227
   0.1837862284769394
   0.18495574043515325
   0.16973056373537435
   0.18404992366082562
   0.17481857189642394
   0.16778088820327836
   0.17998197116636527
   0.16019589140636487
   0.1671298826138743
   0.16075412771855446
   0.15837287629384023
   0.15472035879130286
   0.15299594085374316
   0.15591966529367499
   0.1456772889694991
   0.14180537378154523
   0.15558760608861916
   0.15199993666560976
   0.1377209000880452
   0.1379548879074712
   0.13560205754240967
   0.14629250154021758
   0.14152679716558486
   0.13352813914158257
   0.12818470935263923
   0.12443259608214374
   0.125461562607172
   0.1235457681282462
   0.1202305381877881
   0.12401353070274995
   0.11903337988163133
   0.11955047271693822
   0.11475461472554326
   0.11945902845179805
   0.1180594472387086
   0.11250501223402351
   0.10767325425724432
   0.10941939023125599
   0.1110652897923112
   0.10967415154414886
   0.1074978284215029
   0.10164987208055666
   0.10168913360644449
   0.09997717273818742
   0.10318593584307838
   0.0977752348566115
   0.09509500298601468
   0.10017511966593365
   0.09061704650694018
   0.0924320642028752
   0.09308988613439996
   0.09497434581646734
   0.09158618009171837
   0.09016576069941623
   0.08968475186549946
   0.08977142667072084
   0.08458534876473378
   0.08756525578110819
   0.08476979334977708
   0.08275556003573828
   0.08158113334317385
   0.08255338338639201
   0.08011020123504731
   0.0785995840312781
   0.07968437738979954
   0.07864218545436913
   0.07554658844711613
   0.0743676195038334
   0.07433857306699636
   0.07374928444727544
   0.07271784008832856
   0.07128522771388433
   0.0711910360525617
   0.07062404489541006
   0.07027306244595195
   0.06910859711331198
   0.06749427528784244
   0.0660260970004257
   0.06262349350390502
   0.0635630070080662
   0.06389826580094886
   0.06342137326986912
   0.06247034323618813
   0.06080730440582159
   0.05907150022123366
   0.05980556567645435
   0.05851574224896458
   0.05625576437453663
   0.05646270099147051
   0.05595492824913652
   0.05393203053885289
   0.05435116422571932
   0.05408086425621618
   0.05320694260830711
   0.05235926066907556
   0.05238739895306329
   0.04944528540111627
   0.05068503127334566
   0.05097882472346635
   0.05026549952574715
   0.04906953473617195
   0.04747612269352854
   0.04670295246823093
   0.046058443509182846
   0.045941178866012296
   0.045604672914703756
   0.04431773504800072
   0.0442814665205788
   0.043209964681287814
   0.04269747864471036
   0.04159921657155568
   0.04131947163139323
   0.04079694815803498
   0.04111422285520735
   0.04065580814176503
   0.039584374258398426
   0.03807254619070876
   0.038487458812867775
   0.03812393817046593
   0.03754494759964846
   0.036746474144006294
   0.03636529298632588
   0.035861941616877474
   0.036107728216687986
   0.034573481477581366
   0.03491869598699678
   0.033999068526350665
   0.03395383522384362
   0.033088239674266585
   0.03284581248800309
   0.03208848481457615
   0.03225588476016293
   0.03164758708888626
   0.03175924148990474
   0.030722299542799102
   0.03038612773058854
   0.030575773031162132
   0.029867280130080737
   0.029526604298073234
   0.028760383967321515
   0.02883432428431294
   0.02813126957354537
   0.027798463593751918
   0.027747054623103982
   0.027290776895705245
   0.026812233007052728
   0.026421879006428277
   0.026163645225973333
   0.025834288423050022
   0.025481191672692236
   0.02536438384232447
   0.02496368518174828
   0.024499227623888353
   0.024251857798849825
   0.023829168044054206
   0.0235362139081351
   0.023205101553386284
   0.023104009555792556
   0.022708342777228708
   0.022186621331696698
   0.022252370925474916
   0.02186310443910754
   0.02162948850916588
   0.021085271628180878
   0.020936038411111815
   0.02056137279859097
   0.020571650998548227
   0.02013973267782024
   0.019906888131462186
   0.01954099967720328
   0.01940530039888201
   0.01924054855271225
   0.01884656512109593
   0.018628677845458973
   0.018463422373808946
   0.018172180153112394
   0.01798081345308236
   0.01753623695527503
   0.01745061439334378
   0.01724079289639951
   0.016956680802206688
   0.016800750241222955
   0.016613440067575258
   0.016397817711399167
   0.016198858331250506
   0.01591794409787309
   0.015755179435738984
   0.01556684035223524
   0.015379512599030842
   0.015081984400068853
   0.014957422501737577
   0.014792031321563346
   0.014636059982849298
   0.014407702209504597
   0.014260358233245124
   0.014037122706775486
   0.013773945886713195
   0.013587680377341142
   0.013506390468399174
   0.01324054828334581
   0.013155831274681028
   0.01296754234526732
   0.01274243093209133
   0.012628516810898613
   0.01246592584056467
   0.012310651588167734
   0.012148144369486124
   0.011949848804098884
   0.011851781724762317
   0.011666267332417135
   0.011554110920510233
   0.011334200193635428
   0.011208438980126283
   0.011063679611712313
   0.010897073646681955
   0.01078212205892787
   0.010701184773879387
   0.01055753749131671
   0.01032881902851637
   0.010258404239566222
   0.010185723080040548
   0.010007685102752486
   0.009833004411045393
   0.009712127809241865
   0.009629868569843391
   0.009481434009878466
   0.009366177836145857
   0.009246042711560007
   0.009094453843233628
   0.0089827814375433
   0.008846153337494065
   0.008756286904724233
   0.00860623332905609
   0.008542660819985589
   0.00844402288959245
   0.008283577698414937
   0.008173233789955589
   0.008067094586498201
   0.007956499822529658
   0.007852357494736154
   0.007760257091571965
   0.007699496170969361
   0.007585988308911615
   0.007484089163083848
   0.007364823151429615
   0.007268138650981632
   0.007170725996896779
   0.007114687088084306
   0.007000613184095797
   0.006911853877120759
   0.006814339193414372
   0.006711972627500458
   0.006626054512662735
   0.006536541678678377
   0.0064642631018710815
   0.00637524753390996
   0.006289989227520963
   0.006206204726168092
   0.006128692327588902
   0.0060591549498250526
   0.005979084355672362
   0.00588554514240898
   0.005820711255531336
   0.005745001775304655
   0.005648507799258112
   0.0055877840599401415
   0.005514636440578431
   0.005446237570448086
   0.005372080453359336
   0.005297358256503682
   0.005230344659203761
   0.005162738915136181
   0.005099622095180349
   0.0050224172699220885
   0.004974357526330206
   0.004898839026635729
   0.004826942444882051
   0.0047712603298038815
   0.0047034345914778435
   0.004632279723360867
   0.004588336430740721
   0.004519276188995787
   0.004456490117908988
   0.004397490669910477
   0.004340845616551996
   0.004278287107056278
   0.004229821929961773
   0.004171687617799627
   0.00410950725802939
   0.004062074678288617
   0.0040092592190144015
   0.0039496615423885925
   0.0039001315307130935
   0.0038521998073059323
   0.0038003396000650287
   0.003747716217575715
   0.0036971898940505597
   0.003654657994698943
   0.003600836655756534
   0.00355410784832237
   0.0035044241595465287
   0.00345917731506605
   0.003414427684290227
   0.003366699760092571
   0.0033268288855744783
   0.003279099727625876
   0.003231598698071512
   0.00318960509224519
   0.003148092053177303
   0.0031034762531715883
   0.0030579347796360202
   0.0030222019022458856
   0.0029781969642688998
   0.002941561299544492
   0.0028978433176216427
   0.0028616611597890207
   0.0028231991894952964
   0.0027857764578983913
   0.002743681528266165
   0.002702370953069059
   0.002669086954002819
   0.0026333742615296846
   0.0025947675228840815
   0.002562654696162973
   0.0025258743282959768
   0.0024898149530764194
   0.0024575792072572544
   0.002423288249975789
   0.0023870019292013905
   0.002357512997346632
   0.0023244266111675294
   0.0022916413149461686
   0.002259346063953861
   0.0022268999156233463
   0.0021949222146172174
   0.0021634367920347493
   0.0021341883608331906
   0.0021010790174238883
   0.002073242111836203
   0.0020440395456523446
   0.002014347610934728
   0.0019870926172982
   0.0019604919284856586
   0.0019365275249637478
   0.0019206716001658334
   0.001910692640427139
   0.001904095357439032
   0.0019078661735422824
   0.0019089902379989397
   0.001922048057699158
   0.0019370013796410157
   0.0019592004898847733
   0.0019874157474199547
   0.0020141966086737596
   0.0020439372972296936
   0.0020734887783568044
   0.0021051608708104346
   0.0021342932052533267
   0.0021641684250996644
   0.0021947622454708353
   0.002228735785590132
   0.0022604974728288453
   0.002292330015086748
   0.0023216299342581773
   0.002356694883564313
   0.0023859168993937228
   0.0024230288677884004
   0.00245427962155607
   0.0024912721746164403
   0.002524877243987033
   0.0025594363975276883
   0.0025959772491842966
   0.002635341742088746
   0.0026701275495985824
   0.002705820136403559
   0.002743653375970419
   0.0027795125710480986
   0.002821872178294943
   0.0028622724704394217
   0.0028966740830509716
   0.002937837254539197
   0.002976643630160468
   0.0030220093987054514
   0.0030631426221927253
   0.0030976733807893315
   0.003141788904294076
   0.0031854437792329313
   0.0032241927364601397
   0.0032750943294007394
   0.0033173324957151066
   0.0033651718642884834
   0.0034093718558429547
   0.003453582592466763
   0.0035016267589535075
   0.003551077692091146
   0.003598842680295076
   0.003649915408178032
   0.0036912355334914717
   0.003748753637420676
   0.003793693842010375
   0.0038587330416944227
   0.0039051274364770225
   0.003945858503417654
   0.00401056523783636
   0.004056043599466624
   0.004119448396535319
   0.004164658274312319
   0.004227199737730534
   0.004283279216426099
   0.0043383541309668415
   0.004397783609761215
   0.004460950135477312
   0.004520193520463847
   0.004582983074028721
   0.004638179675985533
   0.004704141498893061
   0.004760919025427197
   0.004827733969745122
   0.004892055255307613
   0.004966370013314488
   0.0050270858424239975
   0.005086462454699794
   0.005151031876252528
   0.005233076866036041
   0.005301835846610268
   0.005384048485532302
   0.005439667428831294
   0.005523993450182351
   0.005592916920994316
   0.005663948458771017
   0.005715880461877131
   0.005819116077251873
   0.0059088976831116035
   0.00597229523185425
   0.006037529650290679
   0.006118402827229169
   0.006220702189962712
   0.006286734036618212
   0.00637788045505458
   0.006467393848188193
   0.006540864424130668
   0.00662977588016492
   0.006738150295580916
   0.006806209058166894
   0.006905112369481412
   0.006984354392780744
   0.007105859425906997
   0.007177678497581943
   0.007278687073741626
   0.007381991349489134
   0.007476600967605455
   0.007548266091572735
   0.007662590157032895
   0.0077750407265881945
   0.007880484898165938
   0.008001607651994293
   0.008092087026401868
   0.008188932053999464
   0.008258630111341562
   0.008408436086886698
   0.008504897729180906
   0.00863861667380288
   0.00877065113319015
   0.008845436031270392
   0.009004421551283
   0.009099833678686766
   0.009215155989949491
   0.009330500489395585
   0.009466112379597111
   0.009622432187626494
   0.00971932312487297
   0.009854850866229338
   0.009996095414358464
   0.01010565403763868
   0.010246772386210063
   0.010363025440503307
   0.010539199876029227
   0.010645824311411646
   0.0108358321600686
   0.01090534365917042
   0.011066675230308983
   0.01121778461016693
   0.011352736109596508
   0.011490023388151511
   0.011643440004588865
   0.011852045937591243
   0.0119713213771538
   0.01211695460055628
   0.012332017426725565
   0.012436535100594844
   0.012648034951821367
   0.012783514390306911
   0.012940802910057917
   0.013041805885159186
   0.01331599787765933
   0.013442616379712457
   0.013552752706427813
   0.013817515525268208
   0.014073841425897047
   0.014233639689123079
   0.014410339022278996
   0.01458837014186462
   0.014759393979334927
   0.014992460739043858
   0.015148887584266368
   0.015250666336887386
   0.015513611899210468
   0.01578886145040458
   0.015996627651789806
   0.016193037708346538
   0.016299910909656514
   0.016570774543459562
   0.016843737305232982
   0.017168557946236014
   0.01724446545457393
   0.017423228431113214
   0.01777383109245617
   0.017987152338331043
   0.0181400790290039
   0.018305187088682517
   0.018773706719433788
   0.018918310740995325
   0.019123066676627637
   0.019449285884856237
   0.019822082854801047
   0.02000659314553782
   0.020119398319646837
   0.020444588365630678
   0.020723772318393285
   0.020898850673528608
   0.021247267977521588
   0.021626061717855742
   0.021723487275784922
   0.02211007047603056
   0.022345017266391955
   0.022933237798475274
   0.02320578187522529
   0.023259295626899608
   0.023779793869525258
   0.024016295752606817
   0.024392553859177452
   0.02452064650823745
   0.025004027449410136
   0.02522473177829098
   0.02565471988887178
   0.0260639759200502
   0.026538315583916477
   0.026659495087886592
   0.02692573731650654
   0.02742439571450671
   0.02782943605671785
   0.02807008701629186
   0.028387111773397027
   0.02870134576278735
   0.029235414494949635
   0.029658780993506578
   0.02993371313553714
   0.029839294349917715
   0.030493319441803397
   0.031125141178049598
   0.031822316525668415
   0.032298771432126366
   0.03246868989604484
   0.032776776353942445
   0.03321186289481607
   0.03378382416101736
   0.0347298750461317
   0.034680813033203674
   0.03488998329748106
   0.03552568735307091
   0.03662980312737649
   0.036853263681150085
   0.03700310679651156
   0.037092886446022544
   0.038011198674286234
   0.03855384062849712
   0.0388097064000323
   0.039438188540237694
   0.04034848907618085
   0.04061912001082159
   0.04153489022727968
   0.041625211524968134
   0.04195895609019685
   0.042440246440248304
   0.04295526560651888
   0.04374158492710766
   0.044767555943421314
   0.04507866972275629
   0.045768821839528885
   0.04643405796536024
   0.04692479797210423
   0.04738362907869977
   0.04862814136193464
   0.04890903655322255
   0.04931299205878976
   0.04947465062630791
   0.051069538380423246
   0.05215901796523439
   0.053393558095696174
   0.05355827236041311
   0.05335941968413883
   0.054655670573286
   0.05384164208838896
   0.05637994271690649
   0.05695881349757087
   0.05640284052013855
   0.05808554521780983
   0.058692555314815834
   0.058501850033423876
   0.06105542457335609
   0.0612393498397565
   0.06127615639905838
   0.06494279887444605
   0.06388917113342087
   0.06459821653770274
   0.06555794835295856
   0.06713425052647806
   0.06729706969254622
   0.06926067325124677
   0.06765588619862103
   0.07045165354059811
   0.07094461765203
   0.07128432310210624
   0.0723922509036099
   0.07369443500069606
   0.07115610483100276
   0.0726014991189464
   0.07574596947493671
   0.07602029258963011
   0.08006316046098627
   0.0789325218648706
   0.08033612903799175
   0.08029702918555451
   0.08365228436798663
   0.08212249499072355
   0.08273111927248075
   0.08624654995130411
   0.08722512144293942
   0.08534246905393264
   0.08838608487765479
   0.08701766267586421
   0.09372172876041479
   0.09264252005139934
   0.09568020195940714
   0.0926418222594735
   0.09458777514636935
   0.09439660732547334
   0.10027224589473994
   0.09889617544616039
   0.09900170493861685
   0.1009842507652267
   0.10285306459310355
   0.10524189962392419
   0.10686421945243632
   0.10858629388626655
   0.11139953230212311
   0.11247831003143585
   0.10858647628359784
   0.11512378850917997
   0.11505704969681202
   0.12210721016350073
   0.11984824108457767
   0.11812564954312925
   0.1223036380556883
   0.12610662980354737
   0.12985406002878788
   0.13616973633755539
   0.12295504673465041
   0.13038695058730596
   0.1257001058729893
   0.14360128746986917
   0.14232867328711182
   0.13488461718261913
   0.13728669890442916
   0.15000359279463793
   0.14281469744122408
   0.1521005810837136
   0.14081571853791322
   0.1445027522218101
   0.15963823020484874
   0.15340912366365939
   0.14624803892322413
   0.1641747353421462
   0.15421028773027737
   0.15080606203412567
   0.1621640461220405
   0.17721406129839554
   0.18108785126712176
   0.1694903454196212
   0.17811593130986456
   0.19117150394173466
   0.17683219262795202
   0.17587760895956406
   0.18320593553379982
   0.1756496795342754
   0.19006962962077814
   0.19931194539591307
   0.18514691029923183
   0.20047842776717897
   0.18947217225300558
   0.2229457678887427
   0.21114265001579555
   0.1878464917794581
   0.2273415473623478
   0.21049698675561324
   0.22630704314664574
   0.21419023113168326
   0.2474350213609997
   0.21776919597289565
   0.24593926491104173
   0.23362872224430184
   0.22492101007153967
   0.2394324237854222
   0.24046357156896073
   0.22305166521871334
   0.2273415473623478
   0.23779411141566598
   0.24404177245627662
   0.25991374637666925
   0.26802301150065
   0.2664686044541895
   0.2510210594247666
   0.30088964658802786
   0.30088964658802786
   0.2966312315230196
   0.27590608451799037
   0.2848948098044012
   0.3012940622081051
   0.27773114018038253
   0.30423548406042467
   0.2465745313533082
   0.31126421758497863
   0.3088805891756983
   0.29933192278806475
   0.3461142458016175
   0.32808305181598285
   0.3076916576916211
   0.3401500835496633
   0.31732324913949256
   0.3585497320825832
   0.3491178261127542
   0.3585497320825832
   0.3483123097126042
   0.4156917126910277
   0.3563477613008492
   0.33860917164117693
   0.36261203685668847
   0.3299138333185895
   0.31732324913949256
   0.3513636152527134
   0.3795311862411834
   0.37061640529681095
   0.36851332287422456
   0.48650384431425037
   0.4308127203321647
   0.3912298870099215
   0.4308127203321647
   0.40703817188659475
   0.3513636152527134
   0.38872961182692406
   0.4255226889928863
   0.4156917126910277
   0.5048239746974809
   0.4823759743285503
   0.4308127203321647
   0.604690474151103
   0.5048239746974809
   0.47619005619029103
   0.46827477352091906
   0.41096044686671346
   0.4969035925075543
   0.4454207000129203
   0.5345221096589792
   0.4347821486954088
   0.47619005619029103
   0.37499946666628736
   0.5345221096589792
   0.5882349541175488
   0.5443306865282319
   0.49999959999983995
   0.6324552158058308
   0.7071064983437785
   0.5263154094735469
   0.49999959999983995
   0.5128112504096539
   0.5048239746974809
   0.5303297087661599
   0.5345221096589792
   0.6394438903366649
   0.48507083776192816
   0.5443306865282319
   0.5443306865282319
   0.7453557241717242
   0.521156922885617
   0.7370274598298289
   0.9354141328844674
   0.7071064983437785
   0.7370274598298289
   0.5263154094735469
   0.5811861816817204
   0.65555447227191
   0.6324552158058308
   0.5345221096589792
   0.5714282214284643
   0.65555447227191
   0.7071064983437785
   0.7559286814432771
   0.7041785062006943
   0.6666663666665991
   0.6324552158058308
   0.7370274598298289
   0.7905691620598415
   0.7999997499999609
   0.7559286814432771
   1.1547003651741576
   0.603022357492957
   0.6705995392272756
   0.8571426238094921
   0.6324552158058308
   0.7905691620598415
   0.9999997999999799
   1.1547003651741576
   0.7905691620598415
   1.224744708092262
   1.9999998999999975
   1.4142134209517316
   0.8944269673930901
   1.1547003651741576
   1.224744708092262
   0.9999997999999799
   1.4142134209517316
   0.942808829450005
   1.9999998999999975
   1.1547003651741576
   1.224744708092262
   1.054092363652783
   1.9999998999999975
   1.9999998999999975
   0.9999997999999799
   1.1547003651741576
   1.054092363652783
   1.4142134209517316
   1.9999998999999975
   0.816496335978715
   1.4142134209517316
   1.1547003651741576
   1.1547003651741576
   0
   1.4142134209517316
   1.4142134209517316
   1.4142134209517316
   1.9999998999999975
   1.9999998999999975
   0
   0
   1.9999998999999975
   1.9999998999999975
   1.224744708092262
   0
   1.9999998999999975
   0
   0
   1.1547003651741576
   0
   1.9999998999999975
   0
   0
   1.9999998999999975
   0
   0
   1.9999998999999975
   1.9999998999999975
   0
   1.9999998999999975
   1.9999998999999975
   0
   1.9999998999999975
   0
   0
   1.9999998999999975
   1.9999998999999975
   0
   1.9999998999999975
   0
   1.9999998999999975
   1.9999998999999975
   1.4142134209517316
   0
   1.9999998999999975
   0
   0
   0
   0
   1.9999998999999975
   0
   0
   0
   0
   0
   1.9999998999999975
   1.9999998999999975
   1.9999998999999975
   0
   1.9999998999999975
   1.9999998999999975
   1.9999998999999975
   1.9999998999999975
   0
   0
   1.9999998999999975
   0
   1.4142134209517316
   1.9999998999999975
   0
   0
   0
   0
   1.9999998999999975
   0
   0
   0
   0
   0
   0
   0
   0
   0
   0
   0
   0
   0
   0
   0
   0
   0
   0
   0
   0
   0
   0
   0
   0
   0
   0
   0
   0
   0
   0
   0
   0
   0
   0
   0
   0
   0
   0
   0
   0
   0
   0
   0
   0
   0
   0
   0
   0
   0
   0
   0
   0
   0
   0
   0
   0
   0
   0
   0
   0
   0
   0
   0
   0
   0
   0
   0
   0
   0
   0
   0
   0
   0
   0
   0
   0
   0
   0
   0
   0
   0
   0
   0
   0
   0
   0
   0
   0
   0
   0
   0
   0
   0
   0
   0
   0
   0
   0
   0
   0
   0
   0
   0
   0
   0
   0
   0
   0
   0
   0
   0
   0
   0
   0
   0
   0
   0
   0
   0
   0
   0
   0
   0
   0
   0
   0
   0
   0
   0
   0
   0
   0
   0
   0
   0
   0
   0
   0
   0
   0
   0
   0
   0
   0
   0
   0
   0
   0
   0
   0
   0
   0
   0
   0
   0
   0
   0
   0
   0
   0
   0
   0
   0
   0
   0
   0
   0
   0
   0
   0
   0
   0
   0
   0
   0
   0
   0
   0
   0
   0
   0
   0
   0
   0
   0
   0
   0
   0
   0
   0
   0
   0
   0
   0
   0
   0
   0
   0
   0
   0
   0
   0
   0
   0
   0
   0
   0
   0
   0
   0
   0
   0
   0
   0
   0
   0
   0
   0
   0
   0
   0
   0
   0
   0
   0
   0
   0
   0
   0
   0
   0
   0
   0
   0
   0
   0
   0
   0
   0
   0
   0
   0
   0
   0
   0
   0
   0
   0
   0
   0
   0
   0
   0
   0
   0
   0
   0
   0
   0
   0
   0
   0
   0
   0
   0
   0
   0
   0
   0
   0
   0
   0
   0
   0
   0
   0
   0
   0
   0
   0
   0
   0
   0
   0
   0
   0
   0
   0
   0
   0
   0
   0
   0
   0
   0
   0
   0
   0
   0
   0
   0
   0
   0
   0
   0
   0
   0
   0
   0
   0
   0
   0
   0
   0
   0
   0
   0
   0
   0
   0
   0
   0
   0
   0
   0
   0
   0
   0
   0
   0
   0
   0
   0
   0
   0
   0
   0
   0
   0
   0
   0
   0
   0
   0
   0
   0
   0
   0
   0
   0
   0
   0
   0
   0
   0
   0
   0
   0
   0
   0
   0
   0
   0
   0
   0
   0
   0
   0
   0
   0
   0
   0
   0
   0
   0
   0
   0
   0
   0
   0
   0
   0
   0
   0
   0
   0
   0
   0
   0
   0
   0
   0
   0
   0
   0
   0
   0
   0
   0
   0
   0
   0
   0
   0
   0
   0
   0
   0
   0
   0
   0
   0
   0
   0
   0
   0
   0
   0
   0
   0
   0
   0
   0
   0
   0
   0
   0
   0
   0
