   0.006963001405863442
   0.006321538420345412
   0.006006045126999871
   0.005797636343697344
   0.005680126316413157
   0.005599052673209283
   0.005552154800133531
   0.005515682440982956
   0.0054810625730645005
   0.005466692787827224
   0.0054790285508451286
   0.0054692469327568
   0.005456743186556545
   0.005454604183574532
   0.0054559011985193875
   0.0054549140966031456
   0.0054541237502025355
   0.005457167628236233
   0.0054472322884021995
   0.00543955347081551
   0.00544181659609831
   0.0054463105296138365
   0.005458428921074674
   0.005446350313217846
   0.0054573921782830204
   0.005450524729206784
   0.005441817264306069
   0.005457993135017787
   0.005452213840264264
   0.005452579712395507
   0.005447815628957182
   0.005446663682979636
   0.0054482688155969355
   0.005457720776420257
   0.005447301116179253
   0.005454531884760572
   0.005452100992833134
   0.005465100804140343
   0.005449466960678677
   0.005454226930622492
   0.005432216436938944
   0.005445343567702123
   0.005452900152585397
   0.005440760128926019
   0.005434863433464077
   0.005443625535035239
   0.005447115829863796
   0.005448803696652857
   0.0054444318613719655
   0.0054428675279223895
   0.005439097970900795
   0.005454426695848129
   0.005457808215889486
   0.005453351597137039
   0.005440440429600475
   0.005450583953308367
   0.005448468215507387
   0.005441961775495506
   0.005443778678149696
   0.005434950079615516
   0.005443846212840224
   0.005436994835869732
   0.005440115919057346
   0.005452897383254733
   0.005443053870973677
   0.005445869226289375
   0.005451853434889839
   0.00545179066711293
   0.005447254954561265
   0.005443335121328523
   0.005432387645439276
   0.005450604612621399
   0.005458916204044099
   0.005445166756951533
   0.005446549884230946
   0.0054446599450777835
   0.005449878264356878
   0.005450242282415158
   0.005454187002058131
   0.005446948235752873
   0.005454698966037243
   0.0054455364720380865
   0.005453228143150447
   0.005458180200144605
   0.00544408272335116
   0.005443129477341877
   0.005453357199011462
   0.005457741382645671
   0.005454552182016261
   0.005465453135848112
   0.0054816367036361795
   0.005492147058428887
   0.005513032988695015
   0.005556294487662977
   0.005606009436219217
   0.005668646158587985
   0.005805933035568485
   0.005997575101509721
   0.006334368274596049
   0.00695311424882298
