   0.006129044327552528
   0.005424835312910401
   0.005104610740301351
   0.004918335155051282
   0.004814609825751155
   0.004744276272412553
   0.004710514447339982
   0.004684672426093673
   0.004677308912811657
   0.004682825020355631
   0.004671444399461283
   0.004660135430250589
   0.004660886311760829
   0.004667950585207786
   0.004654828154658622
   0.0046591021485641124
   0.004661466856311696
   0.004668072607655425
   0.004661501852019759
   0.004664301657341142
   0.004663227658021493
   0.004669314992412645
   0.004665991665631664
   0.004670844021806044
   0.004656521201263563
   0.004669283470171538
   0.004665917992562466
   0.004668571772332773
   0.004669204407893089
   0.004669918249158929
   0.004660737366117162
   0.004663888963472756
   0.0046556540877734694
   0.004656969510247871
   0.004654860931484853
   0.004665594422792321
   0.004664579212714395
   0.0046596797461894894
   0.004665436758723191
   0.0046608102386138175
   0.004663998216288098
   0.004666636541569841
   0.004656693350205501
   0.004651690588621189
   0.004660439162210155
   0.004660973511312692
   0.004670975290832119
   0.004661875041776764
   0.0046608129048491265
   0.004657152780208548
   0.0046656403677461655
   0.0046545807029596065
   0.004662369732253051
   0.004655801106203445
   0.004659535492207371
   0.004657819243308329
   0.004669569024398265
   0.004664831198757305
   0.004668545189127386
   0.004667252860191236
   0.004671007910463589
   0.004661023642158883
   0.0046599675923251205
   0.004668951812803053
   0.004665002708456318
   0.004666958052879396
   0.004664789594746232
   0.0046630500768791525
   0.004663892392803964
   0.004674255603913641
   0.004669932369574424
   0.004667852750878397
   0.004656794568822273
   0.004664098216969935
   0.0046652704938182936
   0.004670919040287795
   0.004663981397167624
   0.0046632735323236365
   0.0046626349118512635
   0.004666327146960097
   0.004666747861019806
   0.004669775541747231
   0.0046704938081134515
   0.0046610387328470705
   0.004666766061515689
   0.004667697786255562
   0.0046620820867773706
   0.004674135710523138
   0.004664299979986296
   0.004666631846551343
   0.00467426060963133
   0.004673621829921252
   0.004693756548896993
   0.0047190265350208664
   0.004753741413555644
   0.004808445190456157
   0.004918924989115488
   0.005101149405824401
   0.005425496913991891
   0.00611492309611574
