   0.0070813870944357845
   0.006436058670996695
   0.006333108469630916
   0.0062938012906945335
   0.006288088583522502
   0.006305729601527768
   0.0062770457037619075
   0.006306860927792901
   0.006284915765549758
   0.006323876871534103
   0.006290333224488594
   0.00629606747679199
   0.00629551783344413
   0.006307720104723618
   0.006317804636063298
   0.006301984939588455
   0.00630226464773242
   0.006299242100989499
   0.006306835392872277
   0.006306667896403099
   0.006305956372689473
   0.006310405455579333
   0.006301909418673402
   0.006303617820546393
   0.006293998289118276
   0.006295556808467031
   0.006288992257138534
   0.006294084818016176
   0.006288507801140919
   0.006306672443970333
   0.0062930466037075935
   0.0062854941662804625
   0.006285291069909833
   0.006294572046096331
   0.006302054919942155
   0.006314328058071122
   0.00630560616652622
   0.006296287629567815
   0.006309351705739469
   0.006294891583704198
   0.006300271116746475
   0.006297188129311708
   0.006304516548696926
   0.006290385110521851
   0.006283037214369035
   0.006307545637151867
   0.0062908029493112735
   0.00627571679868329
   0.0063113137381942495
   0.006296940035445338
   0.0062703140929432424
   0.006280826344034737
   0.006290474909974196
   0.006303552253923773
   0.0062856574420225315
   0.006290178970798957
   0.006303468113160376
   0.006298847596554102
   0.006283580382138077
   0.006293894313073646
   0.006290817072143956
   0.006289345531980368
   0.006307737233660066
   0.006312669528846386
   0.006292445429446186
   0.006290546615699685
   0.00630104100470406
   0.006300285119082605
   0.006316591146729486
   0.006311956439305694
   0.00629056060129047
   0.006304431676711902
   0.006286046097606245
   0.006294736171145342
   0.006285524955238777
   0.006306357405692096
   0.006305475397485223
   0.006297159303828893
   0.006295161657267005
   0.006301982351697942
   0.006297012363959084
   0.006296541954816623
   0.006307436533317247
   0.006303298452819653
   0.006302462568295455
   0.006308779331278018
   0.006295328364057673
   0.006298136025414844
   0.006299759481205521
   0.006291391239732237
   0.006304533570662151
   0.006289241333373785
   0.0062967082080265125
   0.006313126131233036
   0.006299823561132907
   0.006314354459182408
   0.006309211633084918
   0.006343227608963293
   0.006434561321673244
   0.007076387979820796
