   0.006741202224468746
   0.005871475602341161
   0.0055656323852477495
   0.005469076328784013
   0.005448017207701589
   0.005438132372913427
   0.005436844310244917
   0.005427422546675448
   0.00542040526633235
   0.005438988693355653
   0.005438101655475293
   0.005429202301118222
   0.005442334715894238
   0.00543342788906772
   0.005436085550033938
   0.005423484487743123
   0.005422556201104265
   0.005433363172042914
   0.0054373337095514175
   0.0054419568978050815
   0.005433783155733897
   0.005425638923549296
   0.0054306100215717424
   0.0054293214034711774
   0.005420486344011926
   0.0054277488399914345
   0.005433772648621993
   0.005436218981324653
   0.00543658872515155
   0.0054384321140985604
   0.005425659703455357
   0.005442103655484805
   0.005435936034626089
   0.005426440334679313
   0.005428668004007406
   0.005432199420840467
   0.005440297424972049
   0.005427249660703063
   0.005425027289319679
   0.005417173465948808
   0.005413234091080525
   0.005429170765262517
   0.00542183715052534
   0.0054343822160690175
   0.005442480271899415
   0.005443037854783113
   0.005439053961100245
   0.005435866577613014
   0.005438147185226679
   0.00542639747260762
   0.0054245859773284985
   0.005434294055669484
   0.005429019147119212
   0.005419324943596229
   0.005428911991602534
   0.005427906387752256
   0.005428177843771358
   0.005429013826096162
   0.005430192538527829
   0.0054252572978877745
   0.005436005197054505
   0.005419951093882236
   0.005430519057151135
   0.00543110237535351
   0.005444248887462678
   0.005447541601569155
   0.005444122923992523
   0.005434978773231195
   0.0054351380643430786
   0.005433335751039519
   0.005443622073164244
   0.005445014989674061
   0.005443659648911461
   0.005437975959547377
   0.005431002167109823
   0.005429190074215616
   0.005422798205914368
   0.00543159620131781
   0.00543507300821636
   0.0054276021558708545
   0.005429404165401911
   0.005437589370479638
   0.005436661251664647
   0.0054277075125235535
   0.005434686974106898
   0.00541886103826761
   0.005428284314091936
   0.005427162193939158
   0.00543599451838099
   0.005430340298034341
   0.005438416120581919
   0.00542824913871594
   0.005423023991120076
   0.005433460355877334
   0.00544270392770029
   0.005453211340282961
   0.0054834334335422934
   0.005572201658002626
   0.0058577534745730036
   0.006759333320898164
