   0
   0
   0
   0
   0
   1.4142134209517316
   0
   0
   0
   0
   0
   0
   0
   0
   0
   0
   1.9999998999999975
   0
   0
   0
   0
   0
   1.4142134209517316
   1.9999998999999975
   0
   0
   0
   0
   1.9999998999999975
   0
   0
   0
   0
   1.490711850835775
   1.9999998999999975
   1.4142134209517316
   0
   1.9999998999999975
   0
   1.9999998999999975
   0
   1.9999998999999975
   0
   0
   1.1547003651741576
   0
   1.9999998999999975
   1.1547003651741576
   1.9999998999999975
   1.9999998999999975
   1.4142134209517316
   1.9999998999999975
   1.9999998999999975
   1.9999998999999975
   1.4142134209517316
   1.1547003651741576
   1.4142134209517316
   1.4142134209517316
   1.4142134209517316
   0.8944269673930901
   0.816496335978715
   1.9999998999999975
   1.4142134209517316
   0.7559286814432771
   1.4142134209517316
   0.816496335978715
   0.9999997999999799
   0.7071064983437785
   1.1547003651741576
   1.1547003651741576
   0.6666663666665992
   0.8944269673930901
   0.7559286814432771
   0.7370274598298289
   0.9999997999999799
   0.7559286814432771
   0.816496335978715
   0.7071064983437785
   0.5345221096589792
   0.7071064983437785
   0.7559286814432771
   0.5714282214284643
   0.603022357492957
   0.7071064983437785
   0.7370274598298289
   0.5773499227793603
   0.5163973921958424
   0.4969035925075543
   0.5128724488143562
   0.5811861816817204
   0.5546998356699844
   0.6324552158058308
   0.45674542148263675
   0.5163973921958424
   0.4264009636693869
   0.4841530097624136
   0.4264009636693869
   0.4264009636693869
   0.49999959999983995
   0.4082478005656205
   0.4156917126910277
   0.4308127203321647
   0.38168204265559047
   0.31586839447843706
   0.32403641770640534
   0.3651478239471424
   0.31200884422571673
   0.31200884422571673
   0.308155858540533
   0.290830625534765
   0.2886267228168018
   0.31586839447843706
   0.2465745313533082
   0.25353255252185286
   0.24960011869617205
   0.23411383680020895
   0.21397485823894516
   0.23537472687156002
   0.23811399367241018
   0.22912791187456844
   0.2251694361276592
   0.2186776430195261
   0.2009671546187713
   0.18773144195056313
   0.22111196453407422
   0.1872741306213968
   0.18101332984855212
   0.17235541802756535
   0.17890366238628239
   0.1703153027644602
   0.15751369490674705
   0.1499234938799107
   0.13857845999562826
   0.15010402613848253
   0.1412862316000307
   0.14253792589153358
   0.13506204094068877
   0.12353736271317096
   0.12550933458784272
   0.12421985152161708
   0.12001803994114452
   0.11596738806038752
   0.11143515539533275
   0.10713282487488535
   0.10749971626091843
   0.0994146253002057
   0.09991274157434513
   0.0951652924721707
   0.09162427199385569
   0.09217397382217392
   0.0884909687732185
   0.09059964217606763
   0.08239968043583361
   0.08182684123459578
   0.07718017860527557
   0.07533960311387392
   0.0730285457117045
   0.07186760300708381
   0.07075060495888338
   0.06835788313874959
   0.06606519567219257
   0.0648782187496295
   0.06253429357549407
   0.059428362353522224
   0.05798765745954882
   0.05697778227835602
   0.056300416737985685
   0.053102906886951365
   0.05191327494012292
   0.050099207364113024
   0.048848525565317547
   0.04883280004417035
   0.04563853882390021
   0.04490115326155964
   0.04295280584407818
   0.04245702838935646
   0.04079464537618792
   0.039675528944219746
   0.038417808791311375
   0.03711051137856226
   0.03637138745335014
   0.03559238539276984
   0.03387445633947136
   0.03284477077731663
   0.03206971217371378
   0.03132695763518971
   0.030775438818838825
   0.029570573807731614
   0.029028932271471478
   0.027874908806299864
   0.02675297588206377
   0.026026050166122274
   0.025650245080017783
   0.02446361384717551
   0.02408873205560653
   0.023313960055242295
   0.022497287529696416
   0.021908615308328574
   0.021268290945929923
   0.02085379998630063
   0.020189775135173362
   0.01942210211834686
   0.018986825422898743
   0.018448494515225917
   0.017868904996466522
   0.0173761922430282
   0.016789990817587336
   0.016208359013891775
   0.015873579004023492
   0.015566815544083581
   0.014824211241811717
   0.014516288496987727
   0.01398493028656053
   0.013639287907033438
   0.013306507247978203
   0.012930516054715265
   0.012483527327173515
   0.012155826755341563
   0.011802949861439472
   0.011415728863338439
   0.011106235254833959
   0.010795199179080985
   0.010407576312282346
   0.010154065680880071
   0.009847453905192951
   0.009516404543904474
   0.009299712486999828
   0.009008016959505141
   0.008740207661838124
   0.008450326968974704
   0.008194306067296195
   0.007983111774600832
   0.00773527629523522
   0.007522886065846488
   0.007309955726651032
   0.007086214816132472
   0.006862392918917958
   0.006656243124600885
   0.006481525719972711
   0.006295233019944417
   0.006104985498533027
   0.005924474258407701
   0.005742826896393107
   0.0055834701124784945
   0.0054074553095018974
   0.0026458259829463984
   0.0026303822628390163
   0.0026178954143155735
   0.002606860331596264
   0.0026048801705210955
   0.002601638667258873
   0.002607001313191848
   0.002613456148059015
   0.0026259292414251897
   0.002643400424526301
   0.005405300521024316
   0.0055718683042059805
   0.005727964793552489
   0.005914964807728799
   0.006085185635562387
   0.006298381214641607
   0.006457002211813632
   0.0066736251818398495
   0.0068645637928686255
   0.007079907239290459
   0.007317469964317627
   0.007486273417207825
   0.007750241579244113
   0.00799960318702322
   0.008237552629797027
   0.0084712330351423
   0.008736699527573123
   0.009002566341931273
   0.009247857236999599
   0.009569403527759824
   0.009847179755280067
   0.010162096351562119
   0.010420282406381839
   0.010742874474727332
   0.01107895916364831
   0.01149885758993795
   0.011729696218588617
   0.01205553193487946
   0.012550505910866108
   0.012856123195767932
   0.013250686141433758
   0.013623113772891058
   0.014146090003606485
   0.014440608813413584
   0.015095950658014704
   0.0153585639760128
   0.015876798086082916
   0.016397623985188382
   0.016911704718004874
   0.01734774666553731
   0.017820185441725197
   0.01831253685914161
   0.018908167162292933
   0.019618058198137785
   0.020075800292319684
   0.02063393646704478
   0.021117490013856394
   0.02195039941850294
   0.022430522066328097
   0.023157570882419147
   0.02419241038917864
   0.024868877805149847
   0.025401550341383985
   0.02625075897377667
   0.026700977870434097
   0.027637640159996587
   0.02889664464973166
   0.029625914634398405
   0.030341442645387833
   0.031467844875009546
   0.03262700397392909
   0.032978937015051134
   0.034312240608365234
   0.03547919559832002
   0.036707792055631315
   0.03777026031338483
   0.03963070447980209
   0.039147072075184655
   0.04026988897113369
   0.04152598382283222
   0.04306686643865276
   0.04486851741747449
   0.04615365386438047
   0.047718257527288914
   0.04754622941096674
   0.050541057703233985
   0.052105931585220706
   0.053332515685297475
   0.05567379221150732
   0.05614519993289833
   0.05786638445142875
   0.05962617910792294
   0.06099729252266587
   0.06483360538115052
   0.06455519699211504
   0.07009639292940631
   0.06923470445399275
   0.07336073256875655
   0.0733793462893445
   0.07672749918218613
   0.08144347553617493
   0.0819831205763319
   0.08475341032328579
   0.08451294201221425
   0.08817619487069571
   0.09279289034182732
   0.0944945112765344
   0.0976596618293634
   0.09953374887094403
   0.10593100474292717
   0.10852528891015618
   0.11050721649720069
   0.10748087994654608
   0.1097572990664185
   0.11881747372018894
   0.12029921900573964
   0.12170044162522509
   0.13316018723353812
   0.12803793297537336
   0.13362795455130586
   0.1416380188899214
   0.15703482420051726
   0.15810263702054242
   0.1514717428372527
   0.1589320027019188
   0.18246451155936297
   0.16226083502387628
   0.1767755639221666
   0.18566547590798319
   0.18873671533693043
   0.1810755056991523
   0.20621252504871873
   0.1923262746438129
   0.229863997733251
   0.21488215305423172
   0.20457482339119518
   0.25353255252185286
   0.24770598691442752
   0.2620649918199015
   0.2715167762952232
   0.2762664817401534
   0.3027013183485428
   0.2916292354582045
   0.2820649615319235
   0.2971466693520874
   0.30122556344974166
   0.29472572426815713
   0.3061855646499358
   0.32403641770640534
   0.33287073181600535
   0.3424668606117736
   0.3585497320825832
   0.3989005954470499
   0.3513636152527134
   0.3989005954470499
   0.383983228304962
   0.39223176037408525
   0.4364353222141747
   0.4170283485307214
   0.6928200343523562
   0.5714282214284643
   0.6236092437487508
   0.5773499227793603
   0.4969035925075543
   0.4969035925075543
   0.521156922885617
   0.5773499227793603
   0.6928200343523562
   0.6324552158058308
   0.5128112504096539
   0.6928200343523562
   0.7999997499999609
   0.7559286814432771
   0.7071064983437785
   0.5345221096589792
   0.603022357492957
   0.9999997999999799
   0.816496335978715
   0.9999997999999799
   0.7071064983437785
   1.224744708092262
   1.4142134209517316
   0.8944269673930901
   0.8944269673930901
   0.8944269673930901
   0.9354141328844674
   0.9999997999999799
   1.9999998999999975
   1.1547003651741576
   0.816496335978715
   1.9999998999999975
   1.4142134209517316
   1.1547003651741576
   0
   1.4142134209517316
   1.4142134209517316
   0.942808829450005
   1.4142134209517316
   1.224744708092262
   1.4142134209517316
   0
   1.9999998999999975
   0.9999997999999799
   1.9999998999999975
   1.9999998999999975
   1.9999998999999975
   0
   1.9999998999999975
   0
   0
   0
   0
   1.9999998999999975
   1.4142134209517316
   0
   0
   0
   0
   0
   0
   0
   0
   0
   0
   1.9999998999999975
   0
   1.9999998999999975
   0
   1.9999998999999975
   0
   1.9999998999999975
   1.9999998999999975
   1.9999998999999975
   0
   0
   1.9999998999999975
   0
   0
   0
   0
   0
   0
   0
   0
   1.9999998999999975
   0
   0
   1.9999998999999975
   1.490711850835775
   0
   0
   1.9999998999999975
   0
   0
   0
