   0.017463470989470382
   0.01574016279580271
   0.014817066176875279
   0.01424948145042398
   0.013880174562562698
   0.013585793933309918
   0.01332978833386656
   0.01325307173306749
   0.013141470774995759
   0.01310522381914599
   0.013112371906877375
   0.013040997474021522
   0.013059955833710543
   0.013022414428911668
   0.012930123314132591
   0.012924634764778929
   0.012983145113109253
   0.013079116621582596
   0.01304172354281472
   0.013033143916995189
   0.012983749548932177
   0.0129647218950103
   0.012948430449846175
   0.013028741957461055
   0.012976774749847922
   0.012951443848304697
   0.012991031312730219
   0.012998782682853989
   0.013022101527517692
   0.012977721062026997
   0.012982996906187339
   0.012965091547479015
   0.012882603473499092
   0.012914151639760918
   0.01290314249328018
   0.01301204213777282
   0.012910456499846436
   0.012925268179210418
   0.012911171561827202
   0.01299966868336015
   0.012908535853234754
   0.012908382935736028
   0.012949576483701883
   0.01301799575983193
   0.012958108429055369
   0.0129969985274514
   0.012949576094738487
   0.012932830662487158
   0.01291780601943146
   0.012912771935564634
   0.01294294632971305
   0.013030759436064344
   0.012932413722442991
   0.012923517194239046
   0.012966438702687185
   0.012910918104525196
   0.012975814558883313
   0.012955767122292907
   0.013007321253377807
   0.012976147161781741
   0.012934579447352244
   0.012940597635155747
   0.012939249061402555
   0.013017396824295925
   0.012953585408920797
   0.012916175020817659
   0.013005208356909917
   0.012890101227569391
   0.01293437417815362
   0.012883462798668706
   0.01292741153294037
   0.01294381906117251
   0.013000365581290804
   0.01292050159384302
   0.012977997018979143
   0.012997220949924356
   0.012926745737632816
   0.012906148064164529
   0.012975725132509879
   0.012927519331034771
   0.0129531344692238
   0.012979282805626156
   0.012914067472581139
   0.012951922893694675
   0.01295611881549526
   0.012991129290462514
   0.013081624096207549
   0.01301857499789372
   0.013020615423054925
   0.013078774988593741
   0.013070214575236263
   0.013046022092024382
   0.013171274286016452
   0.013374244317298686
   0.013543613806679724
   0.013822826225229781
   0.014273598508498658
   0.014905992035301529
   0.015848445518628677
   0.017714864426213117
