   0.007084184248592488
   0.006101458964569413
   0.005847595606168598
   0.005787286450239721
   0.005778706546101326
   0.005774668988434524
   0.005767817240187189
   0.0057672909933725505
   0.005768685417078668
   0.005773989150052566
   0.005779796655487826
   0.005780923741500864
   0.005787919515497979
   0.0057535892142778515
   0.005755705692379804
   0.005774993064490452
   0.005773223648481028
   0.005773291249489937
   0.005792032374591953
   0.005773812764402066
   0.005777181668865757
   0.005767567044678607
   0.005777829086127957
   0.005778417185985114
   0.005768028811182967
   0.0057629494002770865
   0.0057625907636795
   0.0057664232313330566
   0.0057710472515964135
   0.005767711266182883
   0.005774605266040707
   0.005757374071973024
   0.005775683033507506
   0.0057599237913726845
   0.005775792601376456
   0.0057695697101260305
   0.005769067835911034
   0.005779131926978389
   0.005787873567385176
   0.005787564887993864
   0.005787926998961928
   0.005775717682662614
   0.00575815825079381
   0.0057632062163142424
   0.005748851812251761
   0.005770460303939691
   0.005748904674753164
   0.005781853151069474
   0.005763557069761824
   0.00577201765171458
   0.005786731452593989
   0.005776458716479879
   0.005776792631069663
   0.005778137262314522
   0.00577284570495004
   0.005774792260603686
   0.005772281584441427
   0.005772026129479839
   0.005778760267069123
   0.005774913381280046
   0.005778865598067101
   0.005764350557936847
   0.005762016803199264
   0.005771658325347492
   0.0057736347274389985
   0.0057969135184425735
   0.005777281678044871
   0.0057772216352349765
   0.005788075246215343
   0.005770040065620021
   0.005775576620760052
   0.005775347441326031
   0.005760116559922641
   0.005787083474369173
   0.005777192963044372
   0.005772929777912934
   0.005778849019319345
   0.005757996040597125
   0.0057775628566839755
   0.005775003885128575
   0.005771248907386731
   0.005776906504913165
   0.005773165434218849
   0.005762398113145787
   0.005768257292010799
   0.005762238927552779
   0.005774160117142937
   0.005770068316266866
   0.005761360163532735
   0.00576764699537126
   0.005763644268431194
   0.0057629399297293845
   0.005777532629038015
   0.005777441686694524
   0.005779632437515451
   0.0057801078249852325
   0.005796199821811599
   0.0058497866846935
   0.006101313939028445
   0.007066428985691384
