   0.007310861052316331
   0.00646141802711027
   0.00631922211509111
   0.006303800943681806
   0.006300202856360421
   0.006294862265496294
   0.006283430925474617
   0.00630591045266395
   0.006293941450565899
   0.006276942323073107
   0.006294334283806478
   0.006284534528895823
   0.006290100051651712
   0.0062903680638071125
   0.0063050518910396135
   0.006303332327835319
   0.0062897904675982014
   0.006288990407088764
   0.006308821524562282
   0.006305713528745784
   0.006308306230948821
   0.006309235948595767
   0.0063178001622425555
   0.006300221687241577
   0.006300938828436122
   0.006286823885514114
   0.00629165372417609
   0.006287787576109016
   0.0062938806829081675
   0.006305964390521143
   0.0062985574088438275
   0.006322184576744406
   0.006283895695063919
   0.006308843753950002
   0.006293795334869418
   0.006296417301064969
   0.0063131732528281135
   0.006303276555596558
   0.006306916386305805
   0.006302037546887416
   0.006286845534532315
   0.006314035639533324
   0.006311110884317286
   0.006298224029935363
   0.006291966347693874
   0.006281885508894805
   0.006287417795859651
   0.006286103720169751
   0.006322996308114982
   0.006297856927140265
   0.006302873257786543
   0.006294227473689529
   0.006285181199505415
   0.006301279490799025
   0.006298667020927209
   0.006306470358868043
   0.00630814029331655
   0.006296977319903171
   0.006304017060250258
   0.00630308424293774
   0.006286605890202893
   0.006300097946491495
   0.006296318904741787
   0.006309306143467097
   0.006297427468757471
   0.0063021912069552
   0.006306554048158322
   0.0062907257632054655
   0.006325150995805173
   0.00630591629136109
   0.006289474882625855
   0.006287985779862915
   0.006294523713883856
   0.00629383671397249
   0.006320730179077978
   0.006319819516745921
   0.006297259433177134
   0.006291032031157256
   0.006283369833135116
   0.00630473317866784
   0.006293070598215232
   0.006307953608582562
   0.0062990871098935605
   0.006290554809879437
   0.006298003333658368
   0.006312396743706298
   0.006294128609595476
   0.0062937274516436555
   0.0062806499693575804
   0.006302885040495312
   0.006297251020112924
   0.006299880693516868
   0.006303061369479924
   0.006289150938254736
   0.006280923112086259
   0.006298424616308264
   0.006311488407222451
   0.006321876072517248
   0.0064539552818221775
   0.007303907833763839
