   0.007176600742864889
   0.006649887757087069
   0.006531221344665769
   0.006473651543446962
   0.0064638103780240335
   0.006478063674224672
   0.0064784740827548756
   0.006486278299326329
   0.006464999231914443
   0.00647372209590793
   0.0064705765791284306
   0.006480109039976999
   0.006477037629532259
   0.006480548292163896
   0.0064768364025413715
   0.00646909201704532
   0.006472485323634304
   0.006479399904947596
   0.006486719389933068
   0.006485613369109864
   0.006485814334768425
   0.00646817096477901
   0.006483437339159033
   0.006479993502169897
   0.006474904221096043
   0.006482249341819723
   0.006477918752152538
   0.006483142417840376
   0.0064636507980039
   0.006480226007651477
   0.006482659286602477
   0.006441968263537902
   0.006489591530661171
   0.006474593368624494
   0.006483049585018253
   0.006490039721112875
   0.006457924169333229
   0.006474599723689099
   0.006457359684737479
   0.006488051779059758
   0.006477560096672137
   0.006488474778081457
   0.006474970069404976
   0.006456719345827243
   0.0064876314628641825
   0.006480454110175442
   0.006486420953691548
   0.006489430504736502
   0.006488023351394355
   0.006479422860017007
   0.006470197663843597
   0.006477970774357962
   0.006473276552845545
   0.006464509036165897
   0.0064495473616421875
   0.006468779185770407
   0.006467114197782387
   0.006490871097972859
   0.006466911928451414
   0.006464137115536458
   0.006470551126613153
   0.006463008780712447
   0.00647038312858047
   0.006491777062219196
   0.006474710735017745
   0.006495049192916978
   0.006466757245472248
   0.0064746571609444956
   0.006472950827043426
   0.006487266926288642
   0.0064749785119686265
   0.006474953723484436
   0.006497241864376779
   0.006489447696207161
   0.0064803056615724275
   0.006478248291850854
   0.006474577993099479
   0.006494635825186611
   0.006473333886064201
   0.006486281623227936
   0.006467878108094667
   0.006467015684906172
   0.006473812295143675
   0.006488195429848896
   0.0064745952792766145
   0.006491753773015561
   0.0064882111277598875
   0.006479657743536669
   0.006468090596035333
   0.006471884097918251
   0.006475819657113603
   0.006484821339425006
   0.006476538090174786
   0.006475248094490551
   0.0064755324576995996
   0.006484660636453758
   0.006491438106739729
   0.006537581804991089
   0.006658393159346324
   0.007146351787552404
