   0.012406028547606682
   0.011359923859275839
   0.010851719813434803
   0.010439841639798473
   0.01013116928039623
   0.009799824086384204
   0.009603668736227906
   0.00942620726949683
   0.009275140837172229
   0.009143601592532434
   0.008984568839441516
   0.008904730018772974
   0.00882362647810975
   0.008764035647812512
   0.00869980243094365
   0.008649549374969385
   0.008587535281249538
   0.008572112150897121
   0.008528957611559227
   0.008504440006976213
   0.008456415601756726
   0.008467451098427827
   0.008437732432571234
   0.008436993983178867
   0.008408988570885735
   0.00842617468459835
   0.008456804144142835
   0.00845259076480607
   0.00843130565827411
   0.008408018406871484
   0.008385267909505697
   0.008387635344662497
   0.008393521966113605
   0.00840142249861886
   0.008396777778254209
   0.008415987544242992
   0.008394065561086763
   0.008384185509882071
   0.008370794342691721
   0.008380849391903193
   0.008401330535142257
   0.008398206267364976
   0.008377573912536879
   0.008378050588253283
   0.008338117455065458
   0.008365152236798748
   0.008387710280174248
   0.008399869932725658
   0.008394913849975972
   0.008387032714446388
   0.008380410206656743
   0.008383192660081905
   0.008382435883698122
   0.008394766086604517
   0.00837826373882997
   0.008361038301816044
   0.008390485485278478
   0.008385583441727214
   0.008380731115923903
   0.008415645811472307
   0.008387621003764549
   0.008419724922796879
   0.008409152976652564
   0.008403134460255448
   0.008399629227397155
   0.00842023967726195
   0.008438058326421206
   0.00841955529577077
   0.008440635644653164
   0.008399579254218739
   0.008421953577495919
   0.008417894250763015
   0.00841368860555803
   0.00842039650630797
   0.008429149212120114
   0.008435621823040378
   0.008467527769031764
   0.008428207706250202
   0.008471020801229155
   0.008501342965151102
   0.008515430203285311
   0.008550213840031096
   0.008580282045617423
   0.008613479494261443
   0.008651023844858934
   0.008696631557841833
   0.008775223641465052
   0.008830529259505726
   0.008910258100078785
   0.009009461973887955
   0.009132193481034006
   0.009252608615166354
   0.009411756339145781
   0.009607784656616845
   0.009846297344464999
   0.010131901133476407
   0.010467942492997902
   0.010824541731741454
   0.011478638043292244
   0.01240454373974307
