   0.007753998715484297
   0.006835106611364814
   0.006530195461804125
   0.0063648481261189705
   0.006316607895018124
   0.006298184976206624
   0.006296873463053223
   0.006274529845463347
   0.0062780511856012165
   0.006278497952791217
   0.006270034141559657
   0.006295638788243235
   0.006280505950265855
   0.006288838475691664
   0.006296581944141943
   0.006291231475061813
   0.0062929615000687335
   0.006289440884628728
   0.006282814835673271
   0.00626865462397749
   0.00628711952765467
   0.006287553274515761
   0.006286356699628484
   0.0062853059946101466
   0.006270439359723329
   0.006275281397392563
   0.006277070189208078
   0.006274021818618316
   0.0062684528218964015
   0.006276865053246928
   0.006280958934382283
   0.006249690608263859
   0.006283788016954629
   0.006276517359458027
   0.006294792785060469
   0.006275050028852441
   0.006278081099808539
   0.006275803570955899
   0.00628271234025395
   0.0062976078299856
   0.006265022425918894
   0.0062782413733564095
   0.0062720161649500745
   0.006285650291981164
   0.006288667034667927
   0.006285294035792476
   0.0062755714614694475
   0.00627414053617957
   0.006275261457505046
   0.00626898058413437
   0.006271590423741811
   0.006293238063239837
   0.006276671871615568
   0.006297553134748963
   0.00628597499719342
   0.006290796270135226
   0.006282736918332549
   0.0062928953765152935
   0.0062671423203639245
   0.006279406223432562
   0.006268940362704362
   0.006283152235598469
   0.006295926872958977
   0.006292900474480227
   0.006271848625226478
   0.006275129362622868
   0.006296032134996568
   0.006280742217208333
   0.006298751783934585
   0.006271563829673046
   0.006265818565077958
   0.006271329996754337
   0.006278423295318123
   0.006267738196031422
   0.006259921291271121
   0.006284781644335839
   0.00627305632063093
   0.0062756755054740095
   0.006289050007120661
   0.00628093557523172
   0.0062740461416188375
   0.0062673462273435095
   0.006268948439093792
   0.006289101644931839
   0.006291410620017239
   0.006294795157821115
   0.006291745943678932
   0.0062806246241373116
   0.006290827156102293
   0.006271879434880217
   0.006296740931760764
   0.006283394812161173
   0.0062837278000239215
   0.00629661300621045
   0.006282230105971822
   0.006338525698993232
   0.006382416989820419
   0.0064896974492442494
   0.006838926798267062
   0.0077459981985772185
