   0.011989628049983856
   0.011624434492065858
   0.011236803097349311
   0.010851665378408848
   0.010516998586960487
   0.01026140311771236
   0.01005132552345478
   0.00986947791152373
   0.009698637679796451
   0.009621199229999735
   0.009518269706550014
   0.009418951227154124
   0.009355298314214179
   0.009315998805849619
   0.009251902554290842
   0.00925079978178706
   0.009227686519842399
   0.009195865555769924
   0.009177320484217525
   0.009131999261977346
   0.00913139821613957
   0.009116326834682253
   0.009113885330522174
   0.009126924015769892
   0.00912732237329876
   0.009152844049687404
   0.009149736706124723
   0.009143979734532357
   0.009129547425665026
   0.009130888052116003
   0.00912278283793477
   0.009138766913861274
   0.009160563066562525
   0.009144112348504924
   0.009133950589349588
   0.009114808488216684
   0.009126836941278546
   0.009087927826815152
   0.009085838948854142
   0.009111972328106451
   0.009112063986117492
   0.009086843846074274
   0.009105390956388635
   0.009106542072805963
   0.009088182767692719
   0.009086545197382655
   0.009095167215574363
   0.009107074252070912
   0.009105599319863086
   0.009092255650932532
   0.009116584649530884
   0.009090792967065869
   0.009121683084491156
   0.009118040262652383
   0.009122020889413532
   0.009152191355743232
   0.009150744863174175
   0.009148184153335499
   0.009159032515122907
   0.009171316390977199
   0.009156965132400772
   0.009142811674048313
   0.00913693607818449
   0.009139909902299483
   0.00913917947092443
   0.009128913916778551
   0.00914280476019143
   0.009135246199248047
   0.009138173602666458
   0.009143168797177902
   0.00913372927054171
   0.009126591769524846
   0.009132310146614855
   0.00911520854575462
   0.009100028875422939
   0.009080617931891875
   0.00910530610902166
   0.009129062090578512
   0.00914326130288191
   0.009167924242007368
   0.009132170247523577
   0.009146270035892233
   0.009168405851190014
   0.009203060714847498
   0.009200001748143033
   0.009229706085546978
   0.009254907053127908
   0.009304334590539252
   0.009431336981268438
   0.009512202101555107
   0.009581344297811788
   0.009701968779512595
   0.009852914421747513
   0.010032810910474978
   0.010249096925777358
   0.010493659710100623
   0.010788637679618178
   0.011160485752021335
   0.011607855515764876
   0.012010199450107239
