   0.007106793011328695
   0.006239380420227678
   0.0059763232584675195
   0.005882840075202492
   0.005850391488534963
   0.005818203593571802
   0.0058049936672265575
   0.005807919261227988
   0.005806150263373822
   0.005827894499277489
   0.00582045317757499
   0.005805162219276106
   0.005814410376364007
   0.00581618154860343
   0.00580240976980017
   0.005810247357406059
   0.005800905531146758
   0.005810723024807555
   0.005810506898982585
   0.005817339197965998
   0.005837708631261971
   0.005814193796469827
   0.005828043285284978
   0.005811641691200386
   0.005813289305553441
   0.005810093350151818
   0.005804483089224207
   0.005792504538286124
   0.005811487842532588
   0.0058121962339193305
   0.005804081786132638
   0.005803485274880306
   0.005806070905586511
   0.005807209159214317
   0.005818355755946673
   0.005799415299952494
   0.005806867509401098
   0.005821934249832405
   0.00582495342325141
   0.00580813351785796
   0.005806455642487634
   0.005800709809850495
   0.005815198438713752
   0.005806484076491134
   0.005809977097927076
   0.005805653371772142
   0.005802709603023815
   0.005813294863779033
   0.00579017352573208
   0.005797690305010491
   0.005805746030067687
   0.005809230105412335
   0.005808466156828552
   0.005802161677242873
   0.005805289071395004
   0.0058072835223200656
   0.005802164635640777
   0.005804701464291675
   0.0058053504952253416
   0.005818022059604531
   0.0058001747549240945
   0.005797725920807251
   0.005801722248917416
   0.005809776636876956
   0.005807899837259308
   0.005813900208796493
   0.005828432004448484
   0.005818726787079287
   0.00582778255566785
   0.005810945245776443
   0.005809931883387395
   0.0057903998373732635
   0.005806961829184103
   0.005801860985400431
   0.0058052214646831845
   0.005818931265435629
   0.005822126534637157
   0.005799309596318215
   0.005809535467640038
   0.005805096193949601
   0.005813957450339921
   0.0058114723298133015
   0.005802840099919798
   0.005805821289245895
   0.005812160841103331
   0.005806190323655731
   0.005801525203865354
   0.005815946346707392
   0.005800287074263281
   0.005811719365576239
   0.005804193896733004
   0.005809059858716339
   0.005794841315270937
   0.005792604275332251
   0.005815621261891301
   0.005836349460928291
   0.005882817188079086
   0.005990184105920187
   0.006246302892789556
   0.007103466834252065
