   0.006077685628382942
   0.005407940789854533
   0.005098183282158714
   0.0049461854749708765
   0.004868045758252812
   0.00483735003687533
   0.004822422881556279
   0.004814030316174588
   0.004808604340696159
   0.004814108763103488
   0.004806743959123346
   0.004800604694588105
   0.004797365642360601
   0.004801145869209236
   0.004797847310887819
   0.00480102205246368
   0.004801417544305337
   0.004807559604043292
   0.0047997970945507056
   0.004802910256684962
   0.004812130280201696
   0.004806275563340452
   0.0048036974384372535
   0.00479058259551853
   0.004796371592355669
   0.004808464274224795
   0.0048016268786901664
   0.004809143027839747
   0.004801624426805389
   0.004805286026488535
   0.004793477078360451
   0.0047923795784711705
   0.00479413071232835
   0.004797472740169691
   0.004800341057098683
   0.004801490865813624
   0.004798946975618499
   0.004793189234440121
   0.004802721575933513
   0.0047914199440034335
   0.004791461623715489
   0.004790959638292409
   0.0048017160781472015
   0.004806517417443641
   0.004804607606188688
   0.004800746191792064
   0.004804960936866741
   0.004808711504563429
   0.004805132954994629
   0.0047984315228773635
   0.004798830545100821
   0.004805840667380533
   0.004796173814548385
   0.00480501512832977
   0.00480617736478152
   0.004797555135597039
   0.00480748910344231
   0.004795135854592367
   0.004801621453097496
   0.004808198006912037
   0.004804966317454144
   0.004804857774450032
   0.004798871246026808
   0.004795052273194408
   0.004796697884670999
   0.004795491750714248
   0.004802537736943384
   0.004812980619584447
   0.004799122369943782
   0.004797643185184189
   0.004809371137356544
   0.004805309636447588
   0.0047973084694603275
   0.0048000041525045325
   0.0047910288139708995
   0.00479514983098545
   0.004795473970502936
   0.004793296031623357
   0.004797308636559352
   0.004791544643832071
   0.004791833447476586
   0.004801331388699565
   0.0048071033574304195
   0.004797349123958407
   0.004799429734784203
   0.00479724846923638
   0.004803229259945777
   0.004798028711919289
   0.004797741793520111
   0.004795248127040238
   0.004803316386491711
   0.004799672463728336
   0.004801420058383746
   0.0048001961488430035
   0.004829114307495032
   0.004866766389364565
   0.004939879867405921
   0.005090014772302091
   0.005412260273650477
   0.00607027710373579
