   0.006887661334249703
   0.00646281487608154
   0.006330927002307512
   0.0063189040535684285
   0.006302504598146162
   0.006310713379039808
   0.006294778072448464
   0.0063126637026925825
   0.006313137826901194
   0.0062863099354353615
   0.006312421465261514
   0.006317214690473553
   0.0062862031943745475
   0.006298036239118852
   0.0063071455279901205
   0.006300229015396405
   0.006314537434856495
   0.006312393052915991
   0.006315541000504511
   0.006313166380159316
   0.0063173045351142465
   0.006314116461349683
   0.00630740684535229
   0.00628885594210551
   0.006309262285430642
   0.006325266414665401
   0.006309497802009264
   0.00630557436477868
   0.006307195429379396
   0.006288631274485239
   0.006296850030643373
   0.006292611955308755
   0.006298180448093285
   0.006300542360752939
   0.006313626110665346
   0.006324672908419772
   0.006310501681208098
   0.00629757016075333
   0.006301416217064429
   0.0063050759119883115
   0.006303443902733609
   0.006307239000057074
   0.006312355639013595
   0.006306101587036957
   0.006295001305092219
   0.006304100582025099
   0.006302250703762616
   0.006296001325777984
   0.006320560299049317
   0.006317393000268898
   0.006303654431273723
   0.006292187089749947
   0.006297438407832784
   0.006308628749547384
   0.006278735855678913
   0.006302788558388922
   0.006313860020633311
   0.006295225113356639
   0.006300064876515601
   0.00629957574116349
   0.006308153154466347
   0.00631220590757802
   0.006323743406473032
   0.00630992042009427
   0.006292627040325713
   0.0062933634720747
   0.006313933632997529
   0.006296883879610883
   0.006280865365358452
   0.006310102892833724
   0.00632103304839036
   0.006304092494090261
   0.006320437008640652
   0.006295381356913661
   0.006299088566028464
   0.006301378938157608
   0.006309182770662948
   0.006318960126293748
   0.006298047810275734
   0.006294876938712864
   0.0062930367939013345
   0.006300086582501604
   0.006303115075225662
   0.006281856435793091
   0.006293795797304866
   0.006303501049453274
   0.006305942460865455
   0.006319080201491382
   0.006312685227120281
   0.006299551407217719
   0.006299904646276906
   0.006300456021536601
   0.006291501243529222
   0.00631323158550467
   0.006313230542098635
   0.006330588831293066
   0.006303149782658728
   0.00635123671578056
   0.006450005098695888
   0.006868148337367235
