   0.007271018024515942
   0.006353315114140304
   0.006316375536032787
   0.006310279388253589
   0.006308722596352959
   0.006327743224780798
   0.006279330266654043
   0.006296474288896811
   0.006321867654475482
   0.006284609086461859
   0.006306728530629346
   0.006318306245186783
   0.0063062474070344245
   0.006291727586579411
   0.006302433491833825
   0.0062991087742693954
   0.006301731865825544
   0.006296621584885102
   0.006300738724066951
   0.006288394530907608
   0.0062991710447461114
   0.006302226488259366
   0.006297667513576295
   0.006308592220700213
   0.0062917420433649
   0.0062910357845968575
   0.006300339533849112
   0.006289325594093717
   0.006311844839591681
   0.0062841363001794525
   0.006311265487987384
   0.006291996814110869
   0.006305627264223048
   0.00630963502267845
   0.006293787351803462
   0.0063131581480046686
   0.006312669070552811
   0.006291162558068559
   0.006302941055253338
   0.006290832601040852
   0.006308766400424928
   0.006319056279363587
   0.006297675856017846
   0.006310336697703079
   0.0063032351961439925
   0.006295947577851041
   0.006302188471720079
   0.006300563798382892
   0.0063014416670170185
   0.006295569682340782
   0.006311420858180109
   0.006297806562045066
   0.006302453904149647
   0.006288984242406379
   0.006303843575714985
   0.006302677463128793
   0.006299638852089204
   0.006310723056051997
   0.0062972072957025935
   0.006289694073945741
   0.0062973523706592125
   0.006293614780242295
   0.006311737501026612
   0.006316786024583889
   0.00630628699896582
   0.006306277220910238
   0.00630436896870994
   0.006297728835160873
   0.0063065601601013195
   0.00632093766405942
   0.00631184511390631
   0.006315309890471181
   0.006306941545603205
   0.006306385795531887
   0.006292325853387534
   0.006286165330885978
   0.006308821226551928
   0.006317267499588633
   0.006307028389324505
   0.0062862990777869466
   0.0063068060722897955
   0.006283524879420422
   0.006316906882256841
   0.006306380717914105
   0.00630858233614402
   0.006309457188667559
   0.006303484491708274
   0.006274748594883777
   0.006298127742240743
   0.006282752030980203
   0.006309364466605578
   0.006292842816870404
   0.00629489395916155
   0.006298187689209797
   0.0063123648312227295
   0.0063152657427190265
   0.0063027982682261965
   0.006298989082345554
   0.006354030400669634
   0.00727204265734311
