   0.007340874904172802
   0.006363366783732151
   0.006147571997737777
   0.006057166623581723
   0.006052782043225006
   0.006040699342843532
   0.0060421295353670496
   0.006048271209240328
   0.006029533570518406
   0.006042144243699272
   0.006024990701387958
   0.006033282849670485
   0.006049164986733457
   0.006054538408985481
   0.006040548118877279
   0.0060421298924273415
   0.006049064378911211
   0.0060471915986529115
   0.006032415633113867
   0.006042471819753014
   0.006038672829707009
   0.006060318536286442
   0.006048037293235226
   0.006031279256834826
   0.0060449324618264575
   0.006043285437462707
   0.006052749047883248
   0.006039070378326315
   0.006038373592652567
   0.006043961314603674
   0.006038251641790523
   0.006043614590165709
   0.006037434331666937
   0.006047762358236085
   0.006036086234596786
   0.006053306909265898
   0.006060891900517854
   0.006036643211928513
   0.006042297842911503
   0.006051382726368455
   0.006042141852386363
   0.006046051301595585
   0.006051948232065151
   0.0060434071706549925
   0.006053063698354223
   0.006027599072771674
   0.0060510561717933556
   0.006049759081624794
   0.006044599406820753
   0.006048074680934021
   0.006056665032812995
   0.00603440452507992
   0.006047302908410884
   0.0060501868709111626
   0.006051941159384421
   0.006035352414174439
   0.006057827295696548
   0.006042341248222558
   0.0060559709874383
   0.00604467417833939
   0.0060290082531839284
   0.006048138172050802
   0.006043828391245077
   0.00605494523854891
   0.006031965053368061
   0.006040219556403292
   0.006044263292412913
   0.00605367223207791
   0.00605601070324554
   0.006052629344895305
   0.006065452957167382
   0.006047960496780975
   0.006051890363954744
   0.006042632436302605
   0.006048694450423276
   0.00605353713958929
   0.0060340652303515286
   0.006026932191808566
   0.0060280754715680215
   0.00603090894906066
   0.00603570670031826
   0.006052613513184724
   0.0060510174064173465
   0.006043706786249879
   0.00604570411723557
   0.006048779657843372
   0.006039262028168008
   0.006043637951106782
   0.006039180885566685
   0.006027355294106184
   0.0060379314840947156
   0.006044013960985526
   0.006045754414572454
   0.006049011823866568
   0.006056452767513684
   0.006045008108575732
   0.00607515116832995
   0.006125836577182116
   0.006362275764062802
   0.007310179543448634
