   0.007340854951293964
   0.00638849022742351
   0.006012218487422877
   0.005845669532673358
   0.00575852579862594
   0.005708930200028083
   0.0056920090138562725
   0.005663649740644663
   0.005672722666373474
   0.00565288214525829
   0.005663553145906529
   0.005658698106642703
   0.005656380503472715
   0.005646951449899568
   0.00563833413114574
   0.005655213696370982
   0.00564192491667015
   0.005659050411631272
   0.0056547653663990335
   0.0056636873809397074
   0.005650148781940305
   0.005653252743580856
   0.005632997947733905
   0.005642451935998612
   0.005652503862922648
   0.005646971893546245
   0.0056604331668869195
   0.005674751291499609
   0.005665895041370084
   0.005643510148386278
   0.005661833424521658
   0.005662201152489528
   0.005661261384447869
   0.005652500011452213
   0.0056575240278577375
   0.0056531088815251025
   0.0056410807549651595
   0.005657671770611871
   0.005667026320266404
   0.005666346242295759
   0.005661917221818942
   0.005657010671478421
   0.005647820658885642
   0.005651865520868721
   0.005654544313311919
   0.0056595696918062275
   0.005647967865226441
   0.005670180138724285
   0.005639545873123923
   0.005659395060079501
   0.00565198564411359
   0.005645198445280048
   0.005660590979006902
   0.0056523101846619565
   0.00566362216919375
   0.005669856224591559
   0.005653115444941321
   0.0056535836173587815
   0.005657512124143863
   0.0056447751879308145
   0.005651119841060858
   0.00564861576654042
   0.005652643559007088
   0.005644112637246862
   0.005653447359452917
   0.005657407314042774
   0.005652932431271201
   0.005659534337190718
   0.005657532876154509
   0.005655660182021086
   0.0056551203306383
   0.005647257286653133
   0.0056532718906159
   0.005657007958124919
   0.005656857884488725
   0.005643267487227225
   0.00565648098671751
   0.00564656858428759
   0.005641399425504532
   0.0056444152223381555
   0.005654510727542528
   0.005643865366889487
   0.005656019275005748
   0.005648118566541084
   0.005656961645900618
   0.005648097895400291
   0.0056565476779459785
   0.005650899709405902
   0.005654605838072196
   0.005647977901208964
   0.005653530615116331
   0.00565871406432328
   0.005667659041863055
   0.005682646205061586
   0.005691760493009367
   0.005737285036702899
   0.005838238688096546
   0.005999541138401299
   0.006389769466036645
   0.007333068870898144
