   0.007237778625730471
   0.006350384039786832
   0.006290101937864862
   0.006285560296426018
   0.006286561710514031
   0.00631064907284166
   0.006315995120062489
   0.006273550736081537
   0.006283788613599648
   0.006300463893546244
   0.006280834575064156
   0.006299490509764989
   0.006313320316244813
   0.006294058277012031
   0.006301487655982071
   0.0062838835469224506
   0.006300009935094178
   0.006282189612909396
   0.006291009461586939
   0.006307173366439512
   0.006290113892183728
   0.006285790033525937
   0.006296160515575693
   0.006304735582049661
   0.0063020815554469724
   0.0063066698771735985
   0.006303123425554211
   0.006294806589762743
   0.006300714178426732
   0.006281202404144928
   0.006279635515303054
   0.006304214563138503
   0.0062830241860207785
   0.006277403879874998
   0.006294555664398931
   0.0062783712840157185
   0.006292021639719445
   0.006280088595986811
   0.006314766850106698
   0.006284119293822103
   0.006333484084775515
   0.006283425906409812
   0.006312532047152848
   0.006293238199902234
   0.0062977630862645715
   0.006301110039999944
   0.00628508022734694
   0.006276426106484891
   0.006275181615518445
   0.0062872698615274595
   0.006292152819832359
   0.006287016262866975
   0.006296994749164211
   0.006288490604829246
   0.006290384738913472
   0.006300879005862411
   0.0062884455192077264
   0.00630702294642874
   0.006313064059531041
   0.006274393875190788
   0.006295680128735682
   0.006294728460301968
   0.006283038651038717
   0.0063109784050914474
   0.006282157379938802
   0.006301653743214408
   0.006291207656653342
   0.006297439244945382
   0.006294236261727113
   0.006288734802191837
   0.006294514080617209
   0.006272603621706115
   0.0063139274190929
   0.006276678391952814
   0.006297376864052112
   0.006294746007004881
   0.006297937051367264
   0.006293113740750857
   0.006289547939838578
   0.006296143664623711
   0.006284970177139141
   0.006290773005560154
   0.006292418686786052
   0.00629800430121094
   0.006303843210274398
   0.0062935227806947954
   0.006292615523376098
   0.006306239772961514
   0.00631122730880476
   0.006288228670469529
   0.0062921700565578866
   0.0062876411090386514
   0.006304335912903336
   0.006299252503719599
   0.006297121961932373
   0.006295270910756092
   0.0063044572087905355
   0.0062998752111845715
   0.006344192872140762
   0.007234298444013406
