   0.01696007705237359
   0.015420532383420976
   0.014710550240986749
   0.01406350574105831
   0.01371988787410003
   0.013470322735509353
   0.013377184988858698
   0.013338281525254474
   0.01328916253882563
   0.013214707527601276
   0.01320568130455666
   0.013177309385712098
   0.013143564576126305
   0.013172384144782025
   0.013151245240966544
   0.013184004212544244
   0.013155676363253046
   0.013154065663712867
   0.013098672714640625
   0.013114164973090635
   0.013135207274475421
   0.013162996544980349
   0.01317928609983415
   0.013142012155811053
   0.013166749946963761
   0.01318359672097175
   0.013184011766132119
   0.013257656239930301
   0.013174011261871735
   0.013173283388313119
   0.013170458305300154
   0.013224420229669891
   0.013170689945790964
   0.013092958633089982
   0.013162462503109464
   0.013173027202498048
   0.013231195338606842
   0.013173147985018388
   0.013187414875868747
   0.013219170341135615
   0.013197249329782593
   0.013197437766907072
   0.013162455467790688
   0.013177782396164841
   0.013175085185835524
   0.013222119705759958
   0.013183179682355921
   0.013178204500470858
   0.013164753859485906
   0.013124474855618606
   0.01313602162442997
   0.013189266944984348
   0.01314275743822531
   0.01319455224442914
   0.013259988613820706
   0.013197330603539262
   0.013117597296937783
   0.013180266001022465
   0.013183910124604263
   0.01316990089371607
   0.013163610983748112
   0.013149996058782086
   0.013151449171574799
   0.013141291075056497
   0.013096510220341865
   0.013157332256165137
   0.01326461800529413
   0.0132716816422008
   0.01321394445844379
   0.013183493960194045
   0.013163037889352486
   0.0132440880537759
   0.013287224747945742
   0.01322535485924548
   0.013186593010710493
   0.013180322721628184
   0.013154436681406213
   0.01319526480139142
   0.013211367171767652
   0.01328308717842808
   0.013252384478070577
   0.013167128464990019
   0.013245383342289637
   0.0132543562162709
   0.013085445007068769
   0.013076229847098105
   0.013111242144300995
   0.013134582245196518
   0.01317981896842857
   0.013143143525268576
   0.013172478482564736
   0.013171289828199234
   0.013230890910629454
   0.01337452098769511
   0.013489286253433454
   0.013681564283482916
   0.01399761682566309
   0.014567854215259956
   0.015479016721376646
   0.016908445228403925
