   0.007261888829656816
   0.0065509814025496785
   0.006287541002143004
   0.006189674705027053
   0.006122231085207998
   0.006106669181254251
   0.006114227015837114
   0.006107010928740408
   0.006102468792441413
   0.006111833047013756
   0.006102504777756102
   0.0060964247537757974
   0.006089170555640111
   0.006111449324433227
   0.006093897921477354
   0.006094177408261594
   0.006110310691279326
   0.006089069047749027
   0.006099965512025568
   0.006104506565291793
   0.006106743226058358
   0.00610048114049639
   0.006099437367534062
   0.006097282904922558
   0.006113344731985267
   0.006108715362179451
   0.006110022037784946
   0.006083227889820023
   0.006102473663918558
   0.006098967562001702
   0.0061184722608521565
   0.006111796263799538
   0.006098392225024623
   0.006099192302486138
   0.006109115268401301
   0.006114157006585873
   0.006114353641672072
   0.006109416780774125
   0.006089939166670595
   0.0061052816258048885
   0.006099809205894572
   0.006097014212962103
   0.006106533719614297
   0.006106056856404811
   0.006113441687845447
   0.006113731844986419
   0.0061110639693203435
   0.006116335292917784
   0.00609583109383812
   0.00609432746621434
   0.0060960013409883575
   0.006103928740265583
   0.006114583668664314
   0.00608992450666197
   0.0061060980176990635
   0.006093298887100625
   0.006109637096748776
   0.006091427188387259
   0.0060964556408546
   0.006086975661878838
   0.006096672079738226
   0.006097464791572161
   0.006093366509223465
   0.0061088749796315645
   0.006111019717126336
   0.006092001306957453
   0.006096656255493212
   0.00608884021252649
   0.006100857407634831
   0.006096957791991808
   0.006087868077364307
   0.006086991878208486
   0.006087902543034809
   0.006097316561296881
   0.006099998243462693
   0.006096512540466961
   0.006115423462001296
   0.00610498862814727
   0.006103540277588
   0.006116409902277525
   0.006104221595255469
   0.006102186434552146
   0.006121804261195076
   0.006111998317727744
   0.006080463921893018
   0.006110553975318573
   0.0060953218158243385
   0.006071910028526794
   0.006082254678080645
   0.006086338864170919
   0.0060987200869128564
   0.0061141675469012025
   0.006105633277016122
   0.006088193349073752
   0.00609053560296465
   0.006127392640452422
   0.00617606871725475
   0.006289509439980841
   0.006555431579855287
   0.007282277416052963
