   0.0072974161877177625
   0.0067338059698209005
   0.006570217348555705
   0.0065371979450389636
   0.006532298743522158
   0.006529358340909828
   0.0065181632530044616
   0.006503021243904901
   0.006528340645128841
   0.00649934724443822
   0.006522225127685515
   0.006512584904272873
   0.0065205793787760785
   0.006533178566843964
   0.006524258126254155
   0.006518450252304988
   0.006496493048662498
   0.006513085764922879
   0.006524372548598256
   0.0065052549579946994
   0.006509782011173202
   0.006528604102569494
   0.006530145947373167
   0.006518110033478854
   0.006536662252825212
   0.006525560139420783
   0.006514366834588318
   0.00650884839526307
   0.006531384580827265
   0.006511705874285922
   0.0065024994551631105
   0.006512536950803014
   0.0065237161750504235
   0.006508546838358982
   0.006518932990583251
   0.006526027488826178
   0.006522411172902502
   0.006518883645497759
   0.006522270061122297
   0.0065178347700704424
   0.006539836571340674
   0.006513803137920682
   0.006513594936749724
   0.006513649216094624
   0.0065180053282330504
   0.006528313530743077
   0.006525681991921331
   0.006515243532452196
   0.0065187425533091686
   0.0065274349818386646
   0.00651344101446331
   0.006515621927974285
   0.006537353811263562
   0.006508776124956169
   0.006508718114637388
   0.006514884408220647
   0.0065247557171768085
   0.006525374618639654
   0.006529923181756731
   0.00651767375230574
   0.0065318045686082946
   0.006529978270517262
   0.006508016920703727
   0.0065152343727676795
   0.006526434972069859
   0.0065264116988448355
   0.006527672747244092
   0.006514260534444779
   0.006530070615756333
   0.006527101922823351
   0.006501537212613339
   0.00652811188128913
   0.0064943311270318676
   0.006532793569319068
   0.006516103803592088
   0.0065218610206540985
   0.00650064460741422
   0.006512726338471998
   0.006499996930373097
   0.006508922474663622
   0.00651468725570204
   0.006517238247174893
   0.006505629236831994
   0.006518367932568724
   0.006519618475969725
   0.006522864846958068
   0.006523799299421541
   0.006524465925739262
   0.00651745885963464
   0.0065198980130589295
   0.006513312762561844
   0.006506780358860925
   0.006525626635361323
   0.006511884029091488
   0.006520934164696311
   0.006524282278318769
   0.006531218385008134
   0.006577023327384331
   0.006752129469161309
   0.007289119236056134
