   0.00665326398629419
   0.005807075617430804
   0.005475623948227468
   0.005326986280428657
   0.0052658623442713255
   0.005224492677030595
   0.005215061328565263
   0.005201788464743102
   0.005197356170540173
   0.005191066398800242
   0.0051960882594488216
   0.00520685928215499
   0.0052027607073185786
   0.005205995237421479
   0.005195531407802824
   0.005200393144487607
   0.0052089020752576435
   0.0052065808981838595
   0.005203181188960677
   0.005193023358362424
   0.005205654767021386
   0.00520047111073922
   0.005205969261734473
   0.005218285318864585
   0.005196822513393058
   0.005194021086152734
   0.005193373931652926
   0.005215957741305589
   0.00519621969755933
   0.005206067960952731
   0.005214773112390641
   0.005207589210200753
   0.0052014251879842
   0.005213256145125106
   0.005199932896813767
   0.005198759880868548
   0.005192796176066758
   0.005198750595477415
   0.005188668935975298
   0.005204629287666655
   0.0052091532248385785
   0.005197729027957309
   0.0052027835810440504
   0.005198169683478079
   0.005199606040802386
   0.005205573605114699
   0.005204663462950775
   0.005217689401779707
   0.005203121726513305
   0.00521438699021852
   0.0052029898145394705
   0.005208307672053044
   0.00520511811664936
   0.005200575424124914
   0.005202901110447797
   0.00518972807766663
   0.005206771768804117
   0.005195904643622202
   0.005187193817596892
   0.00519889960202815
   0.005195915217059377
   0.005204815751757936
   0.005210955366628623
   0.0052048658848616374
   0.0052008346212313785
   0.005196444515824955
   0.005200493175958453
   0.005205479174058928
   0.0052040662338318005
   0.005205390667711744
   0.005214190367829975
   0.005199700704880624
   0.005199849806023941
   0.005210429962295741
   0.005197397974524973
   0.005197665040797056
   0.00521181522661093
   0.0051974851096331905
   0.0051984929482036
   0.005222514289280046
   0.0052100480473104135
   0.005205569456325458
   0.0052047593919711775
   0.005202302138983999
   0.005189526297022831
   0.005202257058574406
   0.005198718020751509
   0.005202584936774685
   0.005199097829663805
   0.005190851999532767
   0.005197631189790931
   0.0051971482996260275
   0.005192535929395779
   0.005205952299083851
   0.005228193049162867
   0.0052686192983015315
   0.0053262848264834925
   0.005469798663060481
   0.005794553719713476
   0.0066471863018504685
