   0
   0
   0
   0
   0
   0
   0
   0
   0
   0
   0
   0
   0
   0
   0
   0
   0
   0
   0
   0
   0
   0
   0
   0
   0
   0
   0
   0
   0
   0
   0
   0
   0
   0
   0
   0
   0
   0
   0
   0
   0
   0
   0
   0
   0
   0
   0
   0
   0
   0
   0
   0
   0
   0
   0
   0
   0
   0
   0
   0
   0
   0
   0
   0
   0
   0
   0
   0
   0
   0
   0
   0
   0
   0
   0
   0
   0
   0
   0
   0
   0
   0
   0
   0
   0
   0
   0
   0
   0
   0
   0
   0
   0
   0
   0
   0
   0
   0
   0
   0
   0
   0
   0
   0
   0
   0
   0
   0
   0
   0
   0
   0
   1.9999998999999975
   0
   0
   0
   1.9999998999999975
   0
   0
   0
   1.9999998999999975
   0
   0
   0
   0
   0
   0
   0
   0
   0
   1.9999998999999975
   0
   0
   0
   0
   0
   0
   1.9999998999999975
   1.9999998999999975
   0
   0
   1.9999998999999975
   0
   1.9999998999999975
   1.9999998999999975
   0
   0
   0
   0
   1.9999998999999975
   1.4142134209517316
   1.4142134209517316
   0
   0
   1.9999998999999975
   1.9999998999999975
   1.9999998999999975
   0
   0
   1.9999998999999975
   1.9999998999999975
   1.9999998999999975
   1.9999998999999975
   1.1999998333333217
   1.9999998999999975
   0
   1.1547003651741576
   0
   1.9999998999999975
   1.224744708092262
   1.9999998999999975
   1.9999998999999975
   1.9999998999999975
   1.9999998999999975
   0.9999997999999799
   1.1547003651741576
   1.3093071886634224
   1.4142134209517316
   0
   1.4142134209517316
   1.4142134209517316
   1.9999998999999975
   1.224744708092262
   1.058300335443583
   1.4142134209517316
   1.9999998999999975
   0.8660251728443001
   1.44222037151054
   1.1547003651741576
   1.490711850835775
   0.942808829450005
   1.1547003651741576
   1.9999998999999975
   1.9999998999999975
   0.9162454762996138
   0.8660251728443001
   0.8719691385091543
   0.8944269673930901
   1.1547003651741576
   0.7559286814432771
   0.9999997999999799
   0.5469630472611947
   0.65555447227191
   0.6573679061141634
   0.8571426238094921
   0.6928200343523562
   0.6110097653338555
   0.7370274598298289
   0.5958432560655667
   0.5830948464872588
   0.49851811407327173
   0.5793103719332828
   0.48507083776192816
   0.6324552158058308
   0.6227449191675757
   0.5863016288566832
   0.4422998446183625
   0.5329383347433858
   0.5773499227793603
   0.4164960837212063
   0.6666663666665992
   0.48650384431425037
   0.3999994999996875
   0.37499946666628736
   0.44031483170614205
   0.4743050773997553
   0.3511545204632175
   0.45275351968205335
   0.3483617882526364
   0.3532184948498163
   0.4081373884525815
   0.3199993749993896
   0.3217916963782443
   0.33111996581002784
   0.3716544732546751
   0.3703698303699767
   0.2943913495105905
   0.3197793226898453
   0.3127528997063238
   0.2843514087573803
   0.2552488091463643
   0.26577569323317246
   0.31978747096900295
   0.2630262039064198
   0.2430883756584716
   0.2661538139054829
   0.24998591445068102
   0.22110741482114268
   0.2197353491558403
   0.23526435438911003
   0.21757039804741102
   0.20922619338887755
   0.21530465098459528
   0.20489929906080123
   0.20043679913025134
   0.17961298530394712
   0.19124110297708116
   0.17607685880777307
   0.18295304687087383
   0.16623091538034004
   0.16305689337392879
   0.1645632485923124
   0.14925141582402113
   0.14887211660373964
   0.1488148327922234
   0.14334331465272537
   0.13750209600593247
   0.13615975111892742
   0.1326330045358656
   0.13334755812735413
   0.123620455280601
   0.12143723793630949
   0.12517392534250385
   0.12217272694866375
   0.11801933016378809
   0.10940736235671995
   0.10880454974416669
   0.10653947376683287
   0.10362391962799389
   0.09971972238341432
   0.10165422671011118
   0.09380924921599339
   0.09255660799879607
   0.09229410070382131
   0.0909217837618954
   0.08254011691924613
   0.08493979009502901
   0.08255748714847462
   0.07895873275524357
   0.07661901233006511
   0.07623021070816077
   0.07229924441297271
   0.07077219302587996
   0.07181608580600965
   0.06731488763586237
   0.06540272939158734
   0.06463495001859013
   0.062189231987078875
   0.060558122772569556
   0.05914190105589057
   0.058576083477160694
   0.05643762577561197
   0.055504455622910086
   0.053769505245252855
   0.051501800069408826
   0.052028541883501964
   0.05065667677884965
   0.048603536231207736
   0.04728470994468795
   0.04576965115042123
   0.044531308935816326
   0.04399085203660915
   0.04196145393532706
   0.042027934301326356
   0.0401453971626052
   0.03945215636514707
   0.03831998376619318
   0.0365033727045572
   0.036296843733929156
   0.035416218872647995
   0.034751394319840125
   0.03321327802301834
   0.0329115832352348
   0.031764765971329316
   0.030668893827928714
   0.030447613923720532
   0.0294951546145932
   0.028691954173648195
   0.02775809968817528
   0.027652010316777678
   0.026425467650562005
   0.025536010694139515
   0.02501961099836064
   0.024313096496299532
   0.024061690791714326
   0.023300658287873338
   0.023097316290123408
   0.021859147973692823
   0.021583314014485242
   0.021124811762335872
   0.020587239982791807
   0.019888577538305457
   0.01927718307102302
   0.01882898223125372
   0.018369459564786098
   0.01789504074737005
   0.017433597898330697
   0.01689758902324526
   0.016515956076898895
   0.016229061163636278
   0.015600216458412312
   0.015298702716612711
   0.014827115720848633
   0.014454258515851848
   0.014070983971399328
   0.013733521273268923
   0.013431661888321211
   0.013066857278920634
   0.012648953175889538
   0.01239930275139482
   0.01206426279653521
   0.01178416241563094
   0.011439911496803493
   0.011148373785683844
   0.0108444705904647
   0.010572406382967078
   0.010323291286389069
   0.0100447952534273
   0.009763345375559538
   0.009543554887818762
   0.009307799917666218
   0.0090574434344439
   0.008750283025467334
   0.008598220905758257
   0.008338453096596088
   0.008128225466239125
   0.007913528266249727
   0.007686196017454812
   0.007524431259576981
   0.007339378929027856
   0.007131416441679018
   0.00693389014648957
   0.006738811727012032
   0.00657819933349794
   0.00641483726742056
   0.0062360922233686816
   0.006079832581086626
   0.005921788712151243
   0.005761472087377022
   0.005599980599137193
   0.005480078850064859
   0.005317218038966457
   0.005178529297468511
   0.005028208544197649
   0.004920645889216857
   0.0026905598191294816
   0.0026718503391357576
   0.0026622621432279394
   0.002651979115959378
   0.002650498469579508
   0.0026492572602644
   0.0026532827724770934
   0.0026629130428369933
   0.0026710136056410636
   0.002691611552283299
   0.004909646832997789
   0.0050375168339026315
   0.005191620981347441
   0.0053223672558555335
   0.005469303786767029
   0.0056188764293361145
   0.00576568584440541
   0.005926622350242325
   0.006084233068512994
   0.0062398729534967265
   0.006414338520055237
   0.006582940783146485
   0.0067535014868667686
   0.006927592723046503
   0.0071328728102308175
   0.007320344512553184
   0.007514757821012241
   0.007706704217904791
   0.007891371972050181
   0.008129132563231924
   0.008318124213479529
   0.008543613753616598
   0.008805516873671468
   0.009052451119899843
   0.009276135801877607
   0.00953736124401912
   0.009772371524715792
   0.010038260177104585
   0.010297595230167702
   0.010560939117893929
   0.010894733788994287
   0.011202119271321507
   0.011429467409504427
   0.011770494087834952
   0.012020304128513199
   0.012397677901455254
   0.012797193716306063
   0.013060734362120319
   0.013415962525848226
   0.013737505779340343
   0.01408489947792593
   0.01441336588554495
   0.014837154258988457
   0.015300541072264513
   0.0156821147963976
   0.016106317931287025
   0.016528117192837196
   0.017030173320378292
   0.017548056363405305
   0.01794983951460278
   0.018372032539121497
   0.01880196552853554
   0.019417856854041925
   0.019756244775740995
   0.02049208524078009
   0.020920621072490538
   0.021567132004326955
   0.021995361073992463
   0.022488200811686163
   0.02325515185659196
   0.024161888543141653
   0.024474088096873615
   0.02514943160164587
   0.025558045369855106
   0.02654752091112741
   0.02712942087457055
   0.028046258689138348
   0.02877351823269771
   0.029506172136159643
   0.030034725579609504
   0.03131264737247487
   0.03173945052380866
   0.032870114235762485
   0.033261561154056374
   0.03384553323454443
   0.03499982211876856
   0.03600608949537724
   0.037014783826715435
   0.03839888643179586
   0.039777953669125225
   0.04028914576007597
   0.04163072126174796
   0.041256419684832124
   0.04337143509269524
   0.045043937044678926
   0.04550870025475092
   0.04743498492907799
   0.048541185950425114
   0.04954808808548579
   0.051496764697767844
   0.05176856422491057
   0.054492831679978565
   0.05467242160550899
   0.05815496741215383
   0.05931810287521973
   0.060642815616816406
   0.06038280704590609
   0.061807800809815
   0.06379410549047797
   0.06632975873580667
   0.06988269368942562
   0.07117204132850238
   0.07348680390524695
   0.07405160319583928
   0.07583933847085936
   0.07925686511707428
   0.07885768319671962
   0.08174364712377706
   0.0865306361538993
   0.08635713789781763
   0.0911832169746338
   0.0922384643204206
   0.09146654848880775
   0.09677334602030586
   0.10180520230532789
   0.10724641856233919
   0.1090139171085611
   0.10822738110303678
   0.11102161956237554
   0.10904067427811238
   0.1168899816924838
   0.11420277608388604
   0.12562020439826344
   0.12807384413797976
   0.14038511341056395
   0.12853812267024844
   0.13837697227602128
   0.1381107470636051
   0.14400312358173997
   0.14470547930434247
   0.14359123107354282
   0.14091581736959236
   0.14440608670599495
   0.15551832210602332
   0.17052700991664374
   0.17541297178216347
   0.17864628072540797
   0.2013532987120037
   0.19780169491155916
   0.18851675548358218
   0.18041085459110717
   0.20603760449341244
   0.20303716358321786
   0.19843034042202315
   0.21473404739610133
   0.2313753911819761
   0.22375921680597682
   0.24147181595555753
   0.2551543977019927
   0.23144509746971878
   0.26187469027170807
   0.23122182477398417
   0.26799593695095864
   0.28641028263664
   0.2966312315230196
   0.28101803059054425
   0.3390452820646465
   0.3388148732971251
   0.3682840635399064
   0.33671692088051686
   0.3646417267944901
   0.3928365915419808
   0.3352993222524593
   0.3569641756740884
   0.4320489169835594
   0.3682840635399064
   0.35726203311136545
   0.3795311862411834
   0.48650384431425037
   0.4635467970527368
   0.46827477352091906
   0.4626343216587961
   0.5604009161099395
   0.4841530097624136
   0.5484520033694835
   0.7605997611715474
   0.49792919606859826
   0.5163973921958424
   0.5642151188562929
   0.6085802908165614
   0.7925268282864114
   0.603022357492957
   0.5546998356699844
   0.749655301504885
   0.5497470529454634
   0.6085802908165614
   0.6113117225649518
   0.8606627334448383
   0.8660251728443001
   0.65555447227191
   0.8571426238094921
   0.603022357492957
   0.8485279017215639
   0.5958432560655667
   0.7999997499999609
   0.7905691620598415
   0.816496335978715
   1.1547003651741576
   0.9476068719007209
   1.1059566428516845
   0.8944269673930901
   0.8944269673930901
   0.9162454762996138
   1.4142134209517316
   1.490711850835775
   0.9999997999999799
   0.9999997999999799
   1.5811387035930782
   1.9999998999999975
   0.7559286814432771
   1.9999998999999975
   1.9999998999999975
   1.1065664896057388
   1.9999998999999975
   1.1547003651741576
   1.6996730535279096
   0.9999997999999799
   0
   1.326649765386479
   1.490711850835775
   1.490711850835775
   0
   1.9999998999999975
   1.490711850835775
   1.1547003651741576
   1.9999998999999975
   0
   1.1547003651741576
   1.9999998999999975
   1.9999998999999975
   0
   0
   1.9999998999999973
   1.490711850835775
   0
   1.9999998999999975
   1.9999998999999973
   0
   0
   0
   0
   1.9999998999999975
   1.2472189685678916
   0
   0
   0
   0
   1.9999998999999975
   0
   0
   1.9999998999999975
   0
   0
   0
   0
   1.9999998999999975
   0
   0
   0
   0
   0
   1.9999998999999975
   0
   0
   0
   0
   0
   0
   0
   0
   0
   0
   0
   0
   0
   0
   0
   0
   0
   0
   0
   0
   0
   0
   0
   0
   0
   0
   0
   0
   0
   0
   0
   0
   0
   0
   0
   0
   0
   0
   0
   0
   0
   0
   0
   0
   0
   0
   0
   0
   0
   0
   0
   0
   0
   0
   0
   0
   0
   0
   0
   0
   0
   0
   0
   0
   0
   0
   0
   0
   0
   0
   0
   0
   0
   0
   0
   0
   0
   0
   0
   0
   0
   0
   0
   0
   0
   0
   0
   0
   0
   0
   0
   0
   0
   0
   0
   0
   0
   0
   0
   0
   0
   0
   0
   0
   0
   0
   0
   0
   0
   0
   0
   0
   0
   0
   0
   0
   0
   0
   0
   0
   0
   0
   0
   0
   0
   0
   0
   0
   0
   0
   0
   0
   0
