   0
   0
   0
   0
   0
   0
   0
   0
   0
   0
   0
   0
   0
   0
   0
   0
   0
   0
   0
   0
   0
   0
   0
   0
   0
   0
   0
   0
   0
   0
   0
   0
   0
   0
   1.9999998999999975
   0
   0
   0
   1.9999998999999975
   0
   0
   0
   0
   0
   0
   0
   0
   0
   0
   1.490711850835775
   0
   0
   0
   1.9999998999999975
   0
   0
   0
   0
   0
   0
   1.9999998999999975
   1.4142134209517316
   0
   1.1999998333333217
   1.9999998999999975
   1.9999998999999975
   0
   1.6492421289792472
   1.224744708092262
   0
   1.224744708092262
   1.9999998999999975
   0
   0
   1.9999998999999975
   0
   1.9999998999999975
   0
   0
   0
   1.9999998999999975
   0
   0
   1.9999998999999975
   0
   1.490711850835775
   0
   1.4142134209517316
   1.9999998999999975
   1.4142134209517316
   0
   1.9999998999999975
   0
   1.9999998999999975
   1.4142134209517316
   1.9999998999999975
   1.058300335443583
   1.4142134209517316
   1.6492421289792472
   1.4142134209517316
   1.1065664896057388
   0
   1.054092363652783
   1.5811387035930782
   0.7999997499999609
   1.224744708092262
   1.4142134209517316
   1.5811387035930782
   1.6492421289792472
   1.4142134209517316
   0.7905691620598415
   1.1547003651741576
   1.44222037151054
   0
   1.1547003651741576
   1.0756506837205235
   0.8944269673930901
   1.1547003651741576
   1.058300335443583
   0.9999997999999799
   1.058300335443583
   1.1999998333333217
   0.7925268282864114
   0.9999997999999799
   1.9999998999999975
   0.9797956929891047
   1.1547003651741576
   0.9797956929891047
   0.942808829450005
   0.7905691620598415
   1.490711850835775
   0.6666663666665991
   0.7994078148466336
   1.0320311804380957
   0.7692305092307252
   0.942808829450005
   0.6928200343523562
   0.8819168769094838
   0.8571426238094921
   0.8124035942805768
   0.5291498842483101
   0.6324552158058308
   0.603022357492957
   0.9354141328844674
   0.8606627334448383
   0.8660251728443001
   1.2472189685678916
   0.5668591005613269
   0.5656850713957369
   0.5477221923566727
   0.45275351968205335
   0.5756392505255024
   0.5300861585980057
   0.5185181328040893
   0.4925118993353565
   0.5263154094735469
   0.5756392505255024
   0.471404096526772
   0.48650384431425037
   0.4195003874011638
   0.3984843411381746
   0.5245947006975957
   0.45133502379463497
   0.49572804224842426
   0.45161246036844643
   0.4444439944442167
   0.38781387288234026
   0.40792107079679024
   0.3726158547440132
   0.3910142733756289
   0.4479862068440181
   0.472377069582943
   0.361550209858003
   0.4082478005656205
   0.33471491174621343
   0.38078813006710177
   0.3113932850349723
   0.3923205309489604
   0.3879559305921649
   0.3401500835496633
   0.3090308384883663
   0.31325237358600366
   0.32631439055224254
   0.2990225052494007
   0.3254058259718818
   0.26306606061811727
   0.33078373984897813
   0.2719634112181639
   0.2546451361863217
   0.27956917708758755
   0.2766249069234995
   0.2724566963434762
   0.26578999001630393
   0.2614554933444696
   0.23584578587886681
   0.24093258721664826
   0.217058246214737
   0.2223705754588148
   0.20035287995262974
   0.23023797935136867
   0.20320757193682285
   0.19320138342568377
   0.22015673452134513
   0.19308948862453373
   0.19527520929082778
   0.20711044322199826
   0.1751995042007521
   0.2056478212247126
   0.18430876872046037
   0.18431815209280608
   0.18428010054411217
   0.16528230684197442
   0.16203649137150908
   0.16098683102450836
   0.16489146012804923
   0.16248677107410578
   0.15224342395634152
   0.15324014618193663
   0.14611490883885023
   0.1532045420426052
   0.14414943617265877
   0.13602850849970288
   0.1422538053582008
   0.13521503858587078
   0.12881547219113001
   0.12757298906369038
   0.13464563015598902
   0.12920297575060996
   0.11723675177638704
   0.12238999608065775
   0.11114875246694403
   0.11360176009531682
   0.10777728532806188
   0.10784755768430003
   0.10980227705161343
   0.10685678519229264
   0.1051667048433586
   0.0978075996938135
   0.10376466261448931
   0.09887751326645398
   0.09416980223766444
   0.09472045855873376
   0.09115476752712924
   0.09011937557220004
   0.08700626357460327
   0.0836776916566325
   0.08316593812524113
   0.08132418342453938
   0.07971584473773353
   0.08044544607166464
   0.07735407322747341
   0.0763415777358533
   0.07417075205668851
   0.07412440136899945
   0.0707606166253718
   0.07009143340796811
   0.0705621148092008
   0.06564578348084006
   0.06537489471887609
   0.06364127480681134
   0.0632789120972462
   0.06226359604381126
   0.060410090551198815
   0.059982895973017474
   0.05737807168418064
   0.05751625368147421
   0.05548145890339997
   0.05506298956753044
   0.053482566639536135
   0.05261025497904648
   0.05281373414587582
   0.04949293134969258
   0.048620026328075674
   0.04772584169690748
   0.04757062755306265
   0.04597189769534914
   0.045992723798458326
   0.04507385728160817
   0.0440470201543269
   0.04274974392558329
   0.04194373364071131
   0.04104455998681241
   0.03968706076538305
   0.03913873673490959
   0.03817473468411394
   0.03801155860115023
   0.03721139358368983
   0.03626254199372375
   0.03541460820751914
   0.034415244642009804
   0.03415878147594232
   0.033418841616387404
   0.03300140443652396
   0.03205298935891251
   0.031325471742741404
   0.03068317145160818
   0.030355798352715714
   0.0288473490514573
   0.028967759991076175
   0.028647631304038065
   0.0278220628743041
   0.02730697614971811
   0.026276908001744127
   0.026028526620240553
   0.02576831240858199
   0.025291068457600024
   0.024502905218437978
   0.024120034952725977
   0.023518669272862638
   0.023154860769438942
   0.022705672381657875
   0.022387104857378288
   0.0216337447886067
   0.021273011983677332
   0.020663967096385343
   0.020487359349102636
   0.020091634824462135
   0.019586678071149555
   0.01929847260648117
   0.0188880216540103
   0.01824757122276495
   0.018129148466152087
   0.017650358256163293
   0.01755441871287395
   0.017085920926717974
   0.01681573530524467
   0.016388948382714725
   0.016014444536930718
   0.015719064686296177
   0.015510798245835369
   0.015191499280332858
   0.014722034527229847
   0.014481482791139371
   0.014188904140014346
   0.013943011460738656
   0.013595260956274231
   0.01337158096344279
   0.013094454271134922
   0.012816563127220054
   0.01252584283596549
   0.012308150038396507
   0.012024003149360389
   0.011798593828453363
   0.011556889359588485
   0.011329668028827383
   0.011179022806800906
   0.010920773077303918
   0.010651087889077775
   0.010461600748729141
   0.010287542513722905
   0.01010023510657493
   0.00986418094623619
   0.00963868854147405
   0.009410992076729215
   0.009210472964791338
   0.009053189891678585
   0.008883987242844083
   0.008707559961529391
   0.008501659442669006
   0.008342510412110633
   0.008136165275848048
   0.008013173176673646
   0.00787785535171648
   0.007709764424891348
   0.007520818624251132
   0.007381701734987038
   0.00723731852556215
   0.007081189602784716
   0.006959139285100424
   0.0068048093330487155
   0.006653999434925588
   0.006538768407837233
   0.006380860914765823
   0.00625951597713501
   0.006117677023852569
   0.0060011661049807746
   0.005890564590215379
   0.005753117230889503
   0.005660099581961298
   0.005526795756221072
   0.005424106249894881
   0.0053317870007238205
   0.005195414856505595
   0.005099315771400212
   0.004989861124355891
   0.004895284626675808
   0.004792143274588412
   0.004696989725750194
   0.00461227958206788
   0.004509817308216677
   0.0044020493646092715
   0.004313815964010569
   0.004222741015418346
   0.004138528564817874
   0.004068051227240523
   0.002611503201345981
   0.002588410631760799
   0.0025774959265658505
   0.002564922556537794
   0.0025636916315802806
   0.0025634749152214495
   0.002564487541804171
   0.002572942552803077
   0.002587920207980502
   0.0026072182383550025
   0.004058678598951426
   0.004149906056285812
   0.0042404631560556075
   0.004320586212101331
   0.004416152290932934
   0.004500485823318388
   0.004603028883945852
   0.004694884099586008
   0.0047898392413597505
   0.004889821017137589
   0.004999933491355479
   0.005100473349574291
   0.005198927016207232
   0.005324668592626733
   0.005424296374392463
   0.005547937775977348
   0.005636853555200409
   0.005769622879564243
   0.005890623914261658
   0.006012015236879115
   0.00614405433901815
   0.006274995601622921
   0.006392769877092068
   0.006530711359221761
   0.006659785986815121
   0.006821666270090911
   0.00694946437171205
   0.007090483010815709
   0.007230711890740536
   0.007378404090695143
   0.007545215159636206
   0.0076984071483450055
   0.007853916013155231
   0.00800623014074582
   0.008198963407421739
   0.008373541109516183
   0.008518730740718707
   0.008731116741616588
   0.008888496054269317
   0.009046599507957163
   0.009238674326805417
   0.009443902709897256
   0.009619311748131052
   0.009867495575395912
   0.010030450616490001
   0.010249468814143044
   0.0104286380605613
   0.01066373269267811
   0.010894731020096032
   0.011128834076631303
   0.01130874788300748
   0.011508996822464273
   0.011837383021657693
   0.012014365344321478
   0.012275563652386134
   0.012623504573517531
   0.012803213872465193
   0.013032930486111096
   0.013337311293820937
   0.013605459711826905
   0.013858407658939918
   0.014137077687185737
   0.014473979767196131
   0.014855792823525353
   0.015083856863360778
   0.0153980183482373
   0.01564462207290608
   0.01598467247453164
   0.016390900304843276
   0.016729120476235315
   0.017153186644327616
   0.017420633281405765
   0.017753722043688996
   0.018070154955821635
   0.01843968369315394
   0.01891706824059401
   0.01924440040861947
   0.019676004162167457
   0.019892686477694762
   0.020456831359058934
   0.020763195372989988
   0.021382109525407946
   0.021848507207107726
   0.021987786942755154
   0.022626109488357533
   0.023009487999095753
   0.02334792378552241
   0.023918522899524407
   0.024736989773170633
   0.025157312350962944
   0.025474272640798396
   0.02627775760093915
   0.026886418442240285
   0.027168944076084833
   0.028094380009763914
   0.02814562423462925
   0.028655951376532412
   0.02916829956763069
   0.03003882345792513
   0.030608351902512085
   0.031141453489719674
   0.031979841103445934
   0.03261046586077026
   0.03289889718625202
   0.03422026469205892
   0.03432510735853356
   0.035548407594904075
   0.03608738925487193
   0.03689550681514716
   0.03766729637162614
   0.038316635096436735
   0.038502449446823246
   0.04000619277343079
   0.04142667171188858
   0.0419375017404233
   0.042449169641216845
   0.043154444974905955
   0.044465404790110866
   0.044728297927881217
   0.04656923269544487
   0.047144252274362974
   0.04761630566229859
   0.05021713468229595
   0.04948444243362916
   0.05176967311873251
   0.05296197897829255
   0.05514487777870195
   0.05528306741618461
   0.05604598235386927
   0.056987542571424
   0.05708396627818663
   0.058713866131769106
   0.06090129134856338
   0.06138966948632787
   0.061955139653441994
   0.06152508352869981
   0.06484417158176793
   0.06557777206312555
   0.06670600439958395
   0.06823177937044807
   0.07105497190714748
   0.07104999124940614
   0.0749434160978604
   0.0748263543198391
   0.07756909706467913
   0.07676246927517726
   0.08057415917690185
   0.08171431858653416
   0.08241391163018946
   0.08656528344556139
   0.08834017082772115
   0.08990317167694849
   0.08957855954211447
   0.09023800719747431
   0.09853946552636834
   0.09854020262079564
   0.0980869705661495
   0.10395704492497529
   0.09666258618611889
   0.10256427794138422
   0.10283298107509602
   0.10995153454537279
   0.109633331249799
   0.11102438055748133
   0.11844686806173145
   0.12044203851004033
   0.12165558486047104
   0.12109886153336813
   0.12489397494487625
   0.13626388913250578
   0.13824651867846752
   0.14133905683794917
   0.13698484136208258
   0.13670533186888298
   0.14996710443481945
   0.14453648921768003
   0.1389049701182868
   0.15045997249480583
   0.1410878228841349
   0.1682375071414272
   0.1608299308793816
   0.16223315240003355
   0.17157470558940813
   0.1836630934840443
   0.1705446351433468
   0.1770750951105667
   0.1839367856073849
   0.1725633576304489
   0.18495453463393863
   0.20738937457876677
   0.19712068934447627
   0.20581765702687801
   0.19269941573801544
   0.23347066100330177
   0.20173732086470308
   0.20322145551264673
   0.22343612481457384
   0.21590034762856458
   0.2434248454109025
   0.2407253737522349
   0.262271962375929
   0.25927171504470403
   0.25339470135148506
   0.23854127308116718
   0.25816102548966025
   0.2692388310370931
   0.27669323503439625
   0.29799261735821575
   0.24685467691032095
   0.3155822805959892
   0.29482200600517167
   0.29713169950278373
   0.29239788074087647
   0.33274994206637515
   0.35294060980346664
   0.41928757331430944
   0.3388148732971251
   0.34163438699403786
   0.37730718401736146
   0.3651478239471424
   0.3441832475244786
   0.40655732215561813
   0.3194929178674764
   0.401993698471749
   0.36351827337305553
   0.3682840635399064
   0.41069073795337707
   0.36544947531534977
   0.41475672395197777
   0.4156917126910277
   0.401993698471749
   0.5392670283323141
   0.48149385737917527
   0.39267621692415816
   0.42591724042542584
   0.5122495485600743
   0.4607368838834759
   0.46062430602324356
   0.4318672630691279
   0.77955715028912
   0.4969035925075543
   0.5512256852573263
   0.5020761457425181
   0.5443306865282319
   0.6249257110878846
   0.642824035406166
   0.7999997499999609
   0.942808829450005
   0.7483312100934986
   0.6085802908165614
   0.8660251728443001
   0.47380311936327246
   0.6700590957794207
   0.6236092437487508
   0.6448865148328289
   0.5567930527509142
   0.6928200343523561
   0.7061264465014416
   1.019803706602403
   0.8485279017215639
   0.6758306036606293
   0.5668591005613269
   0.8329928877369892
   0.7288687124578747
   0.8819168769094838
   0.8012333671546483
   0.7370274598298289
   0.7378199632870148
   0.816496335978715
   0.8012333671546483
   0.8944269673930901
   1.1967031233485184
   0.9354141328844674
   0.8606627334448383
   1.058300335443583
   1.1065664896057388
   0.8284866520013335
   1.4142134209517316
   1.490711850835775
   0.9354141328844674
   1.4142134209517316
   1.1547003651741576
   1.326649765386479
   1.9999998999999975
   1.224744708092262
   1.1547003651741576
   1.2472189685678916
   1.4142134209517316
   0.8565788992561557
   1.224744708092262
   1.1547003651741576
   1.9999998999999975
   1.490711850835775
   1.1726037693952718
   1.44222037151054
   1.490711850835775
   1.5811387035930782
   0
   1.054092363652783
   0
   1.9999998999999975
   1.1999998333333217
   1.054092363652783
   1.9999998999999973
   1.490711850835775
   0.9999997999999799
   1.1547003651741576
   1.4142134209517316
   0
   1.4142134209517316
   1.9999998999999975
   1.9999998999999975
   1.9999998999999975
   1.9999998999999975
   1.9999998999999975
   0
   1.490711850835775
   0
   1.9999998999999975
   0
   1.490711850835775
   0
   1.490711850835775
   1.4142134209517316
   1.9999998999999975
   0
   1.490711850835775
   0
   0
   1.9999998999999975
   0
   1.9999998999999975
   1.5811387035930782
   0
   0
   0
   0
   0
   1.9999998999999975
   1.9999998999999975
   0
   1.9999998999999975
   0
   0
   0
   0
   0
   0
   1.5811387035930782
   0
   0
   0
   0
   0
   0
   0
   0
   0
   1.9999998999999975
   0
   0
   0
   1.9999998999999975
   0
   0
   0
   0
   0
   0
   0
   0
   0
   0
   0
   0
   0
   0
   0
   0
   0
   0
   0
   0
   0
   0
   0
   0
   0
   0
   0
   0
   0
   0
   0
   1.9999998999999975
