   0.005143651197557797
   0.00458764651162366
   0.004280016103714895
   0.004075965823760143
   0.0039392286135235014
   0.0038335158717741373
   0.0037592845337340616
   0.003693075763428307
   0.003650241381996444
   0.003617556604583468
   0.0035851419779335102
   0.0035661407803662584
   0.0035496438287655327
   0.003540058497507735
   0.0035324822085025334
   0.003525347948363594
   0.0035165894809006818
   0.003507893217645926
   0.0035020596294900374
   0.003502511589799759
   0.003505370649868005
   0.003498414313079805
   0.0035013321200918967
   0.0034966067343357317
   0.0034934515032941094
   0.0034923367950828008
   0.0035000685883556245
   0.003495256356497333
   0.003497756353053624
   0.003498732824161694
   0.003501441054902968
   0.0035021713721730724
   0.0035014579882323457
   0.0035010795600564715
   0.0035027806930175128
   0.0035019609837666004
   0.0035062960733432368
   0.0035025423582042007
   0.0035071611093456124
   0.003501447139531848
   0.0034953069329957216
   0.0035020330370604965
   0.0035009725679466574
   0.003499462137666547
   0.0035018302142847224
   0.003504228874359992
   0.0035006798043086805
   0.003501602777172742
   0.0034990999795386974
   0.0035050772315723968
   0.0035078398411183998
   0.003499317082193815
   0.0034976074801243316
   0.0034940842500121526
   0.0034926330644055453
   0.0034959505437632335
   0.0034994991007626748
   0.0034995125289631265
   0.0035024804505685574
   0.0035002147528063504
   0.003500143724557
   0.003500597032935403
   0.0034965302021616757
   0.0035027409272950327
   0.0034972558775625013
   0.003499671994546637
   0.0034995038322173013
   0.003499717940043745
   0.0035001359224358453
   0.0034980993234082405
   0.0034957307520127015
   0.0034969003990869716
   0.003496115468342587
   0.003497730581690206
   0.003498993134833383
   0.003500058606104816
   0.0035032842727901544
   0.003502212545789044
   0.0035027955046616323
   0.0035033259133421964
   0.003503480946311886
   0.0035054878336191935
   0.003512200106585464
   0.003513959219102749
   0.003516942676207083
   0.0035220824404261965
   0.00353513312387064
   0.003548414376817474
   0.003558984357981225
   0.003588238661630534
   0.0036083822484580513
   0.0036443872533351816
   0.003690011137700989
   0.003750262130481706
   0.0038331457266736393
   0.003932587447726187
   0.0040757267307471754
   0.0042834916482447985
   0.004588726705504338
   0.005133235570885514
