   0
   0
   0
   0
   0
   0
   0
   0
   0
   0
   0
   0
   0
   0
   0
   0
   0
   0
   0
   0
   0
   0
   0
   0
   0
   0
   0
   0
   0
   0
   0
   0
   0
   0
   0
   0
   0
   0
   0
   0
   0
   0
   0
   0
   0
   0
   0
   0
   0
   0
   0
   0
   0
   0
   0
   0
   0
   0
   0
   0
   0
   0
   0
   0
   0
   0
   0
   0
   0
   0
   0
   0
   0
   0
   0
   0
   0
   0
   0
   0
   0
   0
   0
   0
   0
   0
   0
   0
   0
   0
   0
   0
   0
   0
   0
   0
   0
   0
   0
   0
   0
   0
   0
   0
   0
   0
   0
   0
   0
   0
   0
   0
   0
   0
   0
   0
   0
   0
   0
   0
   0
   0
   0
   0
   0
   0
   0
   0
   0
   0
   0
   0
   0
   0
   0
   0
   0
   0
   0
   0
   0
   0
   0
   0
   0
   1.9999998999999975
   0
   0
   0
   0
   0
   0
   0
   0
   0
   0
   0
   0
   0
   0
   0
   0
   0
   0
   0
   0
   0
   0
   0
   0
   0
   0
   0
   1.9999998999999975
   0
   0
   0
   0
   0
   1.9999998999999975
   0
   0
   0
   0
   0
   1.4142134209517316
   0
   1.9999998999999975
   0
   0
   0
   0
   0
   1.9999998999999975
   0
   1.9999998999999975
   1.9999998999999975
   0
   1.4142134209517316
   0
   1.9999998999999975
   1.4142134209517316
   0
   1.4142134209517316
   0
   1.4142134209517316
   0
   1.9999998999999975
   1.4142134209517316
   1.9999998999999975
   1.4142134209517316
   1.1547003651741576
   1.9999998999999975
   1.4142134209517316
   1.4142134209517316
   1.9999998999999975
   1.4142134209517316
   1.9999998999999975
   1.1547003651741576
   1.9999998999999975
   1.9999998999999975
   1.9999998999999975
   0.9999997999999799
   1.4142134209517316
   1.9999998999999975
   1.4142134209517316
   1.1547003651741576
   1.4142134209517316
   0.942808829450005
   0.9999997999999799
   0.7071064983437785
   1.4142134209517316
   0.7071064983437785
   0.7559286814432771
   1.4142134209517316
   0.7071064983437785
   0.8944269673930901
   0.7559286814432771
   0.942808829450005
   1.4142134209517316
   0.7559286814432771
   0.7071064983437785
   0.5546998356699844
   0.6324552158058308
   0.816496335978715
   0.7559286814432771
   0.49999959999983995
   0.49999959999983995
   0.603022357492957
   0.49999959999983995
   0.5546998356699844
   0.5163973921958424
   0.5546998356699844
   0.4364353222141747
   0.3848996598441575
   0.4472131482861388
   0.3713901378372326
   0.4040605228458343
   0.3429965871893325
   0.39223176037408525
   0.35355282490739626
   0.3651478239471424
   0.32444222581953913
   0.35294060980346664
   0.2719911613209788
   0.2886744417736585
   0.30122556344974166
   0.2647534708832512
   0.2695131438123124
   0.2559439090021554
   0.2624661671318589
   0.23561531027056232
   0.2276421944495279
   0.2009671546187713
   0.23726639098065444
   0.2129981690949647
   0.21180244931297448
   0.1906610626644217
   0.18627045802420092
   0.18107038754556648
   0.18104683338653674
   0.16383079084675256
   0.17808867547197083
   0.16062958564200006
   0.15383433075898337
   0.15103993225797133
   0.1373070713735128
   0.14268732122122518
   0.13325321752944075
   0.13045943602653354
   0.13828756534889314
   0.12141274497417938
   0.11743147037186802
   0.11207847014959821
   0.1148366018945417
   0.11157636650874372
   0.09981638273719247
   0.09521258040757476
   0.096175546453802
   0.09038389562527957
   0.08932672197170623
   0.08592972811474872
   0.08514823459301236
   0.08143685874318626
   0.07712821603688179
   0.07617168124632774
   0.07173220637452833
   0.07346986107317144
   0.06701015628803329
   0.06607717540550288
   0.06410748627110946
   0.06045031907193715
   0.057258729422872696
   0.05742825501987638
   0.05581411139923193
   0.054169122916575094
   0.051117631290943474
   0.049874995001335076
   0.048081266193722945
   0.047014755181531885
   0.04484115322176766
   0.04369707755793713
   0.0414278489263764
   0.04011021673508258
   0.03871611512343969
   0.03841917504283409
   0.036781617898242476
   0.03495383613035542
   0.03412982399608029
   0.032138027566402
   0.03145285977590655
   0.030291024514550305
   0.029391436895970704
   0.028581686875621695
   0.02743981743956907
   0.026563101779666427
   0.025591399099541983
   0.02447140134567955
   0.023682984516658862
   0.023017947654109146
   0.022270491766586326
   0.021693368238355635
   0.02072616336072382
   0.020104329977148477
   0.019373280369095757
   0.01883241497833056
   0.018243030537826395
   0.017470109597534762
   0.01687974731522424
   0.016473445775205025
   0.015873186238981037
   0.015334483698508589
   0.01465044190402588
   0.014243326020465128
   0.013758662304227808
   0.013201681227629256
   0.012790078587279399
   0.01251698593086911
   0.0120025198552394
   0.011626155921783768
   0.011160609348278352
   0.01075071619535383
   0.010454054473662353
   0.010093263423409743
   0.009740450742858857
   0.009409697358530344
   0.009050062480022663
   0.008755032523163312
   0.00846569767866423
   0.008178966761834777
   0.007920029527004753
   0.007622847991107446
   0.007394531273508558
   0.007106451381517447
   0.006897777609939211
   0.00663901307492923
   0.006390629649736073
   0.006202382216160112
   0.005977493662918063
   0.005767507663098752
   0.0055718690521459925
   0.00537999062821836
   0.005195171528316038
   0.005012692230441682
   0.004840827069601471
   0.004677463656302111
   0.004513353781793535
   0.004364565259156787
   0.004211519178154606
   0.004057725522992442
   0.003916759817828534
   0.0037808743904311944
   0.003647887470387166
   0.003518198298518292
   0.003400273011698373
   0.0032786826905238653
   0.0031964945091826086
   0.003140748143146489
   0.0031020650477049183
   0.0030753733297451276
   0.003081090359884045
   0.003095387188535931
   0.003135633542331456
   0.0031941929957986625
   0.003279752234228349
   0.0033974278173081454
   0.0035211753743322203
   0.0036542261277075715
   0.003779810180763391
   0.003918341607283066
   0.004063688249735413
   0.004215071653860965
   0.0043589829347542046
   0.004512775538923627
   0.004672295631915238
   0.00484803371135778
   0.00502074845490093
   0.005196592328725779
   0.005382538722653294
   0.005574234857095846
   0.0057698160111943715
   0.00598974425111578
   0.006192899469022285
   0.006413301636436457
   0.006629220563490728
   0.006865044794839329
   0.007119079758500076
   0.007371434046434293
   0.007619380023769274
   0.007887207058258164
   0.008170910504349965
   0.008451018754919421
   0.008754421265355895
   0.009067354143692278
   0.009402763188438579
   0.009731317235497625
   0.010078667963479858
   0.010371121288081288
   0.010781653623802652
   0.011169343394916277
   0.011584616607316654
   0.011959494645991935
   0.01240606876258003
   0.012844994200648255
   0.01325155888658597
   0.013737313564869229
   0.014231226814189687
   0.014696606566984826
   0.015278703525542905
   0.015682466896181527
   0.016344193491485016
   0.016866951306185225
   0.017491092833115066
   0.018099280212249373
   0.018939393950943236
   0.01942768058818461
   0.020029677529655513
   0.020693111144141307
   0.021365262972409125
   0.022225195147584302
   0.023051474317087598
   0.023934675593376017
   0.02493125041566208
   0.02564587324258164
   0.026434944966729244
   0.02747751396489726
   0.028281693760651632
   0.029439269896343698
   0.03033084785548622
   0.03088715028690971
   0.032544319964395836
   0.03402203822691069
   0.03457725772170503
   0.036287100769451734
   0.03764253292984617
   0.03859911664619564
   0.040936579278315954
   0.04120248684546209
   0.043064621905086704
   0.04464534793615973
   0.045548526740624824
   0.04670711074309483
   0.048896413263167446
   0.050393291948737186
   0.053133323746767394
   0.05397746000216755
   0.05632675110060064
   0.05884413540644659
   0.06164724792243044
   0.06398684238376762
   0.06470431397654466
   0.06990151153725321
   0.07234604405452338
   0.07493239524412723
   0.07750976238710916
   0.0768519828050319
   0.0816876764809873
   0.08029985676442808
   0.08582776025314622
   0.08825949224420612
   0.09391136948468101
   0.09172649648977149
   0.10332853459621619
   0.10270919961741426
   0.10730376447323858
   0.10980053968600963
   0.11635379316610131
   0.115468321774127
   0.12208874134374745
   0.1244984426508268
   0.1335836462603269
   0.13102282997343984
   0.1383352321525748
   0.1496927839305799
   0.14939429782547067
   0.14612998365702673
   0.16011407546093948
   0.1632429967849321
   0.17061009500738938
   0.16608975554365693
   0.17744884411601072
   0.20738937457876677
   0.2030268052364664
   0.22062311628098671
   0.21815795578492034
   0.21692953586225128
   0.23093924164882268
   0.22215679750286962
   0.2244553916424603
   0.26726049357989934
   0.2671015509606127
   0.28489871064871225
   0.2914861884963533
   0.32444222581953913
   0.2828420053669539
   0.3015106812520759
   0.3481547374546571
   0.3779639438585946
   0.3123468834641321
   0.35355282490739626
   0.3771230863023665
   0.36004059441905945
   0.4472131482861388
   0.5714282214284643
   0.45883103185102203
   0.47140409652677207
   0.4347821486954088
   0.48507083776192816
   0.5546998356699844
   0.4690411495807164
   0.49999959999983995
   0.603022357492957
   0.49999959999983995
   0.5163973921958424
   0.5345221096589792
   0.9999997999999799
   0.9999997999999799
   0.8944269673930901
   0.5546998356699844
   0.603022357492957
   0.7041785062006943
   0.6666663666665992
   0.8944269673930901
   0.7559286814432771
   0.7071064983437785
   0.8944269673930901
   1.1547003651741576
   1.9999998999999975
   0.8944269673930901
   1.9999998999999975
   1.4142134209517316
   0.8944269673930901
   1.9999998999999975
   1.4142134209517316
   1.4142134209517316
   0
   1.4142134209517316
   0.9999997999999799
   0
   1.9999998999999975
   1.9999998999999975
   1.1547003651741576
   1.9999998999999975
   0.8944269673930901
   1.1547003651741576
   0
   1.9999998999999975
   1.1547003651741576
   0
   1.9999998999999975
   0
   1.4142134209517316
   0
   1.4142134209517316
   0
   0
   1.4142134209517316
   0
   0
   0
   0
   1.9999998999999975
   0
   0
   0
   0
   0
   0
   0
   1.9999998999999975
   0
   0
   0
   0
   0
   0
   1.9999998999999975
   0
   0
   0
   0
   0
   1.9999998999999975
   0
   0
   0
   0
   0
   0
   0
   0
   0
   1.9999998999999975
   0
   0
   1.9999998999999975
   0
   0
   0
   0
   0
   0
   0
   0
   0
   0
   0
   0
   0
   0
   0
   0
   0
   0
   0
   0
   0
   0
   0
   0
   0
   0
   0
   0
   0
   0
   0
   0
   0
   0
   0
   0
   0
   0
   0
   0
   0
   0
   0
   0
   0
   0
   0
   0
   0
   0
   0
   0
   0
   0
   0
   0
   0
   0
   0
   0
   0
   0
   0
   0
   0
   0
   0
   0
   0
   0
   0
   0
   0
   0
   0
   0
   0
   0
   0
   0
   0
   0
   0
   0
   0
   0
   0
   0
   0
   0
   0
   0
   0
   0
   0
   0
   0
   0
   0
   0
   0
   0
   0
   0
   0
   0
   0
   0
   0
   0
   0
   0
   0
   0
   0
   0
   0
   0
   0
   0
   0
   0
   0
   0
   0
   0
   0
   0
   0
   0
   0
   0
   0
   0
   0
   0
   0
   0
   0
   0
   0
   0
   0
   0
   0
   0
   0
   0
   0
   0
   0
   0
   0
   0
   0
   0
   0
   0
   0
   0
   0
   0
   0
   0
