   0
   0
   0
   0
   0
   0
   0
   0
   0
   0
   0
   0
   0
   0
   0
   0
   0
   0
   0
   0
   0
   0
   0
   0
   0
   0
   0
   0
   0
   0
   0
   0
   0
   0
   0
   0
   0
   0
   0
   0
   0
   0
   0
   0
   0
   0
   0
   0
   0
   0
   0
   0
   0
   0
   0
   0
   0
   0
   0
   0
   0
   0
   0
   0
   0
   0
   0
   0
   0
   0
   0
   0
   0
   0
   0
   0
   0
   0
   0
   0
   0
   0
   0
   0
   0
   0
   0
   0
   1.9999998999999975
   1.9999998999999975
   1.9999998999999975
   1.9999998999999975
   0
   0
   1.4142134209517316
   0
   0
   0
   1.4142134209517316
   0
   1.9999998999999975
   0
   1.9999998999999975
   0
   0
   0
   0
   1.9999998999999975
   0
   0
   0
   0
   0
   0
   1.9999998999999975
   1.4142134209517316
   1.9999998999999975
   1.4142134209517316
   1.4142134209517316
   0
   0
   0
   0
   1.9999998999999975
   1.058300335443583
   0
   1.9999998999999975
   1.326649765386479
   0
   0
   1.4142134209517316
   1.9999998999999975
   1.4142134209517316
   1.1999998333333217
   1.4142134209517316
   0
   1.058300335443583
   1.4142134209517316
   1.9999998999999975
   1.1547003651741576
   1.9999998999999975
   1.9999998999999975
   1.1547003651741576
   1.4142134209517316
   0
   0
   1.9999998999999975
   1.9999998999999975
   0
   1.4142134209517316
   1.9999998999999975
   0.9999997999999799
   1.9999998999999975
   1.4142134209517316
   1.9999998999999975
   0.9999997999999799
   0
   0.9999997999999799
   1.1547003651741576
   1.4142134209517316
   0
   0.8944269673930901
   1.1065664896057388
   1.1547003651741576
   1.1547003651741576
   1.1547003651741576
   0.65555447227191
   1.1547003651741576
   0.816496335978715
   0.7370274598298289
   0.8571426238094921
   0.8571426238094921
   0.9999997999999799
   1.4142134209517316
   0.816496335978715
   0.942808829450005
   0.8944269673930901
   0.6236092437487508
   1.1547003651741576
   0.942808829450005
   0.9999997999999799
   1.1547003651741576
   0.65555447227191
   0.7905691620598415
   0.6324552158058308
   0.816496335978715
   0.603022357492957
   0.5958432560655667
   0.7071064983437785
   0.6324552158058308
   0.749655301504885
   0.7370274598298289
   0.6060911967480721
   0.5497470529454634
   0.7483312100934986
   0.8012333671546483
   0.5714282214284643
   0.6236092437487508
   0.5497470529454634
   0.5303297087661599
   0.6324552158058308
   0.6060911967480721
   0.521156922885617
   0.5863016288566832
   0.5099015591268573
   0.4472131482861388
   0.5163973921958424
   0.7041785062006943
   0.5099015591268573
   0.40800501209296997
   0.4351421749566864
   0.4364353222141747
   0.5303297087661599
   0.3999994999996874
   0.4364353222141747
   0.37061640529681095
   0.5099015591268573
   0.3563477613008492
   0.4285709619045079
   0.3658922669590164
   0.4124265049046603
   0.383983228304962
   0.40655732215561813
   0.37061640529681095
   0.3585497320825832
   0.3424668606117736
   0.4156917126910277
   0.4164960837212063
   0.35294060980346664
   0.3771230863023665
   0.31126421758497863
   0.3461142458016175
   0.2727527518977949
   0.2843514087573803
   0.28720466404990014
   0.30423548406042467
   0.2820649615319235
   0.263701586422577
   0.28571358571342825
   0.26406978115144164
   0.25514026124582384
   0.2598516992796925
   0.2515376809511283
   0.23879661105904998
   0.23537472687156002
   0.2651642886966493
   0.23103075779006607
   0.22547259471627776
   0.20156260938783208
   0.2057028186165101
   0.24040915130257498
   0.20321278211928678
   0.21851734386178912
   0.2264096408263339
   0.2016930176599603
   0.20677752212931957
   0.19720164524894024
   0.17965248924187358
   0.1784273933393568
   0.1884194511150127
   0.17568095380793045
   0.18028614369382714
   0.17229944863521762
   0.17720533706821914
   0.16809065265649964
   0.16720989171745135
   0.17045826214966006
   0.17138257884681235
   0.15711560802706487
   0.15665559490771738
   0.1502387559686115
   0.15247118825490685
   0.1446689903690218
   0.14561921968908206
   0.1471472161432413
   0.1454305905151558
   0.14266289268992272
   0.13193271657800945
   0.13336549523731792
   0.13111514443540254
   0.12493358835921058
   0.12701533383872887
   0.12161997716605977
   0.11876145500789505
   0.12483756223439055
   0.11454930253791824
   0.113918344686878
   0.11401870935732092
   0.11266534694084256
   0.1050475227825628
   0.1055404523102531
   0.10571175413944703
   0.1009230476016895
   0.10173601763363169
   0.0979411660555696
   0.09931022021415407
   0.0927498669095654
   0.09314402614228393
   0.08902371085472327
   0.08886612191821497
   0.08794379224358481
   0.08582069905585815
   0.08566534603469841
   0.08325313770273189
   0.08269557107847138
   0.0822797086136601
   0.07840325780633792
   0.07656136303497675
   0.07623761509916663
   0.07691148784928022
   0.07306992802969557
   0.07451504269860973
   0.07074243291470245
   0.06999502438746896
   0.06825667868382718
   0.06853290730122398
   0.0675942380809623
   0.06411031360635529
   0.06423256937819224
   0.0632187029676032
   0.06103174389469268
   0.058950287515439195
   0.05968850848987019
   0.059015566296707185
   0.057769495289081325
   0.05558217140214817
   0.05374162940260126
   0.05458175035964238
   0.052508153892854
   0.05298660626437982
   0.0501842949365232
   0.05071239876209575
   0.04832086216036614
   0.04858256122422454
   0.04809467404211272
   0.04686676094814969
   0.04638276599558149
   0.044643927369319776
   0.043902929928173864
   0.04263579417002247
   0.04162432086403913
   0.04125041635236711
   0.040540713065153146
   0.03992272696656208
   0.039793317500858925
   0.038361882928691075
   0.037991446405737164
   0.037303767383567485
   0.036692583388830906
   0.03579744223048977
   0.03533267994350324
   0.0350176871093082
   0.03386882344146609
   0.033427040735108465
   0.0330366828196867
   0.03203216904948209
   0.031975373668771546
   0.031050368583015176
   0.03016666979553864
   0.02993106542045433
   0.028982250027862203
   0.028669300587728604
   0.028298413650716073
   0.027385619076917726
   0.02724628045216219
   0.026722069139358453
   0.02624151542153094
   0.025762190813556334
   0.02527406883816533
   0.024803867602942096
   0.024294754832865577
   0.023923359026471542
   0.023373435578861464
   0.023011233506727773
   0.022648489229507122
   0.022200925557513587
   0.02170882449496003
   0.021391490418478536
   0.020979020367311228
   0.02067449461703307
   0.02023931315452171
   0.019847714028305683
   0.01953128342824776
   0.019133978615603137
   0.018714098622247568
   0.018309335189825016
   0.017986602665964902
   0.01776534644398442
   0.017504962897243605
   0.01701185489850941
   0.0167485541294808
   0.01643291728599127
   0.016214327657751697
   0.01584666232167257
   0.015475873606092731
   0.015300295880059395
   0.015021263523233092
   0.014797058024131646
   0.014382677144694352
   0.014191239297655003
   0.013915884615236072
   0.01372576640369217
   0.01347301219530246
   0.013210063535076345
   0.012957008116554376
   0.01265647025232396
   0.012479370757346956
   0.012248940253562629
   0.012052902133248132
   0.01183118415246303
   0.011637154607618126
   0.01136917428907329
   0.011201039511029683
   0.010916512509628575
   0.010771466586750359
   0.010528509786677282
   0.010343939703709773
   0.010155006343126492
   0.00997260981906926
   0.00981706994940563
   0.00963951623187328
   0.00948872165611797
   0.009247597636377508
   0.009108295286254148
   0.008928953610886402
   0.008763979122335992
   0.00862335993457102
   0.008455374467752108
   0.008267342661230755
   0.008132170822411647
   0.007994962609798062
   0.007842395939378586
   0.007734334809537443
   0.007576187469207357
   0.007415446475005244
   0.0072908342893218845
   0.0071320375062695965
   0.007020512614655755
   0.006891173762805128
   0.006762496604005347
   0.0066238533052880525
   0.006519583423608
   0.006391574323186745
   0.006271736041279265
   0.006163607316588082
   0.0060443140456324426
   0.005923426524462863
   0.0058308117532263025
   0.005723329607072012
   0.00561216844055021
   0.0055042494094739375
   0.005399644057962656
   0.005311598608676149
   0.005204342893812792
   0.005130318247252995
   0.005029926523085066
   0.004924296806078199
   0.00482918258753849
   0.00474649458570756
   0.004651993042977755
   0.0045686259375269725
   0.004477253412009838
   0.0043964057741904365
   0.004313233660825478
   0.004225311693105002
   0.00415273026366004
   0.004076072669751647
   0.003998830636925729
   0.003929528222280855
   0.0038485734124587504
   0.0037716996860026994
   0.0037067816432237925
   0.0036429435450272443
   0.0035683549905015113
   0.0035054399915178183
   0.003439052508986763
   0.003368142463928121
   0.0033044084327471576
   0.003240951062810823
   0.003181173269673952
   0.003118765535186312
   0.003063867271760142
   0.003003773565500893
   0.002946025215055055
   0.0028895387273483444
   0.002834230558405785
   0.002775245429292149
   0.002724190227965811
   0.0026740712200943157
   0.0026251830825478224
   0.002570829339022796
   0.0025205525936491105
   0.0024728798326746544
   0.0024224954730875507
   0.00237747748313364
   0.0023318997099260625
   0.0022975295316413325
   0.0022694234934353373
   0.0022519483905673494
   0.0022438627011663955
   0.002245097136604405
   0.002255472410270145
   0.002269491969903767
   0.0022950060300757366
   0.0023303622104301775
   0.002376954799983363
   0.002426242849216502
   0.0024696125416310273
   0.002518703013240299
   0.0025657803930669507
   0.0026217815943239773
   0.0026746194833241164
   0.0027230801870042993
   0.0027765830052509178
   0.002835257826209603
   0.002887736741922927
   0.002949965972815295
   0.002999861220021049
   0.0030605570582166817
   0.0031174377859127834
   0.0031849622791743823
   0.003243676675177279
   0.003302527140442665
   0.0033704083556766137
   0.003433523362512771
   0.0035040435193296514
   0.003571059141381241
   0.003644644051276587
   0.003708011202015758
   0.003778376317577204
   0.0038552956211367526
   0.003927103121583966
   0.004001233709615869
   0.004072634624921231
   0.004152263102865009
   0.0042397855297424914
   0.004314012847290492
   0.00439696759780372
   0.004480004600870767
   0.004576099919952681
   0.004655355249613244
   0.004742644899536136
   0.004827632055370519
   0.0049177971629976785
   0.005013997403068399
   0.005115230305521257
   0.005207538290090703
   0.005306059577231446
   0.0054146006967795215
   0.005502568922436654
   0.005609345875967259
   0.005718360206494401
   0.005833242584431692
   0.005930699608989034
   0.006039532153698734
   0.006153930829921966
   0.006272524130607057
   0.006374646704264081
   0.006529185034032633
   0.006638550987746335
   0.006774197085260572
   0.006876984585305015
   0.007017357043781013
   0.007162522344179248
   0.007283519394891515
   0.00740327408652228
   0.007570836461671325
   0.007710073220440594
   0.00783220184833773
   0.00798623152839717
   0.008147170481413307
   0.008308941874438362
   0.008475880308105066
   0.0086526936867273
   0.00875874854485031
   0.008963270631586438
   0.009126633855850906
   0.00928976987888912
   0.009455501544033388
   0.00961221956786426
   0.009744288576110803
   0.009980357296984889
   0.010167708137583942
   0.010333441059669048
   0.010564282181854718
   0.010669914923072952
   0.010939021534267485
   0.01120147138118106
   0.011310372506193954
   0.011557070514611835
   0.011795062768614105
   0.012076561278914934
   0.012309790430645165
   0.012405067794364523
   0.012715962085684467
   0.012963046922400759
   0.013183707204544459
   0.013454812596368286
   0.013733007674421763
   0.013946930308469047
   0.014213254035491637
   0.01459129184681609
   0.014765630550306308
   0.015042185468036167
   0.015321494282357188
   0.01557860720617569
   0.01591132349621019
   0.016245168793921554
   0.016540942553214328
   0.016722743733657314
   0.017190075263805046
   0.01739234714621361
   0.017907539634351106
   0.018070647098195933
   0.018448280828415858
   0.018858030757082284
   0.019151476296176487
   0.01955210781571723
   0.019703587048831277
   0.020234672385029653
   0.020682413968380286
   0.020985458345042576
   0.021493605326236915
   0.021602362811200173
   0.022294855183124417
   0.022647495851405925
   0.023168069869705533
   0.023467711922527265
   0.02399583143970307
   0.02437652708403221
   0.024789821290855975
   0.025075169051307338
   0.025662815007591804
   0.02618102667594511
   0.026870221643774547
   0.0270207623874679
   0.027723223568850194
   0.028312154918608758
   0.02857111939350354
   0.029266005940058466
   0.029848818379481383
   0.0303475760129243
   0.031378000125807035
   0.03168330080689149
   0.03164650914116329
   0.03277284898750829
   0.033092613127066225
   0.033556551407651854
   0.03456885445760806
   0.03541702879947237
   0.035334488839473654
   0.03672527200965257
   0.03659189881695579
   0.038483716867044916
   0.038391374117889156
   0.039442958290927206
   0.04001937367973357
   0.04123390128325138
   0.0417547719200478
   0.04277440135564852
   0.04343651975610417
   0.04391444634354621
   0.04484522136725995
   0.04520837931933721
   0.045610915215955276
   0.04662784804189178
   0.04769477128720099
   0.048747864024970465
   0.05011932969668164
   0.051324727757019024
   0.0512225921870915
   0.05272424779446172
   0.05419346659519658
   0.0553257022850441
   0.05443066595732328
   0.05783697792672323
   0.05872192213656309
   0.05928527990867268
   0.05850808991454586
   0.06130576840556114
   0.06472853099058366
   0.06401651730727688
   0.06268411795448386
   0.06602630137181582
   0.06688461076715625
   0.06569208276471576
   0.06998991723505055
   0.07055789576292883
   0.07121838078810795
   0.07405172806166523
   0.0748818145736113
   0.0770645441601109
   0.07571439987515562
   0.07766895017460716
   0.07998797655981041
   0.08302586790365145
   0.08511529768506822
   0.08468819217454093
   0.08503701819436595
   0.08862230017989364
   0.09087297869975137
   0.0896034064124158
   0.09574171408098377
   0.09469528656072483
   0.09534334045798458
   0.09726124863372622
   0.09955123219787734
   0.09888081588396093
   0.10522475752142615
   0.10521018439582669
   0.10412397652987584
   0.11196736767980892
   0.11018045111155304
   0.115268370474445
   0.11728722200211424
   0.11779325026036286
   0.1166944064717088
   0.12389432569098453
   0.12466064408922481
   0.11990493716931137
   0.12611912126453312
   0.13683980060179138
   0.1371699675585002
   0.13829303826110292
   0.14011060618151122
   0.13549865420212415
   0.149578943554999
   0.1456848989975226
   0.15663564079398454
   0.153268391091627
   0.15019188123786184
   0.1560898365456122
   0.1671245678520619
   0.16307300443366754
   0.16610138583313241
   0.16495600732844348
   0.168357569481785
   0.17295701753479076
   0.1904751404732964
   0.18232004067001767
   0.19179333774699273
   0.18797344227070642
   0.19117150394173466
   0.20514287621881486
   0.2132790711870204
   0.19848510638755565
   0.20144657272389305
   0.22630704314664574
   0.21664160802561847
   0.2132790711870204
   0.21295791584935858
   0.23570141186585106
   0.24956629785333886
   0.23618789970475232
   0.23613533158878902
   0.2468631771950763
   0.24814427108328033
   0.2422687602664563
   0.26193847190756586
   0.26956253423202503
   0.26749607052258534
   0.27487298076667255
   0.28298007880414483
   0.2914861884963533
   0.2886267228168018
   0.3111104682533041
   0.3135155150479161
   0.3287973663338989
   0.29629562129552744
   0.34109102935244295
   0.33287073181600535
   0.36261203685668847
   0.33756686689819737
   0.35157146191587
   0.2971466693520874
   0.3812195164510644
   0.3483617882526364
   0.37499946666628736
   0.34758585490582355
   0.3316618760123027
   0.3316618760123027
   0.4364353222141747
   0.3380611102829107
   0.38168204265559047
   0.3771230863023665
   0.3779639438585946
   0.3535528249073963
   0.3651478239471424
   0.39243578264011286
   0.4518388984695013
   0.4969035925075543
   0.3961762294184781
   0.45883103185102203
   0.4866205914262157
   0.4969035925075543
   0.4823759743285503
   0.489897540308175
   0.5497470529454634
   0.5714282214284643
   0.6666663666665992
   0.7905691620598415
   0.6324552158058308
   0.6324552158058308
   0.521156922885617
   0.5345221096589792
   0.6388762519503465
   0.5773499227793603
   0.5546998356699844
   0.5497470529454634
   0.6928200343523562
   0.6928200343523562
   0.5128112504096539
   0.6236092437487508
   0.603022357492957
   0.7559286814432771
   0.6060911967480721
   0.9999997999999799
   1.224744708092262
   1.4142134209517316
   0.8944269673930901
   0.7050113616945071
   0.6324552158058308
   0.7071064983437785
   1.4142134209517316
   1.058300335443583
   0.8571426238094921
   0.7071064983437785
   0.8944269673930901
   0.9999997999999799
   0.8571426238094921
   0.9999997999999799
   0.9476068719007209
   1.1547003651741576
   1.1547003651741576
   1.4142134209517316
   0.7559286814432771
   0.9999997999999799
   0.816496335978715
   1.224744708092262
   1.9999998999999975
   0.9999997999999799
   1.1547003651741576
   1.1547003651741576
   0.9999997999999799
   1.4142134209517316
   1.9999998999999975
   0.9999997999999799
   1.4142134209517316
   0
   1.1547003651741576
   0.942808829450005
   1.9999998999999975
   0.9999997999999799
   1.1547003651741576
   1.4142134209517316
   1.9999998999999975
   1.9999998999999975
   1.9999998999999975
   1.4142134209517316
   1.9999998999999975
   1.4142134209517316
   1.9999998999999975
   1.490711850835775
   1.224744708092262
   1.058300335443583
   0
   1.1547003651741576
   0
   1.4142134209517316
   1.9999998999999975
   1.9999998999999975
   1.9999998999999975
   1.9999998999999975
   0
   0
   0
   1.9999998999999975
   1.9999998999999975
   0
   0
   1.9999998999999975
   1.9999998999999975
   0
   1.4142134209517316
   0
   0
   0
   0
   0
   0
   0
   1.9999998999999975
   0
   0
   0
   1.9999998999999975
   0
   1.9999998999999975
   1.9999998999999975
   0
   1.9999998999999975
   0
   0
   0
   0
   0
   0
   0
   0
   1.9999998999999975
   0
   0
   0
   0
   0
   0
   0
   0
   0
   1.9999998999999975
   0
   0
   0
   0
   0
   0
   0
   0
   0
   0
   0
   0
   0
   0
   0
   0
   0
   0
   0
   0
   0
   0
   0
   0
   0
   0
   0
   0
   0
   0
   0
   0
   0
   0
   0
   0
   0
   0
   0
   0
   0
   0
   0
   0
   0
   0
   0
   0
   0
   0
   0
   0
   0
   0
   0
   0
   0
   0
   0
   0
   0
   0
   0
   0
   0
   0
   0
   0
   0
   0
   0
   0
   0
   0
   0
   0
   0
   0
   0
   0
