   0.00633508710997821
   0.005659487663653027
   0.005329121088419086
   0.005141681781814841
   0.005036479229866621
   0.004969114574259204
   0.004931025199891526
   0.004909316837975002
   0.004897246209191584
   0.004886449211339979
   0.004886589658063158
   0.0048820579398579905
   0.004889546021580394
   0.004889702114562455
   0.00488019637983327
   0.004887530999189185
   0.004879305806891626
   0.004877302038792859
   0.004874960186821967
   0.004880486745904165
   0.00487344401682286
   0.004882307685001261
   0.00488714799315839
   0.00486895172582822
   0.004866440526658471
   0.00487581556429035
   0.004873618782451091
   0.004876473133690586
   0.0048702757399100155
   0.004869401324861507
   0.004883046531439843
   0.0048734852111653355
   0.00487653695132793
   0.004880265685361441
   0.004879254302171604
   0.004883120846856735
   0.0048780840802189335
   0.004875269938312361
   0.004878876283899764
   0.004869647773969463
   0.0048751321609443845
   0.0048704976700719655
   0.00487499889219698
   0.0048737933745048164
   0.004875018451275936
   0.004880744065664265
   0.004889260897742328
   0.004878803484782314
   0.004879715890119031
   0.004880056584325579
   0.00487865244589722
   0.004870107545907463
   0.004867791173196625
   0.004870085793729251
   0.004874750729151518
   0.004878186823352503
   0.004864709417849968
   0.004869667349261562
   0.004864315895905204
   0.004874608521447144
   0.004870370746102997
   0.004878889888070777
   0.00487852794934342
   0.004879211244746342
   0.004870404495766021
   0.004880140993048913
   0.0048737572093241486
   0.004876105965734841
   0.0048793513630571075
   0.004876592016264412
   0.004870570997008263
   0.004886117650633169
   0.004876161353071782
   0.0048674897282777
   0.0048785714135032784
   0.004870795982476718
   0.004864940101372238
   0.004869039168864462
   0.004871979513840758
   0.004866458587410719
   0.004876685056488662
   0.004872305432697996
   0.004869662472640756
   0.004873532157122855
   0.0048806511927250084
   0.0048731873030440406
   0.004868824809643387
   0.004876858557340149
   0.004885543068744102
   0.004889162113144091
   0.004894438208976312
   0.00490154804868783
   0.004913794654229783
   0.00493273545123725
   0.004963117010575297
   0.005038271428095875
   0.005135055062510571
   0.005315376061344852
   0.005646967703432903
   0.006350603526408952
