   0.007344529671093344
   0.006549626706311529
   0.006405594078313585
   0.006353548788056046
   0.006355388686984729
   0.006342941828469409
   0.006337768103547791
   0.006348923731832735
   0.006350344065624487
   0.006353698027780547
   0.006357573718463965
   0.006337345337775215
   0.006346599015544427
   0.006340997916462666
   0.006353728320379019
   0.006348729174062474
   0.006344086920227293
   0.006333645874186005
   0.006327576778090323
   0.006341687924634907
   0.006345267159915284
   0.006335068962002307
   0.0063468202774134225
   0.0063280318292529055
   0.006343056115344898
   0.006352127039836649
   0.006333357244283439
   0.006334732798257253
   0.006341976000903646
   0.006354692844383603
   0.006362404300653492
   0.006346341007103265
   0.006336032091168133
   0.006343402041076554
   0.0063584248443504165
   0.006343846094652045
   0.006336623878637217
   0.0063380896134222564
   0.006349824903240697
   0.006333097810875651
   0.006348775539434154
   0.00636817001122489
   0.0063618373264269544
   0.006337700974172571
   0.00634868729710652
   0.006340037703010728
   0.006338881179521876
   0.006331996409958829
   0.006343309365992294
   0.006349955584204101
   0.006346770691317613
   0.006357118930744613
   0.006341253282482429
   0.0063502271092038
   0.006345992488054882
   0.006321125457328433
   0.006349696795828855
   0.006344332776722498
   0.006349839687325961
   0.006330039645968177
   0.006350337676025978
   0.006352669777715427
   0.006341351089194284
   0.006374134786651078
   0.006363146528549702
   0.00633990635322061
   0.006347241107674525
   0.006350200610611339
   0.006322647596033872
   0.006337787680755237
   0.006352829235506998
   0.006344091514164414
   0.006367769184518056
   0.006364522826795714
   0.006355954086068768
   0.006337853281390449
   0.006347931530422929
   0.006321411199501884
   0.0063418757470938125
   0.006340871270379666
   0.00635993619790834
   0.006330786861624914
   0.006358460393172938
   0.006349306813456892
   0.00634451067530194
   0.006340269790284738
   0.0063448887200456714
   0.00635098824337915
   0.006337787237000416
   0.00634048737879217
   0.006338370008616729
   0.006340210829244678
   0.006331129675426829
   0.006353731913514117
   0.0063390977501070435
   0.006350731426456841
   0.0063739288606247365
   0.00639470112587351
   0.006544378379371708
   0.007341634361429217
