   0.007281560491069947
   0.00651653399010076
   0.006395150161876037
   0.006379218880564005
   0.0063689245286621555
   0.006338416272901506
   0.006344611562087645
   0.006339723138385603
   0.006366968839097264
   0.006353360539965619
   0.006348627465192932
   0.006349834949961135
   0.0063495393500896564
   0.006351528865886341
   0.0063535339199414925
   0.006358905868348467
   0.006359117578708656
   0.006368146407558795
   0.006365403171608885
   0.006355243820253182
   0.006354711129930181
   0.006364272862424808
   0.00635525526403518
   0.00636026243380624
   0.006373087962007755
   0.006361915720147155
   0.006357276051309012
   0.006346169597412128
   0.006358060567553318
   0.006360821823788032
   0.006351539425264494
   0.006361590584332992
   0.006350356596556916
   0.006365258454857902
   0.006358829824418753
   0.0063489381651698215
   0.006354793880726974
   0.006362872660212662
   0.006343217531188667
   0.006348643336272934
   0.006340674667589888
   0.006351170076913588
   0.006333083674329592
   0.006347491005934989
   0.006365879223738714
   0.006358510267071813
   0.0063639753369320266
   0.006354216138274891
   0.00635405130982975
   0.006354527725022888
   0.006350379119563515
   0.006353261837469604
   0.006357803788971463
   0.006350109618630031
   0.006348954472422501
   0.00635074372797439
   0.006372720320211415
   0.006349753674792485
   0.006351063392820764
   0.006357982315911623
   0.006338086993302929
   0.0063743940413897695
   0.006355304992386981
   0.0063509271311271796
   0.006341077351766588
   0.0063453374568704654
   0.00635569549541686
   0.00635421740413674
   0.006356671229295331
   0.006369406758375204
   0.006373896703721076
   0.006353056421683107
   0.006340369757736069
   0.006363475722180805
   0.0063460562431530455
   0.0063481548964331135
   0.006357610917871662
   0.006344069210626094
   0.006343383376936679
   0.006349621163038304
   0.0063462157624496725
   0.00635190592689818
   0.0063447946953973456
   0.006352913421193393
   0.006359027022207594
   0.006346105688307521
   0.006357192007808417
   0.0063575398356527455
   0.0063610034731754255
   0.006354602750453272
   0.00635628594332117
   0.006341944700048774
   0.006354153812153755
   0.006364578558321404
   0.006373198189075945
   0.006377233331843511
   0.006375905139065858
   0.006414749577248117
   0.006519061855368748
   0.007288779866978512
