   0
   0
   0
   0
   0
   0
   0
   0
   0
   0
   0
   0
   0
   0
   0
   0
   0
   0
   0
   0
   0
   0
   0
   0
   0
   0
   0
   0
   0
   0
   0
   0
   0
   0
   0
   0
   0
   0
   0
   0
   0
   0
   0
   0
   0
   0
   0
   0
   1.9999998999999975
   0
   0
   0
   0
   0
   0
   0
   0
   0
   0
   0
   0
   1.9999998999999975
   0
   1.9999998999999975
   0
   1.4142134209517316
   0
   1.9999998999999975
   0
   0
   1.9999998999999975
   0
   0
   1.9999998999999975
   1.9999998999999975
   1.9999998999999975
   0
   1.9999998999999975
   0
   0.9999997999999799
   1.4142134209517316
   1.9999998999999975
   1.9999998999999975
   1.9999998999999975
   1.4142134209517316
   1.9999998999999975
   1.9999998999999975
   0
   0
   1.4142134209517316
   1.9999998999999975
   1.9999998999999975
   1.9999998999999975
   0
   1.9999998999999975
   1.1547003651741576
   1.4142134209517316
   1.4142134209517316
   1.1547003651741576
   1.1547003651741576
   0.8944269673930901
   0.816496335978715
   0.8944269673930901
   1.4142134209517316
   0.8944269673930901
   0.816496335978715
   0.816496335978715
   0.6666663666665992
   0.603022357492957
   0.6666663666665992
   0.6324552158058308
   0.603022357492957
   0.7559286814432771
   0.5345221096589792
   0.5345221096589792
   0.7071064983437785
   0.47140409652677207
   0.49999959999983995
   0.4472131482861388
   0.6324552158058308
   0.4364353222141747
   0.4264009636693869
   0.4472131482861388
   0.3713901378372326
   0.3779639438585946
   0.3989005954470499
   0.3651478239471424
   0.3429965871893325
   0.35685646803093
   0.3380611102829107
   0.3481547374546571
   0.3779639438585946
   0.27472039988542446
   0.2719911613209788
   0.2828420053669539
   0.29172929742952347
   0.25819811514932994
   0.2407708755077192
   0.23093924164882268
   0.22792027542114796
   0.24253480041380596
   0.20628327971350877
   0.19999899999749998
   0.19425614290571036
   0.18649988926445013
   0.18487286775848485
   0.18033281787642544
   0.1702501314136844
   0.16270225738370175
   0.15712188231194682
   0.13703628250578273
   0.13483301711623463
   0.13766039447742343
   0.13608129378617223
   0.12598266445850193
   0.11683953583058178
   0.11488550402605772
   0.10959554676941186
   0.11004692927837019
   0.10439116625467454
   0.09655883866332135
   0.09264269675538138
   0.09396516092262124
   0.08761676498061848
   0.08449445800417756
   0.08063865426550332
   0.07760393223434488
   0.07427432445133349
   0.07463212565927489
   0.06974792190533957
   0.06795122217474328
   0.06714977272304964
   0.0622234620615444
   0.06153385092931458
   0.05945944186261102
   0.055443477036420934
   0.0518944082863828
   0.05129288212660894
   0.049484552174743915
   0.04772171222958983
   0.04561501611045321
   0.044017817005851764
   0.041815448799327554
   0.040776077941071645
   0.03936945982246126
   0.037640849619671214
   0.03632439326075388
   0.034814430995014134
   0.03357319055544097
   0.032125478499742316
   0.03100516615406076
   0.029799632491153576
   0.028200407330591957
   0.027083242605839317
   0.026451683533573998
   0.025331929828653284
   0.02447187064069266
   0.02338011459885687
   0.022585397678790434
   0.021879914135099394
   0.020933291480191116
   0.019877637163752352
   0.019248173523430178
   0.018512684914702208
   0.01775494228119439
   0.01718370453187617
   0.016545607610884392
   0.01585483807195506
   0.015275275168778591
   0.01466616764713773
   0.014131974614576511
   0.01361264354490402
   0.013029444008517401
   0.012600863914323836
   0.012068000872361262
   0.011599490301041763
   0.011146460431427174
   0.010735447229776849
   0.010308794090125395
   0.009912296238566964
   0.009523036173775796
   0.009153539035787063
   0.008851294146802286
   0.008454602777260777
   0.008147546898553789
   0.007819394227069086
   0.007530408545619463
   0.007223797722812678
   0.006947256099853288
   0.006689945978484652
   0.006418839287558503
   0.006175446447672502
   0.005940922423754015
   0.005704634043215104
   0.005478341480421965
   0.005274966720170505
   0.005070268366132886
   0.0048670956540378795
   0.004676730370809463
   0.004494647646999673
   0.004313780815625343
   0.004137808484105417
   0.003991741905705392
   0.00382245792072558
   0.0036776189522409646
   0.003533209028341184
   0.0034299299408842242
   0.0033552027995185463
   0.0033089227685781904
   0.003293239432356266
   0.0032854624935922537
   0.003313819685839217
   0.0033553927792167354
   0.0034295783057916294
   0.0035307273432565647
   0.003668422358346722
   0.0038173536871595544
   0.003977945367817783
   0.004151920905128124
   0.004312576500740132
   0.0044908002405501845
   0.00466277564661986
   0.004854158127230276
   0.005059067369443921
   0.005269281748273758
   0.0054759061822685145
   0.005705174969836135
   0.005923558552591982
   0.006173438643634161
   0.006444820912152328
   0.006677353089800901
   0.006954745674938078
   0.007235393576212341
   0.00752124421132319
   0.007820894510779984
   0.008128782831443799
   0.008477350259953123
   0.00878101810055044
   0.009195971312982687
   0.009517001412064529
   0.009904320528333769
   0.010314276809671123
   0.01073585369095841
   0.01111630507972099
   0.011548814414823333
   0.01201862183245281
   0.012568717760920514
   0.013095801266240766
   0.013527392817393286
   0.014151950298250766
   0.014691474559036402
   0.015325153469962226
   0.015911628589921022
   0.01658682828538461
   0.017242531994033826
   0.017853218929681672
   0.018502500481749125
   0.019409291908649543
   0.020104324458104606
   0.021019061612347477
   0.021922145428055293
   0.022631928517733105
   0.023331940792753282
   0.024642607845769778
   0.02575962365625666
   0.02662483441712406
   0.027763519453895408
   0.028710581586367006
   0.029816636160145103
   0.030860862827483418
   0.03251739834714299
   0.033321711057793885
   0.03502686536129465
   0.03611955011948122
   0.03806021008660796
   0.03871155679367244
   0.040441119199791584
   0.043056601486907244
   0.04414580215428962
   0.046194743772399516
   0.04714790443840826
   0.048501810010410575
   0.05204846381656081
   0.052847397851483416
   0.055895710212084206
   0.057277927096477485
   0.059230699379798295
   0.062043981419746576
   0.06550543360074383
   0.06838908060347998
   0.06879004587798793
   0.07432421306025182
   0.07784416592283762
   0.08084230553835774
   0.08219520917944982
   0.08450005126746592
   0.08339891992247597
   0.09578054043805298
   0.09769997809066511
   0.09852974821753374
   0.10075527432120095
   0.11145172456038359
   0.1178494331292641
   0.11110931109653087
   0.1201636016659129
   0.12262282216589138
   0.13158397119776333
   0.14359023887796454
   0.13576737356044827
   0.15568733813380656
   0.15713356746631624
   0.15118446632224772
   0.16961954065497117
   0.16783508001757869
   0.17677556392216656
   0.176068522016181
   0.17466294564565965
   0.21194742474532877
   0.19514489117758638
   0.21081756199245935
   0.22792027542114796
   0.21442157422762492
   0.24618216955348451
   0.3015106812520759
   0.2560729788396333
   0.26037705384593995
   0.29172929742952347
   0.3046951036246554
   0.30499648492065196
   0.3380611102829107
   0.2828420053669539
   0.31586839447843706
   0.3123468834641321
   0.4082478005656205
   0.3713901378372326
   0.4364353222141747
   0.5163973921958424
   0.4082478005656205
   0.45883103185102203
   0.4264009636693869
   0.47140409652677207
   0.49999959999983995
   0.4472131482861388
   0.5345221096589792
   0.5773499227793603
   0.5546998356699844
   0.6666663666665992
   0.7559286814432771
   0.7559286814432771
   0.6666663666665992
   0.7559286814432771
   0.7071064983437785
   0.816496335978715
   1.4142134209517316
   0.8944269673930901
   1.4142134209517316
   0.816496335978715
   0.816496335978715
   0.816496335978715
   0.9999997999999799
   0.7071064983437785
   0.8944269673930901
   1.4142134209517316
   1.1547003651741576
   0
   1.1547003651741576
   0.9999997999999799
   0
   1.9999998999999975
   1.9999998999999975
   0.8944269673930901
   1.1547003651741576
   0
   1.4142134209517316
   1.1547003651741576
   1.4142134209517316
   0
   1.9999998999999975
   1.9999998999999975
   0
   1.9999998999999975
   1.4142134209517316
   0
   1.9999998999999975
   1.9999998999999975
   0
   1.4142134209517316
   1.4142134209517316
   0
   1.9999998999999975
   0
   0
   0
   1.9999998999999975
   1.9999998999999975
   0
   0
   1.9999998999999975
   0
   0
   0
   0
   0
   0
   0
   0
   1.9999998999999975
   0
   0
   0
   0
   0
   1.9999998999999975
   0
   0
   0
   0
   0
   0
   0
   0
   0
   0
   0
   0
   0
   0
   0
   0
   0
   0
   0
   0
   0
   0
   0
   0
   0
   0
   0
   0
   0
   0
   0
   0
   0
   0
   0
   0
   0
   0
   0
   0
   0
   0
   0
   0
   0
   0
   0
