   0.006556008808730468
   0.005939758307322422
   0.005605288658065819
   0.005392499013375357
   0.005238144460514838
   0.005138574928958084
   0.00507333045466818
   0.005026086499785221
   0.004997619212666604
   0.00496953838976833
   0.0049537222148254316
   0.004953801522050859
   0.00493442878311822
   0.004937643885520375
   0.004938777664567612
   0.004929109958750843
   0.004924718002447609
   0.004923230727023636
   0.0049302628063913586
   0.004916729608734281
   0.004916136616718732
   0.004906584498198786
   0.004923296911928807
   0.004918043783772519
   0.004914355841541369
   0.004925621872234742
   0.004915521136218755
   0.004920828545947892
   0.004921764287846173
   0.004917527670226105
   0.004911028350669829
   0.004919646861747665
   0.0049226303843045984
   0.0049175549855077555
   0.004918238617345747
   0.004909529669415206
   0.00492101516033493
   0.004915061336852168
   0.004917943965646874
   0.0049151374056036895
   0.00492062054782788
   0.004909255414786141
   0.004912351287508888
   0.0049307004269086956
   0.004920052435342142
   0.00492081953920147
   0.004911144442542096
   0.004920594842128996
   0.004923752143989283
   0.004920027813458694
   0.0049233171281203286
   0.004917662522784042
   0.004918503198066489
   0.004912116614975305
   0.004904644631936072
   0.0049163474553546955
   0.004913149759100343
   0.0049313080384134275
   0.004911623424246557
   0.0049281679130265274
   0.004919246459941204
   0.004919238069655977
   0.0049206515274262405
   0.004927448179346793
   0.004929918253850072
   0.0049288217381842775
   0.0049228434875194455
   0.004921034813565512
   0.004919632933855828
   0.0049258819159088115
   0.004914743811418244
   0.004920180954216658
   0.004927339295597099
   0.004912497868827336
   0.00492612557922365
   0.004919149629355266
   0.004915297963218136
   0.0049212150204703715
   0.004922606970337426
   0.004927385372423136
   0.004921622934649245
   0.004918466383947875
   0.004918619737340844
   0.004921551854155029
   0.004923604001495135
   0.004918110163140809
   0.004925512175370267
   0.0049285936865478995
   0.004947711930169203
   0.004944876792677484
   0.004971245258923109
   0.004987193082980576
   0.005026353941805012
   0.005070999673259781
   0.005144797406581785
   0.005235221190252192
   0.005375668301273875
   0.005604134759719624
   0.005940496612978784
   0.006558088229561416
