   0
   0
   0
   0
   0
   0
   0
   0
   0
   0
   0
   0
   0
   0
   0
   0
   0
   0
   0
   0
   0
   0
   0
   0
   0
   0
   0
   0
   0
   0
   0
   0
   0
   0
   0
   0
   0
   0
   0
   0
   0
   0
   0
   0
   0
   0
   0
   0
   0
   0
   0
   0
   0
   0
   0
   0
   0
   0
   0
   0
   0
   0
   0
   0
   0
   0
   0
   0
   0
   0
   0
   0
   0
   0
   0
   0
   0
   0
   0
   0
   0
   0
   0
   0
   0
   0
   0
   0
   0
   0
   1.9999998999999975
   0
   0
   0
   0
   0
   0
   1.9999998999999975
   0
   0
   0
   0
   0
   0
   0
   0
   0
   1.9999998999999975
   0
   0
   0
   0
   0
   0
   0
   0
   0
   0
   0
   0
   0
   0
   0
   0
   0
   0
   0
   0
   0
   0
   0
   0
   0
   1.9999998999999975
   0
   0
   0
   0
   0
   0
   0
   0
   0
   0
   0
   0
   0
   0
   1.9999998999999975
   0
   0
   0
   0
   1.9999998999999975
   1.4142134209517316
   1.4142134209517316
   1.4142134209517316
   0
   0
   1.9999998999999975
   0
   0
   1.9999998999999975
   1.9999998999999975
   1.9999998999999975
   0
   0
   0
   1.9999998999999975
   1.4142134209517316
   1.9999998999999975
   1.5811387035930782
   0
   1.9999998999999975
   1.1547003651741576
   1.326649765386479
   0
   0
   1.9999998999999975
   0
   1.4142134209517316
   0
   1.4142134209517316
   1.4142134209517316
   1.9999998999999975
   1.4142134209517316
   1.4142134209517316
   1.4142134209517316
   0.9999997999999799
   1.4142134209517316
   0
   0
   1.9999998999999975
   0
   0
   1.224744708092262
   1.4142134209517316
   1.4142134209517316
   0.9999997999999799
   1.326649765386479
   0.816496335978715
   0.8660251728443001
   1.1547003651741576
   1.1547003651741576
   0.7559286814432771
   1.224744708092262
   0.7071064983437785
   0.6666663666665992
   0.7559286814432771
   0.942808829450005
   1.4142134209517316
   0.7370274598298289
   0.603022357492957
   0.7370274598298289
   0.603022357492957
   0.6388762519503465
   0.7370274598298289
   0.749655301504885
   0.5668591005613269
   0.6666663666665991
   0.5471008388689936
   0.5471008388689936
   0.603022357492957
   0.5391261813772048
   0.5773499227793603
   0.4690411495807164
   0.6227449191675757
   0.46259201197958993
   0.4595645765286963
   0.45674542148263675
   0.4409580982864975
   0.4255226889928863
   0.4823759743285503
   0.4732859600706532
   0.4409580982864975
   0.34640958416302514
   0.40800501209296997
   0.5128724488143562
   0.4164960837212063
   0.34138366961022487
   0.4157392285710353
   0.37333843297446845
   0.3626553106965583
   0.3311301276080966
   0.3076916576916211
   0.30983802219869655
   0.29951834860895477
   0.2854734385927822
   0.3298478437097929
   0.28121857549036916
   0.2526220104255233
   0.25511221967616365
   0.2549501912138918
   0.26431080050376043
   0.23598932038718443
   0.2605122569306103
   0.23284324886219665
   0.19931194539591307
   0.22725480821109242
   0.2145729390912116
   0.19709727706265862
   0.19551691277228217
   0.19500219543516933
   0.18482240822380525
   0.1901509384700024
   0.1669802315592148
   0.17165267389135377
   0.16884063733370921
   0.17040052167066017
   0.16753661734745953
   0.1564008631119198
   0.15299594085374316
   0.15718473663855898
   0.14497873838114927
   0.13750835641719097
   0.13804461547474747
   0.13377546356874048
   0.13555235908791072
   0.13608129378617226
   0.12557968475072823
   0.11780230469360449
   0.11536446572516702
   0.11565650130078678
   0.11808336421453988
   0.10631387874575421
   0.10432749788791013
   0.10496996724712847
   0.09945103866179121
   0.09178723246913845
   0.09157043815298715
   0.09085475985447165
   0.09078588387489091
   0.08510729823354439
   0.0847555782587613
   0.07949276478510814
   0.07823300839338466
   0.07693469268656053
   0.07682592003632398
   0.07368610100932357
   0.0683956327048695
   0.06852898723263474
   0.06775167179670528
   0.0654065729084557
   0.06031958214792557
   0.062066467520295966
   0.060029494180938225
   0.05739269416371211
   0.05592367951822509
   0.05497060606432186
   0.05302902197336408
   0.05189878684451186
   0.05117995955991507
   0.04872842087377526
   0.04737620479563879
   0.04690647167658015
   0.04549530984938543
   0.045818187203820325
   0.04311060748829679
   0.041610960814119274
   0.04069766964512459
   0.03893638960792749
   0.03929315902147158
   0.03750970731735822
   0.0362429033908442
   0.035565671415791957
   0.03408431362807291
   0.03324024170344344
   0.03274249542499053
   0.03223970891240839
   0.03093439509417568
   0.029969202760845547
   0.02895285856102068
   0.028742478467639818
   0.02760732758962864
   0.026885000062505337
   0.02603550865643798
   0.02509292978336238
   0.024653037155657156
   0.024142431742576697
   0.0234675974960322
   0.022842582803639506
   0.02197600205993701
   0.021822378179944285
   0.02111815115969745
   0.020435084930022676
   0.01987052883607654
   0.019396990980652215
   0.018787873566559952
   0.018317671069177668
   0.017857295054053316
   0.017427427091663734
   0.016843646731118964
   0.01654108636606084
   0.015871564206775227
   0.015470672514485332
   0.015112929610722248
   0.014678625666299787
   0.014282080638714967
   0.013888384628550382
   0.013521285004605237
   0.013149533391088373
   0.012876250563724285
   0.012465824570864323
   0.012078592430265767
   0.011763736066950792
   0.011425398736782609
   0.011082770910018991
   0.010816713003380683
   0.010501087293294508
   0.010235011973691976
   0.0099407172738628
   0.009683389985980851
   0.009408167933316221
   0.009178715173912638
   0.008893917727577989
   0.00866681225374479
   0.008420263685091287
   0.00818738876970751
   0.00798675722141416
   0.007736373059086131
   0.0075583878739971105
   0.0073390222928177784
   0.007128524621886183
   0.006930303557440175
   0.006753896656449596
   0.006574700368668938
   0.006390949814467333
   0.006216832242009489
   0.0060369790096983025
   0.005873531343124646
   0.005696441936993955
   0.005547737755388609
   0.005389081172775414
   0.00525338483104601
   0.005103458793085577
   0.0026902074157854317
   0.002672152544759226
   0.0026521631100805856
   0.002650615596156854
   0.0026439093404014816
   0.002643362965589852
   0.002645349291437324
   0.002655050282049169
   0.002665959000714137
   0.0026849216686515467
   0.005103242314873158
   0.0052351523263236424
   0.00541156428917569
   0.005549136906499982
   0.0056930803250221035
   0.005871504866480197
   0.006031488756839734
   0.00621570266479783
   0.006374115075006098
   0.006578652144222845
   0.006753965579528328
   0.006913140136140247
   0.007117043361489629
   0.007313347951914665
   0.007528018680161248
   0.007769323555450582
   0.007978809003022684
   0.008190889148321256
   0.008435803671670754
   0.008670635906113807
   0.008936933000293188
   0.009136815885578254
   0.009412675875999728
   0.009708084132111737
   0.009955211803623782
   0.010245621436653111
   0.01047573861446268
   0.010844409843826461
   0.011128158525954356
   0.011454410629221047
   0.011759364934241286
   0.012075451758021886
   0.012415910619717353
   0.012767432742098584
   0.013135189193545675
   0.013497410290419572
   0.01384920343848899
   0.014200886662508355
   0.01469348090772639
   0.015161038122696988
   0.015441516951312182
   0.01593398877249895
   0.01644498512433588
   0.016877834047475997
   0.017287802792062233
   0.017828496265668663
   0.018212676900952268
   0.018752140595966853
   0.019424928155847624
   0.019814130473332404
   0.020306808825326476
   0.021027700112413093
   0.02134179636586246
   0.02229036422279848
   0.02278450517362214
   0.02371070709921992
   0.02406617550244911
   0.024917918242717937
   0.02528803744261447
   0.026372124203604054
   0.026961920698897815
   0.02756560191151981
   0.028378174889296056
   0.029117981826995796
   0.03005007115283017
   0.03044655845482373
   0.03204449017946517
   0.03289067432302495
   0.03394352808835718
   0.034975214543032845
   0.03528533783210764
   0.036225753340317156
   0.037747267988402854
   0.03874282898295033
   0.039486868819492524
   0.04052860603033212
   0.041733081147164224
   0.04239972064119464
   0.04390351381582859
   0.04495814039420064
   0.04645011120531434
   0.047349610843664076
   0.04899845990551256
   0.05070175186455872
   0.0511889604052155
   0.05359314496929566
   0.05516401214805383
   0.05644887279912855
   0.05843903754096878
   0.059783289516910997
   0.06131060662160531
   0.062233733430057156
   0.0649103997830856
   0.06626645355139288
   0.07098761605731276
   0.07127526370854273
   0.06911077670234049
   0.0757633748252343
   0.07449603092348014
   0.08054302219277451
   0.0803925215778188
   0.08446361390703455
   0.0846415857834991
   0.09150896007819621
   0.09121540381138553
   0.093133317106693
   0.09544824647598957
   0.09689588322738474
   0.1008839427253446
   0.10030296685492104
   0.10384922655880527
   0.10947400821626174
   0.11255329369817159
   0.11757877160145759
   0.11663445534607718
   0.12096122294708249
   0.1284995811018201
   0.13343375558415288
   0.13040783956395913
   0.14095701843381775
   0.13733349057627697
   0.14461862596165292
   0.15683715755294672
   0.1443347303874797
   0.16236554632080893
   0.15039708622666073
   0.16685398370634769
   0.18567678728490736
   0.18293370514661328
   0.17938549695289258
   0.18919823323886276
   0.1946006744212545
   0.1971820843032263
   0.2013532987120037
   0.20539786669569948
   0.20640962936075852
   0.22479919325687475
   0.21596025519622128
   0.21016439503941214
   0.23975517475851635
   0.24593926491104173
   0.2507741936120903
   0.24390821447896968
   0.28101803059054425
   0.2523352321570555
   0.2734479970658934
   0.267628369857564
   0.2828420053669539
   0.3423475842342134
   0.3290711370577515
   0.33850100935349264
   0.3321588596717088
   0.360554572845776
   0.3721609263808517
   0.4157392285710353
   0.3414628289193583
   0.3106904015572974
   0.31878507367608544
   0.41600579862520654
   0.5263154094735469
   0.5142590883177032
   0.4230600772091356
   0.4029026002732818
   0.5099015591268573
   0.4082478005656205
   0.48507083776192816
   0.5099015591268573
   0.5163973921958424
   0.6324552158058308
   0.7905691620598415
   0.489897540308175
   0.4969035925075543
   0.7453557241717242
   0.5048239746974809
   0.7041785062006943
   0.7483312100934986
   0.5477221923566727
   0.6388762519503465
   0.6335484851571999
   0.6236092437487508
   0.7559286814432771
   0.8571426238094921
   0.8944269673930901
   0.6666663666665992
   0.8571426238094921
   1.4142134209517316
   0.7905691620598415
   0.8944269673930901
   0.8571426238094921
   1.1547003651741576
   0.816496335978715
   1.9999998999999975
   0.816496335978715
   1.490711850835775
   1.1547003651741576
   1.4142134209517316
   0.9999997999999799
   1.224744708092262
   1.9999998999999975
   1.224744708092262
   0.8571426238094921
   1.9999998999999975
   0.9999997999999799
   1.4142134209517316
   0
   1.1547003651741576
   1.1547003651741576
   1.054092363652783
   1.4142134209517316
   1.9999998999999975
   1.1547003651741576
   1.4142134209517316
   1.4142134209517316
   0
   0
   1.9999998999999975
   1.1547003651741576
   0
   1.9999998999999975
   0
   1.9999998999999975
   1.9999998999999975
   1.224744708092262
   1.326649765386479
   0
   0
   1.9999998999999975
   1.9999998999999975
   0
   0
   1.9999998999999975
   0
   1.9999998999999975
   0
   0
   0
   0
   0
   0
   0
   1.9999998999999973
   0
   0
   0
   0
   0
   0
   0
   0
   0
   0
   1.9999998999999975
   0
   0
   0
   0
   0
   1.9999998999999975
   0
   0
   1.9999998999999975
   0
   0
   0
   0
   0
   0
   0
   0
   0
   0
   0
   0
   0
   0
   0
   0
   0
   0
   0
   0
   0
   0
   0
   0
   0
   0
   0
   0
   0
   0
   0
   0
   0
   0
   0
   0
   0
   0
   0
   0
   0
   0
   0
   0
   0
   0
   0
   0
   0
   0
   0
   0
   0
   0
   0
   0
   0
   0
   0
   0
   0
   0
   0
   0
   0
   0
   0
   0
   0
   0
   0
   0
   0
   0
   0
   0
   0
   1.9999998999999975
   0
   0
   0
   0
   0
   0
   0
   0
   0
   0
   0
   0
   0
   0
   0
   0
   0
   0
   0
   0
   0
   0
   0
   0
   0
   0
   0
   0
   0
   0
   0
   0
   0
   0
   0
   0
   0
   0
   0
   0
   0
   0
   0
   0
   0
   0
   0
   0
   0
   0
   0
   0
   0
   0
   0
   0
